20151106 084500 8854
20151106 084501 8854
20151106 084503 8853
20151106 084510 8858
20151106 084511 8856
20151106 084512 8855
20151106 084513 8853
20151106 084514 8853
20151106 084515 8851
20151106 084516 8851
20151106 084517 8847
20151106 084519 8850
20151106 084524 8852
20151106 084526 8852
20151106 084528 8854
20151106 084530 8852
20151106 084531 8853
20151106 084533 8850
20151106 084534 8849
20151106 084535 8850
20151106 084536 8848
20151106 084538 8848
20151106 084539 8846
20151106 084540 8847
20151106 084546 8848
20151106 084547 8850
20151106 084551 8849
20151106 084559 8850
20151106 084601 8850
20151106 084603 8849
20151106 084604 8850
20151106 084605 8850
20151106 084608 8850
20151106 084609 8849
20151106 084610 8850
20151106 084614 8851
20151106 084615 8849
20151106 084616 8849
20151106 084623 8851
20151106 084626 8851
20151106 084632 8853
20151106 084637 8853
20151106 084643 8854
20151106 084710 8855
20151106 084711 8855
20151106 084713 8855
20151106 084714 8854
20151106 084719 8852
20151106 084725 8850
20151106 084726 8850
20151106 084735 8852
20151106 084741 8852
20151106 084743 8852
20151106 084744 8852
20151106 084751 8849
20151106 084752 8848
20151106 084753 8847
20151106 084801 8849
20151106 084803 8848
20151106 084807 8848
20151106 084816 8847
20151106 084817 8848
20151106 084818 8848
20151106 084819 8847
20151106 084826 8846
20151106 084830 8848
20151106 084856 8846
20151106 084918 8849
20151106 084946 8851
20151106 084949 8851
20151106 085002 8850
20151106 085003 8860
20151106 085036 8851
20151106 085048 8850
20151106 085110 8848
20151106 085117 8847
20151106 085119 8846
20151106 085122 8845
20151106 085146 8849
20151106 085150 8849
20151106 085230 8850
20151106 085300 8851
20151106 085315 8853
20151106 085327 8853
20151106 085334 8853
20151106 085341 8853
20151106 085421 8861
20151106 085427 8851
20151106 085630 8851
20151106 085711 8850
20151106 085714 8851
20151106 085806 8850
20151106 085807 8849
20151106 085858 8852
20151106 085901 8854
20151106 085905 8853
20151106 085930 8852
20151106 085933 8851
20151106 090014 8850
20151106 090015 8849
20151106 090018 8849
20151106 090030 8856
20151106 090039 8849
20151106 090043 8847
20151106 090045 8846
20151106 090051 8850
20151106 090059 8845
20151106 090100 8844
20151106 090101 8844
20151106 090102 8844
20151106 090104 8844
20151106 090106 8843
20151106 090117 8841
20151106 090119 8841
20151106 090120 8840
20151106 090121 8840
20151106 090122 8840
20151106 090123 8839
20151106 090124 8839
20151106 090125 8839
20151106 090130 8839
20151106 090149 8847
20151106 090157 8845
20151106 090159 8837
20151106 090200 8845
20151106 090204 8844
20151106 090207 8842
20151106 090214 8840
20151106 090221 8840
20151106 090300 8842
20151106 090301 8833
20151106 090309 8843
20151106 090315 8835
20151106 090337 8844
20151106 090352 8840
20151106 090402 8846
20151106 090406 8841
20151106 090407 8840
20151106 090409 8839
20151106 090435 8841
20151106 090437 8851
20151106 090446 8840
20151106 090456 8837
20151106 090457 8837
20151106 090458 8836
20151106 090459 8837
20151106 090500 8835
20151106 090501 8835
20151106 090503 8834
20151106 090504 8837
20151106 090505 8837
20151106 090545 8840
20151106 090547 8841
20151106 090549 8841
20151106 090622 8841
20151106 090623 8842
20151106 090631 8841
20151106 090720 8847
20151106 090721 8848
20151106 090726 8848
20151106 090727 8848
20151106 090737 8847
20151106 090755 8847
20151106 090756 8848
20151106 090804 8847
20151106 090812 8844
20151106 090903 8842
20151106 090909 8841
20151106 090959 8840
20151106 091000 8838
20151106 091001 8837
20151106 091008 8836
20151106 091014 8838
20151106 091026 8835
20151106 091039 8844
20151106 091041 8845
20151106 091103 8841
20151106 091108 8839
20151106 091125 8836
20151106 091126 8833
20151106 091127 8829
20151106 091128 8828
20151106 091130 8832
20151106 091132 8828
20151106 091135 8829
20151106 091139 8829
20151106 091140 8828
20151106 091146 8830
20151106 091155 8830
20151106 091159 8829
20151106 091200 8828
20151106 091201 8825
20151106 091225 8830
20151106 091234 8831
20151106 091247 8832
20151106 091352 8827
20151106 091353 8827
20151106 091400 8827
20151106 091436 8827
20151106 091438 8827
20151106 091439 8826
20151106 091440 8827
20151106 091441 8827
20151106 091449 8826
20151106 091453 8826
20151106 091500 8825
20151106 091501 8821
20151106 091502 8820
20151106 091503 8819
20151106 091504 8818
20151106 091505 8817
20151106 091506 8818
20151106 091511 8817
20151106 091513 8814
20151106 091517 8816
20151106 091525 8819
20151106 091542 8815
20151106 091543 8815
20151106 091544 8814
20151106 091552 8816
20151106 091553 8815
20151106 091554 8816
20151106 091600 8816
20151106 091602 8814
20151106 091603 8814
20151106 091620 8819
20151106 091622 8817
20151106 091627 8816
20151106 091656 8815
20151106 091658 8814
20151106 091702 8814
20151106 091709 8812
20151106 091712 8811
20151106 091714 8813
20151106 091728 8816
20151106 091733 8816
20151106 091747 8817
20151106 091752 8816
20151106 091753 8816
20151106 091800 8816
20151106 091801 8816
20151106 091806 8814
20151106 091846 8818
20151106 091849 8817
20151106 091906 8815
20151106 091915 8816
20151106 091944 8820
20151106 091952 8819
20151106 092000 8817
20151106 092002 8815
20151106 092005 8815
20151106 092006 8816
20151106 092007 8816
20151106 092025 8817
20151106 092032 8812
20151106 092033 8812
20151106 092034 8813
20151106 092039 8811
20151106 092040 8811
20151106 092041 8811
20151106 092042 8808
20151106 092043 8809
20151106 092045 8811
20151106 092053 8815
20151106 092056 8817
20151106 092059 8817
20151106 092101 8813
20151106 092105 8814
20151106 092113 8812
20151106 092208 8813
20151106 092223 8813
20151106 092243 8814
20151106 092244 8815
20151106 092254 8813
20151106 092302 8812
20151106 092303 8812
20151106 092305 8814
20151106 092312 8813
20151106 092313 8813
20151106 092315 8812
20151106 092317 8813
20151106 092333 8815
20151106 092358 8816
20151106 092415 8815
20151106 092417 8816
20151106 092419 8816
20151106 092427 8815
20151106 092431 8815
20151106 092436 8818
20151106 092439 8818
20151106 092447 8820
20151106 092448 8819
20151106 092455 8819
20151106 092456 8819
20151106 092458 8819
20151106 092504 8817
20151106 092506 8817
20151106 092601 8820
20151106 092608 8819
20151106 092628 8819
20151106 092632 8819
20151106 092725 8820
20151106 092733 8819
20151106 092735 8819
20151106 092738 8818
20151106 092743 8818
20151106 092752 8816
20151106 092753 8817
20151106 092756 8816
20151106 092757 8816
20151106 092826 8821
20151106 092836 8824
20151106 092859 8825
20151106 092912 8823
20151106 092914 8822
20151106 092922 8822
20151106 092923 8822
20151106 092933 8821
20151106 092936 8822
20151106 092944 8822
20151106 092947 8822
20151106 092950 8822
20151106 092951 8820
20151106 092952 8820
20151106 093000 8817
20151106 093002 8815
20151106 093003 8814
20151106 093005 8812
20151106 093006 8811
20151106 093011 8810
20151106 093012 8809
20151106 093013 8802
20151106 093015 8800
20151106 093019 8801
20151106 093020 8801
20151106 093022 8800
20151106 093023 8799
20151106 093025 8801
20151106 093026 8800
20151106 093027 8802
20151106 093028 8801
20151106 093029 8800
20151106 093031 8806
20151106 093033 8801
20151106 093038 8806
20151106 093049 8803
20151106 093050 8803
20151106 093056 8802
20151106 093103 8801
20151106 093104 8798
20151106 093105 8797
20151106 093106 8798
20151106 093107 8797
20151106 093108 8794
20151106 093109 8794
20151106 093112 8794
20151106 093113 8794
20151106 093114 8795
20151106 093115 8794
20151106 093116 8794
20151106 093117 8795
20151106 093118 8793
20151106 093119 8793
20151106 093123 8793
20151106 093128 8795
20151106 093130 8795
20151106 093137 8793
20151106 093139 8792
20151106 093140 8791
20151106 093141 8791
20151106 093144 8792
20151106 093151 8790
20151106 093152 8789
20151106 093153 8789
20151106 093154 8789
20151106 093156 8789
20151106 093157 8788
20151106 093200 8787
20151106 093201 8787
20151106 093202 8784
20151106 093204 8787
20151106 093208 8786
20151106 093209 8784
20151106 093211 8782
20151106 093220 8786
20151106 093221 8786
20151106 093223 8786
20151106 093224 8784
20151106 093225 8785
20151106 093226 8784
20151106 093253 8786
20151106 093256 8787
20151106 093300 8786
20151106 093301 8784
20151106 093302 8782
20151106 093304 8782
20151106 093308 8782
20151106 093310 8782
20151106 093311 8781
20151106 093318 8782
20151106 093325 8780
20151106 093326 8780
20151106 093337 8779
20151106 093339 8779
20151106 093342 8780
20151106 093343 8779
20151106 093358 8777
20151106 093359 8777
20151106 093400 8777
20151106 093401 8774
20151106 093402 8774
20151106 093403 8774
20151106 093404 8774
20151106 093411 8772
20151106 093417 8774
20151106 093418 8775
20151106 093425 8776
20151106 093427 8778
20151106 093431 8779
20151106 093440 8782
20151106 093444 8783
20151106 093446 8784
20151106 093448 8782
20151106 093500 8780
20151106 093501 8781
20151106 093502 8780
20151106 093523 8781
20151106 093525 8781
20151106 093528 8780
20151106 093535 8781
20151106 093542 8781
20151106 093546 8781
20151106 093548 8780
20151106 093559 8781
20151106 093602 8779
20151106 093604 8779
20151106 093608 8777
20151106 093615 8777
20151106 093620 8777
20151106 093621 8779
20151106 093627 8779
20151106 093632 8776
20151106 093635 8777
20151106 093638 8777
20151106 093639 8777
20151106 093648 8776
20151106 093651 8777
20151106 093652 8773
20151106 093657 8774
20151106 093658 8774
20151106 093659 8774
20151106 093706 8773
20151106 093707 8772
20151106 093708 8770
20151106 093709 8769
20151106 093710 8769
20151106 093724 8768
20151106 093725 8767
20151106 093726 8767
20151106 093728 8768
20151106 093729 8765
20151106 093731 8764
20151106 093733 8767
20151106 093734 8767
20151106 093735 8766
20151106 093736 8764
20151106 093737 8766
20151106 093738 8766
20151106 093743 8764
20151106 093749 8763
20151106 093750 8761
20151106 093751 8760
20151106 093752 8760
20151106 093753 8762
20151106 093800 8760
20151106 093801 8759
20151106 093802 8759
20151106 093804 8760
20151106 093805 8761
20151106 093806 8760
20151106 093810 8760
20151106 093814 8759
20151106 093822 8759
20151106 093823 8759
20151106 093829 8764
20151106 093837 8767
20151106 093839 8769
20151106 093840 8766
20151106 093841 8772
20151106 093843 8767
20151106 093844 8771
20151106 093900 8769
20151106 093908 8768
20151106 093910 8766
20151106 093912 8766
20151106 093924 8768
20151106 093936 8770
20151106 093943 8770
20151106 093948 8771
20151106 093954 8771
20151106 093956 8773
20151106 094000 8771
20151106 094001 8769
20151106 094009 8770
20151106 094013 8769
20151106 094014 8769
20151106 094015 8769
20151106 094020 8769
20151106 094049 8769
20151106 094052 8769
20151106 094100 8769
20151106 094102 8769
20151106 094104 8769
20151106 094105 8769
20151106 094112 8769
20151106 094116 8767
20151106 094118 8765
20151106 094121 8767
20151106 094125 8768
20151106 094127 8768
20151106 094128 8766
20151106 094129 8765
20151106 094130 8765
20151106 094131 8764
20151106 094132 8762
20151106 094133 8762
20151106 094134 8761
20151106 094135 8759
20151106 094139 8755
20151106 094142 8758
20151106 094149 8759
20151106 094155 8758
20151106 094156 8759
20151106 094158 8754
20151106 094203 8756
20151106 094205 8757
20151106 094207 8757
20151106 094222 8761
20151106 094226 8762
20151106 094230 8762
20151106 094236 8764
20151106 094241 8764
20151106 094244 8766
20151106 094247 8766
20151106 094249 8766
20151106 094252 8764
20151106 094253 8765
20151106 094256 8765
20151106 094310 8765
20151106 094311 8765
20151106 094322 8765
20151106 094323 8765
20151106 094326 8760
20151106 094330 8762
20151106 094338 8764
20151106 094352 8762
20151106 094359 8761
20151106 094400 8760
20151106 094404 8759
20151106 094406 8759
20151106 094409 8758
20151106 094413 8757
20151106 094418 8761
20151106 094421 8763
20151106 094435 8768
20151106 094437 8770
20151106 094441 8772
20151106 094443 8774
20151106 094444 8775
20151106 094500 8771
20151106 094501 8772
20151106 094502 8774
20151106 094509 8777
20151106 094510 8777
20151106 094516 8776
20151106 094517 8776
20151106 094522 8775
20151106 094525 8775
20151106 094526 8775
20151106 094533 8771
20151106 094551 8773
20151106 094607 8773
20151106 094608 8771
20151106 094609 8770
20151106 094613 8769
20151106 094614 8769
20151106 094615 8769
20151106 094617 8769
20151106 094622 8769
20151106 094641 8776
20151106 094644 8775
20151106 094649 8775
20151106 094651 8776
20151106 094658 8785
20151106 094718 8775
20151106 094734 8774
20151106 094748 8775
20151106 094755 8777
20151106 094811 8774
20151106 094812 8774
20151106 094813 8774
20151106 094814 8775
20151106 094819 8774
20151106 094821 8774
20151106 094823 8774
20151106 094826 8772
20151106 094828 8771
20151106 094829 8771
20151106 094839 8774
20151106 094843 8773
20151106 094858 8773
20151106 094919 8775
20151106 094925 8775
20151106 094952 8776
20151106 095002 8775
20151106 095014 8775
20151106 095016 8774
20151106 095021 8773
20151106 095026 8774
20151106 095040 8773
20151106 095042 8773
20151106 095044 8772
20151106 095045 8772
20151106 095046 8770
20151106 095049 8770
20151106 095102 8768
20151106 095106 8770
20151106 095113 8770
20151106 095128 8772
20151106 095154 8771
20151106 095223 8769
20151106 095227 8766
20151106 095229 8765
20151106 095230 8764
20151106 095231 8768
20151106 095237 8764
20151106 095240 8765
20151106 095241 8764
20151106 095242 8764
20151106 095243 8764
20151106 095245 8761
20151106 095246 8763
20151106 095247 8761
20151106 095256 8760
20151106 095257 8759
20151106 095258 8760
20151106 095306 8762
20151106 095311 8762
20151106 095313 8762
20151106 095331 8765
20151106 095406 8763
20151106 095411 8762
20151106 095412 8761
20151106 095413 8762
20151106 095440 8769
20151106 095456 8768
20151106 095512 8763
20151106 095513 8762
20151106 095514 8761
20151106 095524 8760
20151106 095529 8759
20151106 095530 8755
20151106 095531 8750
20151106 095532 8750
20151106 095533 8749
20151106 095536 8752
20151106 095537 8752
20151106 095540 8754
20151106 095541 8755
20151106 095543 8755
20151106 095544 8752
20151106 095556 8757
20151106 095558 8757
20151106 095600 8757
20151106 095610 8757
20151106 095616 8756
20151106 095623 8752
20151106 095624 8752
20151106 095625 8753
20151106 095634 8754
20151106 095636 8753
20151106 095649 8754
20151106 095650 8755
20151106 095655 8753
20151106 095709 8762
20151106 095721 8748
20151106 095722 8748
20151106 095726 8751
20151106 095732 8748
20151106 095733 8747
20151106 095736 8747
20151106 095739 8747
20151106 095752 8753
20151106 095754 8753
20151106 095805 8754
20151106 095810 8753
20151106 095817 8752
20151106 095831 8757
20151106 095835 8753
20151106 095844 8759
20151106 095919 8762
20151106 095942 8758
20151106 095956 8775
20151106 100010 8763
20151106 100011 8763
20151106 100012 8763
20151106 100014 8760
20151106 100015 8758
20151106 100028 8763
20151106 100039 8763
20151106 100108 8764
20151106 100130 8764
20151106 100137 8764
20151106 100153 8761
20151106 100209 8762
20151106 100222 8763
20151106 100234 8761
20151106 100242 8766
20151106 100243 8766
20151106 100300 8765
20151106 100302 8762
20151106 100303 8761
20151106 100307 8762
20151106 100327 8762
20151106 100342 8764
20151106 100349 8763
20151106 100401 8763
20151106 100424 8765
20151106 100429 8763
20151106 100452 8761
20151106 100456 8760
20151106 100459 8760
20151106 100500 8759
20151106 100501 8757
20151106 100502 8755
20151106 100524 8756
20151106 100536 8756
20151106 100538 8756
20151106 100548 8755
20151106 100549 8754
20151106 100550 8753
20151106 100552 8752
20151106 100555 8751
20151106 100606 8754
20151106 100618 8757
20151106 100626 8757
20151106 100627 8757
20151106 100630 8759
20151106 100631 8759
20151106 100635 8759
20151106 100641 8761
20151106 100645 8762
20151106 100651 8762
20151106 100657 8763
20151106 100659 8763
20151106 100710 8761
20151106 100725 8760
20151106 100801 8766
20151106 100824 8766
20151106 100828 8766
20151106 100838 8765
20151106 100851 8763
20151106 100858 8765
20151106 100914 8764
20151106 100916 8764
20151106 100919 8764
20151106 100929 8768
20151106 100945 8768
20151106 100947 8768
20151106 101025 8768
20151106 101030 8767
20151106 101107 8765
20151106 101113 8763
20151106 101154 8767
20151106 101215 8769
20151106 101242 8768
20151106 101349 8768
20151106 101359 8769
20151106 101406 8767
20151106 101408 8766
20151106 101453 8769
20151106 101456 8767
20151106 101507 8766
20151106 101522 8766
20151106 101529 8767
20151106 101620 8772
20151106 101703 8769
20151106 101707 8769
20151106 101710 8770
20151106 101713 8769
20151106 101714 8770
20151106 101716 8769
20151106 101717 8769
20151106 101812 8770
20151106 101835 8771
20151106 101901 8769
20151106 101920 8771
20151106 102022 8770
20151106 102048 8767
20151106 102059 8767
20151106 102102 8767
20151106 102106 8767
20151106 102117 8764
20151106 102128 8764
20151106 102150 8765
20151106 102206 8767
20151106 102225 8768
20151106 102228 8768
20151106 102243 8766
20151106 102247 8765
20151106 102306 8768
20151106 102307 8769
20151106 102354 8769
20151106 102421 8770
20151106 102422 8773
20151106 102430 8774
20151106 102431 8776
20151106 102432 8779
20151106 102435 8774
20151106 102454 8779
20151106 102455 8779
20151106 102501 8782
20151106 102502 8781
20151106 102503 8784
20151106 102504 8785
20151106 102511 8782
20151106 102514 8783
20151106 102519 8782
20151106 102521 8782
20151106 102525 8783
20151106 102527 8782
20151106 102531 8782
20151106 102541 8783
20151106 102543 8784
20151106 102600 8785
20151106 102601 8787
20151106 102602 8787
20151106 102603 8787
20151106 102604 8786
20151106 102610 8784
20151106 102622 8784
20151106 102625 8784
20151106 102626 8784
20151106 102627 8784
20151106 102632 8784
20151106 102634 8784
20151106 102636 8784
20151106 102637 8783
20151106 102648 8782
20151106 102650 8783
20151106 102652 8782
20151106 102658 8782
20151106 102704 8782
20151106 102712 8780
20151106 102721 8780
20151106 102722 8779
20151106 102723 8779
20151106 102724 8779
20151106 102725 8779
20151106 102813 8779
20151106 102843 8778
20151106 102846 8779
20151106 102849 8779
20151106 102903 8777
20151106 102916 8778
20151106 102950 8780
20151106 103007 8777
20151106 103018 8777
20151106 103026 8776
20151106 103046 8775
20151106 103049 8774
20151106 103145 8777
20151106 103242 8775
20151106 103244 8775
20151106 103304 8774
20151106 103305 8774
20151106 103309 8774
20151106 103328 8772
20151106 103329 8770
20151106 103331 8769
20151106 103332 8769
20151106 103337 8769
20151106 103340 8768
20151106 103429 8768
20151106 103432 8767
20151106 103433 8766
20151106 103434 8766
20151106 103451 8765
20151106 103452 8765
20151106 103453 8763
20151106 103455 8762
20151106 103456 8761
20151106 103508 8764
20151106 103524 8764
20151106 103531 8767
20151106 103533 8767
20151106 103535 8765
20151106 103547 8767
20151106 103557 8767
20151106 103601 8769
20151106 103609 8765
20151106 103610 8765
20151106 103612 8764
20151106 103613 8765
20151106 103635 8764
20151106 103646 8765
20151106 103655 8764
20151106 103700 8764
20151106 103710 8765
20151106 103715 8763
20151106 103721 8763
20151106 103740 8765
20151106 103746 8763
20151106 103749 8761
20151106 103757 8763
20151106 103811 8764
20151106 103813 8763
20151106 103851 8765
20151106 103858 8763
20151106 103900 8764
20151106 103901 8763
20151106 103906 8760
20151106 103907 8759
20151106 103908 8759
20151106 103909 8758
20151106 103910 8758
20151106 103911 8757
20151106 103927 8757
20151106 103932 8757
20151106 103937 8758
20151106 103940 8758
20151106 103942 8758
20151106 103943 8760
20151106 103958 8758
20151106 104002 8757
20151106 104003 8756
20151106 104005 8757
20151106 104011 8755
20151106 104014 8754
20151106 104015 8754
20151106 104016 8754
20151106 104019 8754
20151106 104045 8759
20151106 104050 8757
20151106 104054 8756
20151106 104059 8757
20151106 104100 8755
20151106 104101 8756
20151106 104103 8755
20151106 104108 8748
20151106 104111 8751
20151106 104112 8751
20151106 104115 8751
20151106 104117 8751
20151106 104126 8762
20151106 104141 8750
20151106 104142 8750
20151106 104143 8748
20151106 104144 8748
20151106 104145 8748
20151106 104146 8745
20151106 104147 8743
20151106 104149 8743
20151106 104150 8745
20151106 104157 8744
20151106 104202 8741
20151106 104203 8740
20151106 104205 8741
20151106 104206 8741
20151106 104208 8738
20151106 104209 8738
20151106 104210 8738
20151106 104211 8738
20151106 104212 8738
20151106 104213 8738
20151106 104214 8738
20151106 104215 8738
20151106 104216 8738
20151106 104223 8737
20151106 104224 8736
20151106 104225 8736
20151106 104228 8737
20151106 104229 8736
20151106 104238 8731
20151106 104243 8729
20151106 104244 8734
20151106 104245 8728
20151106 104250 8733
20151106 104251 8733
20151106 104252 8733
20151106 104253 8733
20151106 104259 8733
20151106 104300 8731
20151106 104303 8729
20151106 104305 8728
20151106 104306 8729
20151106 104307 8728
20151106 104308 8729
20151106 104316 8732
20151106 104318 8731
20151106 104322 8730
20151106 104335 8723
20151106 104336 8731
20151106 104340 8733
20151106 104345 8732
20151106 104349 8729
20151106 104350 8730
20151106 104353 8729
20151106 104356 8728
20151106 104357 8728
20151106 104358 8726
20151106 104402 8725
20151106 104409 8727
20151106 104410 8726
20151106 104418 8723
20151106 104422 8723
20151106 104425 8723
20151106 104431 8723
20151106 104438 8722
20151106 104441 8722
20151106 104443 8721
20151106 104445 8721
20151106 104446 8718
20151106 104449 8717
20151106 104450 8716
20151106 104452 8717
20151106 104453 8714
20151106 104454 8716
20151106 104455 8713
20151106 104457 8712
20151106 104500 8712
20151106 104501 8708
20151106 104503 8709
20151106 104505 8706
20151106 104509 8708
20151106 104510 8708
20151106 104511 8709
20151106 104514 8711
20151106 104515 8712
20151106 104516 8711
20151106 104521 8712
20151106 104522 8714
20151106 104524 8716
20151106 104531 8717
20151106 104537 8717
20151106 104540 8716
20151106 104544 8726
20151106 104551 8717
20151106 104556 8716
20151106 104609 8714
20151106 104610 8721
20151106 104615 8721
20151106 104625 8733
20151106 104635 8724
20151106 104637 8733
20151106 104640 8723
20151106 104650 8733
20151106 104653 8724
20151106 104702 8724
20151106 104717 8737
20151106 104727 8736
20151106 104728 8723
20151106 104736 8723
20151106 104741 8724
20151106 104744 8723
20151106 104745 8717
20151106 104805 8724
20151106 104819 8719
20151106 104841 8736
20151106 104847 8723
20151106 104848 8725
20151106 104858 8721
20151106 104907 8722
20151106 104924 8722
20151106 104928 8722
20151106 105008 8725
20151106 105014 8725
20151106 105015 8725
20151106 105016 8725
20151106 105037 8723
20151106 105038 8723
20151106 105043 8722
20151106 105051 8722
20151106 105055 8722
20151106 105058 8721
20151106 105119 8725
20151106 105152 8725
20151106 105153 8724
20151106 105215 8726
20151106 105229 8725
20151106 105230 8726
20151106 105300 8725
20151106 105321 8724
20151106 105325 8725
20151106 105333 8725
20151106 105341 8736
20151106 105347 8723
20151106 105407 8724
20151106 105416 8722
20151106 105418 8719
20151106 105453 8719
20151106 105520 8724
20151106 105545 8718
20151106 105600 8727
20151106 105619 8722
20151106 105624 8721
20151106 105633 8722
20151106 105637 8722
20151106 105753 8726
20151106 105807 8726
20151106 105857 8729
20151106 105905 8726
20151106 105908 8727
20151106 105917 8736
20151106 105959 8731
20151106 110001 8732
20151106 110004 8732
20151106 110029 8732
20151106 110112 8729
20151106 110129 8730
20151106 110139 8728
20151106 110142 8727
20151106 110148 8729
20151106 110158 8729
20151106 110207 8728
20151106 110214 8727
20151106 110215 8727
20151106 110237 8729
20151106 110250 8730
20151106 110316 8729
20151106 110326 8727
20151106 110336 8726
20151106 110339 8724
20151106 110341 8724
20151106 110345 8724
20151106 110403 8725
20151106 110405 8723
20151106 110416 8724
20151106 110436 8723
20151106 110437 8724
20151106 110501 8722
20151106 110503 8721
20151106 110518 8724
20151106 110558 8722
20151106 110559 8721
20151106 110602 8720
20151106 110608 8719
20151106 110612 8718
20151106 110613 8718
20151106 110619 8717
20151106 110620 8717
20151106 110631 8709
20151106 110651 8717
20151106 110655 8716
20151106 110656 8717
20151106 110657 8717
20151106 110710 8716
20151106 110715 8715
20151106 110725 8714
20151106 110726 8712
20151106 110729 8713
20151106 110731 8711
20151106 110737 8710
20151106 110741 8710
20151106 110754 8709
20151106 110755 8709
20151106 110759 8709
20151106 110801 8709
20151106 110802 8708
20151106 110803 8707
20151106 110805 8707
20151106 110806 8709
20151106 110808 8711
20151106 110809 8711
20151106 110810 8714
20151106 110812 8717
20151106 110818 8719
20151106 110820 8721
20151106 110821 8721
20151106 110825 8719
20151106 110829 8723
20151106 110830 8719
20151106 110836 8718
20151106 110837 8720
20151106 110843 8720
20151106 110847 8721
20151106 110902 8719
20151106 110904 8719
20151106 110920 8714
20151106 110934 8721
20151106 111002 8717
20151106 111016 8719
20151106 111038 8722
20151106 111043 8722
20151106 111056 8723
20151106 111103 8722
20151106 111106 8725
20151106 111115 8726
20151106 111211 8724
20151106 111215 8724
20151106 111228 8728
20151106 111309 8724
20151106 111310 8723
20151106 111346 8724
20151106 111347 8722
20151106 111353 8724
20151106 111358 8722
20151106 111403 8723
20151106 111515 8723
20151106 111610 8724
20151106 111659 8723
20151106 111724 8723
20151106 111725 8723
20151106 111838 8725
20151106 111847 8726
20151106 111955 8725
20151106 112015 8723
20151106 112044 8724
20151106 112230 8724
20151106 112402 8723
20151106 112539 8722
20151106 112543 8722
20151106 112548 8721
20151106 112745 8722
20151106 112839 8720
20151106 112859 8719
20151106 112902 8719
20151106 112903 8718
20151106 112904 8717
20151106 112905 8717
20151106 113008 8720
20151106 113114 8715
20151106 113115 8715
20151106 113117 8713
20151106 113123 8715
20151106 113136 8716
20151106 113137 8716
20151106 113143 8716
20151106 113155 8715
20151106 113202 8715
20151106 113204 8715
20151106 113214 8713
20151106 113255 8715
20151106 113341 8716
20151106 113347 8714
20151106 113413 8713
20151106 113414 8712
20151106 113415 8711
20151106 113416 8709
20151106 113418 8708
20151106 113419 8708
20151106 113431 8707
20151106 113433 8706
20151106 113435 8706
20151106 113437 8706
20151106 113439 8705
20151106 113440 8704
20151106 113441 8702
20151106 113446 8705
20151106 113501 8711
20151106 113502 8711
20151106 113523 8715
20151106 113524 8715
20151106 113532 8715
20151106 113548 8706
20151106 113550 8713
20151106 113608 8716
20151106 113618 8717
20151106 113620 8719
20151106 113654 8718
20151106 113656 8718
20151106 113705 8718
20151106 113836 8718
20151106 113905 8717
20151106 113910 8717
20151106 113911 8717
20151106 113915 8717
20151106 113945 8716
20151106 113955 8717
20151106 114002 8716
20151106 114036 8727
20151106 114104 8717
20151106 114106 8728
20151106 114122 8718
20151106 114131 8717
20151106 114144 8717
20151106 114214 8717
20151106 114246 8716
20151106 114320 8714
20151106 114328 8713
20151106 114333 8713
20151106 114343 8711
20151106 114349 8708
20151106 114350 8708
20151106 114351 8707
20151106 114357 8705
20151106 114410 8710
20151106 114502 8707
20151106 114504 8706
20151106 114505 8706
20151106 114506 8705
20151106 114517 8703
20151106 114518 8703
20151106 114519 8701
20151106 114531 8704
20151106 114552 8702
20151106 114553 8702
20151106 114554 8700
20151106 114558 8699
20151106 114559 8698
20151106 114600 8698
20151106 114603 8696
20151106 114604 8697
20151106 114609 8698
20151106 114626 8702
20151106 114628 8700
20151106 114633 8693
20151106 114637 8697
20151106 114638 8696
20151106 114639 8695
20151106 114640 8693
20151106 114641 8693
20151106 114644 8695
20151106 114646 8694
20151106 114647 8692
20151106 114649 8691
20151106 114650 8691
20151106 114652 8690
20151106 114653 8690
20151106 114654 8690
20151106 114655 8688
20151106 114656 8688
20151106 114657 8688
20151106 114658 8688
20151106 114659 8688
20151106 114700 8688
20151106 114701 8688
20151106 114702 8687
20151106 114711 8691
20151106 114717 8687
20151106 114723 8692
20151106 114728 8687
20151106 114743 8693
20151106 114747 8695
20151106 114748 8696
20151106 114754 8696
20151106 114755 8697
20151106 114819 8699
20151106 114825 8698
20151106 114826 8698
20151106 114919 8701
20151106 114923 8704
20151106 114943 8704
20151106 114946 8704
20151106 114948 8704
20151106 114950 8704
20151106 115006 8706
20151106 115009 8706
20151106 115012 8707
20151106 115030 8705
20151106 115035 8704
20151106 115040 8702
20151106 115101 8701
20151106 115111 8701
20151106 115119 8698
20151106 115121 8697
20151106 115130 8701
20151106 115146 8703
20151106 115147 8699
20151106 115154 8700
20151106 115159 8700
20151106 115204 8700
20151106 115315 8698
20151106 115317 8697
20151106 115359 8699
20151106 115444 8695
20151106 115501 8693
20151106 115502 8693
20151106 115513 8685
20151106 115516 8693
20151106 115522 8692
20151106 115535 8690
20151106 115539 8690
20151106 115540 8689
20151106 115542 8689
20151106 115610 8691
20151106 115629 8694
20151106 115632 8696
20151106 115649 8699
20151106 115704 8696
20151106 115728 8692
20151106 115729 8692
20151106 115750 8696
20151106 115755 8696
20151106 115756 8697
20151106 115816 8694
20151106 115824 8694
20151106 115826 8693
20151106 115828 8693
20151106 115834 8692
20151106 115838 8689
20151106 115839 8688
20151106 115840 8688
20151106 115842 8688
20151106 115843 8688
20151106 115849 8690
20151106 115904 8690
20151106 115931 8690
20151106 115942 8686
20151106 115943 8685
20151106 115949 8684
20151106 120007 8690
20151106 120008 8690
20151106 120024 8691
20151106 120036 8690
20151106 120129 8688
20151106 120214 8688
20151106 120235 8685
20151106 120308 8687
20151106 120325 8689
20151106 120329 8689
20151106 120337 8690
20151106 120338 8691
20151106 120340 8692
20151106 120343 8692
20151106 120356 8694
20151106 120357 8694
20151106 120403 8695
20151106 120447 8695
20151106 120515 8694
20151106 120606 8690
20151106 120610 8691
20151106 120614 8690
20151106 120620 8691
20151106 120632 8685
20151106 120633 8689
20151106 120635 8689
20151106 120638 8688
20151106 120717 8691
20151106 120902 8694
20151106 120913 8692
20151106 120956 8691
20151106 121009 8689
20151106 121012 8688
20151106 121014 8687
20151106 121015 8684
20151106 121016 8684
20151106 121018 8685
20151106 121021 8685
20151106 121047 8687
20151106 121057 8687
20151106 121101 8687
20151106 121128 8682
20151106 121129 8681
20151106 121131 8679
20151106 121132 8678
20151106 121136 8677
20151106 121142 8676
20151106 121143 8676
20151106 121146 8676
20151106 121152 8675
20151106 121154 8674
20151106 121155 8674
20151106 121156 8673
20151106 121159 8672
20151106 121203 8674
20151106 121211 8672
20151106 121220 8675
20151106 121222 8675
20151106 121223 8679
20151106 121230 8681
20151106 121231 8680
20151106 121241 8682
20151106 121242 8682
20151106 121246 8681
20151106 121247 8681
20151106 121300 8675
20151106 121340 8678
20151106 121358 8677
20151106 121401 8678
20151106 121415 8677
20151106 121427 8673
20151106 121438 8676
20151106 121450 8678
20151106 121454 8679
20151106 121506 8679
20151106 121507 8680
20151106 121534 8681
20151106 121614 8678
20151106 121629 8674
20151106 121638 8672
20151106 121639 8670
20151106 121640 8669
20151106 121641 8676
20151106 121642 8674
20151106 121643 8671
20151106 121704 8676
20151106 121718 8678
20151106 121736 8675
20151106 121759 8676
20151106 121802 8675
20151106 121810 8675
20151106 121825 8677
20151106 121826 8677
20151106 121850 8676
20151106 121901 8675
20151106 121903 8675
20151106 121908 8675
20151106 121916 8675
20151106 121920 8674
20151106 121921 8674
20151106 121922 8675
20151106 121934 8674
20151106 121957 8673
20151106 122002 8671
20151106 122003 8670
20151106 122006 8669
20151106 122007 8668
20151106 122009 8668
20151106 122016 8670
20151106 122019 8662
20151106 122021 8670
20151106 122026 8667
20151106 122028 8667
20151106 122029 8667
20151106 122031 8667
20151106 122041 8668
20151106 122044 8666
20151106 122045 8664
20151106 122046 8662
20151106 122048 8664
20151106 122049 8663
20151106 122051 8661
20151106 122052 8661
20151106 122053 8660
20151106 122054 8659
20151106 122055 8658
20151106 122101 8657
20151106 122103 8659
20151106 122104 8658
20151106 122106 8660
20151106 122107 8662
20151106 122109 8662
20151106 122112 8664
20151106 122115 8661
20151106 122116 8661
20151106 122127 8660
20151106 122131 8660
20151106 122133 8660
20151106 122137 8660
20151106 122139 8659
20151106 122147 8658
20151106 122155 8661
20151106 122156 8662
20151106 122215 8662
20151106 122219 8664
20151106 122221 8663
20151106 122232 8663
20151106 122236 8662
20151106 122244 8659
20151106 122245 8659
20151106 122248 8661
20151106 122252 8662
20151106 122310 8659
20151106 122313 8660
20151106 122319 8658
20151106 122328 8659
20151106 122339 8657
20151106 122341 8656
20151106 122342 8655
20151106 122343 8654
20151106 122344 8654
20151106 122345 8654
20151106 122346 8654
20151106 122351 8656
20151106 122407 8654
20151106 122409 8653
20151106 122410 8654
20151106 122416 8654
20151106 122417 8654
20151106 122421 8653
20151106 122425 8653
20151106 122427 8654
20151106 122433 8654
20151106 122445 8652
20151106 122446 8652
20151106 122449 8652
20151106 122453 8651
20151106 122456 8652
20151106 122502 8651
20151106 122522 8646
20151106 122527 8654
20151106 122607 8654
20151106 122619 8654
20151106 122622 8657
20151106 122623 8658
20151106 122626 8658
20151106 122629 8670
20151106 122631 8660
20151106 122639 8662
20151106 122640 8655
20151106 122641 8655
20151106 122653 8672
20151106 122656 8672
20151106 122733 8665
20151106 122753 8663
20151106 122806 8661
20151106 122836 8665
20151106 122837 8665
20151106 122910 8665
20151106 122929 8665
20151106 122936 8667
20151106 122938 8665
20151106 122941 8666
20151106 123011 8665
20151106 123023 8669
20151106 123029 8671
20151106 123031 8672
20151106 123059 8675
20151106 123104 8676
20151106 123115 8674
20151106 123117 8674
20151106 123142 8674
20151106 123146 8670
20151106 123215 8679
20151106 123217 8680
20151106 123219 8680
20151106 123225 8679
20151106 123234 8682
20151106 123244 8683
20151106 123247 8683
20151106 123254 8682
20151106 123305 8683
20151106 123306 8683
20151106 123307 8683
20151106 123309 8683
20151106 123314 8679
20151106 123316 8679
20151106 123318 8680
20151106 123333 8683
20151106 123348 8680
20151106 123415 8681
20151106 123436 8680
20151106 123442 8680
20151106 123443 8679
20151106 123444 8679
20151106 123445 8680
20151106 123446 8679
20151106 123447 8679
20151106 123449 8680
20151106 123459 8680
20151106 123503 8679
20151106 123527 8682
20151106 123541 8682
20151106 123616 8683
20151106 123640 8681
20151106 123641 8681
20151106 123648 8690
20151106 123659 8681
20151106 123714 8681
20151106 123716 8681
20151106 123815 8680
20151106 123839 8681
20151106 123842 8682
20151106 123912 8683
20151106 123923 8682
20151106 123940 8679
20151106 123941 8678
20151106 123942 8678
20151106 123945 8678
20151106 123957 8677
20151106 124001 8676
20151106 124007 8669
20151106 124014 8677
20151106 124021 8674
20151106 124022 8673
20151106 124023 8673
20151106 124032 8674
20151106 124102 8668
20151106 124138 8671
20151106 124209 8676
20151106 124255 8682
20151106 124257 8682
20151106 124258 8682
20151106 124300 8684
20151106 124304 8682
20151106 124305 8684
20151106 124324 8681
20151106 124337 8682
20151106 124343 8682
20151106 124421 8681
20151106 124441 8680
20151106 124452 8680
20151106 124510 8680
20151106 124548 8678
20151106 124549 8677
20151106 124551 8677
20151106 124554 8676
20151106 124634 8677
20151106 124649 8676
20151106 124709 8677
20151106 124720 8676
20151106 124737 8674
20151106 124741 8674
20151106 124743 8672
20151106 124744 8671
20151106 124746 8669
20151106 124747 8669
20151106 124754 8669
20151106 124802 8672
20151106 124819 8665
20151106 124820 8665
20151106 124914 8664
20151106 124931 8671
20151106 124932 8672
20151106 124935 8669
20151106 124958 8672
20151106 125010 8672
20151106 125016 8671
20151106 125047 8672
20151106 125154 8673
20151106 125219 8677
20151106 125221 8671
20151106 125300 8678
20151106 125306 8680
20151106 125308 8680
20151106 125314 8679
20151106 125335 8682
20151106 125336 8685
20151106 125352 8690
20151106 125405 8691
20151106 125411 8690
20151106 125417 8690
20151106 125435 8698
20151106 125454 8687
20151106 125511 8689
20151106 125542 8688
20151106 125558 8690
20151106 125625 8692
20151106 125626 8692
20151106 125631 8692
20151106 125635 8692
20151106 125637 8693
20151106 125655 8687
20151106 125701 8687
20151106 125758 8691
20151106 125803 8692
20151106 125805 8694
20151106 125826 8693
20151106 125832 8693
20151106 125839 8693
20151106 125922 8696
20151106 125938 8696
20151106 125939 8699
20151106 125950 8700
20151106 125953 8701
20151106 125959 8702
20151106 130000 8702
20151106 130002 8703
20151106 130007 8704
20151106 130025 8703
20151106 130033 8705
20151106 130035 8706
20151106 130036 8706
20151106 130037 8706
20151106 130038 8706
20151106 130048 8700
20151106 130055 8700
20151106 130112 8702
20151106 130119 8702
20151106 130133 8700
20151106 130136 8698
20151106 130144 8700
20151106 130148 8698
20151106 130149 8699
20151106 130155 8699
20151106 130200 8702
20151106 130208 8701
20151106 130221 8701
20151106 130228 8701
20151106 130351 8695
20151106 130421 8702
20151106 130423 8702
20151106 130433 8699
20151106 130438 8698
20151106 130442 8698
20151106 130448 8697
20151106 130456 8693
20151106 130519 8701
20151106 130520 8699
20151106 130622 8701
20151106 130632 8702
20151106 130638 8702
20151106 130708 8702
20151106 130729 8701
20151106 130737 8701
20151106 130807 8696
20151106 130817 8694
20151106 130818 8696
20151106 130825 8694
20151106 130831 8697
20151106 130833 8698
20151106 130852 8695
20151106 130916 8694
20151106 130923 8694
20151106 131013 8702
20151106 131021 8693
20151106 131217 8693
20151106 131221 8693
20151106 131223 8693
20151106 131231 8692
20151106 131234 8692
20151106 131241 8692
20151106 131247 8691
20151106 131248 8689
20151106 131252 8688
20151106 131307 8691
20151106 131357 8692
20151106 131415 8689
20151106 131429 8690
20151106 131452 8690
20151106 131500 8692
20151106 131505 8697
20151106 131511 8698
20151106 131513 8699
20151106 131520 8701
20151106 131521 8700
20151106 131522 8702
20151106 131526 8702
20151106 131559 8699
20151106 131607 8694
20151106 131620 8696
20151106 131629 8692
20151106 131632 8693
20151106 131638 8693
20151106 131652 8692
20151106 131830 8696
20151106 131833 8696
20151106 131900 8690
20151106 131916 8698
20151106 131920 8697
20151106 131945 8698
20151106 132001 8702
20151106 132002 8703
20151106 132003 8709
20151106 132007 8707
20151106 132017 8705
20151106 132025 8706
20151106 132035 8707
20151106 132043 8709
20151106 132047 8708
20151106 132049 8710
20151106 132052 8703
20151106 132053 8709
20151106 132056 8710
20151106 132058 8710
20151106 132059 8712
20151106 132100 8712
20151106 132102 8711
20151106 132104 8712
20151106 132105 8712
20151106 132108 8711
20151106 132117 8712
20151106 132128 8714
20151106 132130 8714
20151106 132140 8715
20151106 132143 8715
20151106 132144 8717
20151106 132148 8716
20151106 132154 8720
20151106 132208 8715
20151106 132228 8715
20151106 132230 8713
20151106 132325 8709
20151106 132332 8709
20151106 132335 8719
20151106 132342 8710
20151106 132402 8713
20151106 132414 8712
20151106 132416 8712
20151106 132421 8709
20151106 132438 8710
20151106 132454 8712
20151106 132501 8714
20151106 132508 8709
20151106 132513 8704
20151106 132525 8709
20151106 132530 8705
20151106 132548 8704
20151106 132557 8697
20151106 132608 8694
20151106 132611 8692
20151106 132613 8691
20151106 132617 8693
20151106 132620 8695
20151106 132625 8698
20151106 132627 8697
20151106 132630 8702
20151106 132631 8703
20151106 132636 8702
20151106 132700 8708
20151106 132710 8708
20151106 132722 8708
20151106 132816 8712
20151106 132822 8711
20151106 132835 8702
20151106 132905 8710
20151106 132937 8704
20151106 132941 8704
20151106 133000 8709
20151106 133002 8713
20151106 133003 8711
20151106 133012 8705
20151106 133024 8701
20151106 133040 8704
20151106 133047 8701
20151106 133110 8699
20151106 133111 8699
20151106 133115 8699
20151106 133116 8699
20151106 133117 8699
20151106 133132 8699
20151106 133158 8697
20151106 133256 8699
20151106 133258 8699
20151106 133300 8701
20151106 133301 8702
20151106 133302 8695
20151106 133307 8701
20151106 133308 8702
20151106 133316 8700
20151106 133326 8700
20151106 133345 8690
20151106 133346 8693
20151106 133358 8695
20151106 133402 8698
20151106 133406 8697
20151106 133408 8697
20151106 133411 8697
20151106 133426 8697
20151106 133434 8696
20151106 133440 8696
20151106 133453 8694
20151106 133501 8697
20151106 133502 8698
20151106 133511 8697
20151106 133512 8697
20151106 133550 8692
20151106 133642 8694
20151106 133707 8693
20151106 133715 8695
20151106 133719 8692
20151106 133739 8692
20151106 133740 8692
20151106 133748 8701
20151106 133813 8689
20151106 133815 8688
20151106 133826 8687
20151106 133829 8687
20151106 133830 8687
20151106 133833 8687
20151106 133840 8687
20151106 133845 8686
20151106 133848 8684
20151106 133851 8684
20151106 133853 8684
20151106 133855 8684
20151106 133901 8689
20151106 133902 8690
20151106 133920 8691
20151106 133924 8688
20151106 133927 8684
20151106 133932 8688
20151106 133933 8688
20151106 133941 8686
20151106 133953 8686
20151106 133956 8684
20151106 133957 8684
20151106 133959 8686
20151106 134006 8683
20151106 134011 8684
20151106 134018 8683
20151106 134019 8683
20151106 134049 8682
20151106 134056 8682
20151106 134101 8683
20151106 134102 8683
20151106 134108 8683
20151106 134109 8683
20151106 134138 8690
20151106 134146 8679
20151106 134147 8692
20151106 134150 8680
20151106 134152 8679
20151106 134154 8680
20151106 134155 8679
20151106 134157 8679
20151106 134158 8679
20151106 134159 8679
20151106 134200 8679
20151106 134203 8683
20151106 134221 8681
20151106 134225 8691
20151106 134238 8682
20151106 134252 8681
20151106 134258 8682
20151106 134259 8682
20151106 134300 8683
20151106 134301 8683
20151106 134322 8681
20151106 134324 8679
20151106 134332 8682
20151106 134333 8683
20151106 134334 8682
20151106 134336 8683
20151106 134337 8682
20151106 134339 8683
20151106 134341 8682
20151106 134343 8685
20151106 134346 8686
20151106 134347 8685
20151106 134349 8687
20151106 134350 8687
20151106 134351 8687
20151106 134352 8687
20151106 134353 8688
20151106 134354 8687
20151106 134359 8688
20151106 134400 8690
20151106 134401 8691
20151106 134403 8689
20151106 134409 8688
20151106 134419 8688
20151106 134420 8688
20151106 134421 8688
20151106 134422 8688
20151106 134424 8687
20151106 134428 8688
20151106 134429 8688
20151106 134434 8689
20151106 134436 8690
20151106 134438 8690
20151106 134439 8689
20151106 134440 8689
20151106 134443 8690
20151106 134444 8689
20151106 134445 8689
20151106 134448 8690
20151106 134449 8691
20151106 134454 8690
20151106 134457 8691
20151106 134458 8689
