20151119 084500 8366
20151119 084501 8369
20151119 084503 8373
20151119 084505 8363
20151119 084507 8364
20151119 084508 8364
20151119 084511 8364
20151119 084518 8366
20151119 084521 8367
20151119 084523 8367
20151119 084525 8369
20151119 084526 8368
20151119 084527 8376
20151119 084528 8369
20151119 084530 8376
20151119 084531 8369
20151119 084532 8364
20151119 084536 8363
20151119 084538 8364
20151119 084539 8361
20151119 084541 8377
20151119 084543 8362
20151119 084547 8363
20151119 084548 8364
20151119 084553 8365
20151119 084558 8366
20151119 084600 8367
20151119 084602 8370
20151119 084606 8365
20151119 084608 8366
20151119 084611 8369
20151119 084614 8370
20151119 084623 8381
20151119 084624 8373
20151119 084625 8372
20151119 084627 8374
20151119 084628 8374
20151119 084630 8390
20151119 084631 8374
20151119 084633 8373
20151119 084635 8374
20151119 084638 8373
20151119 084641 8390
20151119 084643 8375
20151119 084645 8377
20151119 084646 8377
20151119 084647 8376
20151119 084650 8378
20151119 084651 8379
20151119 084652 8378
20151119 084653 8379
20151119 084658 8378
20151119 084702 8379
20151119 084704 8379
20151119 084716 8379
20151119 084754 8376
20151119 084817 8376
20151119 084823 8375
20151119 084827 8375
20151119 084834 8375
20151119 084837 8388
20151119 084838 8388
20151119 084845 8374
20151119 084849 8374
20151119 084858 8376
20151119 084859 8376
20151119 084900 8386
20151119 084901 8376
20151119 084922 8384
20151119 084936 8374
20151119 084938 8375
20151119 084948 8376
20151119 085001 8377
20151119 085002 8377
20151119 085004 8377
20151119 085009 8377
20151119 085024 8377
20151119 085026 8377
20151119 085033 8377
20151119 085054 8377
20151119 085113 8377
20151119 085129 8375
20151119 085158 8374
20151119 085210 8372
20151119 085213 8385
20151119 085216 8367
20151119 085220 8366
20151119 085221 8366
20151119 085225 8367
20151119 085227 8368
20151119 085233 8369
20151119 085237 8370
20151119 085242 8380
20151119 085250 8370
20151119 085255 8369
20151119 085300 8369
20151119 085305 8369
20151119 085310 8369
20151119 085313 8369
20151119 085318 8370
20151119 085344 8372
20151119 085351 8373
20151119 085358 8372
20151119 085359 8372
20151119 085414 8374
20151119 085418 8374
20151119 085443 8373
20151119 085446 8383
20151119 085458 8389
20151119 085529 8374
20151119 085534 8373
20151119 085542 8374
20151119 085547 8376
20151119 085549 8376
20151119 085554 8376
20151119 085602 8376
20151119 085612 8377
20151119 085616 8376
20151119 085629 8388
20151119 085640 8377
20151119 085646 8375
20151119 085716 8374
20151119 085717 8374
20151119 085718 8374
20151119 085725 8375
20151119 085728 8375
20151119 085757 8348
20151119 085809 8375
20151119 085812 8375
20151119 085816 8375
20151119 085817 8375
20151119 085838 8374
20151119 085843 8375
20151119 085854 8374
20151119 085856 8374
20151119 085904 8372
20151119 085927 8373
20151119 085930 8374
20151119 085932 8373
20151119 090007 8375
20151119 090017 8377
20151119 090022 8379
20151119 090030 8375
20151119 090044 8379
20151119 090046 8380
20151119 090047 8380
20151119 090048 8390
20151119 090049 8390
20151119 090054 8390
20151119 090055 8382
20151119 090056 8381
20151119 090057 8381
20151119 090111 8380
20151119 090116 8379
20151119 090117 8377
20151119 090120 8374
20151119 090122 8374
20151119 090141 8387
20151119 090158 8385
20151119 090201 8367
20151119 090222 8368
20151119 090223 8367
20151119 090228 8368
20151119 090233 8366
20151119 090234 8365
20151119 090235 8365
20151119 090239 8366
20151119 090244 8366
20151119 090249 8366
20151119 090253 8383
20151119 090255 8366
20151119 090304 8362
20151119 090306 8361
20151119 090307 8361
20151119 090310 8359
20151119 090318 8378
20151119 090319 8379
20151119 090323 8359
20151119 090326 8359
20151119 090327 8378
20151119 090328 8358
20151119 090329 8360
20151119 090332 8358
20151119 090333 8358
20151119 090334 8357
20151119 090336 8357
20151119 090337 8357
20151119 090359 8356
20151119 090405 8354
20151119 090408 8355
20151119 090409 8356
20151119 090410 8358
20151119 090411 8375
20151119 090413 8362
20151119 090420 8359
20151119 090424 8355
20151119 090434 8359
20151119 090437 8378
20151119 090441 8360
20151119 090449 8361
20151119 090450 8360
20151119 090451 8360
20151119 090456 8358
20151119 090457 8376
20151119 090505 8357
20151119 090508 8358
20151119 090509 8357
20151119 090510 8359
20151119 090511 8360
20151119 090514 8362
20151119 090515 8378
20151119 090516 8364
20151119 090519 8365
20151119 090521 8365
20151119 090527 8362
20151119 090536 8362
20151119 090545 8360
20151119 090603 8361
20151119 090609 8378
20151119 090632 8365
20151119 090633 8366
20151119 090634 8366
20151119 090635 8378
20151119 090636 8363
20151119 090650 8378
20151119 090654 8368
20151119 090655 8368
20151119 090657 8368
20151119 090700 8368
20151119 090701 8384
20151119 090703 8373
20151119 090715 8378
20151119 090716 8390
20151119 090717 8395
20151119 090719 8380
20151119 090726 8377
20151119 090732 8392
20151119 090755 8378
20151119 090803 8378
20151119 090809 8380
20151119 090813 8381
20151119 090814 8381
20151119 090825 8380
20151119 090833 8380
20151119 090840 8395
20151119 090849 8393
20151119 090852 8395
20151119 090857 8390
20151119 090858 8373
20151119 090905 8375
20151119 090908 8375
20151119 090919 8393
20151119 090936 8401
20151119 090937 8384
20151119 090938 8384
20151119 090940 8383
20151119 090943 8394
20151119 090947 8382
20151119 090950 8382
20151119 090951 8378
20151119 090952 8378
20151119 090953 8398
20151119 091001 8383
20151119 091002 8385
20151119 091006 8401
20151119 091010 8378
20151119 091022 8380
20151119 091028 8378
20151119 091030 8377
20151119 091035 8377
20151119 091037 8394
20151119 091039 8381
20151119 091043 8383
20151119 091044 8383
20151119 091045 8384
20151119 091046 8383
20151119 091053 8384
20151119 091057 8383
20151119 091105 8384
20151119 091118 8380
20151119 091140 8377
20151119 091145 8393
20151119 091148 8375
20151119 091149 8393
20151119 091152 8377
20151119 091158 8373
20151119 091159 8387
20151119 091200 8366
20151119 091202 8360
20151119 091207 8359
20151119 091208 8380
20151119 091215 8354
20151119 091216 8353
20151119 091219 8358
20151119 091221 8356
20151119 091223 8356
20151119 091225 8355
20151119 091226 8374
20151119 091227 8354
20151119 091228 8355
20151119 091234 8359
20151119 091250 8358
20151119 091251 8358
20151119 091254 8359
20151119 091255 8358
20151119 091259 8359
20151119 091301 8357
20151119 091303 8356
20151119 091304 8357
20151119 091308 8356
20151119 091309 8355
20151119 091314 8374
20151119 091317 8353
20151119 091319 8351
20151119 091320 8368
20151119 091322 8352
20151119 091323 8354
20151119 091327 8358
20151119 091337 8359
20151119 091354 8357
20151119 091400 8356
20151119 091401 8355
20151119 091404 8354
20151119 091414 8370
20151119 091418 8352
20151119 091422 8351
20151119 091437 8351
20151119 091439 8353
20151119 091442 8357
20151119 091446 8354
20151119 091456 8356
20151119 091457 8357
20151119 091501 8371
20151119 091504 8372
20151119 091505 8359
20151119 091511 8353
20151119 091512 8351
20151119 091513 8348
20151119 091514 8348
20151119 091515 8346
20151119 091521 8351
20151119 091523 8352
20151119 091530 8362
20151119 091535 8349
20151119 091549 8363
20151119 091558 8347
20151119 091559 8363
20151119 091604 8348
20151119 091605 8349
20151119 091608 8350
20151119 091609 8351
20151119 091613 8351
20151119 091614 8350
20151119 091615 8350
20151119 091621 8347
20151119 091636 8345
20151119 091637 8345
20151119 091638 8343
20151119 091639 8341
20151119 091648 8354
20151119 091651 8340
20151119 091659 8354
20151119 091706 8340
20151119 091707 8343
20151119 091708 8344
20151119 091709 8344
20151119 091711 8345
20151119 091713 8359
20151119 091714 8347
20151119 091716 8358
20151119 091719 8344
20151119 091722 8358
20151119 091726 8346
20151119 091729 8345
20151119 091731 8346
20151119 091733 8346
20151119 091734 8346
20151119 091735 8358
20151119 091736 8358
20151119 091754 8349
20151119 091757 8348
20151119 091800 8349
20151119 091805 8346
20151119 091806 8346
20151119 091814 8344
20151119 091819 8346
20151119 091822 8358
20151119 091825 8347
20151119 091830 8349
20151119 091836 8350
20151119 091846 8365
20151119 091847 8354
20151119 091848 8354
20151119 091849 8367
20151119 091857 8352
20151119 091859 8352
20151119 091906 8350
20151119 091907 8351
20151119 091918 8347
20151119 091919 8349
20151119 091929 8346
20151119 091942 8345
20151119 091944 8345
20151119 091951 8356
20151119 091954 8361
20151119 091956 8344
20151119 091958 8343
20151119 091959 8340
20151119 092000 8336
20151119 092001 8353
20151119 092005 8339
20151119 092006 8353
20151119 092007 8335
20151119 092008 8335
20151119 092010 8334
20151119 092014 8338
20151119 092019 8341
20151119 092021 8343
20151119 092022 8343
20151119 092029 8342
20151119 092031 8342
20151119 092034 8342
20151119 092041 8341
20151119 092043 8310
20151119 092049 8341
20151119 092057 8341
20151119 092100 8343
20151119 092105 8344
20151119 092106 8344
20151119 092114 8341
20151119 092115 8341
20151119 092117 8353
20151119 092123 8343
20151119 092131 8310
20151119 092133 8341
20151119 092137 8307
20151119 092152 8341
20151119 092158 8340
20151119 092209 8341
20151119 092210 8342
20151119 092242 8344
20151119 092245 8345
20151119 092246 8346
20151119 092247 8346
20151119 092305 8345
20151119 092312 8344
20151119 092324 8344
20151119 092325 8347
20151119 092326 8348
20151119 092329 8361
20151119 092330 8349
20151119 092332 8362
20151119 092333 8365
20151119 092342 8353
20151119 092348 8354
20151119 092349 8368
20151119 092420 8353
20151119 092425 8353
20151119 092436 8365
20151119 092437 8365
20151119 092451 8353
20151119 092504 8353
20151119 092508 8350
20151119 092513 8351
20151119 092519 8365
20151119 092538 8352
20151119 092539 8351
20151119 092542 8368
20151119 092636 8348
20151119 092638 8346
20151119 092639 8345
20151119 092640 8362
20151119 092715 8346
20151119 092733 8360
20151119 092740 8348
20151119 092804 8352
20151119 092806 8354
20151119 092824 8354
20151119 092837 8368
20151119 092912 8371
20151119 092914 8352
20151119 092919 8352
20151119 092921 8350
20151119 092932 8348
20151119 093015 8353
20151119 093030 8346
20151119 093047 8361
20151119 093048 8342
20151119 093051 8340
20151119 093052 8353
20151119 093053 8350
20151119 093057 8335
20151119 093058 8332
20151119 093101 8333
20151119 093103 8334
20151119 093110 8335
20151119 093119 8335
20151119 093139 8331
20151119 093140 8331
20151119 093141 8329
20151119 093142 8345
20151119 093144 8326
20151119 093145 8327
20151119 093146 8342
20151119 093148 8329
20151119 093150 8329
20151119 093152 8330
20151119 093153 8332
20151119 093156 8330
20151119 093200 8331
20151119 093203 8331
20151119 093204 8328
20151119 093208 8326
20151119 093210 8325
20151119 093216 8326
20151119 093223 8327
20151119 093226 8327
20151119 093227 8330
20151119 093230 8328
20151119 093234 8329
20151119 093235 8326
20151119 093237 8342
20151119 093238 8324
20151119 093241 8325
20151119 093247 8326
20151119 093248 8326
20151119 093309 8347
20151119 093310 8334
20151119 093312 8332
20151119 093318 8330
20151119 093320 8329
20151119 093335 8329
20151119 093346 8327
20151119 093358 8325
20151119 093407 8327
20151119 093411 8329
20151119 093419 8329
20151119 093421 8328
20151119 093431 8328
20151119 093448 8329
20151119 093515 8330
20151119 093535 8326
20151119 093610 8345
20151119 093611 8334
20151119 093612 8335
20151119 093613 8337
20151119 093633 8328
20151119 093639 8304
20151119 093656 8332
20151119 093702 8336
20151119 093704 8336
20151119 093717 8337
20151119 093720 8350
20151119 093726 8340
20151119 093727 8345
20151119 093728 8357
20151119 093736 8341
20151119 093740 8341
20151119 093741 8357
20151119 093751 8336
20151119 093752 8340
20151119 093802 8336
20151119 093813 8343
20151119 093832 8360
20151119 093834 8347
20151119 093835 8348
20151119 093836 8365
20151119 093846 8345
20151119 093905 8347
20151119 093907 8348
20151119 093910 8348
20151119 093911 8348
20151119 093913 8349
20151119 093916 8348
20151119 093917 8348
20151119 093921 8348
20151119 093933 8345
20151119 093934 8343
20151119 093945 8343
20151119 093947 8342
20151119 093959 8343
20151119 094008 8347
20151119 094011 8348
20151119 094012 8365
20151119 094013 8356
20151119 094015 8354
20151119 094021 8357
20151119 094022 8355
20151119 094024 8358
20151119 094027 8358
20151119 094036 8357
20151119 094037 8356
20151119 094039 8356
20151119 094108 8354
20151119 094109 8357
20151119 094117 8355
20151119 094122 8368
20151119 094141 8347
20151119 094224 8351
20151119 094244 8365
20151119 094313 8350
20151119 094321 8350
20151119 094333 8353
20151119 094335 8354
20151119 094336 8354
20151119 094400 8354
20151119 094401 8355
20151119 094423 8352
20151119 094426 8350
20151119 094434 8351
20151119 094524 8348
20151119 094533 8345
20151119 094559 8341
20151119 094600 8343
20151119 094603 8362
20151119 094645 8344
20151119 094654 8343
20151119 094706 8348
20151119 094727 8348
20151119 094732 8348
20151119 094739 8352
20151119 094742 8351
20151119 094807 8353
20151119 094808 8356
20151119 094810 8356
20151119 094839 8362
20151119 094841 8344
20151119 094848 8345
20151119 094914 8353
20151119 094917 8353
20151119 095010 8354
20151119 095012 8355
20151119 095013 8355
20151119 095015 8352
20151119 095057 8346
20151119 095112 8352
20151119 095114 8355
20151119 095121 8354
20151119 095124 8356
20151119 095125 8358
20151119 095126 8375
20151119 095127 8375
20151119 095139 8361
20151119 095150 8362
20151119 095152 8380
20151119 095153 8367
20151119 095158 8367
20151119 095200 8369
20151119 095201 8369
20151119 095202 8370
20151119 095203 8369
20151119 095208 8370
20151119 095210 8389
20151119 095211 8372
20151119 095214 8369
20151119 095218 8370
20151119 095219 8369
20151119 095223 8369
20151119 095234 8369
20151119 095241 8369
20151119 095249 8370
20151119 095257 8371
20151119 095259 8372
20151119 095301 8374
20151119 095303 8372
20151119 095310 8371
20151119 095313 8372
20151119 095332 8368
20151119 095333 8367
20151119 095340 8369
20151119 095343 8370
20151119 095344 8370
20151119 095353 8387
20151119 095408 8369
20151119 095411 8370
20151119 095412 8370
20151119 095434 8370
20151119 095445 8368
20151119 095509 8369
20151119 095513 8372
20151119 095514 8373
20151119 095515 8374
20151119 095517 8375
20151119 095519 8375
20151119 095520 8378
20151119 095521 8396
20151119 095524 8374
20151119 095529 8379
20151119 095530 8380
20151119 095531 8400
20151119 095532 8399
20151119 095533 8384
20151119 095534 8382
20151119 095536 8384
20151119 095538 8387
20151119 095546 8382
20151119 095554 8385
20151119 095555 8387
20151119 095600 8387
20151119 095604 8388
20151119 095605 8389
20151119 095606 8389
20151119 095608 8390
20151119 095613 8392
20151119 095634 8390
20151119 095643 8387
20151119 095645 8389
20151119 095646 8388
20151119 095647 8386
20151119 095658 8388
20151119 095702 8389
20151119 095712 8387
20151119 095717 8385
20151119 095720 8387
20151119 095723 8386
20151119 095724 8385
20151119 095743 8387
20151119 095745 8388
20151119 095747 8389
20151119 095750 8388
20151119 095756 8388
20151119 095816 8386
20151119 095818 8385
20151119 095819 8388
20151119 095823 8388
20151119 095826 8405
20151119 095827 8389
20151119 095828 8389
20151119 095839 8388
20151119 095840 8388
20151119 095844 8387
20151119 095854 8388
20151119 095900 8387
20151119 095908 8386
20151119 095910 8386
20151119 095911 8387
20151119 095924 8386
20151119 095938 8388
20151119 095945 8376
20151119 095946 8381
20151119 095947 8398
20151119 095948 8398
20151119 095950 8378
20151119 095959 8382
20151119 100001 8384
20151119 100008 8377
20151119 100016 8379
20151119 100032 8379
20151119 100033 8379
20151119 100034 8379
20151119 100041 8379
20151119 100049 8382
20151119 100050 8383
20151119 100051 8383
20151119 100100 8380
20151119 100105 8394
20151119 100124 8382
20151119 100134 8398
20151119 100139 8387
20151119 100145 8386
20151119 100157 8386
20151119 100158 8386
20151119 100200 8385
20151119 100201 8385
20151119 100203 8385
20151119 100205 8400
20151119 100208 8387
20151119 100211 8380
20151119 100213 8386
20151119 100217 8384
20151119 100230 8386
20151119 100240 8384
20151119 100243 8401
20151119 100252 8386
20151119 100256 8387
20151119 100306 8386
20151119 100317 8386
20151119 100330 8382
20151119 100331 8382
20151119 100352 8384
20151119 100353 8385
20151119 100354 8384
20151119 100401 8386
20151119 100408 8388
20151119 100411 8387
20151119 100414 8388
20151119 100427 8386
20151119 100454 8386
20151119 100501 8388
20151119 100502 8388
20151119 100503 8389
20151119 100505 8390
20151119 100512 8401
20151119 100516 8380
20151119 100550 8390
20151119 100555 8375
20151119 100556 8368
20151119 100557 8375
20151119 100608 8375
20151119 100612 8375
20151119 100622 8380
20151119 100629 8381
20151119 100716 8375
20151119 100759 8378
20151119 100836 8372
20151119 100837 8378
20151119 100846 8379
20151119 100848 8381
20151119 100945 8381
20151119 101010 8385
20151119 101017 8385
20151119 101022 8384
20151119 101038 8386
20151119 101045 8386
20151119 101052 8384
20151119 101131 8382
20151119 101245 8378
20151119 101246 8378
20151119 101248 8379
20151119 101249 8379
20151119 101254 8381
20151119 101320 8387
20151119 101321 8389
20151119 101322 8390
20151119 101323 8405
20151119 101324 8396
20151119 101325 8398
20151119 101327 8394
20151119 101329 8398
20151119 101349 8398
20151119 101354 8398
20151119 101403 8389
20151119 101409 8408
20151119 101410 8408
20151119 101414 8392
20151119 101423 8407
20151119 101435 8391
20151119 101452 8393
20151119 101454 8393
20151119 101500 8409
20151119 101512 8393
20151119 101513 8394
20151119 101514 8394
20151119 101516 8394
20151119 101520 8405
20151119 101547 8394
20151119 101552 8392
20151119 101601 8393
20151119 101646 8385
20151119 101650 8383
20151119 101651 8383
20151119 101719 8379
20151119 101729 8385
20151119 101732 8383
20151119 101806 8386
20151119 101836 8387
20151119 101842 8387
20151119 101844 8388
20151119 101846 8388
20151119 101850 8386
20151119 101943 8387
20151119 102004 8385
20151119 102054 8384
20151119 102059 8400
20151119 102110 8386
20151119 102147 8396
20151119 102156 8373
20151119 102157 8371
20151119 102255 8375
20151119 102333 8365
20151119 102406 8365
20151119 102410 8385
20151119 102512 8388
20151119 102517 8364
20151119 102551 8376
20151119 102557 8378
20151119 102558 8379
20151119 102559 8379
20151119 102652 8370
20151119 102802 8375
20151119 102827 8378
20151119 102830 8379
20151119 102900 8375
20151119 102915 8375
20151119 102916 8375
20151119 102949 8375
20151119 103052 8379
20151119 103100 8392
20151119 103129 8376
20151119 103219 8376
20151119 103222 8376
20151119 103224 8376
20151119 103242 8372
20151119 103250 8385
20151119 103317 8376
20151119 103343 8375
20151119 103344 8375
20151119 103429 8371
20151119 103435 8371
20151119 103436 8369
20151119 103437 8383
20151119 103622 8371
20151119 103626 8372
20151119 103638 8373
20151119 103739 8375
20151119 103743 8375
20151119 103748 8375
20151119 103831 8385
20151119 103953 8370
20151119 104013 8371
20151119 104029 8371
20151119 104031 8371
20151119 104104 8368
20151119 104109 8367
20151119 104149 8368
20151119 104151 8368
20151119 104207 8366
20151119 104221 8367
20151119 104252 8378
20151119 104318 8362
20151119 104349 8377
20151119 104356 8367
20151119 104403 8365
20151119 104404 8364
20151119 104431 8373
20151119 104439 8365
20151119 104446 8359
20151119 104447 8365
20151119 104606 8366
20151119 104647 8371
20151119 104649 8372
20151119 104650 8373
20151119 104659 8375
20151119 104704 8375
20151119 104727 8372
20151119 104808 8372
20151119 104830 8373
20151119 104929 8375
20151119 104932 8378
20151119 104935 8378
20151119 104956 8380
20151119 105042 8376
20151119 105106 8380
20151119 105120 8382
20151119 105220 8377
20151119 105350 8395
20151119 105356 8381
20151119 105357 8381
20151119 105527 8376
20151119 105529 8375
20151119 105533 8378
20151119 105645 8377
20151119 105746 8392
20151119 105859 8376
20151119 110038 8378
20151119 110045 8379
20151119 110111 8381
20151119 110112 8381
20151119 110148 8379
20151119 110343 8378
20151119 110551 8375
20151119 110614 8373
20151119 110705 8378
20151119 110733 8381
20151119 110807 8392
20151119 110810 8392
20151119 110816 8392
20151119 110925 8390
20151119 110926 8390
20151119 111156 8373
20151119 111158 8373
20151119 111236 8374
20151119 111500 8391
20151119 111551 8380
20151119 111623 8377
20151119 111625 8378
20151119 111638 8378
20151119 111736 8378
20151119 111755 8381
20151119 111808 8395
20151119 111815 8380
20151119 111831 8381
20151119 112243 8395
20151119 112257 8375
20151119 112732 8395
20151119 112733 8384
20151119 112907 8383
20151119 112913 8384
20151119 112914 8385
20151119 112915 8385
20151119 112916 8388
20151119 112930 8403
20151119 112942 8388
20151119 112943 8388
20151119 113000 8388
20151119 113001 8389
20151119 113002 8390
20151119 113003 8390
20151119 113010 8384
20151119 113011 8402
20151119 113027 8390
20151119 113036 8389
20151119 113055 8389
20151119 113056 8407
20151119 113103 8387
20151119 113126 8390
20151119 113134 8389
20151119 113139 8392
20151119 113140 8393
20151119 113144 8392
20151119 113215 8390
20151119 113216 8390
20151119 113228 8389
20151119 113234 8388
20151119 113236 8389
20151119 113245 8391
20151119 113246 8393
20151119 113247 8394
20151119 113300 8391
20151119 113322 8394
20151119 113325 8395
20151119 113327 8393
20151119 113335 8368
20151119 113348 8395
20151119 113402 8391
20151119 113424 8391
20151119 113509 8388
20151119 113630 8384
20151119 113631 8383
20151119 113632 8383
20151119 113634 8383
20151119 113732 8358
20151119 113737 8386
20151119 113807 8390
20151119 113954 8401
20151119 114000 8390
20151119 114043 8390
20151119 114104 8392
20151119 114138 8386
20151119 114156 8390
20151119 114217 8393
20151119 114249 8392
20151119 114251 8393
20151119 114258 8392
20151119 114339 8393
20151119 114353 8393
20151119 114451 8391
20151119 114501 8395
20151119 114502 8396
20151119 114503 8410
20151119 114510 8396
20151119 114648 8394
20151119 114705 8394
20151119 114728 8393
20151119 114737 8391
20151119 114934 8394
20151119 114941 8395
20151119 114947 8410
20151119 114948 8400
20151119 114949 8415
20151119 114952 8401
20151119 115002 8405
20151119 115003 8405
20151119 115011 8404
20151119 115029 8402
20151119 115037 8403
20151119 115044 8403
20151119 115046 8404
20151119 115051 8404
20151119 115052 8405
20151119 115053 8405
20151119 115058 8404
20151119 115059 8405
20151119 115100 8405
20151119 115101 8407
20151119 115102 8407
20151119 115106 8408
20151119 115107 8408
20151119 115109 8408
20151119 115110 8408
20151119 115111 8408
20151119 115117 8405
20151119 115121 8404
20151119 115123 8405
20151119 115128 8404
20151119 115137 8402
20151119 115140 8401
20151119 115147 8401
20151119 115157 8415
20151119 115223 8398
20151119 115225 8398
20151119 115233 8415
20151119 115238 8398
20151119 115251 8401
20151119 115259 8401
20151119 115331 8412
20151119 115350 8399
20151119 115355 8399
20151119 115401 8402
20151119 115403 8403
20151119 115424 8403
20151119 115429 8401
20151119 115554 8400
20151119 115604 8401
20151119 115625 8402
20151119 115728 8404
20151119 115741 8404
20151119 115745 8405
20151119 115747 8406
20151119 115750 8408
20151119 115815 8408
20151119 115816 8421
20151119 115828 8405
20151119 115837 8410
20151119 115853 8412
20151119 115854 8412
20151119 115855 8428
20151119 115859 8412
20151119 115900 8415
20151119 115907 8413
20151119 115919 8428
20151119 115940 8412
20151119 115941 8412
20151119 115956 8415
20151119 120000 8415
20151119 120001 8428
20151119 120007 8418
20151119 120008 8418
20151119 120013 8415
20151119 120021 8416
20151119 120037 8416
20151119 120044 8418
20151119 120049 8418
20151119 120053 8430
20151119 120056 8419
20151119 120110 8412
20151119 120132 8414
20151119 120236 8386
20151119 120240 8414
20151119 120252 8412
20151119 120324 8416
20151119 120403 8416
20151119 120505 8413
20151119 120514 8413
20151119 120531 8413
20151119 120550 8413
20151119 120604 8413
20151119 120649 8421
20151119 120734 8411
20151119 120749 8411
20151119 120817 8406
20151119 120819 8412
20151119 120821 8412
20151119 121001 8415
20151119 121007 8415
20151119 121028 8415
20151119 121056 8412
20151119 121100 8411
20151119 121123 8409
20151119 121125 8410
20151119 121126 8408
20151119 121231 8407
20151119 121241 8409
20151119 121309 8409
20151119 121408 8409
20151119 121438 8412
20151119 121507 8411
20151119 121519 8414
20151119 121534 8422
20151119 121545 8414
20151119 121627 8415
20151119 121715 8415
20151119 121716 8416
20151119 121717 8416
20151119 121724 8417
20151119 121730 8428
20151119 121736 8416
20151119 121821 8409
20151119 121827 8417
20151119 121907 8416
20151119 121930 8430
20151119 121931 8430
20151119 121939 8419
20151119 122022 8419
20151119 122055 8417
20151119 122101 8419
20151119 122116 8413
20151119 122138 8419
20151119 122202 8418
20151119 122228 8417
20151119 122349 8418
20151119 122410 8416
20151119 122418 8417
20151119 122517 8415
20151119 122524 8417
20151119 122535 8417
20151119 122540 8419
20151119 122641 8418
20151119 122658 8411
20151119 122703 8390
20151119 122717 8416
20151119 122810 8418
20151119 122827 8418
20151119 122854 8419
20151119 122907 8420
20151119 122912 8421
20151119 122956 8420
20151119 123000 8423
20151119 123001 8435
20151119 123006 8421
20151119 123015 8416
20151119 123026 8416
20151119 123031 8430
20151119 123154 8415
20151119 123333 8409
20151119 123338 8409
20151119 123416 8416
20151119 123418 8417
20151119 123432 8413
20151119 123449 8413
20151119 123700 8414
20151119 123744 8412
20151119 123815 8414
20151119 123918 8411
20151119 124017 8406
20151119 124143 8412
20151119 124221 8406
20151119 124237 8409
20151119 124238 8409
20151119 124245 8426
20151119 124305 8413
20151119 124334 8413
20151119 124431 8422
20151119 124519 8421
20151119 124652 8411
20151119 124711 8411
20151119 124736 8423
20151119 124823 8412
20151119 124904 8424
20151119 125002 8414
20151119 125025 8414
20151119 125046 8416
20151119 125057 8416
20151119 125101 8417
20151119 125202 8418
20151119 125218 8418
20151119 125221 8419
20151119 125236 8419
20151119 125241 8419
20151119 125247 8419
20151119 125302 8419
20151119 125409 8419
20151119 125420 8418
20151119 125637 8421
20151119 125639 8421
20151119 125807 8435
20151119 125941 8411
20151119 130031 8417
20151119 130142 8360
20151119 130154 8386
20151119 130222 8414
20151119 130351 8416
20151119 130417 8415
20151119 130505 8410
20151119 130552 8415
20151119 130842 8414
20151119 130948 8416
20151119 130951 8417
20151119 131049 8417
20151119 131059 8418
20151119 131100 8419
20151119 131125 8418
20151119 131240 8417
20151119 131313 8418
20151119 131354 8419
20151119 131433 8419
20151119 131436 8419
20151119 131505 8420
20151119 131506 8436
20151119 131507 8420
20151119 131523 8420
20151119 131524 8436
20151119 131559 8420
20151119 131607 8420
20151119 131655 8421
20151119 131734 8423
20151119 131740 8422
20151119 131743 8423
20151119 131747 8423
20151119 131752 8423
20151119 131756 8423
20151119 131757 8424
20151119 131759 8424
20151119 131812 8423
20151119 131817 8424
20151119 131818 8424
20151119 131820 8425
20151119 131910 8426
20151119 131927 8427
20151119 131931 8427
20151119 131933 8427
20151119 131942 8427
20151119 131949 8427
20151119 131951 8428
20151119 131952 8428
20151119 132000 8428
20151119 132014 8429
20151119 132015 8429
20151119 132018 8429
20151119 132020 8429
20151119 132045 8430
20151119 132046 8429
20151119 132050 8431
20151119 132051 8431
20151119 132052 8431
20151119 132053 8432
20151119 132106 8432
20151119 132107 8431
20151119 132108 8431
20151119 132145 8430
20151119 132151 8446
20151119 132159 8433
20151119 132200 8432
20151119 132208 8434
20151119 132212 8434
20151119 132216 8435
20151119 132217 8427
20151119 132221 8435
20151119 132224 8436
20151119 132240 8435
20151119 132246 8408
20151119 132247 8435
20151119 132312 8450
20151119 132318 8450
20151119 132321 8433
20151119 132328 8433
20151119 132349 8433
20151119 132407 8433
20151119 132411 8406
20151119 132502 8435
20151119 132507 8436
20151119 132508 8437
20151119 132510 8438
20151119 132511 8439
20151119 132512 8439
20151119 132515 8433
20151119 132516 8440
20151119 132529 8441
20151119 132530 8442
20151119 132531 8441
20151119 132532 8443
20151119 132536 8442
20151119 132539 8445
20151119 132542 8446
20151119 132547 8447
20151119 132548 8447
20151119 132557 8443
20151119 132558 8442
20151119 132600 8442
20151119 132601 8441
20151119 132602 8442
20151119 132603 8444
20151119 132608 8445
20151119 132610 8443
20151119 132713 8446
20151119 132716 8447
20151119 132721 8446
20151119 132726 8448
20151119 132739 8448
20151119 132756 8449
20151119 132801 8462
20151119 132806 8446
20151119 132807 8460
20151119 132815 8460
20151119 132825 8446
20151119 132838 8446
20151119 132840 8445
20151119 132849 8448
20151119 132927 8463
20151119 132943 8446
20151119 132956 8447
20151119 133001 8448
20151119 133004 8448
20151119 133005 8449
20151119 133007 8450
20151119 133008 8463
20151119 133011 8453
20151119 133012 8453
20151119 133036 8453
20151119 133040 8453
20151119 133042 8454
20151119 133043 8454
20151119 133044 8454
20151119 133047 8453
20151119 133100 8455
20151119 133107 8456
20151119 133111 8454
20151119 133118 8454
20151119 133134 8453
20151119 133202 8454
20151119 133203 8453
20151119 133205 8452
20151119 133226 8452
20151119 133239 8452
20151119 133246 8451
20151119 133248 8451
20151119 133251 8450
20151119 133256 8448
20151119 133257 8448
20151119 133301 8447
20151119 133305 8446
20151119 133308 8448
20151119 133317 8448
20151119 133324 8450
20151119 133330 8451
20151119 133333 8451
20151119 133335 8450
20151119 133336 8452
20151119 133338 8452
20151119 133340 8453
20151119 133343 8453
20151119 133346 8454
20151119 133347 8454
20151119 133353 8455
20151119 133354 8456
20151119 133355 8465
20151119 133356 8456
20151119 133358 8455
20151119 133402 8453
20151119 133411 8453
20151119 133414 8454
20151119 133417 8455
20151119 133422 8457
20151119 133525 8428
20151119 133539 8450
20151119 133541 8456
20151119 133543 8456
20151119 133551 8457
20151119 133553 8456
20151119 133554 8456
20151119 133559 8458
20151119 133600 8459
20151119 133601 8459
20151119 133603 8432
20151119 133621 8460
20151119 133636 8457
20151119 133643 8457
20151119 133644 8457
20151119 133647 8457
20151119 133655 8457
20151119 133658 8457
20151119 133659 8457
20151119 133700 8457
20151119 133703 8457
20151119 133724 8459
20151119 133730 8458
20151119 133738 8458
20151119 133750 8458
20151119 133753 8458
20151119 133801 8457
20151119 133846 8458
20151119 133904 8431
20151119 133937 8456
20151119 133939 8457
20151119 133941 8430
20151119 134007 8455
20151119 134009 8456
20151119 134010 8457
20151119 134011 8468
20151119 134013 8467
20151119 134037 8456
20151119 134131 8457
20151119 134134 8457
20151119 134138 8457
20151119 134200 8458
20151119 134202 8458
20151119 134210 8458
20151119 134211 8458
20151119 134217 8458
20151119 134229 8459
20151119 134239 8468
20151119 134243 8455
20151119 134244 8455
20151119 134301 8453
20151119 134303 8453
20151119 134307 8467
20151119 134308 8467
20151119 134327 8450
20151119 134336 8449
20151119 134349 8448
20151119 134350 8447
20151119 134352 8447
20151119 134358 8447
20151119 134400 8446
20151119 134402 8446
20151119 134406 8448
20151119 134434 8449
20151119 134437 8449
20151119 134439 8448
20151119 134440 8458
20151119 134441 8447
20151119 134444 8448
20151119 134445 8456
20151119 134451 8446
20151119 134457 8446
20151119 134458 8446
20151119 134459 8458
