20151110 084500 8582
20151110 084501 8580
20151110 084503 8575
20151110 084504 8575
20151110 084505 8573
20151110 084506 8573
20151110 084510 8573
20151110 084514 8568
20151110 084516 8572
20151110 084519 8565
20151110 084520 8564
20151110 084525 8564
20151110 084527 8574
20151110 084528 8567
20151110 084530 8568
20151110 084531 8568
20151110 084532 8569
20151110 084535 8565
20151110 084536 8566
20151110 084537 8561
20151110 084538 8560
20151110 084539 8559
20151110 084540 8564
20151110 084541 8562
20151110 084542 8561
20151110 084543 8560
20151110 084545 8561
20151110 084546 8561
20151110 084547 8558
20151110 084548 8560
20151110 084549 8559
20151110 084552 8560
20151110 084555 8559
20151110 084557 8560
20151110 084600 8560
20151110 084602 8562
20151110 084603 8559
20151110 084604 8559
20151110 084606 8562
20151110 084607 8562
20151110 084611 8561
20151110 084622 8564
20151110 084623 8563
20151110 084628 8561
20151110 084629 8560
20151110 084630 8558
20151110 084631 8558
20151110 084633 8558
20151110 084634 8558
20151110 084636 8556
20151110 084641 8558
20151110 084652 8563
20151110 084654 8562
20151110 084658 8566
20151110 084706 8562
20151110 084726 8563
20151110 084728 8570
20151110 084739 8570
20151110 084740 8564
20151110 084744 8566
20151110 084745 8565
20151110 084801 8566
20151110 084803 8570
20151110 084804 8571
20151110 084807 8574
20151110 084809 8574
20151110 084827 8566
20151110 084840 8568
20151110 084841 8568
20151110 084853 8573
20151110 084906 8557
20151110 084911 8563
20151110 084912 8563
20151110 084940 8563
20151110 084942 8561
20151110 084943 8560
20151110 084944 8560
20151110 084947 8559
20151110 084948 8559
20151110 084949 8558
20151110 084950 8558
20151110 084957 8558
20151110 084958 8557
20151110 085011 8563
20151110 085015 8564
20151110 085022 8566
20151110 085023 8566
20151110 085024 8566
20151110 085025 8566
20151110 085036 8571
20151110 085038 8572
20151110 085043 8572
20151110 085044 8570
20151110 085047 8566
20151110 085049 8565
20151110 085051 8565
20151110 085058 8565
20151110 085109 8566
20151110 085110 8565
20151110 085111 8565
20151110 085112 8565
20151110 085115 8565
20151110 085118 8570
20151110 085119 8565
20151110 085125 8565
20151110 085126 8564
20151110 085127 8565
20151110 085130 8562
20151110 085131 8563
20151110 085132 8561
20151110 085135 8563
20151110 085137 8563
20151110 085139 8563
20151110 085140 8563
20151110 085141 8563
20151110 085142 8563
20151110 085145 8563
20151110 085148 8563
20151110 085149 8563
20151110 085151 8563
20151110 085201 8561
20151110 085203 8560
20151110 085212 8562
20151110 085216 8562
20151110 085225 8568
20151110 085227 8568
20151110 085238 8569
20151110 085239 8564
20151110 085312 8563
20151110 085331 8565
20151110 085332 8565
20151110 085338 8566
20151110 085351 8564
20151110 085352 8566
20151110 085411 8557
20151110 085418 8565
20151110 085426 8557
20151110 085431 8570
20151110 085549 8570
20151110 085627 8567
20151110 085657 8567
20151110 085750 8565
20151110 085755 8565
20151110 085801 8565
20151110 085845 8567
20151110 085850 8567
20151110 085905 8572
20151110 085910 8565
20151110 085917 8565
20151110 085919 8564
20151110 085920 8564
20151110 085921 8563
20151110 085923 8565
20151110 085926 8562
20151110 085928 8561
20151110 085930 8568
20151110 085931 8566
20151110 085938 8561
20151110 085946 8564
20151110 085953 8570
20151110 085955 8564
20151110 090000 8563
20151110 090001 8561
20151110 090002 8560
20151110 090004 8562
20151110 090005 8562
20151110 090012 8563
20151110 090014 8559
20151110 090015 8560
20151110 090022 8557
20151110 090023 8554
20151110 090025 8555
20151110 090026 8553
20151110 090028 8553
20151110 090029 8552
20151110 090034 8554
20151110 090046 8557
20151110 090047 8552
20151110 090048 8553
20151110 090049 8552
20151110 090054 8550
20151110 090055 8546
20151110 090056 8548
20151110 090100 8547
20151110 090101 8545
20151110 090102 8545
20151110 090103 8543
20151110 090104 8543
20151110 090107 8543
20151110 090108 8542
20151110 090111 8542
20151110 090112 8544
20151110 090115 8548
20151110 090116 8551
20151110 090126 8554
20151110 090128 8554
20151110 090138 8559
20151110 090145 8560
20151110 090146 8555
20151110 090149 8554
20151110 090150 8554
20151110 090158 8558
20151110 090205 8561
20151110 090213 8552
20151110 090225 8554
20151110 090233 8557
20151110 090235 8558
20151110 090251 8561
20151110 090254 8556
20151110 090255 8556
20151110 090302 8554
20151110 090303 8565
20151110 090304 8553
20151110 090305 8553
20151110 090306 8553
20151110 090309 8551
20151110 090313 8551
20151110 090321 8550
20151110 090323 8547
20151110 090324 8548
20151110 090326 8546
20151110 090329 8548
20151110 090335 8557
20151110 090337 8564
20151110 090346 8545
20151110 090400 8552
20151110 090411 8549
20151110 090412 8547
20151110 090414 8559
20151110 090415 8547
20151110 090421 8550
20151110 090434 8552
20151110 090500 8549
20151110 090501 8547
20151110 090502 8546
20151110 090503 8544
20151110 090505 8545
20151110 090514 8549
20151110 090518 8563
20151110 090520 8547
20151110 090521 8547
20151110 090523 8551
20151110 090527 8550
20151110 090529 8568
20151110 090531 8550
20151110 090535 8554
20151110 090536 8554
20151110 090537 8555
20151110 090538 8557
20151110 090542 8571
20151110 090543 8561
20151110 090544 8561
20151110 090545 8561
20151110 090548 8561
20151110 090559 8562
20151110 090600 8559
20151110 090602 8562
20151110 090613 8562
20151110 090615 8562
20151110 090619 8560
20151110 090624 8560
20151110 090634 8560
20151110 090639 8560
20151110 090643 8558
20151110 090648 8559
20151110 090649 8557
20151110 090650 8557
20151110 090654 8555
20151110 090655 8568
20151110 090657 8557
20151110 090701 8552
20151110 090702 8548
20151110 090704 8552
20151110 090711 8549
20151110 090713 8548
20151110 090714 8547
20151110 090715 8545
20151110 090717 8543
20151110 090718 8534
20151110 090719 8536
20151110 090721 8539
20151110 090725 8539
20151110 090731 8536
20151110 090732 8534
20151110 090733 8534
20151110 090735 8535
20151110 090736 8535
20151110 090737 8537
20151110 090741 8534
20151110 090742 8534
20151110 090745 8534
20151110 090747 8532
20151110 090748 8533
20151110 090752 8532
20151110 090756 8537
20151110 090757 8537
20151110 090759 8533
20151110 090801 8533
20151110 090802 8532
20151110 090806 8531
20151110 090816 8530
20151110 090817 8529
20151110 090818 8528
20151110 090819 8527
20151110 090825 8530
20151110 090827 8530
20151110 090833 8530
20151110 090846 8527
20151110 090900 8526
20151110 090901 8524
20151110 090902 8525
20151110 090916 8535
20151110 090918 8524
20151110 090922 8523
20151110 090925 8524
20151110 090926 8522
20151110 090931 8519
20151110 090932 8519
20151110 090933 8519
20151110 090937 8519
20151110 090939 8522
20151110 090941 8518
20151110 090942 8518
20151110 090950 8517
20151110 090951 8517
20151110 090952 8517
20151110 090954 8517
20151110 090955 8516
20151110 090956 8516
20151110 091000 8515
20151110 091001 8512
20151110 091002 8516
20151110 091004 8518
20151110 091005 8522
20151110 091007 8521
20151110 091009 8521
20151110 091010 8524
20151110 091012 8524
20151110 091014 8522
20151110 091017 8525
20151110 091019 8527
20151110 091026 8528
20151110 091028 8530
20151110 091034 8528
20151110 091035 8531
20151110 091038 8532
20151110 091039 8533
20151110 091040 8532
20151110 091041 8535
20151110 091057 8535
20151110 091105 8532
20151110 091107 8533
20151110 091113 8533
20151110 091118 8533
20151110 091151 8532
20151110 091153 8532
20151110 091155 8546
20151110 091200 8546
20151110 091201 8546
20151110 091202 8530
20151110 091204 8530
20151110 091205 8529
20151110 091207 8528
20151110 091209 8527
20151110 091210 8527
20151110 091215 8543
20151110 091217 8545
20151110 091221 8525
20151110 091223 8522
20151110 091224 8519
20151110 091225 8517
20151110 091226 8518
20151110 091239 8522
20151110 091242 8522
20151110 091248 8522
20151110 091250 8524
20151110 091254 8526
20151110 091255 8527
20151110 091300 8528
20151110 091302 8546
20151110 091308 8530
20151110 091309 8530
20151110 091320 8531
20151110 091353 8528
20151110 091354 8527
20151110 091403 8548
20151110 091405 8538
20151110 091406 8540
20151110 091407 8544
20151110 091408 8547
20151110 091409 8544
20151110 091416 8541
20151110 091421 8545
20151110 091422 8547
20151110 091425 8547
20151110 091426 8550
20151110 091428 8550
20151110 091431 8553
20151110 091432 8553
20151110 091434 8551
20151110 091436 8553
20151110 091442 8549
20151110 091443 8551
20151110 091444 8549
20151110 091445 8565
20151110 091450 8548
20151110 091452 8546
20151110 091453 8546
20151110 091455 8546
20151110 091456 8546
20151110 091459 8549
20151110 091500 8550
20151110 091501 8552
20151110 091502 8552
20151110 091503 8552
20151110 091504 8551
20151110 091505 8551
20151110 091511 8548
20151110 091517 8549
20151110 091519 8550
20151110 091521 8549
20151110 091525 8546
20151110 091532 8546
20151110 091536 8547
20151110 091538 8547
20151110 091540 8564
20151110 091543 8551
20151110 091600 8553
20151110 091603 8550
20151110 091609 8550
20151110 091610 8550
20151110 091612 8551
20151110 091613 8552
20151110 091614 8552
20151110 091616 8555
20151110 091617 8556
20151110 091618 8557
20151110 091619 8558
20151110 091629 8557
20151110 091631 8558
20151110 091632 8559
20151110 091633 8560
20151110 091634 8560
20151110 091640 8555
20151110 091651 8559
20151110 091652 8559
20151110 091658 8560
20151110 091659 8562
20151110 091700 8566
20151110 091702 8564
20151110 091712 8563
20151110 091714 8560
20151110 091724 8557
20151110 091730 8558
20151110 091737 8570
20151110 091747 8553
20151110 091748 8553
20151110 091753 8554
20151110 091800 8554
20151110 091809 8551
20151110 091829 8550
20151110 091848 8553
20151110 091856 8550
20151110 091857 8552
20151110 091900 8551
20151110 091906 8552
20151110 091916 8546
20151110 091917 8545
20151110 091921 8544
20151110 091923 8542
20151110 091924 8541
20151110 091943 8544
20151110 092007 8549
20151110 092008 8560
20151110 092023 8549
20151110 092028 8551
20151110 092040 8550
20151110 092041 8552
20151110 092042 8551
20151110 092043 8552
20151110 092046 8553
20151110 092048 8554
20151110 092052 8551
20151110 092057 8552
20151110 092127 8552
20151110 092144 8552
20151110 092214 8549
20151110 092245 8554
20151110 092246 8555
20151110 092249 8553
20151110 092258 8557
20151110 092302 8555
20151110 092349 8556
20151110 092402 8558
20151110 092405 8559
20151110 092417 8556
20151110 092428 8559
20151110 092435 8559
20151110 092446 8556
20151110 092508 8558
20151110 092509 8557
20151110 092527 8556
20151110 092542 8560
20151110 092543 8561
20151110 092544 8563
20151110 092545 8564
20151110 092550 8566
20151110 092551 8568
20151110 092552 8571
20151110 092553 8571
20151110 092554 8576
20151110 092556 8577
20151110 092557 8575
20151110 092558 8573
20151110 092559 8574
20151110 092603 8572
20151110 092604 8572
20151110 092605 8576
20151110 092608 8576
20151110 092609 8578
20151110 092610 8577
20151110 092614 8575
20151110 092615 8573
20151110 092617 8575
20151110 092620 8574
20151110 092621 8573
20151110 092622 8573
20151110 092634 8576
20151110 092636 8577
20151110 092637 8578
20151110 092643 8579
20151110 092645 8579
20151110 092648 8580
20151110 092649 8587
20151110 092650 8588
20151110 092651 8591
20151110 092655 8595
20151110 092714 8580
20151110 092718 8583
20151110 092727 8580
20151110 092742 8580
20151110 092743 8578
20151110 092812 8589
20151110 092813 8590
20151110 092825 8581
20151110 092826 8582
20151110 092830 8581
20151110 092835 8582
20151110 092901 8582
20151110 092916 8580
20151110 092917 8582
20151110 092937 8581
20151110 092938 8580
20151110 092952 8578
20151110 093001 8578
20151110 093009 8573
20151110 093011 8572
20151110 093027 8569
20151110 093028 8567
20151110 093036 8565
20151110 093039 8562
20151110 093053 8566
20151110 093057 8566
20151110 093058 8568
20151110 093100 8569
20151110 093106 8564
20151110 093128 8569
20151110 093130 8569
20151110 093138 8569
20151110 093146 8567
20151110 093202 8569
20151110 093236 8569
20151110 093241 8566
20151110 093309 8572
20151110 093310 8573
20151110 093345 8569
20151110 093404 8567
20151110 093406 8566
20151110 093418 8566
20151110 093427 8566
20151110 093428 8566
20151110 093443 8564
20151110 093445 8563
20151110 093456 8558
20151110 093503 8558
20151110 093504 8558
20151110 093507 8557
20151110 093512 8555
20151110 093527 8557
20151110 093528 8556
20151110 093536 8556
20151110 093542 8556
20151110 093555 8558
20151110 093600 8562
20151110 093626 8565
20151110 093628 8566
20151110 093630 8574
20151110 093640 8568
20151110 093648 8566
20151110 093704 8565
20151110 093734 8576
20151110 093748 8566
20151110 093809 8567
20151110 093841 8566
20151110 093901 8567
20151110 093906 8569
20151110 093907 8570
20151110 093908 8573
20151110 093910 8574
20151110 093911 8575
20151110 093917 8579
20151110 093918 8579
20151110 093923 8579
20151110 093932 8573
20151110 094000 8577
20151110 094001 8578
20151110 094007 8578
20151110 094012 8575
20151110 094024 8577
20151110 094049 8574
20151110 094057 8572
20151110 094103 8574
20151110 094129 8577
20151110 094132 8580
20151110 094133 8580
20151110 094139 8582
20151110 094145 8580
20151110 094146 8580
20151110 094148 8579
20151110 094207 8575
20151110 094208 8574
20151110 094212 8585
20151110 094228 8561
20151110 094234 8574
20151110 094258 8572
20151110 094259 8572
20151110 094300 8572
20151110 094305 8571
20151110 094306 8569
20151110 094307 8569
20151110 094308 8565
20151110 094310 8564
20151110 094321 8567
20151110 094326 8567
20151110 094331 8567
20151110 094337 8565
20151110 094338 8565
20151110 094344 8567
20151110 094352 8570
20151110 094409 8570
20151110 094419 8572
20151110 094420 8571
20151110 094501 8564
20151110 094502 8563
20151110 094504 8563
20151110 094505 8561
20151110 094506 8560
20151110 094507 8559
20151110 094508 8557
20151110 094511 8557
20151110 094515 8558
20151110 094516 8568
20151110 094517 8557
20151110 094542 8556
20151110 094543 8554
20151110 094544 8552
20151110 094545 8551
20151110 094547 8553
20151110 094553 8554
20151110 094556 8553
20151110 094601 8550
20151110 094602 8550
20151110 094606 8551
20151110 094607 8547
20151110 094608 8544
20151110 094611 8546
20151110 094613 8548
20151110 094621 8550
20151110 094622 8553
20151110 094637 8550
20151110 094646 8553
20151110 094706 8554
20151110 094710 8551
20151110 094714 8549
20151110 094726 8549
20151110 094727 8549
20151110 094729 8548
20151110 094756 8551
20151110 094815 8549
20151110 094817 8548
20151110 094819 8547
20151110 094820 8547
20151110 094822 8547
20151110 094827 8546
20151110 094829 8546
20151110 094830 8547
20151110 094835 8546
20151110 094840 8543
20151110 094843 8544
20151110 094844 8542
20151110 094909 8550
20151110 094912 8550
20151110 094918 8549
20151110 094927 8547
20151110 094933 8551
20151110 094936 8553
20151110 094938 8554
20151110 094942 8552
20151110 094944 8550
20151110 095002 8551
20151110 095017 8551
20151110 095023 8559
20151110 095033 8551
20151110 095038 8550
20151110 095057 8548
20151110 095058 8548
20151110 095113 8553
20151110 095135 8556
20151110 095200 8549
20151110 095201 8548
20151110 095204 8549
20151110 095220 8547
20151110 095250 8550
20151110 095329 8556
20151110 095349 8553
20151110 095353 8554
20151110 095356 8555
20151110 095402 8557
20151110 095404 8557
20151110 095446 8552
20151110 095459 8548
20151110 095500 8548
20151110 095537 8553
20151110 095538 8553
20151110 095539 8553
20151110 095548 8555
20151110 095637 8555
20151110 095638 8558
20151110 095639 8560
20151110 095640 8562
20151110 095652 8561
20151110 095655 8559
20151110 095706 8561
20151110 095735 8562
20151110 095737 8564
20151110 095738 8564
20151110 095739 8564
20151110 095744 8565
20151110 095803 8564
20151110 095831 8562
20151110 095832 8560
20151110 095834 8559
20151110 095845 8560
20151110 095848 8562
20151110 095858 8562
20151110 095931 8558
20151110 095932 8558
20151110 095936 8557
20151110 095945 8556
20151110 095946 8555
20151110 095947 8553
20151110 100001 8555
20151110 100005 8552
20151110 100006 8552
20151110 100012 8551
20151110 100014 8552
20151110 100021 8552
20151110 100031 8555
20151110 100037 8556
20151110 100106 8560
20151110 100108 8560
20151110 100112 8564
20151110 100114 8563
20151110 100116 8565
20151110 100117 8565
20151110 100120 8573
20151110 100121 8573
20151110 100122 8566
20151110 100123 8566
20151110 100124 8567
20151110 100232 8565
20151110 100237 8567
20151110 100240 8568
20151110 100314 8564
20151110 100321 8562
20151110 100404 8562
20151110 100409 8560
20151110 100413 8561
20151110 100446 8561
20151110 100455 8560
20151110 100456 8559
20151110 100459 8570
20151110 100505 8557
20151110 100506 8556
20151110 100516 8555
20151110 100523 8556
20151110 100536 8560
20151110 100544 8558
20151110 100601 8555
20151110 100629 8559
20151110 100632 8560
20151110 100642 8561
20151110 100643 8570
20151110 100657 8561
20151110 100739 8566
20151110 100918 8568
20151110 100919 8568
20151110 100920 8569
20151110 100921 8570
20151110 100922 8570
20151110 100924 8572
20151110 100939 8567
20151110 100951 8564
20151110 101013 8570
20151110 101133 8561
20151110 101136 8559
20151110 101137 8558
20151110 101142 8558
20151110 101145 8557
20151110 101147 8557
20151110 101148 8555
20151110 101150 8554
20151110 101158 8556
20151110 101203 8552
20151110 101205 8552
20151110 101206 8551
20151110 101207 8551
20151110 101214 8549
20151110 101216 8549
20151110 101233 8553
20151110 101235 8553
20151110 101251 8555
20151110 101312 8556
20151110 101352 8554
20151110 101412 8553
20151110 101417 8554
20151110 101448 8552
20151110 101503 8553
20151110 101514 8553
20151110 101601 8553
20151110 101602 8549
20151110 101625 8553
20151110 101640 8554
20151110 101706 8555
20151110 101741 8557
20151110 101757 8564
20151110 101805 8562
20151110 101909 8563
20151110 101914 8565
20151110 101915 8565
20151110 101943 8564
20151110 102009 8557
20151110 102030 8563
20151110 102040 8567
20151110 102041 8567
20151110 102043 8564
20151110 102049 8564
20151110 102052 8563
20151110 102103 8561
20151110 102108 8562
20151110 102150 8563
20151110 102233 8561
20151110 102346 8557
20151110 102356 8557
20151110 102409 8557
20151110 102453 8558
20151110 102542 8563
20151110 102602 8556
20151110 102603 8557
20151110 102607 8557
20151110 102609 8557
20151110 102849 8556
20151110 102850 8555
20151110 102924 8554
20151110 103101 8553
20151110 103102 8553
20151110 103109 8554
20151110 103125 8553
20151110 103132 8553
20151110 103134 8553
20151110 103245 8559
20151110 103246 8560
20151110 103249 8560
20151110 103310 8562
20151110 103311 8562
20151110 103441 8554
20151110 103443 8552
20151110 103446 8554
20151110 103452 8552
20151110 103454 8552
20151110 103456 8551
20151110 103500 8554
20151110 103504 8551
20151110 103505 8551
20151110 103507 8552
20151110 103511 8551
20151110 103644 8560
20151110 103645 8561
20151110 104040 8555
20151110 104053 8553
20151110 104054 8554
20151110 104112 8555
20151110 104119 8554
20151110 104120 8555
20151110 104127 8555
20151110 104147 8553
20151110 104148 8553
20151110 104157 8553
20151110 104158 8552
20151110 104159 8551
20151110 104200 8551
20151110 104308 8556
20151110 104515 8552
20151110 104516 8550
20151110 104548 8550
20151110 104549 8545
20151110 104555 8544
20151110 104556 8543
20151110 104557 8543
20151110 104559 8542
20151110 104601 8542
20151110 104602 8542
20151110 104609 8539
20151110 104610 8538
20151110 104611 8537
20151110 104612 8537
20151110 104613 8539
20151110 104615 8537
20151110 104616 8537
20151110 104618 8535
20151110 104619 8533
20151110 104620 8535
20151110 104623 8533
20151110 104624 8534
20151110 104634 8534
20151110 104635 8535
20151110 104638 8535
20151110 104648 8539
20151110 104654 8537
20151110 104700 8538
20151110 104701 8538
20151110 104706 8537
20151110 104715 8534
20151110 104716 8534
20151110 104717 8534
20151110 104718 8531
20151110 104725 8533
20151110 104727 8531
20151110 104729 8530
20151110 104731 8540
20151110 104738 8527
20151110 104739 8528
20151110 104746 8531
20151110 104749 8533
20151110 104751 8532
20151110 104752 8533
20151110 104753 8533
20151110 104759 8534
20151110 104807 8534
20151110 104813 8533
20151110 104814 8534
20151110 104815 8533
20151110 104817 8533
20151110 104823 8537
20151110 104830 8536
20151110 104832 8536
20151110 104833 8537
20151110 104843 8536
20151110 104846 8537
20151110 104856 8539
20151110 104857 8539
20151110 104901 8538
20151110 104923 8538
20151110 104925 8539
20151110 104933 8539
20151110 104939 8548
20151110 104940 8543
20151110 104945 8543
20151110 105000 8540
20151110 105002 8543
20151110 105006 8546
20151110 105010 8549
20151110 105021 8559
20151110 105027 8550
20151110 105041 8547
20151110 105042 8547
20151110 105100 8549
20151110 105102 8549
20151110 105108 8549
20151110 105126 8550
20151110 105136 8549
20151110 105140 8548
20151110 105159 8549
20151110 105211 8549
20151110 105239 8553
20151110 105240 8554
20151110 105241 8553
20151110 105245 8551
20151110 105246 8550
20151110 105301 8550
20151110 105305 8549
20151110 105319 8549
20151110 105326 8548
20151110 105333 8547
20151110 105337 8548
20151110 105415 8549
20151110 105424 8549
20151110 105450 8551
20151110 105501 8547
20151110 105531 8545
20151110 105533 8546
20151110 105552 8545
20151110 105624 8545
20151110 105654 8548
20151110 105702 8544
20151110 105713 8545
20151110 105720 8543
20151110 105728 8545
20151110 105804 8545
20151110 105819 8543
20151110 105826 8544
20151110 105829 8543
20151110 105914 8543
20151110 105915 8542
20151110 105931 8544
20151110 105932 8544
20151110 105935 8545
20151110 105939 8546
20151110 105944 8548
20151110 105945 8548
20151110 105959 8546
20151110 110006 8545
20151110 110009 8546
20151110 110024 8549
20151110 110025 8549
20151110 110028 8551
20151110 110036 8549
20151110 110043 8547
20151110 110047 8548
20151110 110157 8548
20151110 110253 8548
20151110 110331 8545
20151110 110351 8543
20151110 110353 8541
20151110 110354 8540
20151110 110355 8540
20151110 110451 8541
20151110 110454 8538
20151110 110455 8537
20151110 110459 8537
20151110 110652 8547
20151110 110735 8546
20151110 110743 8546
20151110 110814 8548
20151110 110820 8546
20151110 110821 8546
20151110 110824 8546
20151110 110827 8546
20151110 110837 8546
20151110 110840 8557
20151110 110843 8549
20151110 110850 8550
20151110 110859 8551
20151110 110949 8557
20151110 111024 8557
20151110 111058 8547
20151110 111124 8548
20151110 111213 8549
20151110 111214 8549
20151110 111215 8549
20151110 111216 8549
20151110 111217 8549
20151110 111251 8550
20151110 111310 8550
20151110 111319 8551
20151110 111322 8562
20151110 111330 8564
20151110 111338 8550
20151110 111342 8552
20151110 111343 8554
20151110 111357 8554
20151110 111421 8553
20151110 111425 8553
20151110 111446 8557
20151110 111456 8558
20151110 111623 8558
20151110 111625 8559
20151110 111626 8559
20151110 111629 8559
20151110 111630 8559
20151110 111631 8559
20151110 111637 8559
20151110 111651 8561
20151110 111652 8563
20151110 111722 8569
20151110 111820 8560
20151110 111831 8556
20151110 111944 8561
20151110 112001 8554
20151110 112024 8560
20151110 112100 8563
20151110 112101 8564
20151110 112131 8563
20151110 112138 8565
20151110 112157 8561
20151110 112212 8563
20151110 112220 8564
20151110 112221 8564
20151110 112222 8565
20151110 112226 8565
20151110 112227 8565
20151110 112353 8565
20151110 112412 8568
20151110 112522 8563
20151110 112525 8565
20151110 112531 8552
20151110 112709 8572
20151110 112719 8564
20151110 112844 8565
20151110 112851 8567
20151110 112856 8567
20151110 112859 8568
20151110 112900 8569
20151110 112901 8570
20151110 112923 8567
20151110 113015 8573
20151110 113027 8579
20151110 113106 8569
20151110 113127 8571
20151110 113129 8571
20151110 113131 8570
20151110 113133 8572
20151110 113139 8573
20151110 113140 8574
20151110 113154 8572
20151110 113159 8573
20151110 113207 8572
20151110 113215 8572
20151110 113224 8572
20151110 113237 8569
20151110 113312 8569
20151110 113357 8567
20151110 113358 8567
20151110 113403 8567
20151110 113422 8567
20151110 113529 8563
20151110 113540 8563
20151110 113552 8561
20151110 113554 8561
20151110 113610 8563
20151110 113613 8564
20151110 113620 8562
20151110 113645 8559
20151110 113718 8561
20151110 113724 8560
20151110 113749 8561
20151110 113822 8563
20151110 113858 8559
20151110 113948 8558
20151110 114012 8559
20151110 114051 8559
20151110 114133 8560
20151110 114213 8563
20151110 114320 8558
20151110 114458 8558
20151110 114502 8557
20151110 114504 8557
20151110 114618 8555
20151110 114624 8553
20151110 114634 8554
20151110 114654 8555
20151110 114700 8554
20151110 114741 8553
20151110 114742 8552
20151110 114744 8551
20151110 114751 8553
20151110 114811 8552
20151110 114821 8551
20151110 114904 8552
20151110 114929 8554
20151110 115013 8552
20151110 115048 8553
20151110 115049 8553
20151110 115215 8550
20151110 115220 8548
20151110 115222 8549
20151110 115301 8552
20151110 115317 8551
20151110 115356 8563
20151110 115507 8551
20151110 115513 8552
20151110 115529 8551
20151110 115531 8550
20151110 115624 8550
20151110 115648 8549
20151110 115701 8548
20151110 115702 8546
20151110 115704 8546
20151110 115737 8544
20151110 115740 8544
20151110 115803 8544
20151110 115806 8543
20151110 115807 8542
20151110 115825 8544
20151110 115833 8545
20151110 115835 8544
20151110 115915 8550
20151110 120011 8548
20151110 120100 8548
20151110 120130 8550
20151110 120134 8548
20151110 120216 8544
20151110 120222 8544
20151110 120226 8544
20151110 120704 8551
20151110 120807 8548
20151110 120942 8550
20151110 120943 8559
20151110 120954 8563
20151110 120956 8551
20151110 121023 8551
20151110 121137 8551
20151110 121409 8551
20151110 121601 8553
20151110 121610 8552
20151110 121707 8553
20151110 121728 8554
20151110 121732 8554
20151110 121735 8554
20151110 121737 8554
20151110 121751 8555
20151110 121844 8550
20151110 121848 8550
20151110 121858 8550
20151110 121918 8550
20151110 122202 8550
20151110 122223 8551
20151110 122237 8551
20151110 122355 8551
20151110 122430 8554
20151110 122543 8551
20151110 122545 8551
20151110 122611 8551
20151110 122616 8558
20151110 122639 8550
20151110 122654 8549
20151110 122723 8548
20151110 122727 8548
20151110 122851 8548
20151110 122852 8547
20151110 122903 8546
20151110 123003 8546
20151110 123014 8545
20151110 123015 8544
20151110 123016 8543
20151110 123019 8546
20151110 123032 8543
20151110 123041 8542
20151110 123103 8545
20151110 123122 8544
20151110 123143 8543
20151110 123221 8541
20151110 123224 8553
20151110 123225 8553
20151110 123247 8548
20151110 123304 8542
20151110 123331 8551
20151110 123915 8545
20151110 124002 8544
20151110 124009 8543
20151110 124010 8543
20151110 124011 8543
20151110 124023 8543
20151110 124043 8542
20151110 124048 8542
20151110 124200 8547
20151110 124228 8546
20151110 124314 8555
20151110 124446 8548
20151110 124503 8544
20151110 124537 8551
20151110 124539 8552
20151110 124541 8553
20151110 124543 8553
20151110 124625 8554
20151110 124651 8552
20151110 125110 8550
20151110 125121 8549
20151110 125355 8549
20151110 125420 8549
20151110 125458 8547
20151110 125504 8546
20151110 125506 8547
20151110 125508 8546
20151110 125510 8546
20151110 125516 8545
20151110 125553 8558
20151110 125616 8550
20151110 125801 8549
20151110 125908 8548
20151110 125924 8546
20151110 130118 8548
20151110 130131 8547
20151110 130146 8549
20151110 130217 8545
20151110 130219 8544
20151110 130221 8546
20151110 130223 8544
20151110 130224 8543
20151110 130225 8543
20151110 130226 8541
20151110 130243 8544
20151110 130252 8541
20151110 130259 8540
20151110 130305 8541
20151110 130336 8542
20151110 130407 8544
20151110 130510 8543
20151110 130517 8541
20151110 130539 8539
20151110 130540 8539
20151110 130553 8537
20151110 130554 8537
20151110 130556 8537
20151110 130601 8535
20151110 130602 8534
20151110 130633 8533
20151110 130643 8531
20151110 130644 8531
20151110 130645 8530
20151110 130651 8532
20151110 130709 8531
20151110 130710 8532
20151110 130711 8532
20151110 130806 8534
20151110 130922 8532
20151110 130924 8533
20151110 130935 8530
20151110 131022 8528
20151110 131025 8528
20151110 131124 8531
20151110 131132 8531
20151110 131137 8531
20151110 131159 8533
20151110 131201 8533
20151110 131246 8531
20151110 131250 8531
20151110 131301 8531
20151110 131307 8531
20151110 131308 8529
20151110 131340 8531
20151110 131407 8530
20151110 131430 8530
20151110 131435 8530
20151110 131443 8531
20151110 131449 8531
20151110 131451 8532
20151110 131533 8531
20151110 131538 8531
20151110 131545 8531
20151110 131547 8532
20151110 131548 8533
20151110 131552 8535
20151110 131556 8536
20151110 131615 8537
20151110 131616 8537
20151110 131638 8537
20151110 131642 8538
20151110 131643 8536
20151110 131651 8538
20151110 131751 8539
20151110 131801 8539
20151110 131819 8543
20151110 131825 8540
20151110 131954 8540
20151110 132003 8541
20151110 132053 8539
20151110 132135 8538
20151110 132138 8539
20151110 132206 8536
20151110 132208 8536
20151110 132213 8536
20151110 132217 8536
20151110 132229 8534
20151110 132231 8533
20151110 132232 8533
20151110 132233 8531
20151110 132249 8530
20151110 132447 8533
20151110 132519 8533
20151110 132545 8534
20151110 132611 8535
20151110 132621 8535
20151110 132807 8534
20151110 132856 8544
20151110 133005 8533
20151110 133010 8532
20151110 133014 8531
20151110 133019 8530
20151110 133027 8530
20151110 133030 8529
20151110 133052 8535
20151110 133117 8530
20151110 133132 8533
20151110 133135 8534
20151110 133136 8534
20151110 133344 8530
20151110 133405 8539
20151110 133417 8532
20151110 133422 8532
20151110 133432 8533
20151110 133434 8533
20151110 133441 8533
20151110 133501 8533
20151110 133511 8531
20151110 133512 8532
20151110 133556 8541
20151110 133558 8540
20151110 133616 8544
20151110 133627 8534
20151110 133718 8529
20151110 133734 8530
20151110 133818 8530
20151110 133826 8530
20151110 133831 8530
20151110 133833 8530
20151110 133901 8532
20151110 133902 8532
20151110 133922 8531
20151110 133923 8532
20151110 133929 8532
20151110 133941 8533
20151110 133942 8533
20151110 133943 8533
20151110 133953 8532
20151110 133957 8542
20151110 133958 8520
20151110 133959 8532
20151110 134002 8533
20151110 134008 8534
20151110 134009 8534
20151110 134012 8535
20151110 134015 8548
20151110 134018 8534
20151110 134023 8534
20151110 134102 8532
20151110 134103 8533
20151110 134107 8520
20151110 134127 8533
20151110 134133 8534
20151110 134134 8533
20151110 134157 8533
20151110 134200 8534
20151110 134241 8533
20151110 134307 8533
20151110 134417 8536
20151110 134453 8521
