20151118 084500 8437
20151118 084500 8438
20151118 084500 8439
20151118 084500 8439
20151118 084500 8439
20151118 084500 8439
20151118 084500 8439
20151118 084500 8439
20151118 084500 8439
20151118 084500 8440
20151118 084500 8440
20151118 084500 8440
20151118 084500 8441
20151118 084500 8441
20151118 084500 8441
20151118 084500 8441
20151118 084500 8441
20151118 084500 8441
20151118 084500 8442
20151118 084500 8442
20151118 084500 8443
20151118 084500 8443
20151118 084500 8443
20151118 084500 8443
20151118 084500 8444
20151118 084500 8445
20151118 084500 8445
20151118 084500 8445
20151118 084500 8445
20151118 084500 8445
20151118 084500 8445
20151118 084500 8445
20151118 084501 8441
20151118 084501 8441
20151118 084501 8441
20151118 084501 8441
20151118 084501 8442
20151118 084501 8442
20151118 084501 8442
20151118 084501 8442
20151118 084501 8443
20151118 084501 8443
20151118 084501 8445
20151118 084503 8441
20151118 084503 8442
20151118 084506 8445
20151118 084509 8444
20151118 084513 8443
20151118 084513 8443
20151118 084514 8443
20151118 084529 8441
20151118 084536 8444
20151118 084540 8438
20151118 084540 8438
20151118 084549 8442
20151118 084550 8442
20151118 084550 8443
20151118 084553 8440
20151118 084553 8440
20151118 084553 8440
20151118 084553 8440
20151118 084553 8440
20151118 084553 8440
20151118 084553 8440
20151118 084556 8435
20151118 084601 8434
20151118 084606 8433
20151118 084607 8432
20151118 084613 8432
20151118 084613 8432
20151118 084619 8431
20151118 084620 8431
20151118 084622 8431
20151118 084622 8432
20151118 084627 8430
20151118 084627 8430
20151118 084627 8430
20151118 084627 8431
20151118 084628 8400
20151118 084628 8426
20151118 084628 8429
20151118 084642 8430
20151118 084642 8430
20151118 084642 8430
20151118 084643 8426
20151118 084645 8426
20151118 084645 8426
20151118 084705 8433
20151118 084705 8433
20151118 084705 8433
20151118 084708 8433
20151118 084722 8428
20151118 084738 8433
20151118 084742 8403
20151118 084742 8429
20151118 084743 8433
20151118 084743 8433
20151118 084744 8433
20151118 084749 8434
20151118 084750 8434
20151118 084750 8434
20151118 084750 8435
20151118 084750 8435
20151118 084751 8434
20151118 084801 8433
20151118 084901 8409
20151118 084901 8436
20151118 084902 8407
20151118 084902 8433
20151118 084903 8437
20151118 084903 8437
20151118 084903 8437
20151118 084906 8436
20151118 084906 8436
20151118 084909 8436
20151118 084910 8436
20151118 084910 8436
20151118 084922 8434
20151118 084925 8408
20151118 084925 8435
20151118 084932 8435
20151118 084942 8433
20151118 084945 8405
20151118 084945 8432
20151118 084949 8433
20151118 084956 8432
20151118 085000 8431
20151118 085002 8427
20151118 085002 8427
20151118 085009 8429
20151118 085009 8432
20151118 085009 8432
20151118 085009 8432
20151118 085010 8431
20151118 085016 8436
20151118 085016 8436
20151118 085016 8436
20151118 085016 8436
20151118 085016 8436
20151118 085016 8437
20151118 085021 8434
20151118 085021 8434
20151118 085021 8434
20151118 085026 8409
20151118 085026 8435
20151118 085124 8432
20151118 085124 8432
20151118 085125 8433
20151118 085131 8405
20151118 085136 8427
20151118 085136 8432
20151118 085136 8432
20151118 085205 8428
20151118 085214 8434
20151118 085326 8435
20151118 085326 8435
20151118 085328 8435
20151118 085330 8435
20151118 085331 8435
20151118 085334 8435
20151118 085338 8435
20151118 085401 8434
20151118 085403 8436
20151118 085403 8436
20151118 085404 8436
20151118 085412 8437
20151118 085420 8437
20151118 085421 8437
20151118 085428 8439
20151118 085438 8435
20151118 085512 8437
20151118 085524 8434
20151118 085524 8438
20151118 085524 8438
20151118 085524 8438
20151118 085526 8439
20151118 085537 8434
20151118 085601 8438
20151118 085636 8436
20151118 085636 8436
20151118 085637 8436
20151118 085703 8437
20151118 085735 8436
20151118 085735 8436
20151118 085835 8439
20151118 085839 8439
20151118 085841 8440
20151118 085841 8440
20151118 085844 8440
20151118 085844 8440
20151118 085844 8440
20151118 085845 8440
20151118 085847 8441
20151118 085848 8441
20151118 085848 8441
20151118 085852 8442
20151118 085852 8442
20151118 085853 8442
20151118 085855 8442
20151118 085859 8441
20151118 085906 8441
20151118 085907 8441
20151118 085913 8437
20151118 085913 8437
20151118 085916 8441
20151118 085918 8441
20151118 085923 8441
20151118 085942 8411
20151118 085946 8442
20151118 085949 8441
20151118 085949 8441
20151118 085950 8442
20151118 085950 8442
20151118 085952 8442
20151118 085952 8442
20151118 090000 8442
20151118 090000 8442
20151118 090000 8442
20151118 090000 8442
20151118 090000 8442
20151118 090001 8442
20151118 090003 8435
20151118 090004 8439
20151118 090004 8439
20151118 090004 8439
20151118 090004 8439
20151118 090004 8439
20151118 090004 8439
20151118 090004 8439
20151118 090004 8439
20151118 090004 8440
20151118 090006 8437
20151118 090007 8437
20151118 090017 8439
20151118 090017 8440
20151118 090017 8440
20151118 090020 8442
20151118 090020 8442
20151118 090020 8442
20151118 090021 8443
20151118 090021 8443
20151118 090021 8443
20151118 090021 8443
20151118 090021 8443
20151118 090021 8443
20151118 090021 8443
20151118 090021 8443
20151118 090021 8443
20151118 090021 8443
20151118 090021 8443
20151118 090022 8444
20151118 090022 8444
20151118 090025 8441
20151118 090025 8441
20151118 090025 8441
20151118 090025 8442
20151118 090025 8442
20151118 090025 8442
20151118 090025 8442
20151118 090025 8442
20151118 090025 8442
20151118 090025 8442
20151118 090025 8442
20151118 090026 8442
20151118 090026 8444
20151118 090031 8442
20151118 090032 8446
20151118 090033 8446
20151118 090033 8446
20151118 090040 8447
20151118 090040 8447
20151118 090041 8448
20151118 090041 8449
20151118 090042 8449
20151118 090042 8449
20151118 090042 8449
20151118 090044 8448
20151118 090046 8449
20151118 090047 8446
20151118 090047 8446
20151118 090049 8443
20151118 090050 8444
20151118 090050 8444
20151118 090051 8443
20151118 090051 8443
20151118 090051 8443
20151118 090051 8444
20151118 090052 8443
20151118 090052 8443
20151118 090052 8443
20151118 090053 8437
20151118 090054 8442
20151118 090055 8437
20151118 090057 8442
20151118 090058 8440
20151118 090058 8440
20151118 090100 8440
20151118 090100 8440
20151118 090100 8440
20151118 090101 8439
20151118 090101 8441
20151118 090102 8440
20151118 090107 8433
20151118 090107 8441
20151118 090107 8441
20151118 090110 8441
20151118 090110 8441
20151118 090111 8442
20151118 090113 8440
20151118 090113 8440
20151118 090113 8440
20151118 090113 8441
20151118 090114 8440
20151118 090132 8437
20151118 090150 8443
20151118 090157 8445
20151118 090158 8443
20151118 090158 8443
20151118 090158 8443
20151118 090158 8444
20151118 090158 8444
20151118 090158 8444
20151118 090202 8445
20151118 090203 8445
20151118 090205 8446
20151118 090211 8448
20151118 090215 8445
20151118 090217 8444
20151118 090220 8444
20151118 090222 8445
20151118 090223 8443
20151118 090224 8435
20151118 090224 8443
20151118 090224 8444
20151118 090224 8444
20151118 090224 8444
20151118 090227 8436
20151118 090228 8436
20151118 090233 8436
20151118 090236 8434
20151118 090236 8434
20151118 090236 8441
20151118 090236 8442
20151118 090236 8442
20151118 090236 8442
20151118 090236 8442
20151118 090236 8442
20151118 090237 8442
20151118 090238 8442
20151118 090247 8442
20151118 090247 8442
20151118 090252 8443
20151118 090252 8443
20151118 090253 8442
20151118 090254 8442
20151118 090259 8442
20151118 090300 8443
20151118 090301 8443
20151118 090302 8442
20151118 090304 8443
20151118 090305 8443
20151118 090305 8443
20151118 090305 8443
20151118 090308 8434
20151118 090308 8442
20151118 090309 8440
20151118 090309 8440
20151118 090310 8440
20151118 090310 8440
20151118 090310 8440
20151118 090310 8440
20151118 090310 8440
20151118 090310 8440
20151118 090311 8431
20151118 090311 8431
20151118 090311 8432
20151118 090311 8437
20151118 090312 8438
20151118 090332 8437
20151118 090332 8437
20151118 090332 8437
20151118 090332 8437
20151118 090332 8437
20151118 090341 8437
20151118 090356 8430
20151118 090413 8435
20151118 090413 8435
20151118 090416 8427
20151118 090416 8427
20151118 090418 8432
20151118 090418 8432
20151118 090418 8434
20151118 090419 8422
20151118 090419 8422
20151118 090419 8423
20151118 090421 8427
20151118 090421 8427
20151118 090421 8427
20151118 090421 8427
20151118 090421 8427
20151118 090421 8427
20151118 090421 8428
20151118 090421 8428
20151118 090421 8428
20151118 090421 8428
20151118 090421 8428
20151118 090421 8428
20151118 090421 8428
20151118 090421 8428
20151118 090421 8428
20151118 090421 8428
20151118 090421 8428
20151118 090421 8428
20151118 090421 8428
20151118 090421 8428
20151118 090422 8428
20151118 090422 8428
20151118 090422 8428
20151118 090422 8428
20151118 090434 8426
20151118 090435 8426
20151118 090435 8426
20151118 090435 8426
20151118 090435 8426
20151118 090435 8426
20151118 090435 8426
20151118 090436 8428
20151118 090436 8428
20151118 090436 8428
20151118 090441 8427
20151118 090441 8427
20151118 090501 8421
20151118 090501 8421
20151118 090501 8421
20151118 090501 8421
20151118 090501 8422
20151118 090501 8422
20151118 090501 8422
20151118 090501 8422
20151118 090501 8422
20151118 090501 8422
20151118 090501 8422
20151118 090501 8422
20151118 090501 8422
20151118 090501 8422
20151118 090501 8422
20151118 090501 8422
20151118 090501 8422
20151118 090501 8423
20151118 090501 8423
20151118 090501 8425
20151118 090502 8422
20151118 090502 8423
20151118 090502 8423
20151118 090502 8423
20151118 090502 8423
20151118 090502 8423
20151118 090502 8424
20151118 090502 8424
20151118 090502 8424
20151118 090502 8424
20151118 090502 8424
20151118 090502 8424
20151118 090502 8424
20151118 090502 8424
20151118 090502 8424
20151118 090502 8424
20151118 090502 8424
20151118 090502 8424
20151118 090502 8424
20151118 090502 8424
20151118 090503 8425
20151118 090507 8427
20151118 090517 8430
20151118 090520 8428
20151118 090520 8428
20151118 090528 8419
20151118 090533 8394
20151118 090543 8422
20151118 090547 8392
20151118 090547 8414
20151118 090551 8422
20151118 090551 8422
20151118 090551 8422
20151118 090559 8422
20151118 090559 8422
20151118 090559 8422
20151118 090559 8422
20151118 090559 8422
20151118 090559 8422
20151118 090559 8422
20151118 090600 8422
20151118 090600 8422
20151118 090601 8412
20151118 090601 8421
20151118 090602 8416
20151118 090602 8417
20151118 090602 8417
20151118 090602 8417
20151118 090602 8417
20151118 090602 8417
20151118 090602 8417
20151118 090602 8418
20151118 090603 8416
20151118 090603 8416
20151118 090603 8416
20151118 090603 8416
20151118 090603 8416
20151118 090603 8418
20151118 090604 8416
20151118 090604 8416
20151118 090604 8416
20151118 090604 8416
20151118 090604 8416
20151118 090604 8416
20151118 090604 8416
20151118 090604 8416
20151118 090604 8416
20151118 090604 8416
20151118 090604 8416
20151118 090605 8416
20151118 090605 8417
20151118 090605 8418
20151118 090606 8416
20151118 090606 8416
20151118 090606 8416
20151118 090606 8416
20151118 090607 8416
20151118 090608 8418
20151118 090610 8418
20151118 090610 8418
20151118 090611 8419
20151118 090611 8419
20151118 090611 8419
20151118 090611 8419
20151118 090611 8419
20151118 090614 8420
20151118 090614 8420
20151118 090614 8420
20151118 090614 8420
20151118 090615 8420
20151118 090617 8422
20151118 090618 8422
20151118 090618 8422
20151118 090618 8422
20151118 090618 8422
20151118 090618 8422
20151118 090618 8422
20151118 090618 8422
20151118 090618 8422
20151118 090618 8422
20151118 090618 8422
20151118 090618 8422
20151118 090618 8422
20151118 090618 8422
20151118 090618 8422
20151118 090618 8422
20151118 090618 8422
20151118 090618 8423
20151118 090618 8423
20151118 090618 8423
20151118 090618 8423
20151118 090618 8423
20151118 090618 8423
20151118 090618 8423
20151118 090618 8423
20151118 090618 8423
20151118 090618 8423
20151118 090618 8423
20151118 090618 8423
20151118 090618 8423
20151118 090618 8423
20151118 090618 8423
20151118 090618 8423
20151118 090618 8423
20151118 090618 8423
20151118 090618 8423
20151118 090618 8423
20151118 090618 8424
20151118 090618 8424
20151118 090618 8424
20151118 090619 8422
20151118 090633 8423
20151118 090638 8423
20151118 090642 8423
20151118 090643 8423
20151118 090648 8424
20151118 090650 8416
20151118 090652 8422
20151118 090652 8422
20151118 090652 8422
20151118 090652 8422
20151118 090652 8422
20151118 090652 8422
20151118 090652 8422
20151118 090652 8422
20151118 090652 8422
20151118 090652 8422
20151118 090652 8422
20151118 090652 8422
20151118 090652 8423
20151118 090652 8423
20151118 090652 8423
20151118 090652 8423
20151118 090652 8423
20151118 090652 8423
20151118 090652 8423
20151118 090652 8423
20151118 090652 8423
20151118 090700 8390
20151118 090701 8420
20151118 090701 8420
20151118 090701 8420
20151118 090701 8420
20151118 090701 8420
20151118 090701 8420
20151118 090701 8420
20151118 090701 8420
20151118 090701 8420
20151118 090701 8420
20151118 090701 8420
20151118 090701 8420
20151118 090701 8421
20151118 090702 8421
20151118 090702 8421
20151118 090708 8418
20151118 090708 8418
20151118 090712 8419
20151118 090712 8419
20151118 090725 8416
20151118 090725 8422
20151118 090725 8422
20151118 090741 8424
20151118 090742 8425
20151118 090742 8425
20151118 090801 8416
20151118 090818 8425
20151118 090818 8425
20151118 090818 8425
20151118 090818 8425
20151118 090818 8425
20151118 090818 8425
20151118 090829 8425
20151118 090829 8425
20151118 090829 8425
20151118 090829 8425
20151118 090829 8425
20151118 090830 8425
20151118 090832 8427
20151118 090909 8428
20151118 090913 8432
20151118 090914 8432
20151118 090914 8432
20151118 090915 8433
20151118 090916 8426
20151118 090916 8426
20151118 090916 8426
20151118 090917 8436
20151118 090917 8436
20151118 090918 8436
20151118 090918 8436
20151118 090920 8436
20151118 090922 8435
20151118 090922 8435
20151118 090922 8435
20151118 090922 8435
20151118 090922 8435
20151118 090922 8435
20151118 090922 8435
20151118 090922 8435
20151118 090922 8435
20151118 090927 8428
20151118 090927 8428
20151118 090937 8431
20151118 090937 8431
20151118 090937 8431
20151118 090937 8432
20151118 090937 8432
20151118 090937 8432
20151118 090938 8431
20151118 090938 8432
20151118 090941 8431
20151118 090941 8431
20151118 091001 8425
20151118 091026 8425
20151118 091057 8426
20151118 091203 8421
20151118 091214 8424
20151118 091228 8434
20151118 091228 8434
20151118 091230 8434
20151118 091230 8434
20151118 091230 8434
20151118 091230 8434
20151118 091230 8434
20151118 091241 8434
20151118 091241 8434
20151118 091241 8434
20151118 091245 8433
20151118 091245 8433
20151118 091245 8433
20151118 091245 8433
20151118 091252 8434
20151118 091256 8433
20151118 091316 8433
20151118 091316 8433
20151118 091317 8433
20151118 091317 8433
20151118 091317 8433
20151118 091317 8433
20151118 091318 8433
20151118 091320 8432
20151118 091320 8432
20151118 091320 8432
20151118 091320 8432
20151118 091320 8432
20151118 091320 8432
20151118 091320 8432
20151118 091321 8431
20151118 091321 8431
20151118 091321 8431
20151118 091321 8431
20151118 091321 8431
20151118 091321 8431
20151118 091321 8431
20151118 091321 8431
20151118 091321 8431
20151118 091322 8430
20151118 091322 8430
20151118 091322 8430
20151118 091322 8430
20151118 091328 8429
20151118 091341 8430
20151118 091341 8430
20151118 091343 8430
20151118 091344 8430
20151118 091414 8425
20151118 091414 8426
20151118 091414 8426
20151118 091416 8425
20151118 091419 8425
20151118 091419 8425
20151118 091420 8426
20151118 091426 8427
20151118 091426 8427
20151118 091450 8416
20151118 091451 8416
20151118 091507 8429
20151118 091517 8428
20151118 091517 8428
20151118 091517 8428
20151118 091517 8428
20151118 091517 8428
20151118 091517 8428
20151118 091517 8429
20151118 091517 8429
20151118 091517 8430
20151118 091517 8430
20151118 091517 8430
20151118 091517 8430
20151118 091517 8430
20151118 091517 8430
20151118 091517 8430
20151118 091517 8430
20151118 091517 8430
20151118 091517 8430
20151118 091517 8430
20151118 091528 8433
20151118 091539 8430
20151118 091539 8431
20151118 091539 8431
20151118 091539 8431
20151118 091539 8431
20151118 091539 8431
20151118 091539 8432
20151118 091539 8432
20151118 091539 8432
20151118 091539 8432
20151118 091539 8433
20151118 091539 8433
20151118 091539 8433
20151118 091539 8433
20151118 091539 8433
20151118 091539 8433
20151118 091539 8433
20151118 091539 8433
20151118 091539 8433
20151118 091539 8434
20151118 091539 8434
20151118 091540 8431
20151118 091540 8432
20151118 091540 8432
20151118 091557 8431
20151118 091558 8431
20151118 091558 8431
20151118 091600 8433
20151118 091600 8433
20151118 091600 8433
20151118 091600 8433
20151118 091600 8433
20151118 091600 8433
20151118 091600 8433
20151118 091600 8433
20151118 091600 8433
20151118 091600 8433
20151118 091600 8433
20151118 091600 8433
20151118 091600 8433
20151118 091600 8433
20151118 091600 8434
20151118 091600 8434
20151118 091600 8434
20151118 091600 8434
20151118 091600 8434
20151118 091600 8434
20151118 091600 8434
20151118 091600 8434
20151118 091600 8434
20151118 091600 8434
20151118 091600 8434
20151118 091601 8434
20151118 091602 8433
20151118 091602 8433
20151118 091602 8434
20151118 091602 8434
20151118 091602 8434
20151118 091603 8432
20151118 091603 8432
20151118 091603 8432
20151118 091603 8433
20151118 091604 8431
20151118 091604 8431
20151118 091604 8431
20151118 091604 8431
20151118 091605 8428
20151118 091605 8428
20151118 091605 8428
20151118 091605 8428
20151118 091605 8428
20151118 091605 8428
20151118 091605 8429
20151118 091605 8429
20151118 091605 8429
20151118 091605 8429
20151118 091605 8430
20151118 091607 8428
20151118 091610 8426
20151118 091610 8427
20151118 091611 8426
20151118 091611 8426
20151118 091612 8426
20151118 091612 8426
20151118 091612 8426
20151118 091612 8426
20151118 091612 8426
20151118 091615 8425
20151118 091616 8414
20151118 091616 8422
20151118 091616 8422
20151118 091616 8423
20151118 091616 8423
20151118 091616 8424
20151118 091616 8424
20151118 091616 8424
20151118 091616 8424
20151118 091616 8424
20151118 091617 8412
20151118 091617 8412
20151118 091617 8421
20151118 091617 8421
20151118 091617 8421
20151118 091617 8421
20151118 091617 8421
20151118 091617 8421
20151118 091617 8421
20151118 091617 8422
20151118 091617 8422
20151118 091617 8422
20151118 091617 8422
20151118 091617 8422
20151118 091617 8422
20151118 091617 8422
20151118 091617 8422
20151118 091617 8422
20151118 091617 8422
20151118 091617 8423
20151118 091617 8423
20151118 091617 8423
20151118 091617 8423
20151118 091617 8423
20151118 091617 8423
20151118 091618 8412
20151118 091618 8420
20151118 091618 8420
20151118 091618 8420
20151118 091618 8420
20151118 091618 8420
20151118 091618 8420
20151118 091618 8420
20151118 091619 8420
20151118 091619 8420
20151118 091619 8421
20151118 091620 8422
20151118 091620 8422
20151118 091620 8422
20151118 091620 8422
20151118 091620 8422
20151118 091626 8425
20151118 091627 8420
20151118 091627 8426
20151118 091627 8426
20151118 091627 8426
20151118 091627 8426
20151118 091627 8426
20151118 091627 8427
20151118 091627 8427
20151118 091627 8427
20151118 091627 8427
20151118 091627 8427
20151118 091627 8427
20151118 091627 8427
20151118 091632 8430
20151118 091632 8430
20151118 091632 8430
20151118 091632 8430
20151118 091632 8430
20151118 091632 8430
20151118 091634 8435
20151118 091635 8435
20151118 091635 8435
20151118 091635 8435
20151118 091635 8436
20151118 091635 8436
20151118 091635 8436
20151118 091636 8436
20151118 091637 8435
20151118 091637 8435
20151118 091637 8435
20151118 091637 8435
20151118 091637 8435
20151118 091637 8435
20151118 091638 8435
20151118 091638 8435
20151118 091638 8435
20151118 091638 8435
20151118 091639 8435
20151118 091639 8436
20151118 091640 8436
20151118 091644 8433
20151118 091651 8433
20151118 091651 8433
20151118 091651 8433
20151118 091652 8432
20151118 091707 8421
20151118 091719 8433
20151118 091719 8433
20151118 091719 8433
20151118 091720 8433
20151118 091720 8433
20151118 091722 8432
20151118 091722 8432
20151118 091723 8432
20151118 091723 8432
20151118 091741 8430
20151118 091741 8430
20151118 091741 8430
20151118 091741 8430
20151118 091745 8430
20151118 091745 8430
20151118 091804 8421
20151118 091844 8419
20151118 091858 8426
20151118 091858 8426
20151118 091858 8426
20151118 091902 8426
20151118 091958 8420
20151118 092022 8432
20151118 092023 8432
20151118 092053 8431
20151118 092116 8423
20151118 092118 8431
20151118 092122 8431
20151118 092126 8432
20151118 092141 8433
20151118 092200 8439
20151118 092206 8438
20151118 092206 8438
20151118 092209 8437
20151118 092209 8437
20151118 092209 8437
20151118 092218 8437
20151118 092218 8437
20151118 092218 8437
20151118 092224 8440
20151118 092225 8440
20151118 092226 8440
20151118 092226 8440
20151118 092226 8440
20151118 092227 8439
20151118 092227 8440
20151118 092227 8441
20151118 092227 8441
20151118 092232 8440
20151118 092232 8440
20151118 092232 8441
20151118 092252 8440
20151118 092257 8439
20151118 092257 8439
20151118 092257 8439
20151118 092257 8439
20151118 092257 8439
20151118 092257 8439
20151118 092257 8439
20151118 092257 8440
20151118 092257 8440
20151118 092258 8439
20151118 092258 8439
20151118 092259 8439
20151118 092332 8441
20151118 092337 8442
20151118 092337 8442
20151118 092337 8442
20151118 092339 8440
20151118 092339 8440
20151118 092339 8440
20151118 092343 8440
20151118 092400 8439
20151118 092444 8438
20151118 092444 8438
20151118 092444 8438
20151118 092444 8438
20151118 092445 8438
20151118 092445 8438
20151118 092446 8439
20151118 092447 8438
20151118 092454 8438
20151118 092458 8438
20151118 092458 8438
20151118 092458 8438
20151118 092459 8438
20151118 092503 8437
20151118 092503 8437
20151118 092503 8437
20151118 092504 8427
20151118 092513 8434
20151118 092513 8435
20151118 092513 8435
20151118 092514 8434
20151118 092514 8434
20151118 092514 8434
20151118 092515 8434
20151118 092515 8435
20151118 092517 8434
20151118 092517 8434
20151118 092519 8435
20151118 092520 8435
20151118 092524 8435
20151118 092524 8435
20151118 092524 8435
20151118 092524 8435
20151118 092524 8435
20151118 092524 8435
20151118 092524 8435
20151118 092524 8435
20151118 092524 8435
20151118 092524 8435
20151118 092524 8435
20151118 092524 8435
20151118 092524 8436
20151118 092524 8436
20151118 092524 8436
20151118 092524 8436
20151118 092524 8436
20151118 092529 8435
20151118 092529 8435
20151118 092534 8435
20151118 092547 8423
20151118 092552 8434
20151118 092552 8434
20151118 092552 8434
20151118 092553 8434
20151118 092559 8433
20151118 092601 8423
20151118 092628 8435
20151118 092628 8435
20151118 092628 8435
20151118 092628 8435
20151118 092628 8435
20151118 092628 8435
20151118 092628 8435
20151118 092628 8435
20151118 092634 8433
20151118 092711 8434
20151118 092711 8434
20151118 092721 8434
20151118 092726 8435
20151118 092759 8435
20151118 092759 8435
20151118 092930 8430
20151118 092953 8429
20151118 093002 8437
20151118 093002 8437
20151118 093002 8437
20151118 093002 8437
20151118 093002 8438
20151118 093003 8437
20151118 093024 8422
20151118 093024 8426
20151118 093036 8432
20151118 093036 8432
20151118 093036 8432
20151118 093036 8432
20151118 093037 8432
20151118 093055 8433
20151118 093055 8433
20151118 093055 8433
20151118 093055 8433
20151118 093055 8433
20151118 093055 8433
20151118 093056 8433
20151118 093056 8433
20151118 093104 8423
20151118 093119 8433
20151118 093119 8433
20151118 093119 8433
20151118 093129 8428
20151118 093129 8428
20151118 093129 8428
20151118 093130 8428
20151118 093130 8428
20151118 093130 8428
20151118 093130 8428
20151118 093130 8428
20151118 093132 8428
20151118 093132 8428
20151118 093133 8428
20151118 093134 8429
20151118 093134 8429
20151118 093134 8429
20151118 093134 8429
20151118 093134 8429
20151118 093135 8429
20151118 093135 8430
20151118 093135 8430
20151118 093135 8430
20151118 093135 8430
20151118 093135 8431
20151118 093135 8431
20151118 093135 8431
20151118 093135 8431
20151118 093136 8430
20151118 093136 8430
20151118 093138 8431
20151118 093140 8429
20151118 093157 8427
20151118 093157 8427
20151118 093158 8427
20151118 093200 8426
20151118 093200 8426
20151118 093200 8427
20151118 093200 8427
20151118 093201 8426
20151118 093201 8426
20151118 093201 8426
20151118 093201 8426
20151118 093201 8426
20151118 093201 8426
20151118 093201 8426
20151118 093201 8426
20151118 093201 8426
20151118 093201 8426
20151118 093201 8426
20151118 093201 8426
20151118 093201 8427
20151118 093201 8427
20151118 093201 8427
20151118 093201 8427
20151118 093201 8427
20151118 093201 8427
20151118 093201 8427
20151118 093202 8426
20151118 093202 8426
20151118 093202 8426
20151118 093202 8426
20151118 093202 8426
20151118 093202 8426
20151118 093202 8426
20151118 093202 8426
20151118 093203 8425
20151118 093203 8425
20151118 093203 8426
20151118 093203 8426
20151118 093204 8426
20151118 093204 8426
20151118 093204 8426
20151118 093204 8426
20151118 093204 8426
20151118 093207 8426
20151118 093208 8426
20151118 093208 8426
20151118 093209 8426
20151118 093209 8426
20151118 093210 8426
20151118 093211 8426
20151118 093213 8427
20151118 093213 8427
20151118 093213 8427
20151118 093213 8427
20151118 093213 8427
20151118 093213 8428
20151118 093230 8420
20151118 093301 8426
20151118 093301 8426
20151118 093303 8426
20151118 093303 8426
20151118 093303 8426
20151118 093303 8426
20151118 093303 8426
20151118 093304 8427
20151118 093304 8427
20151118 093305 8427
20151118 093309 8427
20151118 093312 8428
20151118 093354 8426
20151118 093354 8426
20151118 093354 8426
20151118 093354 8426
20151118 093354 8426
20151118 093356 8425
20151118 093404 8392
20151118 093404 8420
20151118 093404 8425
20151118 093405 8391
20151118 093405 8414
20151118 093405 8414
20151118 093405 8414
20151118 093405 8425
20151118 093406 8421
20151118 093406 8421
20151118 093406 8421
20151118 093406 8421
20151118 093406 8421
20151118 093406 8421
20151118 093406 8421
20151118 093406 8422
20151118 093407 8387
20151118 093407 8417
20151118 093407 8420
20151118 093408 8382
20151118 093408 8409
20151118 093408 8409
20151118 093408 8409
20151118 093408 8409
20151118 093408 8409
20151118 093408 8409
20151118 093408 8409
20151118 093408 8409
20151118 093408 8409
20151118 093408 8409
20151118 093408 8409
20151118 093408 8409
20151118 093408 8409
20151118 093408 8409
20151118 093408 8410
20151118 093408 8410
20151118 093408 8410
20151118 093408 8410
20151118 093408 8410
20151118 093408 8410
20151118 093408 8410
20151118 093408 8410
20151118 093408 8410
20151118 093408 8410
20151118 093408 8410
20151118 093408 8410
20151118 093408 8410
20151118 093408 8410
20151118 093408 8410
20151118 093408 8410
20151118 093408 8410
20151118 093408 8410
20151118 093408 8410
20151118 093408 8410
20151118 093408 8410
20151118 093408 8410
20151118 093408 8410
20151118 093408 8410
20151118 093408 8410
20151118 093408 8410
20151118 093408 8410
20151118 093408 8410
20151118 093408 8410
20151118 093408 8410
20151118 093408 8411
20151118 093408 8411
20151118 093408 8411
20151118 093408 8411
20151118 093408 8411
20151118 093408 8411
20151118 093408 8411
20151118 093408 8411
20151118 093408 8411
20151118 093408 8411
20151118 093408 8411
20151118 093408 8411
20151118 093408 8411
20151118 093408 8411
20151118 093408 8411
20151118 093408 8411
20151118 093408 8411
20151118 093408 8411
20151118 093408 8411
20151118 093408 8411
20151118 093408 8411
20151118 093408 8411
20151118 093408 8411
20151118 093408 8411
20151118 093408 8411
20151118 093408 8411
20151118 093408 8411
20151118 093408 8411
20151118 093408 8411
20151118 093408 8411
20151118 093408 8411
20151118 093408 8411
20151118 093408 8411
20151118 093408 8411
20151118 093408 8411
20151118 093408 8411
20151118 093408 8411
20151118 093408 8412
20151118 093408 8412
20151118 093408 8412
20151118 093408 8412
20151118 093408 8412
20151118 093408 8412
20151118 093408 8412
20151118 093408 8412
20151118 093408 8412
20151118 093408 8412
20151118 093408 8412
20151118 093408 8412
20151118 093408 8412
20151118 093408 8412
20151118 093408 8412
20151118 093408 8412
20151118 093408 8412
20151118 093408 8412
20151118 093408 8412
20151118 093408 8412
20151118 093408 8412
20151118 093408 8412
20151118 093408 8412
20151118 093408 8412
20151118 093408 8412
20151118 093408 8412
20151118 093408 8412
20151118 093408 8412
20151118 093408 8412
20151118 093408 8412
20151118 093408 8412
20151118 093408 8413
20151118 093408 8413
20151118 093408 8413
20151118 093408 8413
20151118 093408 8413
20151118 093408 8413
20151118 093408 8413
20151118 093408 8413
20151118 093408 8413
20151118 093408 8413
20151118 093408 8413
20151118 093408 8413
20151118 093408 8413
20151118 093408 8413
20151118 093408 8413
20151118 093408 8413
20151118 093408 8413
20151118 093408 8413
20151118 093408 8413
20151118 093408 8413
20151118 093408 8413
20151118 093408 8413
20151118 093408 8413
20151118 093408 8413
20151118 093408 8413
20151118 093408 8413
20151118 093408 8413
20151118 093408 8413
20151118 093408 8413
20151118 093408 8413
20151118 093408 8413
20151118 093408 8413
20151118 093408 8413
20151118 093408 8413
20151118 093408 8413
20151118 093408 8413
20151118 093408 8413
20151118 093408 8413
20151118 093408 8413
20151118 093408 8413
20151118 093408 8414
20151118 093408 8414
20151118 093408 8414
20151118 093408 8414
20151118 093408 8414
20151118 093408 8414
20151118 093408 8414
20151118 093408 8414
20151118 093408 8414
20151118 093408 8414
20151118 093408 8414
20151118 093408 8414
20151118 093408 8414
20151118 093408 8414
20151118 093408 8414
20151118 093408 8414
20151118 093408 8415
20151118 093408 8415
20151118 093408 8415
20151118 093408 8416
20151118 093408 8416
20151118 093408 8417
20151118 093409 8409
20151118 093409 8410
20151118 093409 8411
20151118 093409 8413
20151118 093409 8413
20151118 093409 8413
20151118 093409 8414
20151118 093409 8414
20151118 093409 8414
20151118 093409 8414
20151118 093409 8414
20151118 093409 8414
20151118 093409 8414
20151118 093409 8414
20151118 093409 8414
20151118 093409 8414
20151118 093409 8415
20151118 093409 8415
20151118 093409 8415
20151118 093409 8415
20151118 093409 8415
20151118 093409 8415
20151118 093409 8415
20151118 093409 8415
20151118 093409 8416
20151118 093409 8416
20151118 093409 8416
20151118 093410 8414
20151118 093410 8414
20151118 093410 8414
20151118 093410 8414
20151118 093410 8414
20151118 093410 8415
20151118 093410 8415
20151118 093410 8415
20151118 093410 8415
20151118 093410 8416
20151118 093410 8416
20151118 093410 8416
20151118 093410 8416
20151118 093411 8414
20151118 093413 8414
20151118 093413 8414
20151118 093413 8414
20151118 093413 8415
20151118 093413 8416
20151118 093414 8415
20151118 093415 8419
20151118 093415 8424
20151118 093415 8424
20151118 093420 8420
20151118 093420 8420
20151118 093420 8421
20151118 093420 8421
20151118 093420 8421
20151118 093431 8417
20151118 093431 8417
20151118 093431 8418
20151118 093431 8418
20151118 093432 8417
20151118 093432 8417
20151118 093434 8417
20151118 093444 8412
20151118 093444 8412
20151118 093444 8413
20151118 093444 8413
20151118 093444 8414
20151118 093444 8414
20151118 093539 8418
20151118 093539 8418
20151118 093539 8418
20151118 093539 8418
20151118 093539 8418
20151118 093539 8418
20151118 093539 8418
20151118 093539 8419
20151118 093539 8419
20151118 093539 8419
20151118 093539 8419
20151118 093539 8419
20151118 093539 8419
20151118 093539 8419
20151118 093539 8419
20151118 093539 8419
20151118 093539 8419
20151118 093539 8419
20151118 093539 8419
20151118 093539 8419
20151118 093602 8403
20151118 093602 8403
20151118 093602 8413
20151118 093603 8379
20151118 093603 8402
20151118 093603 8412
20151118 093603 8412
20151118 093603 8412
20151118 093603 8412
20151118 093604 8401
20151118 093604 8409
20151118 093604 8412
20151118 093604 8412
20151118 093604 8412
20151118 093604 8412
20151118 093605 8409
20151118 093605 8409
20151118 093605 8410
20151118 093605 8410
20151118 093605 8410
20151118 093605 8410
20151118 093605 8410
20151118 093605 8410
20151118 093605 8410
20151118 093605 8410
20151118 093605 8410
20151118 093607 8409
20151118 093612 8374
20151118 093618 8409
20151118 093643 8411
20151118 093643 8411
20151118 093644 8410
20151118 093644 8411
20151118 093645 8410
20151118 093647 8411
20151118 093648 8402
20151118 093648 8402
20151118 093648 8412
20151118 093648 8412
20151118 093648 8412
20151118 093648 8412
20151118 093648 8412
20151118 093648 8412
20151118 093648 8412
20151118 093648 8412
20151118 093648 8412
20151118 093649 8412
20151118 093649 8412
20151118 093703 8400
20151118 093703 8409
20151118 093703 8409
20151118 093703 8409
20151118 093703 8409
20151118 093704 8408
20151118 093704 8408
20151118 093704 8408
20151118 093704 8408
20151118 093800 8412
20151118 093813 8412
20151118 093813 8412
20151118 093813 8412
20151118 093813 8413
20151118 093813 8413
20151118 093813 8413
20151118 093813 8413
20151118 093813 8413
20151118 093813 8413
20151118 093814 8412
20151118 093822 8411
20151118 093822 8411
20151118 093822 8411
20151118 093822 8411
20151118 093822 8412
20151118 093822 8412
20151118 093822 8412
20151118 093822 8412
20151118 093822 8412
20151118 093822 8412
20151118 093822 8412
20151118 093822 8412
20151118 093822 8412
20151118 093823 8402
20151118 093826 8412
20151118 093826 8412
20151118 093826 8412
20151118 093827 8413
20151118 093830 8412
20151118 093840 8413
20151118 093840 8413
20151118 093840 8413
20151118 093841 8413
20151118 093854 8415
20151118 093932 8402
20151118 093938 8411
20151118 093938 8411
20151118 093938 8411
20151118 093938 8411
20151118 093938 8411
20151118 093938 8411
20151118 093938 8411
20151118 093938 8411
20151118 093940 8407
20151118 093940 8407
20151118 093940 8407
20151118 093940 8407
20151118 093940 8407
20151118 093940 8407
20151118 093940 8407
20151118 093941 8397
20151118 093941 8406
20151118 093941 8406
20151118 093941 8406
20151118 093941 8406
20151118 093941 8406
20151118 093941 8407
20151118 093942 8406
20151118 093950 8406
20151118 093954 8406
20151118 093954 8406
20151118 093954 8406
20151118 093955 8406
20151118 093956 8406
20151118 093956 8406
20151118 093956 8406
20151118 093958 8407
20151118 093959 8407
20151118 093959 8407
20151118 094000 8405
20151118 094000 8405
20151118 094000 8405
20151118 094000 8405
20151118 094000 8405
20151118 094000 8405
20151118 094000 8405
20151118 094000 8406
20151118 094000 8407
20151118 094000 8407
20151118 094000 8407
20151118 094000 8407
20151118 094000 8407
20151118 094001 8405
20151118 094009 8405
20151118 094010 8405
20151118 094010 8405
20151118 094010 8405
20151118 094010 8405
20151118 094010 8405
20151118 094010 8405
20151118 094010 8405
20151118 094011 8393
20151118 094011 8393
20151118 094011 8404
20151118 094012 8369
20151118 094012 8369
20151118 094012 8392
20151118 094012 8392
20151118 094012 8392
20151118 094012 8403
20151118 094012 8403
20151118 094013 8403
20151118 094013 8403
20151118 094017 8394
20151118 094020 8369
20151118 094025 8395
20151118 094107 8396
20151118 094107 8405
20151118 094107 8405
20151118 094107 8405
20151118 094107 8405
20151118 094107 8405
20151118 094107 8405
20151118 094107 8405
20151118 094107 8405
20151118 094107 8405
20151118 094107 8405
20151118 094107 8405
20151118 094107 8405
20151118 094126 8395
20151118 094144 8408
20151118 094154 8400
20151118 094154 8400
20151118 094214 8410
20151118 094255 8401
20151118 094400 8412
20151118 094400 8412
20151118 094400 8412
20151118 094412 8404
20151118 094412 8404
20151118 094412 8404
20151118 094421 8378
20151118 094421 8401
20151118 094423 8408
20151118 094423 8408
20151118 094423 8408
20151118 094423 8408
20151118 094423 8408
20151118 094431 8405
20151118 094431 8406
20151118 094431 8406
20151118 094431 8406
20151118 094431 8406
20151118 094431 8406
20151118 094431 8406
20151118 094431 8406
20151118 094431 8406
20151118 094431 8407
20151118 094432 8405
20151118 094432 8405
20151118 094432 8405
20151118 094432 8405
20151118 094432 8405
20151118 094432 8405
20151118 094432 8405
20151118 094432 8405
20151118 094432 8406
20151118 094432 8406
20151118 094436 8406
20151118 094436 8406
20151118 094437 8404
20151118 094437 8404
20151118 094437 8404
20151118 094437 8404
20151118 094437 8404
20151118 094437 8404
20151118 094437 8404
20151118 094437 8404
20151118 094437 8405
20151118 094437 8405
20151118 094437 8405
20151118 094437 8405
20151118 094437 8405
20151118 094437 8405
20151118 094437 8405
20151118 094438 8404
20151118 094438 8404
20151118 094438 8404
20151118 094438 8404
20151118 094438 8404
20151118 094438 8404
20151118 094438 8404
20151118 094438 8405
20151118 094443 8407
20151118 094443 8407
20151118 094443 8407
20151118 094447 8402
20151118 094447 8402
20151118 094447 8403
20151118 094447 8403
20151118 094447 8403
20151118 094447 8403
20151118 094447 8403
20151118 094447 8404
20151118 094448 8401
20151118 094448 8402
20151118 094448 8402
20151118 094448 8402
20151118 094448 8402
20151118 094448 8402
20151118 094448 8402
20151118 094448 8402
20151118 094448 8402
20151118 094448 8402
20151118 094448 8402
20151118 094449 8399
20151118 094449 8399
20151118 094449 8399
20151118 094449 8399
20151118 094449 8399
20151118 094449 8399
20151118 094449 8399
20151118 094449 8399
20151118 094449 8399
20151118 094449 8399
20151118 094449 8399
20151118 094449 8399
20151118 094449 8399
20151118 094449 8399
20151118 094449 8399
20151118 094449 8399
20151118 094449 8399
20151118 094449 8399
20151118 094449 8399
20151118 094449 8399
20151118 094449 8399
20151118 094449 8399
20151118 094449 8399
20151118 094449 8399
20151118 094449 8400
20151118 094450 8399
20151118 094450 8399
20151118 094450 8399
20151118 094450 8399
20151118 094450 8399
20151118 094450 8399
20151118 094450 8399
20151118 094450 8399
20151118 094450 8399
20151118 094450 8399
20151118 094450 8399
20151118 094450 8401
20151118 094451 8399
20151118 094451 8399
20151118 094451 8399
20151118 094451 8399
20151118 094451 8399
20151118 094451 8400
20151118 094451 8400
20151118 094451 8400
20151118 094451 8400
20151118 094451 8400
20151118 094452 8399
20151118 094452 8399
20151118 094453 8398
20151118 094453 8398
20151118 094454 8398
20151118 094454 8398
20151118 094454 8398
20151118 094456 8397
20151118 094501 8402
20151118 094501 8403
20151118 094501 8403
20151118 094501 8403
20151118 094502 8402
20151118 094502 8404
20151118 094502 8404
20151118 094502 8405
20151118 094503 8406
20151118 094503 8406
20151118 094503 8406
20151118 094503 8406
20151118 094504 8406
20151118 094504 8406
20151118 094511 8404
20151118 094511 8404
20151118 094511 8404
20151118 094511 8404
20151118 094512 8404
20151118 094517 8399
20151118 094517 8399
20151118 094517 8399
20151118 094517 8400
20151118 094517 8400
20151118 094517 8400
20151118 094517 8400
20151118 094517 8400
20151118 094517 8400
20151118 094519 8400
20151118 094519 8400
20151118 094519 8400
20151118 094519 8401
20151118 094520 8399
20151118 094521 8402
20151118 094521 8402
20151118 094532 8400
20151118 094533 8400
20151118 094533 8400
20151118 094534 8401
20151118 094534 8401
20151118 094534 8401
20151118 094534 8401
20151118 094534 8401
20151118 094534 8401
20151118 094534 8401
20151118 094535 8400
20151118 094536 8400
20151118 094536 8400
20151118 094536 8400
20151118 094536 8400
20151118 094536 8400
20151118 094536 8400
20151118 094536 8400
20151118 094536 8400
20151118 094537 8400
20151118 094541 8399
20151118 094544 8399
20151118 094545 8399
20151118 094545 8399
20151118 094545 8399
20151118 094546 8396
20151118 094546 8397
20151118 094546 8397
20151118 094546 8397
20151118 094546 8397
20151118 094546 8397
20151118 094546 8397
20151118 094546 8397
20151118 094546 8397
20151118 094546 8397
20151118 094546 8397
20151118 094546 8398
20151118 094546 8398
20151118 094546 8398
20151118 094546 8398
20151118 094546 8398
20151118 094546 8398
20151118 094546 8399
20151118 094546 8399
20151118 094547 8395
20151118 094547 8395
20151118 094547 8395
20151118 094547 8395
20151118 094547 8395
20151118 094547 8395
20151118 094547 8395
20151118 094547 8395
20151118 094547 8395
20151118 094547 8395
20151118 094547 8395
20151118 094547 8395
20151118 094547 8395
20151118 094547 8395
20151118 094547 8395
20151118 094548 8394
20151118 094548 8394
20151118 094548 8394
20151118 094548 8394
20151118 094548 8394
20151118 094548 8394
20151118 094548 8394
20151118 094548 8394
20151118 094548 8394
20151118 094548 8394
20151118 094548 8394
20151118 094548 8394
20151118 094548 8394
20151118 094548 8394
20151118 094548 8394
20151118 094548 8394
20151118 094548 8394
20151118 094548 8394
20151118 094548 8394
20151118 094548 8395
20151118 094549 8384
20151118 094550 8396
20151118 094550 8396
20151118 094550 8396
20151118 094551 8396
20151118 094558 8397
20151118 094558 8397
20151118 094558 8397
20151118 094558 8398
20151118 094559 8396
20151118 094559 8397
20151118 094559 8397
20151118 094601 8398
20151118 094601 8398
20151118 094601 8398
20151118 094601 8399
20151118 094603 8397
20151118 094606 8383
20151118 094607 8396
20151118 094608 8383
20151118 094609 8383
20151118 094616 8398
20151118 094618 8387
20151118 094618 8399
20151118 094618 8399
20151118 094618 8399
20151118 094619 8399
20151118 094619 8399
20151118 094620 8400
20151118 094620 8400
20151118 094628 8387
20151118 094628 8399
20151118 094628 8399
20151118 094640 8398
20151118 094712 8399
20151118 094722 8399
20151118 094725 8399
20151118 094725 8399
20151118 094725 8399
20151118 094804 8385
20151118 094804 8397
20151118 094805 8397
20151118 094806 8397
20151118 094809 8389
20151118 094810 8402
20151118 094810 8402
20151118 094813 8403
20151118 094814 8403
20151118 094814 8403
20151118 094814 8403
20151118 094814 8403
20151118 094814 8403
20151118 094817 8404
20151118 094817 8404
20151118 094817 8404
20151118 094821 8402
20151118 094821 8402
20151118 094822 8402
20151118 094822 8402
20151118 094823 8401
20151118 094824 8401
20151118 094824 8402
20151118 094824 8403
20151118 094824 8403
20151118 094827 8401
20151118 094827 8401
20151118 094827 8402
20151118 094836 8402
20151118 094837 8402
20151118 094900 8405
20151118 094900 8405
20151118 094900 8405
20151118 094903 8404
20151118 094923 8392
20151118 094923 8402
20151118 094932 8402
20151118 094934 8402
20151118 094948 8391
20151118 094953 8391
20151118 094953 8391
20151118 095003 8402
20151118 095003 8402
20151118 095004 8401
20151118 095008 8402
20151118 095031 8397
20151118 095031 8397
20151118 095041 8397
20151118 095041 8397
20151118 095041 8398
20151118 095041 8398
20151118 095041 8398
20151118 095044 8398
20151118 095054 8396
20151118 095101 8383
20151118 095101 8393
20151118 095101 8393
20151118 095101 8393
20151118 095101 8393
20151118 095101 8393
20151118 095101 8393
20151118 095101 8393
20151118 095101 8394
20151118 095101 8394
20151118 095101 8394
20151118 095101 8394
20151118 095101 8394
20151118 095101 8394
20151118 095101 8394
20151118 095101 8394
20151118 095101 8394
20151118 095101 8394
20151118 095101 8394
20151118 095101 8394
20151118 095101 8394
20151118 095101 8394
20151118 095101 8394
20151118 095102 8359
20151118 095102 8359
20151118 095102 8382
20151118 095102 8382
20151118 095102 8382
20151118 095102 8393
20151118 095126 8393
20151118 095127 8393
20151118 095127 8393
20151118 095127 8393
20151118 095128 8393
20151118 095128 8393
20151118 095128 8393
20151118 095129 8393
20151118 095132 8380
20151118 095132 8392
20151118 095132 8393
20151118 095132 8393
20151118 095132 8393
20151118 095132 8393
20151118 095132 8393
20151118 095132 8393
20151118 095132 8394
20151118 095133 8392
20151118 095133 8392
20151118 095135 8392
20151118 095135 8392
20151118 095137 8392
20151118 095140 8392
20151118 095141 8379
20151118 095141 8379
20151118 095141 8392
20151118 095141 8392
20151118 095141 8392
20151118 095142 8392
20151118 095205 8392
20151118 095205 8392
20151118 095209 8393
20151118 095210 8393
20151118 095210 8393
20151118 095211 8393
20151118 095211 8393
20151118 095212 8394
20151118 095212 8394
20151118 095220 8380
20151118 095244 8393
20151118 095244 8393
20151118 095248 8392
20151118 095248 8392
20151118 095252 8393
20151118 095255 8391
20151118 095255 8391
20151118 095257 8392
20151118 095302 8379
20151118 095354 8394
20151118 095354 8394
20151118 095410 8379
20151118 095410 8392
20151118 095412 8352
20151118 095412 8376
20151118 095412 8376
20151118 095412 8376
20151118 095416 8389
20151118 095432 8374
20151118 095432 8374
20151118 095432 8374
20151118 095432 8374
20151118 095432 8374
20151118 095437 8387
20151118 095437 8387
20151118 095437 8387
20151118 095442 8387
20151118 095444 8387
20151118 095446 8387
20151118 095446 8387
20151118 095446 8387
20151118 095448 8387
20151118 095451 8386
20151118 095452 8386
20151118 095452 8386
20151118 095500 8372
20151118 095500 8386
20151118 095501 8373
20151118 095501 8384
20151118 095501 8384
20151118 095501 8384
20151118 095501 8384
20151118 095501 8384
20151118 095504 8384
20151118 095529 8344
20151118 095529 8345
20151118 095529 8368
20151118 095529 8369
20151118 095529 8369
20151118 095529 8369
20151118 095529 8370
20151118 095529 8383
20151118 095529 8383
20151118 095530 8367
20151118 095530 8382
20151118 095530 8382
20151118 095532 8381
20151118 095532 8381
20151118 095533 8380
20151118 095533 8380
20151118 095534 8380
20151118 095534 8380
20151118 095534 8380
20151118 095534 8380
20151118 095538 8380
20151118 095539 8380
20151118 095539 8380
20151118 095539 8380
20151118 095540 8383
20151118 095541 8381
20151118 095541 8381
20151118 095541 8381
20151118 095542 8381
20151118 095601 8382
20151118 095610 8381
20151118 095623 8383
20151118 095623 8383
20151118 095623 8383
20151118 095623 8383
20151118 095623 8383
20151118 095623 8383
20151118 095623 8383
20151118 095624 8382
20151118 095624 8383
20151118 095624 8383
20151118 095624 8383
20151118 095624 8383
20151118 095624 8383
20151118 095625 8382
20151118 095625 8383
20151118 095626 8382
20151118 095626 8383
20151118 095626 8383
20151118 095626 8383
20151118 095626 8383
20151118 095626 8383
20151118 095626 8383
20151118 095626 8383
20151118 095627 8383
20151118 095627 8383
20151118 095628 8383
20151118 095628 8383
20151118 095629 8382
20151118 095631 8384
20151118 095631 8384
20151118 095631 8384
20151118 095631 8384
20151118 095631 8384
20151118 095632 8384
20151118 095633 8385
20151118 095633 8385
20151118 095636 8385
20151118 095637 8385
20151118 095637 8385
20151118 095637 8385
20151118 095637 8385
20151118 095639 8386
20151118 095639 8386
20151118 095639 8386
20151118 095639 8386
20151118 095639 8386
20151118 095639 8386
20151118 095639 8386
20151118 095640 8386
20151118 095652 8373
20151118 095700 8389
20151118 095707 8384
20151118 095707 8384
20151118 095707 8384
20151118 095707 8384
20151118 095707 8384
20151118 095707 8384
20151118 095709 8385
20151118 095711 8385
20151118 095712 8386
20151118 095712 8386
20151118 095712 8387
20151118 095712 8387
20151118 095712 8387
20151118 095712 8387
20151118 095714 8373
20151118 095743 8388
20151118 095800 8391
20151118 095850 8390
20151118 095903 8391
20151118 095909 8374
20151118 095909 8389
20151118 095909 8389
20151118 095909 8389
20151118 100016 8378
20151118 100048 8398
20151118 100048 8398
20151118 100048 8398
20151118 100049 8399
20151118 100049 8399
20151118 100049 8399
20151118 100056 8382
20151118 100102 8381
20151118 100115 8356
20151118 100115 8379
20151118 100116 8396
20151118 100116 8396
20151118 100116 8396
20151118 100117 8396
20151118 100118 8378
20151118 100118 8378
20151118 100118 8395
20151118 100118 8395
20151118 100118 8395
20151118 100118 8395
20151118 100118 8395
20151118 100118 8395
20151118 100118 8395
20151118 100128 8394
20151118 100134 8394
20151118 100134 8395
20151118 100134 8395
20151118 100134 8395
20151118 100135 8395
20151118 100135 8395
20151118 100135 8395
20151118 100135 8395
20151118 100136 8395
20151118 100137 8396
20151118 100148 8397
20151118 100148 8397
20151118 100159 8399
20151118 100235 8396
20151118 100237 8397
20151118 100237 8397
20151118 100237 8397
20151118 100239 8396
20151118 100239 8396
20151118 100239 8396
20151118 100317 8381
20151118 100319 8396
20151118 100354 8390
20151118 100401 8396
20151118 100401 8396
20151118 100402 8396
20151118 100413 8397
20151118 100413 8397
20151118 100413 8397
20151118 100423 8356
20151118 100437 8355
20151118 100437 8379
20151118 100509 8376
20151118 100513 8377
20151118 100516 8374
20151118 100516 8374
20151118 100516 8375
20151118 100521 8349
20151118 100521 8373
20151118 100522 8374
20151118 100524 8372
20151118 100532 8370
20151118 100536 8385
20151118 100536 8385
20151118 100536 8385
20151118 100536 8385
20151118 100536 8385
20151118 100536 8385
20151118 100536 8385
20151118 100536 8385
20151118 100536 8385
20151118 100536 8385
20151118 100538 8385
20151118 100539 8385
20151118 100541 8370
20151118 100545 8385
20151118 100548 8385
20151118 100550 8344
20151118 100550 8382
20151118 100550 8382
20151118 100550 8383
20151118 100550 8383
20151118 100550 8383
20151118 100550 8383
20151118 100550 8383
20151118 100550 8383
20151118 100550 8383
20151118 100550 8383
20151118 100551 8342
20151118 100551 8366
20151118 100552 8339
20151118 100552 8339
20151118 100552 8339
20151118 100552 8339
20151118 100552 8362
20151118 100552 8363
20151118 100552 8363
20151118 100552 8363
20151118 100552 8363
20151118 100552 8364
20151118 100552 8381
20151118 100552 8381
20151118 100552 8381
20151118 100552 8381
20151118 100552 8381
20151118 100552 8381
20151118 100552 8381
20151118 100553 8337
20151118 100553 8361
20151118 100553 8377
20151118 100553 8377
20151118 100553 8377
20151118 100553 8377
20151118 100553 8377
20151118 100553 8377
20151118 100553 8377
20151118 100553 8377
20151118 100553 8377
20151118 100553 8377
20151118 100553 8377
20151118 100553 8377
20151118 100554 8375
20151118 100554 8375
20151118 100554 8375
20151118 100554 8376
20151118 100554 8376
20151118 100554 8376
20151118 100554 8376
20151118 100554 8376
20151118 100554 8376
20151118 100554 8376
20151118 100554 8376
20151118 100554 8376
20151118 100554 8376
20151118 100554 8376
20151118 100554 8376
20151118 100554 8376
20151118 100554 8376
20151118 100554 8376
20151118 100554 8376
20151118 100554 8376
20151118 100555 8377
20151118 100555 8378
20151118 100555 8378
20151118 100555 8378
20151118 100555 8378
20151118 100556 8377
20151118 100556 8377
20151118 100556 8377
20151118 100556 8378
20151118 100556 8378
20151118 100613 8363
20151118 100619 8360
20151118 100619 8360
20151118 100619 8360
20151118 100621 8372
20151118 100654 8373
20151118 100700 8357
20151118 100701 8357
20151118 100701 8358
20151118 100702 8357
20151118 100704 8357
20151118 100706 8328
20151118 100706 8328
20151118 100706 8354
20151118 100706 8365
20151118 100706 8365
20151118 100706 8365
20151118 100706 8365
20151118 100706 8365
20151118 100706 8365
20151118 100706 8365
20151118 100706 8365
20151118 100706 8365
20151118 100706 8367
20151118 100706 8367
20151118 100706 8367
20151118 100706 8367
20151118 100706 8367
20151118 100707 8362
20151118 100707 8362
20151118 100707 8362
20151118 100707 8362
20151118 100707 8362
20151118 100707 8362
20151118 100707 8363
20151118 100707 8363
20151118 100707 8363
20151118 100707 8363
20151118 100707 8363
20151118 100707 8363
20151118 100707 8363
20151118 100707 8363
20151118 100707 8363
20151118 100707 8363
20151118 100707 8363
20151118 100707 8364
20151118 100707 8364
20151118 100707 8364
20151118 100707 8364
20151118 100707 8364
20151118 100707 8364
20151118 100707 8364
20151118 100707 8364
20151118 100707 8364
20151118 100707 8364
20151118 100707 8364
20151118 100707 8364
20151118 100707 8364
20151118 100707 8364
20151118 100707 8364
20151118 100707 8364
20151118 100707 8364
20151118 100707 8364
20151118 100707 8364
20151118 100707 8364
20151118 100707 8364
20151118 100707 8364
20151118 100707 8364
20151118 100707 8364
20151118 100707 8364
20151118 100707 8364
20151118 100707 8364
20151118 100707 8364
20151118 100707 8364
20151118 100707 8364
20151118 100707 8364
20151118 100707 8364
20151118 100707 8364
20151118 100707 8364
20151118 100707 8364
20151118 100707 8364
20151118 100707 8364
20151118 100707 8364
20151118 100707 8364
20151118 100707 8364
20151118 100707 8364
20151118 100707 8364
20151118 100707 8364
20151118 100707 8364
20151118 100707 8364
20151118 100707 8364
20151118 100707 8365
20151118 100707 8365
20151118 100707 8365
20151118 100707 8365
20151118 100707 8365
20151118 100707 8365
20151118 100707 8365
20151118 100707 8365
20151118 100707 8365
20151118 100707 8365
20151118 100707 8365
20151118 100707 8365
20151118 100708 8362
20151118 100708 8363
20151118 100708 8363
20151118 100708 8363
20151118 100708 8363
20151118 100708 8363
20151118 100708 8363
20151118 100708 8363
20151118 100708 8364
20151118 100708 8364
20151118 100708 8364
20151118 100708 8364
20151118 100708 8364
20151118 100708 8364
20151118 100708 8364
20151118 100708 8364
20151118 100708 8364
20151118 100708 8365
20151118 100709 8363
20151118 100709 8363
20151118 100710 8364
20151118 100732 8372
20151118 100732 8372
20151118 100733 8356
20151118 100734 8373
20151118 100735 8374
20151118 100741 8375
20151118 100741 8375
20151118 100745 8362
20151118 100804 8377
20151118 100835 8358
20151118 100835 8358
20151118 100835 8358
20151118 100839 8359
20151118 100843 8375
20151118 100846 8359
20151118 100850 8376
20151118 100856 8368
20151118 100856 8374
20151118 100856 8374
20151118 100858 8376
20151118 100902 8375
20151118 100902 8375
20151118 100915 8376
20151118 100915 8376
20151118 100915 8376
20151118 100915 8376
20151118 100915 8376
20151118 100920 8375
20151118 100922 8375
20151118 100922 8375
20151118 100922 8375
20151118 100922 8376
20151118 100922 8376
20151118 100924 8376
20151118 100931 8362
20151118 100932 8359
20151118 100942 8359
20151118 100953 8359
20151118 101024 8334
20151118 101024 8358
20151118 101028 8377
20151118 101029 8377
20151118 101029 8377
20151118 101029 8377
20151118 101030 8333
20151118 101030 8360
20151118 101030 8377
20151118 101053 8378
20151118 101053 8378
20151118 101053 8378
20151118 101053 8378
20151118 101053 8378
20151118 101053 8378
20151118 101054 8378
20151118 101058 8378
20151118 101059 8379
20151118 101101 8379
20151118 101101 8379
20151118 101101 8379
20151118 101104 8364
20151118 101104 8364
20151118 101138 8378
20151118 101157 8378
20151118 101201 8378
20151118 101212 8333
20151118 101212 8360
20151118 101221 8356
20151118 101221 8356
20151118 101223 8354
20151118 101227 8354
20151118 101235 8371
20151118 101235 8371
20151118 101235 8371
20151118 101235 8371
20151118 101235 8372
20151118 101235 8372
20151118 101235 8372
20151118 101235 8372
20151118 101235 8372
20151118 101235 8372
20151118 101235 8372
20151118 101235 8372
20151118 101235 8372
20151118 101235 8372
20151118 101236 8371
20151118 101236 8371
20151118 101236 8371
20151118 101236 8371
20151118 101236 8372
20151118 101236 8372
20151118 101236 8372
20151118 101237 8372
20151118 101243 8354
20151118 101249 8367
20151118 101249 8367
20151118 101253 8367
20151118 101253 8368
20151118 101253 8368
20151118 101253 8368
20151118 101253 8368
20151118 101253 8368
20151118 101253 8368
20151118 101253 8368
20151118 101304 8351
20151118 101306 8349
20151118 101306 8349
20151118 101306 8359
20151118 101307 8321
20151118 101307 8347
20151118 101307 8347
20151118 101307 8360
20151118 101308 8361
20151118 101308 8361
20151118 101308 8361
20151118 101309 8361
20151118 101316 8366
20151118 101325 8350
20151118 101325 8350
20151118 101330 8352
20151118 101341 8362
20151118 101341 8363
20151118 101341 8363
20151118 101341 8363
20151118 101343 8362
20151118 101345 8362
20151118 101347 8322
20151118 101347 8360
20151118 101347 8360
20151118 101347 8361
20151118 101347 8361
20151118 101348 8361
20151118 101349 8361
20151118 101350 8321
20151118 101350 8360
20151118 101350 8360
20151118 101350 8362
20151118 101400 8344
20151118 101400 8352
20151118 101401 8319
20151118 101401 8319
20151118 101401 8343
20151118 101401 8343
20151118 101402 8319
20151118 101402 8319
20151118 101402 8343
20151118 101402 8343
20151118 101426 8357
20151118 101427 8357
20151118 101427 8357
20151118 101427 8357
20151118 101427 8357
20151118 101428 8358
20151118 101439 8359
20151118 101506 8344
20151118 101512 8341
20151118 101512 8342
20151118 101512 8342
20151118 101512 8342
20151118 101512 8342
20151118 101517 8357
20151118 101528 8360
20151118 101537 8321
20151118 101537 8321
20151118 101537 8360
20151118 101537 8360
20151118 101546 8319
20151118 101546 8343
20151118 101602 8362
20151118 101603 8361
20151118 101603 8362
20151118 101604 8361
20151118 101604 8361
20151118 101604 8361
20151118 101605 8362
20151118 101607 8362
20151118 101608 8320
20151118 101609 8363
20151118 101610 8347
20151118 101620 8363
20151118 101620 8363
20151118 101620 8363
20151118 101620 8363
20151118 101624 8367
20151118 101624 8367
20151118 101624 8367
20151118 101624 8367
20151118 101624 8367
20151118 101624 8367
20151118 101624 8367
20151118 101624 8367
20151118 101632 8325
20151118 101632 8352
20151118 101724 8366
20151118 101740 8349
20151118 101740 8349
20151118 101742 8348
20151118 101743 8348
20151118 101806 8325
20151118 101809 8326
20151118 101809 8350
20151118 101830 8366
20151118 101830 8367
20151118 101845 8365
20151118 101850 8364
20151118 101851 8326
20151118 101851 8350
20151118 101851 8364
20151118 101851 8364
20151118 101852 8364
20151118 101852 8364
20151118 101853 8364
20151118 101854 8364
20151118 101854 8364
20151118 101854 8364
20151118 101855 8349
20151118 101855 8364
20151118 101909 8365
20151118 101917 8366
20151118 101917 8366
20151118 101917 8366
20151118 101917 8366
20151118 101917 8367
20151118 101918 8366
20151118 101918 8367
20151118 101918 8367
20151118 101918 8367
20151118 101918 8367
20151118 101918 8367
20151118 101918 8367
20151118 101918 8368
20151118 101918 8368
20151118 101955 8357
20151118 101956 8359
20151118 102020 8373
20151118 102020 8373
20151118 102020 8373
20151118 102020 8373
20151118 102020 8373
20151118 102020 8373
20151118 102020 8373
20151118 102020 8373
20151118 102020 8373
20151118 102109 8355
20151118 102112 8353
20151118 102117 8369
20151118 102139 8352
20151118 102148 8327
20151118 102231 8372
20151118 102248 8357
20151118 102306 8359
20151118 102319 8358
20151118 102319 8374
20151118 102320 8374
20151118 102321 8374
20151118 102321 8374
20151118 102323 8358
20151118 102323 8374
20151118 102323 8374
20151118 102344 8359
20151118 102353 8360
20151118 102402 8376
20151118 102407 8360
20151118 102428 8336
20151118 102441 8336
20151118 102446 8360
20151118 102446 8377
20151118 102502 8381
20151118 102502 8381
20151118 102502 8381
20151118 102502 8381
20151118 102508 8340
20151118 102518 8383
20151118 102532 8381
20151118 102532 8381
20151118 102532 8381
20151118 102532 8381
20151118 102532 8381
20151118 102532 8381
20151118 102533 8380
20151118 102533 8381
20151118 102535 8363
20151118 102541 8379
20151118 102545 8361
20151118 102545 8378
20151118 102545 8378
20151118 102545 8378
20151118 102558 8361
20151118 102641 8360
20151118 102810 8365
20151118 102901 8370
20151118 102938 8382
20151118 102947 8385
20151118 103006 8389
20151118 103006 8389
20151118 103114 8367
20151118 103134 8381
20151118 103134 8381
20151118 103134 8381
20151118 103135 8381
20151118 103136 8381
20151118 103138 8381
20151118 103138 8381
20151118 103237 8378
20151118 103319 8380
20151118 103319 8380
20151118 103323 8380
20151118 103334 8379
20151118 103334 8379
20151118 103334 8379
20151118 103334 8379
20151118 103334 8379
20151118 103334 8379
20151118 103334 8379
20151118 103334 8379
20151118 103337 8379
20151118 103346 8368
20151118 103401 8363
20151118 103411 8379
20151118 103411 8379
20151118 103425 8363
20151118 103429 8363
20151118 103432 8363
20151118 103447 8365
20151118 103501 8375
20151118 103502 8384
20151118 103503 8367
20151118 103503 8384
20151118 103506 8366
20151118 103514 8339
20151118 103514 8366
20151118 103521 8384
20151118 103534 8383
20151118 103534 8383
20151118 103534 8383
20151118 103534 8383
20151118 103544 8385
20151118 103625 8387
20151118 103625 8387
20151118 103633 8388
20151118 103634 8388
20151118 103636 8388
20151118 103636 8388
20151118 103636 8388
20151118 103645 8389
20151118 103718 8372
20151118 103730 8393
20151118 103730 8393
20151118 103730 8393
20151118 103730 8393
20151118 103731 8374
20151118 103731 8393
20151118 103731 8393
20151118 103732 8348
20151118 103732 8375
20151118 103732 8394
20151118 103732 8394
20151118 103732 8394
20151118 103732 8394
20151118 103732 8394
20151118 103732 8394
20151118 103732 8394
20151118 103732 8394
20151118 103732 8394
20151118 103732 8394
20151118 103732 8394
20151118 103732 8394
20151118 103732 8394
20151118 103733 8393
20151118 103733 8394
20151118 103733 8394
20151118 103733 8394
20151118 103733 8394
20151118 103749 8392
20151118 103808 8390
20151118 103809 8391
20151118 103841 8387
20151118 103841 8387
20151118 103848 8388
20151118 103909 8388
20151118 104028 8368
20151118 104028 8368
20151118 104028 8387
20151118 104028 8387
20151118 104028 8387
20151118 104030 8387
20151118 104031 8386
20151118 104031 8386
20151118 104031 8386
20151118 104031 8386
20151118 104031 8386
20151118 104031 8386
20151118 104031 8386
20151118 104032 8386
20151118 104032 8386
20151118 104032 8386
20151118 104032 8386
20151118 104032 8386
20151118 104059 8384
20151118 104106 8384
20151118 104106 8384
20151118 104106 8384
20151118 104106 8384
20151118 104106 8384
20151118 104106 8384
20151118 104144 8367
20151118 104156 8367
20151118 104159 8367
20151118 104205 8385
20151118 104205 8385
20151118 104205 8385
20151118 104205 8385
20151118 104206 8385
20151118 104206 8385
20151118 104206 8385
20151118 104206 8385
20151118 104346 8387
20151118 104427 8370
20151118 104440 8371
20151118 104443 8390
20151118 104444 8391
20151118 104444 8391
20151118 104445 8390
20151118 104448 8392
20151118 104612 8377
20151118 104624 8385
20151118 104628 8384
20151118 104632 8384
20151118 104635 8383
20151118 104636 8382
20151118 104636 8382
20151118 104636 8382
20151118 104637 8382
20151118 104637 8382
20151118 104637 8382
20151118 104637 8382
20151118 104637 8382
20151118 104637 8382
20151118 104637 8382
20151118 104637 8382
20151118 104637 8382
20151118 104637 8383
20151118 104638 8383
20151118 104731 8359
20151118 104731 8359
20151118 104731 8378
20151118 104732 8378
20151118 104732 8378
20151118 104746 8377
20151118 104748 8377
20151118 104750 8377
20151118 104819 8359
20151118 104833 8359
20151118 104851 8378
20151118 104926 8376
20151118 104927 8376
20151118 104927 8376
20151118 104928 8377
20151118 104928 8377
20151118 104931 8335
20151118 104931 8378
20151118 105057 8377
20151118 105111 8358
20151118 105200 8376
20151118 105200 8376
20151118 105202 8375
20151118 105203 8376
20151118 105203 8376
20151118 105203 8376
20151118 105203 8376
20151118 105203 8376
20151118 105203 8376
20151118 105206 8376
20151118 105214 8377
20151118 105215 8377
20151118 105216 8377
20151118 105218 8377
20151118 105218 8377
20151118 105218 8377
20151118 105218 8377
20151118 105218 8377
20151118 105218 8377
20151118 105221 8377
20151118 105226 8377
20151118 105229 8377
20151118 105229 8377
20151118 105229 8377
20151118 105230 8377
20151118 105331 8360
20151118 105346 8380
20151118 105347 8380
20151118 105347 8380
20151118 105359 8380
20151118 105403 8379
20151118 105403 8379
20151118 105617 8380
20151118 105617 8380
20151118 105651 8375
20151118 105651 8375
20151118 105656 8374
20151118 105702 8354
20151118 105704 8371
20151118 105704 8371
20151118 105704 8371
20151118 105707 8372
20151118 105707 8372
20151118 105708 8372
20151118 105709 8372
20151118 105709 8372
20151118 105710 8372
20151118 105711 8373
20151118 105719 8355
20151118 105741 8371
20151118 105741 8371
20151118 105750 8327
20151118 105750 8370
20151118 105750 8370
20151118 105750 8370
20151118 105751 8370
20151118 105751 8370
20151118 105752 8370
20151118 105752 8370
20151118 105753 8370
20151118 105753 8370
20151118 105753 8370
20151118 105753 8370
20151118 105754 8370
20151118 105755 8370
20151118 105755 8370
20151118 105755 8370
20151118 105755 8370
20151118 105755 8370
20151118 105755 8370
20151118 105755 8370
20151118 105755 8370
20151118 105755 8370
20151118 105756 8370
20151118 105758 8369
20151118 105758 8369
20151118 105801 8368
20151118 105802 8367
20151118 105803 8349
20151118 105806 8368
20151118 105817 8366
20151118 105817 8366
20151118 105817 8366
20151118 105831 8364
20151118 105833 8365
20151118 105834 8365
20151118 105834 8365
20151118 105834 8365
20151118 105834 8365
20151118 105835 8365
20151118 105837 8365
20151118 105850 8364
20151118 105850 8364
20151118 105903 8320
20151118 105903 8344
20151118 105903 8344
20151118 105903 8345
20151118 105906 8363
20151118 105910 8364
20151118 105913 8363
20151118 105914 8363
20151118 105914 8364
20151118 105914 8364
20151118 105915 8363
20151118 105916 8320
20151118 105916 8320
20151118 105916 8320
20151118 105916 8344
20151118 105916 8344
20151118 105916 8344
20151118 105916 8362
20151118 105916 8362
20151118 105916 8362
20151118 105916 8363
20151118 105931 8362
20151118 105932 8362
20151118 105932 8362
20151118 105934 8363
20151118 105934 8363
20151118 105935 8363
20151118 105946 8348
20151118 105953 8368
20151118 105954 8368
20151118 110006 8369
20151118 110006 8369
20151118 110010 8370
20151118 110010 8371
20151118 110011 8371
20151118 110012 8353
20151118 110012 8370
20151118 110038 8370
20151118 110100 8365
20151118 110102 8366
20151118 110102 8366
20151118 110102 8366
20151118 110113 8366
20151118 110115 8367
20151118 110115 8367
20151118 110115 8367
20151118 110115 8367
20151118 110116 8368
20151118 110116 8368
20151118 110116 8368
20151118 110118 8369
20151118 110121 8369
20151118 110121 8369
20151118 110121 8369
20151118 110147 8371
20151118 110203 8369
20151118 110206 8369
20151118 110206 8369
20151118 110234 8324
20151118 110234 8351
20151118 110245 8351
20151118 110303 8368
20151118 110303 8368
20151118 110303 8368
20151118 110303 8368
20151118 110304 8368
20151118 110304 8368
20151118 110304 8368
20151118 110317 8351
20151118 110358 8354
20151118 110401 8375
20151118 110401 8375
20151118 110401 8375
20151118 110401 8375
20151118 110402 8375
20151118 110402 8375
20151118 110403 8374
20151118 110404 8374
20151118 110411 8354
20151118 110439 8355
20151118 110601 8371
20151118 110601 8371
20151118 110601 8371
20151118 110601 8371
20151118 110601 8372
20151118 110601 8372
20151118 110627 8355
20151118 110645 8360
20151118 110705 8375
20151118 110705 8375
20151118 110706 8375
20151118 110727 8375
20151118 110752 8376
20151118 110756 8376
20151118 110759 8377
20151118 110825 8377
20151118 110842 8377
20151118 110842 8377
20151118 110842 8377
20151118 110850 8377
20151118 110850 8377
20151118 111031 8361
20151118 111036 8382
20151118 111036 8382
20151118 111036 8383
20151118 111036 8383
20151118 111036 8383
20151118 111036 8383
20151118 111036 8383
20151118 111036 8383
20151118 111036 8383
20151118 111036 8383
20151118 111036 8383
20151118 111036 8383
20151118 111036 8383
20151118 111340 8380
20151118 111405 8380
20151118 111405 8380
20151118 111405 8380
20151118 111405 8380
20151118 111406 8380
20151118 111406 8380
20151118 111406 8380
20151118 111406 8380
20151118 111406 8380
20151118 111406 8380
20151118 111406 8380
20151118 111406 8380
20151118 111417 8382
20151118 111429 8383
20151118 111548 8361
20151118 111604 8361
20151118 111705 8380
20151118 111707 8380
20151118 111707 8380
20151118 111708 8380
20151118 111708 8381
20151118 111736 8380
20151118 111739 8332
20151118 111808 8380
20151118 111844 8380
20151118 111858 8361
20151118 111858 8381
20151118 111858 8381
20151118 111858 8381
20151118 111858 8381
20151118 111858 8381
20151118 111858 8381
20151118 111911 8381
20151118 111913 8382
20151118 111918 8381
20151118 111918 8381
20151118 111930 8382
20151118 112007 8382
20151118 112048 8381
20151118 112053 8382
20151118 112053 8382
20151118 112056 8381
20151118 112105 8382
20151118 112200 8383
20151118 112200 8383
20151118 112200 8383
20151118 112205 8363
20151118 112314 8384
20151118 112314 8384
20151118 112314 8384
20151118 112314 8384
20151118 112314 8384
20151118 112314 8384
20151118 112314 8384
20151118 112443 8388
20151118 112602 8381
20151118 112602 8381
20151118 112602 8381
20151118 112602 8381
20151118 112602 8381
20151118 112602 8381
20151118 112602 8381
20151118 112603 8381
20151118 112611 8381
20151118 112611 8381
20151118 112623 8380
20151118 112624 8380
20151118 112624 8380
20151118 112624 8380
20151118 112632 8378
20151118 112635 8330
20151118 112635 8376
20151118 112635 8376
20151118 112635 8376
20151118 112645 8332
20151118 112645 8375
20151118 112645 8377
20151118 112647 8375
20151118 112648 8375
20151118 112648 8375
20151118 112648 8375
20151118 112648 8375
20151118 112649 8375
20151118 112649 8375
20151118 112651 8375
20151118 112653 8374
20151118 112701 8376
20151118 112701 8376
20151118 112701 8376
20151118 112701 8376
20151118 112701 8376
20151118 112701 8376
20151118 112740 8377
20151118 112800 8376
20151118 112804 8376
20151118 112804 8376
20151118 112804 8376
20151118 113000 8354
20151118 113011 8354
20151118 113018 8353
20151118 113134 8351
20151118 113141 8352
20151118 113150 8374
20151118 113152 8374
20151118 113153 8374
20151118 113156 8374
20151118 113200 8374
20151118 113203 8374
20151118 113207 8375
20151118 113207 8375
20151118 113207 8375
20151118 113207 8375
20151118 113207 8375
20151118 113207 8376
20151118 113207 8376
20151118 113207 8376
20151118 113207 8376
20151118 113229 8381
20151118 113232 8382
20151118 113232 8382
20151118 113232 8382
20151118 113233 8382
20151118 113233 8382
20151118 113233 8382
20151118 113233 8382
20151118 113324 8381
20151118 113324 8381
20151118 113324 8381
20151118 113324 8381
20151118 113341 8382
20151118 113547 8351
20151118 113608 8351
20151118 113621 8377
20151118 113621 8377
20151118 113621 8377
20151118 113621 8377
20151118 113621 8377
20151118 113626 8376
20151118 113629 8376
20151118 113633 8377
20151118 113633 8377
20151118 113634 8377
20151118 113649 8376
20151118 113651 8376
20151118 113720 8376
20151118 113721 8378
20151118 113725 8351
20151118 113738 8349
20151118 113742 8375
20151118 113743 8374
20151118 113743 8374
20151118 113743 8375
20151118 113744 8374
20151118 113756 8322
20151118 113756 8371
20151118 113756 8371
20151118 113756 8371
20151118 113756 8372
20151118 113758 8371
20151118 113759 8371
20151118 113759 8371
20151118 113759 8371
20151118 113804 8371
20151118 113804 8371
20151118 113804 8371
20151118 113804 8371
20151118 113810 8372
20151118 113810 8372
20151118 113837 8371
20151118 113853 8372
20151118 113853 8372
20151118 113853 8372
20151118 113853 8372
20151118 113853 8372
20151118 113853 8372
20151118 113853 8372
20151118 113853 8372
20151118 113853 8373
20151118 113853 8373
20151118 113853 8373
20151118 113853 8373
20151118 113853 8373
20151118 113853 8373
20151118 113856 8348
20151118 113924 8348
20151118 114017 8374
20151118 114020 8322
20151118 114059 8349
20151118 114354 8321
20151118 114354 8321
20151118 114354 8372
20151118 114354 8372
20151118 114354 8372
20151118 114354 8372
20151118 114354 8372
20151118 114354 8372
20151118 114354 8372
20151118 114358 8372
20151118 114401 8372
20151118 114417 8372
20151118 114417 8372
20151118 114420 8373
20151118 114420 8373
20151118 114420 8373
20151118 114420 8373
20151118 114420 8373
20151118 114420 8373
20151118 114510 8345
20151118 114649 8349
20151118 114706 8375
20151118 114708 8374
20151118 114715 8374
20151118 114810 8374
20151118 114810 8374
20151118 114816 8323
20151118 114816 8350
20151118 114825 8376
20151118 114825 8376
20151118 114920 8377
20151118 115104 8377
20151118 115110 8378
20151118 115110 8378
20151118 115110 8378
20151118 115110 8378
20151118 115111 8378
20151118 115113 8378
20151118 115114 8378
20151118 115118 8377
20151118 115246 8352
20151118 115250 8324
20151118 115250 8324
20151118 115250 8351
20151118 115250 8351
20151118 115302 8378
20151118 115302 8378
20151118 115302 8378
20151118 115302 8378
20151118 115302 8378
20151118 115302 8378
20151118 115407 8377
20151118 115407 8377
20151118 115407 8377
20151118 115407 8377
20151118 115417 8377
20151118 115436 8324
20151118 115507 8350
20151118 115540 8378
20151118 115540 8378
20151118 115540 8378
20151118 115540 8378
20151118 115540 8378
20151118 115540 8378
20151118 115540 8378
20151118 115540 8378
20151118 115540 8378
20151118 115552 8377
20151118 115552 8377
20151118 115602 8352
20151118 115757 8380
20151118 115822 8354
20151118 120044 8354
20151118 120045 8382
20151118 120045 8382
20151118 120045 8382
20151118 120047 8382
20151118 120047 8382
20151118 120047 8382
20151118 120049 8354
20151118 120055 8353
20151118 120055 8381
20151118 120059 8381
20151118 120100 8381
20151118 120120 8353
20151118 120205 8378
20151118 120205 8378
20151118 120219 8377
20151118 120219 8377
20151118 120219 8377
20151118 120223 8377
20151118 120241 8378
20151118 120322 8378
20151118 120324 8378
20151118 120324 8378
20151118 120401 8377
20151118 120425 8378
20151118 120432 8378
20151118 120433 8378
20151118 120434 8378
20151118 120434 8378
20151118 120434 8378
20151118 120503 8379
20151118 120503 8379
20151118 120514 8378
20151118 120545 8379
20151118 120554 8379
20151118 120630 8379
20151118 120729 8379
20151118 121041 8327
20151118 121041 8328
20151118 121041 8328
20151118 121041 8380
20151118 121041 8380
20151118 121103 8379
20151118 121117 8379
20151118 121126 8379
20151118 121127 8325
20151118 121138 8379
20151118 121141 8352
20151118 121235 8326
20151118 121235 8353
20151118 121305 8378
20151118 121330 8379
20151118 121408 8378
20151118 121409 8378
20151118 121438 8376
20151118 121439 8376
20151118 121439 8376
20151118 121439 8376
20151118 121441 8376
20151118 121441 8376
20151118 121445 8376
20151118 121451 8376
20151118 121548 8376
20151118 121551 8375
20151118 121551 8375
20151118 121551 8375
20151118 121551 8375
20151118 121551 8375
20151118 121551 8375
20151118 121706 8373
20151118 121711 8373
20151118 121711 8373
20151118 121716 8373
20151118 121719 8373
20151118 121719 8373
20151118 121721 8373
20151118 121721 8373
20151118 121723 8373
20151118 121808 8372
20151118 121810 8372
20151118 121811 8372
20151118 121821 8373
20151118 121821 8373
20151118 122117 8374
20151118 122117 8374
20151118 122117 8374
20151118 122117 8374
20151118 122127 8374
20151118 122129 8374
20151118 122130 8374
20151118 122138 8374
20151118 122141 8374
20151118 122141 8374
20151118 122147 8374
20151118 122147 8374
20151118 122200 8374
20151118 122200 8374
20151118 122202 8374
20151118 122205 8374
20151118 122224 8374
20151118 122224 8374
20151118 122227 8374
20151118 122227 8374
20151118 122229 8374
20151118 122229 8374
20151118 122336 8373
20151118 122343 8374
20151118 122343 8374
20151118 122345 8349
20151118 122345 8373
20151118 122345 8373
20151118 122428 8373
20151118 122456 8348
20151118 122519 8349
20151118 122544 8374
20151118 122556 8348
20151118 122606 8374
20151118 122652 8374
20151118 122752 8324
20151118 122941 8375
20151118 122943 8374
20151118 122943 8374
20151118 123020 8374
20151118 123023 8375
20151118 123027 8374
20151118 123027 8374
20151118 123027 8374
20151118 123038 8373
20151118 123038 8373
20151118 123045 8374
20151118 123045 8374
20151118 123055 8324
20151118 123055 8348
20151118 123203 8348
20151118 123203 8375
20151118 123436 8378
20151118 123526 8352
20151118 123608 8351
20151118 123608 8351
20151118 123618 8378
20151118 123645 8378
20151118 123649 8352
20151118 123836 8379
20151118 123839 8379
20151118 123841 8379
20151118 123841 8379
20151118 123917 8379
20151118 123923 8379
20151118 123927 8327
20151118 123930 8379
20151118 123932 8379
20151118 124015 8355
20151118 124039 8380
20151118 124108 8376
20151118 124200 8375
20151118 124201 8375
20151118 124230 8375
20151118 124329 8373
20151118 124335 8372
20151118 124341 8371
20151118 124341 8371
20151118 124345 8320
20151118 124345 8344
20151118 124345 8369
20151118 124345 8369
20151118 124345 8369
20151118 124345 8369
20151118 124345 8369
20151118 124345 8369
20151118 124345 8369
20151118 124345 8369
20151118 124345 8369
20151118 124345 8369
20151118 124345 8369
20151118 124345 8369
20151118 124345 8369
20151118 124345 8370
20151118 124345 8370
20151118 124345 8370
20151118 124345 8370
20151118 124345 8370
20151118 124345 8370
20151118 124345 8370
20151118 124345 8370
20151118 124345 8370
20151118 124345 8370
20151118 124346 8369
20151118 124347 8369
20151118 124347 8369
20151118 124347 8369
20151118 124348 8369
20151118 124349 8318
20151118 124349 8368
20151118 124349 8368
20151118 124351 8368
20151118 124352 8368
20151118 124354 8368
20151118 124354 8368
20151118 124357 8343
20151118 124357 8367
20151118 124357 8367
20151118 124401 8366
20151118 124401 8366
20151118 124404 8366
20151118 124404 8366
20151118 124410 8343
20151118 124412 8367
20151118 124413 8367
20151118 124413 8367
20151118 124413 8367
20151118 124413 8367
20151118 124413 8367
20151118 124413 8367
20151118 124413 8368
20151118 124415 8366
20151118 124416 8366
20151118 124420 8367
20151118 124422 8367
20151118 124422 8367
20151118 124424 8367
20151118 124425 8367
20151118 124441 8368
20151118 124446 8344
20151118 124526 8346
20151118 124650 8344
20151118 124804 8367
20151118 124828 8364
20151118 124830 8363
20151118 124832 8362
20151118 124832 8362
20151118 124832 8362
20151118 124833 8362
20151118 124833 8362
20151118 124833 8362
20151118 124833 8362
20151118 124834 8362
20151118 124834 8362
20151118 124834 8362
20151118 124834 8362
20151118 124834 8362
20151118 124834 8362
20151118 124834 8362
20151118 124834 8362
20151118 124834 8362
20151118 124835 8362
20151118 124835 8362
20151118 124835 8362
20151118 124835 8362
20151118 124837 8337
20151118 124837 8337
20151118 124837 8337
20151118 124847 8311
20151118 124847 8336
20151118 124850 8336
20151118 124850 8357
20151118 124854 8352
20151118 124854 8353
20151118 124854 8353
20151118 124854 8353
20151118 124854 8353
20151118 124854 8353
20151118 124854 8355
20151118 124855 8351
20151118 124855 8351
20151118 124855 8351
20151118 124855 8351
20151118 124855 8351
20151118 124855 8352
20151118 124855 8352
20151118 124855 8352
20151118 124855 8352
20151118 124855 8352
20151118 124855 8352
20151118 124855 8352
20151118 124859 8357
20151118 124859 8357
20151118 124859 8357
20151118 124859 8358
20151118 124859 8358
20151118 124859 8358
20151118 124915 8352
20151118 124927 8339
20151118 124928 8329
20151118 124928 8329
20151118 124928 8329
20151118 124928 8348
20151118 124928 8348
20151118 124929 8347
20151118 124933 8327
20151118 124938 8326
20151118 124945 8350
20151118 124953 8327
20151118 125000 8325
20151118 125000 8325
20151118 125005 8298
20151118 125005 8323
20151118 125006 8297
20151118 125006 8322
20151118 125010 8331
20151118 125011 8295
20151118 125011 8320
20151118 125022 8341
20151118 125023 8342
20151118 125023 8343
20151118 125023 8343
20151118 125023 8343
20151118 125023 8343
20151118 125023 8343
20151118 125023 8343
20151118 125023 8343
20151118 125023 8343
20151118 125023 8343
20151118 125023 8343
20151118 125023 8343
20151118 125023 8343
20151118 125023 8343
20151118 125023 8343
20151118 125023 8343
20151118 125023 8343
20151118 125023 8344
20151118 125023 8344
20151118 125023 8344
20151118 125023 8344
20151118 125023 8344
20151118 125023 8344
20151118 125024 8342
20151118 125024 8342
20151118 125024 8342
20151118 125024 8342
20151118 125024 8343
20151118 125032 8326
20151118 125040 8322
20151118 125042 8321
20151118 125042 8321
20151118 125048 8322
20151118 125101 8329
20151118 125102 8325
20151118 125123 8327
20151118 125123 8327
20151118 125129 8346
20151118 125129 8346
20151118 125129 8346
20151118 125129 8346
20151118 125129 8346
20151118 125149 8322
20151118 125158 8344
20151118 125159 8344
20151118 125204 8322
20151118 125204 8322
20151118 125204 8343
20151118 125209 8342
20151118 125211 8342
20151118 125216 8343
20151118 125216 8343
20151118 125217 8343
20151118 125217 8343
20151118 125221 8322
20151118 125221 8343
20151118 125222 8343
20151118 125222 8343
20151118 125224 8343
20151118 125225 8342
20151118 125225 8342
20151118 125225 8342
20151118 125225 8342
20151118 125227 8343
20151118 125227 8343
20151118 125227 8343
20151118 125227 8343
20151118 125230 8340
20151118 125230 8340
20151118 125230 8340
20151118 125230 8340
20151118 125230 8340
20151118 125230 8340
20151118 125230 8341
20151118 125230 8341
20151118 125231 8320
20151118 125231 8320
20151118 125235 8339
20151118 125235 8339
20151118 125235 8339
20151118 125235 8339
20151118 125236 8339
20151118 125236 8339
20151118 125237 8339
20151118 125237 8339
20151118 125239 8317
20151118 125241 8318
20151118 125243 8336
20151118 125243 8336
20151118 125243 8336
20151118 125255 8315
20151118 125305 8341
20151118 125310 8321
20151118 125312 8319
20151118 125319 8319
20151118 125332 8342
20151118 125343 8294
20151118 125343 8322
20151118 125350 8322
20151118 125434 8342
20151118 125434 8342
20151118 125434 8343
20151118 125439 8323
20151118 125457 8343
20151118 125457 8343
20151118 125457 8343
20151118 125457 8344
20151118 125513 8324
20151118 125628 8324
20151118 125648 8324
20151118 125714 8321
20151118 125737 8295
20151118 125747 8345
20151118 125830 8343
20151118 125830 8343
20151118 125831 8295
20151118 125831 8320
20151118 125845 8295
20151118 125845 8320
20151118 125854 8338
20151118 125855 8338
20151118 125901 8338
20151118 125904 8325
20151118 125904 8336
20151118 125904 8336
20151118 125904 8336
20151118 125904 8336
20151118 125904 8336
20151118 125905 8292
20151118 125905 8292
20151118 125905 8292
20151118 125905 8292
20151118 125905 8292
20151118 125905 8292
20151118 125905 8292
20151118 125905 8292
20151118 125905 8292
20151118 125905 8293
20151118 125905 8293
20151118 125905 8293
20151118 125905 8317
20151118 125905 8317
20151118 125905 8317
20151118 125905 8317
20151118 125905 8317
20151118 125905 8317
20151118 125905 8317
20151118 125905 8317
20151118 125905 8317
20151118 125905 8318
20151118 125905 8318
20151118 125905 8318
20151118 125906 8290
20151118 125924 8290
20151118 125944 8319
20151118 125952 8321
20151118 125953 8321
20151118 125958 8321
20151118 125958 8321
20151118 130005 8321
20151118 130009 8290
20151118 130009 8316
20151118 130009 8316
20151118 130012 8314
20151118 130013 8314
20151118 130017 8323
20151118 130020 8324
20151118 130020 8329
20151118 130020 8329
20151118 130020 8330
20151118 130020 8330
20151118 130020 8330
20151118 130020 8331
20151118 130020 8335
20151118 130020 8336
20151118 130020 8336
20151118 130020 8336
20151118 130020 8336
20151118 130021 8290
20151118 130021 8316
20151118 130021 8329
20151118 130021 8333
20151118 130021 8333
20151118 130021 8334
20151118 130022 8332
20151118 130026 8317
20151118 130026 8318
20151118 130030 8318
20151118 130030 8318
20151118 130031 8292
20151118 130031 8318
20151118 130039 8290
20151118 130039 8316
20151118 130041 8291
20151118 130041 8317
20151118 130105 8333
20151118 130111 8288
20151118 130111 8316
20151118 130122 8322
20151118 130138 8318
20151118 130142 8293
20151118 130142 8319
20151118 130158 8319
20151118 130202 8319
20151118 130213 8320
20151118 130213 8321
20151118 130236 8321
20151118 130303 8342
20151118 130311 8343
20151118 130311 8343
20151118 130315 8342
20151118 130348 8318
20151118 130348 8318
20151118 130348 8318
20151118 130348 8318
20151118 130404 8323
20151118 130419 8341
20151118 130421 8319
20151118 130436 8294
20151118 130436 8320
20151118 130445 8320
20151118 130450 8293
20151118 130450 8319
20151118 130501 8318
20151118 130501 8318
20151118 130503 8316
20151118 130532 8313
20151118 130532 8322
20151118 130555 8322
20151118 130600 8312
20151118 130600 8337
20151118 130617 8311
20151118 130621 8311
20151118 130625 8322
20151118 130712 8308
20151118 130721 8308
20151118 130723 8283
20151118 130726 8307
20151118 130742 8307
20151118 130751 8331
20151118 130755 8330
20151118 130757 8306
20151118 130904 8277
20151118 130904 8302
20151118 130913 8277
20151118 130926 8302
20151118 130926 8302
20151118 130950 8328
20151118 130950 8329
20151118 130950 8329
20151118 131110 8307
20151118 131133 8280
20151118 131133 8308
20151118 131142 8331
20151118 131204 8306
20151118 131221 8307
20151118 131456 8310
20151118 131457 8315
20151118 131457 8315
20151118 131501 8316
20151118 131501 8336
20151118 131528 8310
20151118 131559 8309
20151118 131559 8334
20151118 131600 8334
20151118 131623 8334
20151118 131646 8332
20151118 131710 8313
20151118 131806 8308
20151118 131811 8308
20151118 131811 8308
20151118 131846 8306
20151118 131847 8306
20151118 131857 8280
20151118 131857 8305
20151118 131857 8305
20151118 131857 8305
20151118 131857 8305
20151118 131901 8333
20151118 131904 8281
20151118 131904 8306
20151118 131915 8312
20151118 131943 8308
20151118 131953 8312
20151118 132000 8335
20151118 132000 8335
20151118 132001 8335
20151118 132006 8335
20151118 132012 8335
20151118 132013 8335
20151118 132015 8314
20151118 132015 8335
20151118 132044 8314
20151118 132051 8335
20151118 132058 8315
20151118 132058 8315
20151118 132058 8315
20151118 132100 8311
20151118 132101 8311
20151118 132102 8315
20151118 132117 8312
20151118 132117 8312
20151118 132130 8318
20151118 132133 8318
20151118 132135 8335
20151118 132144 8335
20151118 132208 8289
20151118 132208 8314
20151118 132229 8335
20151118 132246 8315
20151118 132300 8334
20151118 132332 8326
20151118 132343 8335
20151118 132446 8324
20151118 132456 8315
20151118 132456 8315
20151118 132502 8334
20151118 132502 8336
20151118 132502 8336
20151118 132502 8336
20151118 132508 8336
20151118 132513 8324
20151118 132549 8336
20151118 132551 8325
20151118 132552 8335
20151118 132553 8335
20151118 132553 8336
20151118 132557 8335
20151118 132557 8336
20151118 132557 8336
20151118 132557 8336
20151118 132558 8335
20151118 132558 8336
20151118 132558 8336
20151118 132559 8334
20151118 132559 8335
20151118 132559 8336
20151118 132559 8336
20151118 132600 8334
20151118 132600 8336
20151118 132600 8336
20151118 132600 8336
20151118 132600 8336
20151118 132600 8336
20151118 132600 8336
20151118 132600 8336
20151118 132600 8336
20151118 132600 8336
20151118 132600 8336
20151118 132601 8323
20151118 132601 8336
20151118 132601 8336
20151118 132602 8334
20151118 132602 8335
20151118 132602 8336
20151118 132602 8336
20151118 132603 8336
20151118 132603 8336
20151118 132603 8336
20151118 132603 8336
20151118 132603 8336
20151118 132604 8334
20151118 132604 8335
20151118 132604 8336
20151118 132604 8336
20151118 132605 8334
20151118 132605 8334
20151118 132605 8334
20151118 132605 8335
20151118 132605 8335
20151118 132605 8335
20151118 132605 8336
20151118 132607 8335
20151118 132607 8336
20151118 132620 8315
20151118 132620 8324
20151118 132621 8322
20151118 132622 8335
20151118 132646 8335
20151118 132646 8335
20151118 132646 8335
20151118 132657 8335
20151118 132714 8315
20151118 132742 8334
20151118 132807 8289
20151118 132807 8314
20151118 132815 8335
20151118 132833 8325
20151118 132833 8325
20151118 132833 8325
20151118 132842 8335
20151118 132842 8335
20151118 132842 8335
20151118 132900 8335
20151118 132903 8334
20151118 132922 8285
20151118 133007 8321
20151118 133017 8307
20151118 133051 8305
20151118 133154 8303
20151118 133158 8274
20151118 133158 8275
20151118 133158 8303
20151118 133209 8303
20151118 133213 8299
20151118 133213 8299
20151118 133213 8300
20151118 133213 8300
20151118 133214 8298
20151118 133214 8298
20151118 133214 8310
20151118 133220 8296
20151118 133220 8296
20151118 133220 8296
20151118 133220 8296
20151118 133224 8269
20151118 133224 8294
20151118 133239 8294
20151118 133246 8267
20151118 133246 8295
20151118 133310 8291
20151118 133310 8291
20151118 133310 8304
20151118 133315 8288
20151118 133315 8288
20151118 133316 8262
20151118 133316 8287
20151118 133317 8260
20151118 133317 8285
20151118 133402 8269
20151118 133402 8297
20151118 133407 8272
20151118 133407 8273
20151118 133407 8273
20151118 133407 8273
20151118 133407 8300
20151118 133407 8301
20151118 133407 8301
20151118 133407 8301
20151118 133407 8303
20151118 133410 8273
20151118 133410 8301
20151118 133434 8305
20151118 133439 8304
20151118 133451 8316
20151118 133513 8275
20151118 133515 8303
20151118 133531 8304
20151118 133542 8302
20151118 133610 8300
20151118 133615 8299
20151118 133641 8275
20151118 133643 8303
20151118 133657 8304
20151118 133709 8313
20151118 133709 8313
20151118 133716 8306
20151118 133720 8305
20151118 133748 8276
20151118 133806 8274
20151118 133806 8274
20151118 133806 8302
20151118 133806 8302
20151118 133907 8300
20151118 133924 8270
20151118 133924 8295
20151118 133928 8269
20151118 133928 8294
20151118 133931 8300
20151118 133933 8266
20151118 133933 8291
20151118 133933 8291
20151118 133947 8295
20151118 134005 8294
20151118 134005 8296
20151118 134014 8295
20151118 134015 8295
20151118 134021 8293
20151118 134029 8291
20151118 134033 8266
20151118 134033 8291
20151118 134034 8290
20151118 134034 8291
20151118 134035 8265
20151118 134035 8290
20151118 134035 8290
20151118 134104 8294
20151118 134115 8290
20151118 134118 8290
20151118 134126 8288
20151118 134131 8288
20151118 134142 8260
20151118 134200 8293
20151118 134201 8294
20151118 134237 8289
20151118 134237 8289
20151118 134237 8289
20151118 134251 8292
20151118 134258 8289
20151118 134258 8291
20151118 134304 8289
20151118 134308 8287
20151118 134308 8287
20151118 134314 8260
20151118 134314 8260
20151118 134314 8285
20151118 134314 8286
20151118 134314 8286
20151118 134314 8286
20151118 134321 8286
20151118 134329 8257
20151118 134329 8283
20151118 134329 8283
20151118 134330 8282
20151118 134331 8282
20151118 134331 8282
20151118 134331 8282
20151118 134331 8282
20151118 134332 8255
20151118 134332 8281
20151118 134336 8279
20151118 134337 8279
20151118 134337 8280
20151118 134345 8281
20151118 134345 8283
20151118 134348 8281
20151118 134355 8284
20151118 134400 8284
20151118 134414 8256
20151118 134414 8284
20151118 134419 8296
20151118 134422 8282
20151118 134438 8282
20151118 134440 8253
20151118 134440 8281
20151118 134442 8289
20151118 134448 8278
20151118 134455 8276
20151118 134455 8276
20151118 134456 8276
20151118 134456 8276
20151118 134456 8279
