20151105 084502 8879
20151105 084503 8870
20151105 084503 8874
20151105 084503 8874
20151105 084503 8874
20151105 084503 8876
20151105 084505 8872
20151105 084506 8871
20151105 084506 8872
20151105 084511 8871
20151105 084512 8871
20151105 084513 8871
20151105 084514 8872
20151105 084517 8874
20151105 084518 8875
20151105 084523 8875
20151105 084524 8875
20151105 084524 8875
20151105 084540 8873
20151105 084542 8872
20151105 084544 8871
20151105 084545 8871
20151105 084556 8872
20151105 084559 8871
20151105 084600 8870
20151105 084600 8870
20151105 084600 8870
20151105 084602 8868
20151105 084604 8869
20151105 084604 8871
20151105 084606 8869
20151105 084615 8857
20151105 084630 8867
20151105 084631 8867
20151105 084635 8867
20151105 084637 8866
20151105 084640 8865
20151105 084640 8865
20151105 084640 8866
20151105 084640 8866
20151105 084643 8867
20151105 084651 8868
20151105 084657 8867
20151105 084701 8867
20151105 084704 8867
20151105 084705 8867
20151105 084711 8874
20151105 084721 8873
20151105 084722 8867
20151105 084729 8867
20151105 084731 8867
20151105 084734 8868
20151105 084740 8869
20151105 084748 8870
20151105 084748 8870
20151105 084748 8870
20151105 084749 8870
20151105 084754 8872
20151105 084805 8873
20151105 084805 8873
20151105 084809 8874
20151105 084814 8874
20151105 084822 8875
20151105 084822 8875
20151105 084822 8876
20151105 084826 8877
20151105 084828 8876
20151105 084828 8877
20151105 084834 8876
20151105 084835 8876
20151105 084835 8876
20151105 084844 8867
20151105 084935 8881
20151105 084956 8881
20151105 084956 8882
20151105 084957 8882
20151105 084957 8882
20151105 085007 8884
20151105 085016 8885
20151105 085018 8885
20151105 085024 8883
20151105 085024 8883
20151105 085031 8883
20151105 085031 8883
20151105 085032 8882
20151105 085032 8882
20151105 085032 8882
20151105 085034 8881
20151105 085034 8881
20151105 085035 8881
20151105 085038 8881
20151105 085038 8882
20151105 085039 8882
20151105 085041 8882
20151105 085056 8882
20151105 085058 8881
20151105 085101 8873
20151105 085101 8888
20151105 085110 8882
20151105 085128 8882
20151105 085137 8884
20151105 085137 8884
20151105 085139 8884
20151105 085143 8885
20151105 085144 8886
20151105 085144 8886
20151105 085150 8889
20151105 085152 8890
20151105 085152 8890
20151105 085152 8890
20151105 085152 8894
20151105 085209 8886
20151105 085209 8886
20151105 085215 8887
20151105 085215 8887
20151105 085222 8884
20151105 085236 8887
20151105 085244 8895
20151105 085245 8895
20151105 085245 8895
20151105 085246 8890
20151105 085246 8890
20151105 085247 8891
20151105 085248 8891
20151105 085251 8890
20151105 085256 8890
20151105 085300 8890
20151105 085315 8889
20151105 085327 8890
20151105 085329 8890
20151105 085336 8895
20151105 085402 8886
20151105 085406 8886
20151105 085413 8885
20151105 085414 8885
20151105 085417 8885
20151105 085427 8876
20151105 085450 8886
20151105 085500 8883
20151105 085525 8878
20151105 085525 8893
20151105 085546 8886
20151105 085629 8884
20151105 085657 8875
20151105 085657 8890
20151105 085704 8890
20151105 085708 8890
20151105 085721 8882
20151105 085721 8882
20151105 085723 8882
20151105 085723 8882
20151105 085725 8890
20151105 085756 8883
20151105 085803 8888
20151105 085830 8876
20151105 085846 8886
20151105 085858 8880
20151105 085901 8880
20151105 085956 8870
20151105 090000 8877
20151105 090001 8876
20151105 090001 8876
20151105 090001 8876
20151105 090001 8877
20151105 090002 8876
20151105 090005 8875
20151105 090010 8873
20151105 090011 8873
20151105 090012 8872
20151105 090012 8872
20151105 090012 8872
20151105 090013 8872
20151105 090013 8872
20151105 090013 8872
20151105 090014 8871
20151105 090014 8871
20151105 090014 8871
20151105 090014 8871
20151105 090015 8872
20151105 090017 8878
20151105 090024 8882
20151105 090027 8883
20151105 090027 8883
20151105 090028 8883
20151105 090029 8883
20151105 090033 8885
20151105 090033 8885
20151105 090040 8880
20151105 090041 8879
20151105 090052 8876
20151105 090053 8870
20151105 090054 8875
20151105 090057 8870
20151105 090105 8875
20151105 090112 8872
20151105 090113 8871
20151105 090114 8866
20151105 090118 8869
20151105 090118 8869
20151105 090118 8869
20151105 090118 8869
20151105 090118 8869
20151105 090119 8869
20151105 090120 8868
20151105 090120 8868
20151105 090123 8868
20151105 090123 8869
20151105 090124 8868
20151105 090125 8864
20151105 090130 8872
20151105 090132 8872
20151105 090143 8870
20151105 090146 8868
20151105 090146 8868
20151105 090146 8868
20151105 090154 8871
20151105 090204 8872
20151105 090214 8870
20151105 090216 8869
20151105 090220 8869
20151105 090222 8870
20151105 090223 8869
20151105 090226 8869
20151105 090236 8870
20151105 090238 8870
20151105 090255 8870
20151105 090256 8868
20151105 090256 8868
20151105 090256 8868
20151105 090256 8868
20151105 090256 8868
20151105 090256 8870
20151105 090256 8870
20151105 090257 8867
20151105 090258 8864
20151105 090258 8864
20151105 090258 8867
20151105 090258 8867
20151105 090258 8867
20151105 090259 8867
20151105 090300 8866
20151105 090301 8864
20151105 090301 8865
20151105 090301 8866
20151105 090301 8867
20151105 090302 8865
20151105 090302 8865
20151105 090302 8865
20151105 090315 8869
20151105 090316 8869
20151105 090316 8869
20151105 090318 8869
20151105 090350 8870
20151105 090358 8867
20151105 090358 8868
20151105 090400 8866
20151105 090400 8866
20151105 090400 8866
20151105 090402 8865
20151105 090403 8865
20151105 090404 8865
20151105 090405 8865
20151105 090406 8865
20151105 090406 8866
20151105 090418 8870
20151105 090419 8869
20151105 090422 8870
20151105 090423 8869
20151105 090442 8867
20151105 090443 8867
20151105 090446 8867
20151105 090458 8866
20151105 090459 8866
20151105 090502 8866
20151105 090508 8871
20151105 090510 8874
20151105 090514 8874
20151105 090516 8875
20151105 090516 8875
20151105 090516 8875
20151105 090521 8874
20151105 090525 8874
20151105 090533 8873
20151105 090535 8874
20151105 090541 8873
20151105 090541 8873
20151105 090542 8872
20151105 090545 8872
20151105 090547 8874
20151105 090552 8871
20151105 090552 8872
20151105 090552 8872
20151105 090552 8872
20151105 090552 8872
20151105 090553 8873
20151105 090553 8873
20151105 090605 8867
20151105 090607 8867
20151105 090616 8868
20151105 090628 8863
20151105 090628 8863
20151105 090628 8863
20151105 090628 8863
20151105 090628 8863
20151105 090628 8863
20151105 090628 8864
20151105 090628 8864
20151105 090628 8864
20151105 090628 8864
20151105 090628 8864
20151105 090628 8865
20151105 090629 8861
20151105 090629 8861
20151105 090629 8861
20151105 090629 8861
20151105 090629 8862
20151105 090629 8862
20151105 090629 8862
20151105 090629 8862
20151105 090629 8862
20151105 090629 8862
20151105 090629 8862
20151105 090629 8862
20151105 090629 8862
20151105 090629 8862
20151105 090629 8862
20151105 090629 8862
20151105 090629 8862
20151105 090629 8862
20151105 090629 8862
20151105 090629 8862
20151105 090629 8862
20151105 090629 8862
20151105 090629 8862
20151105 090629 8862
20151105 090638 8857
20151105 090638 8858
20151105 090638 8858
20151105 090638 8858
20151105 090638 8858
20151105 090638 8859
20151105 090638 8859
20151105 090638 8859
20151105 090638 8859
20151105 090638 8860
20151105 090638 8860
20151105 090638 8860
20151105 090638 8860
20151105 090639 8857
20151105 090639 8857
20151105 090644 8862
20151105 090648 8857
20151105 090652 8857
20151105 090652 8859
20151105 090656 8858
20151105 090712 8855
20151105 090712 8856
20151105 090712 8856
20151105 090712 8856
20151105 090712 8856
20151105 090716 8856
20151105 090718 8856
20151105 090719 8852
20151105 090719 8856
20151105 090721 8856
20151105 090722 8856
20151105 090722 8856
20151105 090722 8856
20151105 090722 8856
20151105 090726 8858
20151105 090726 8858
20151105 090726 8859
20151105 090730 8856
20151105 090730 8859
20151105 090738 8859
20151105 090750 8855
20151105 090758 8857
20151105 090800 8858
20151105 090818 8856
20151105 090820 8858
20151105 090825 8859
20151105 090825 8859
20151105 090828 8855
20151105 090828 8861
20151105 090837 8863
20151105 090858 8859
20151105 090858 8860
20151105 090859 8854
20151105 090859 8858
20151105 090859 8858
20151105 090903 8856
20151105 090904 8855
20151105 090904 8856
20151105 090904 8856
20151105 090905 8854
20151105 090905 8854
20151105 090905 8854
20151105 090905 8854
20151105 090906 8853
20151105 090909 8851
20151105 090909 8851
20151105 090909 8851
20151105 090909 8851
20151105 090909 8851
20151105 090909 8851
20151105 090909 8851
20151105 090909 8852
20151105 090909 8852
20151105 090909 8852
20151105 090909 8852
20151105 090909 8853
20151105 090910 8851
20151105 090910 8851
20151105 090910 8853
20151105 090910 8853
20151105 090914 8854
20151105 090916 8852
20151105 090916 8853
20151105 090917 8851
20151105 090917 8853
20151105 090918 8853
20151105 090919 8851
20151105 090919 8851
20151105 090920 8851
20151105 090920 8851
20151105 090922 8851
20151105 090923 8851
20151105 090929 8849
20151105 090929 8849
20151105 090929 8851
20151105 090931 8849
20151105 090931 8849
20151105 090931 8849
20151105 090931 8850
20151105 090931 8850
20151105 090935 8851
20151105 090936 8850
20151105 090937 8849
20151105 090939 8846
20151105 090939 8846
20151105 090939 8846
20151105 090939 8846
20151105 090939 8846
20151105 090939 8846
20151105 090939 8847
20151105 090940 8846
20151105 090940 8846
20151105 090940 8846
20151105 090940 8846
20151105 090940 8846
20151105 090940 8846
20151105 090940 8846
20151105 090940 8846
20151105 090941 8845
20151105 090944 8846
20151105 090954 8844
20151105 090955 8845
20151105 090955 8845
20151105 090956 8843
20151105 090956 8843
20151105 090956 8844
20151105 090958 8843
20151105 090959 8843
20151105 090959 8844
20151105 091000 8841
20151105 091000 8841
20151105 091000 8841
20151105 091000 8841
20151105 091000 8841
20151105 091000 8842
20151105 091000 8842
20151105 091000 8843
20151105 091001 8841
20151105 091001 8841
20151105 091001 8841
20151105 091001 8841
20151105 091001 8841
20151105 091001 8841
20151105 091001 8841
20151105 091001 8841
20151105 091001 8841
20151105 091001 8841
20151105 091001 8841
20151105 091001 8841
20151105 091001 8841
20151105 091001 8843
20151105 091002 8842
20151105 091006 8843
20151105 091016 8845
20151105 091016 8845
20151105 091016 8845
20151105 091018 8846
20151105 091020 8848
20151105 091020 8848
20151105 091020 8848
20151105 091020 8848
20151105 091020 8848
20151105 091020 8848
20151105 091021 8848
20151105 091022 8843
20151105 091023 8857
20151105 091038 8846
20151105 091040 8846
20151105 091040 8847
20151105 091043 8846
20151105 091045 8848
20151105 091055 8850
20151105 091055 8850
20151105 091055 8857
20151105 091056 8851
20151105 091059 8852
20151105 091108 8843
20151105 091109 8846
20151105 091109 8846
20151105 091109 8846
20151105 091109 8847
20151105 091113 8849
20151105 091114 8847
20151105 091115 8848
20151105 091116 8849
20151105 091133 8847
20151105 091146 8848
20151105 091146 8849
20151105 091154 8849
20151105 091215 8849
20151105 091215 8849
20151105 091216 8849
20151105 091216 8849
20151105 091216 8849
20151105 091217 8841
20151105 091217 8849
20151105 091217 8849
20151105 091217 8849
20151105 091230 8840
20151105 091236 8847
20151105 091236 8847
20151105 091248 8845
20151105 091248 8846
20151105 091248 8846
20151105 091248 8846
20151105 091248 8846
20151105 091248 8846
20151105 091248 8846
20151105 091249 8845
20151105 091249 8845
20151105 091250 8846
20151105 091300 8847
20151105 091329 8840
20151105 091329 8840
20151105 091335 8851
20151105 091336 8853
20151105 091338 8854
20151105 091338 8854
20151105 091338 8854
20151105 091338 8854
20151105 091339 8854
20151105 091350 8856
20151105 091403 8854
20151105 091411 8854
20151105 091414 8858
20151105 091417 8857
20151105 091418 8859
20151105 091419 8850
20151105 091419 8859
20151105 091420 8860
20151105 091421 8859
20151105 091421 8859
20151105 091421 8859
20151105 091421 8868
20151105 091423 8859
20151105 091433 8859
20151105 091439 8858
20151105 091443 8848
20151105 091446 8859
20151105 091446 8859
20151105 091515 8855
20151105 091515 8855
20151105 091515 8855
20151105 091517 8853
20151105 091522 8852
20151105 091523 8845
20151105 091523 8850
20151105 091523 8851
20151105 091523 8851
20151105 091523 8851
20151105 091523 8851
20151105 091523 8852
20151105 091534 8853
20151105 091544 8848
20151105 091547 8850
20151105 091547 8850
20151105 091548 8849
20151105 091548 8849
20151105 091550 8850
20151105 091552 8848
20151105 091554 8847
20151105 091554 8847
20151105 091555 8847
20151105 091555 8847
20151105 091556 8848
20151105 091557 8846
20151105 091557 8846
20151105 091559 8840
20151105 091559 8854
20151105 091606 8850
20151105 091608 8855
20151105 091620 8852
20151105 091622 8852
20151105 091622 8852
20151105 091622 8852
20151105 091636 8853
20151105 091637 8852
20151105 091649 8843
20151105 091652 8860
20151105 091659 8851
20151105 091701 8849
20151105 091706 8850
20151105 091716 8851
20151105 091718 8850
20151105 091720 8842
20151105 091743 8855
20151105 091745 8856
20151105 091745 8857
20151105 091745 8857
20151105 091745 8857
20151105 091745 8857
20151105 091745 8857
20151105 091746 8848
20151105 091746 8848
20151105 091756 8855
20151105 091932 8852
20151105 091946 8853
20151105 091949 8854
20151105 092009 8850
20151105 092010 8850
20151105 092011 8849
20151105 092012 8849
20151105 092018 8847
20151105 092018 8847
20151105 092029 8839
20151105 092051 8840
20151105 092101 8853
20151105 092101 8853
20151105 092103 8853
20151105 092104 8853
20151105 092114 8845
20151105 092115 8855
20151105 092116 8848
20151105 092155 8856
20151105 092159 8856
20151105 092206 8854
20151105 092211 8853
20151105 092225 8845
20151105 092225 8859
20151105 092226 8853
20151105 092241 8858
20151105 092301 8856
20151105 092318 8849
20151105 092335 8853
20151105 092341 8852
20151105 092349 8851
20151105 092410 8852
20151105 092416 8851
20151105 092419 8849
20151105 092419 8849
20151105 092425 8845
20151105 092441 8856
20151105 092441 8856
20151105 092445 8858
20151105 092452 8857
20151105 092453 8859
20151105 092454 8849
20151105 092501 8855
20151105 092536 8851
20151105 092536 8855
20151105 092601 8853
20151105 092612 8846
20151105 092612 8860
20151105 092624 8856
20151105 092624 8856
20151105 092630 8854
20151105 092650 8852
20151105 092656 8851
20151105 092658 8851
20151105 092659 8851
20151105 092700 8858
20151105 092701 8849
20151105 092701 8849
20151105 092701 8849
20151105 092703 8850
20151105 092806 8852
20151105 092812 8853
20151105 092812 8860
20151105 092827 8850
20151105 092830 8858
20151105 092833 8842
20151105 092833 8842
20151105 092833 8846
20151105 092833 8846
20151105 092834 8845
20151105 092837 8838
20151105 092837 8839
20151105 092837 8839
20151105 092837 8840
20151105 092837 8840
20151105 092837 8841
20151105 092837 8841
20151105 092837 8841
20151105 092837 8842
20151105 092837 8843
20151105 092837 8844
20151105 092837 8844
20151105 092837 8845
20151105 092838 8832
20151105 092838 8833
20151105 092838 8833
20151105 092838 8834
20151105 092838 8834
20151105 092838 8834
20151105 092838 8834
20151105 092838 8835
20151105 092838 8835
20151105 092838 8835
20151105 092838 8835
20151105 092838 8835
20151105 092838 8836
20151105 092838 8836
20151105 092838 8836
20151105 092838 8836
20151105 092838 8836
20151105 092838 8837
20151105 092838 8837
20151105 092838 8837
20151105 092838 8837
20151105 092838 8837
20151105 092838 8838
20151105 092838 8838
20151105 092838 8839
20151105 092838 8839
20151105 092838 8840
20151105 092838 8840
20151105 092838 8840
20151105 092838 8840
20151105 092838 8840
20151105 092838 8840
20151105 092838 8840
20151105 092838 8840
20151105 092838 8840
20151105 092838 8840
20151105 092838 8841
20151105 092838 8841
20151105 092839 8828
20151105 092839 8828
20151105 092839 8832
20151105 092839 8832
20151105 092839 8832
20151105 092839 8832
20151105 092839 8834
20151105 092842 8839
20151105 092854 8839
20151105 092855 8838
20151105 092902 8839
20151105 092902 8846
20151105 092906 8838
20151105 092906 8838
20151105 092907 8832
20151105 092907 8845
20151105 092912 8834
20151105 092912 8835
20151105 092912 8835
20151105 092913 8843
20151105 092924 8836
20151105 092924 8843
20151105 092927 8835
20151105 092929 8836
20151105 092932 8835
20151105 092942 8836
20151105 092943 8835
20151105 092943 8835
20151105 092943 8835
20151105 092943 8835
20151105 092943 8835
20151105 092943 8835
20151105 092943 8835
20151105 092954 8843
20151105 092954 8843
20151105 093000 8833
20151105 093001 8832
20151105 093001 8833
20151105 093003 8831
20151105 093004 8831
20151105 093014 8838
20151105 093014 8838
20151105 093014 8845
20151105 093025 8836
20151105 093040 8839
20151105 093045 8838
20151105 093056 8838
20151105 093111 8841
20151105 093111 8841
20151105 093111 8841
20151105 093111 8842
20151105 093111 8842
20151105 093112 8843
20151105 093113 8843
20151105 093119 8847
20151105 093120 8848
20151105 093142 8847
20151105 093151 8848
20151105 093152 8849
20151105 093152 8849
20151105 093153 8848
20151105 093153 8848
20151105 093153 8849
20151105 093153 8849
20151105 093153 8849
20151105 093204 8845
20151105 093204 8853
20151105 093204 8853
20151105 093208 8855
20151105 093219 8846
20151105 093221 8849
20151105 093226 8850
20151105 093254 8851
20151105 093401 8852
20151105 093401 8852
20151105 093408 8861
20151105 093417 8863
20151105 093437 8853
20151105 093450 8850
20151105 093450 8857
20151105 093455 8857
20151105 093455 8858
20151105 093456 8856
20151105 093500 8850
20151105 093506 8854
20151105 093531 8851
20151105 093531 8858
20151105 093531 8858
20151105 093531 8858
20151105 093534 8866
20151105 093540 8854
20151105 093543 8863
20151105 093544 8850
20151105 093544 8853
20151105 093546 8853
20151105 093559 8855
20151105 093619 8850
20151105 093619 8858
20151105 093619 8858
20151105 093619 8858
20151105 093621 8852
20151105 093622 8860
20151105 093622 8861
20151105 093622 8861
20151105 093622 8861
20151105 093622 8861
20151105 093623 8862
20151105 093623 8862
20151105 093623 8862
20151105 093623 8862
20151105 093638 8859
20151105 093638 8859
20151105 093648 8857
20151105 093648 8857
20151105 093650 8861
20151105 093657 8863
20151105 093657 8863
20151105 093701 8862
20151105 093738 8864
20151105 093741 8864
20151105 093741 8864
20151105 093742 8865
20151105 093743 8865
20151105 093743 8865
20151105 093748 8863
20151105 093751 8864
20151105 093812 8866
20151105 093812 8866
20151105 093832 8866
20151105 093844 8868
20151105 093846 8862
20151105 093846 8869
20151105 093847 8868
20151105 093902 8863
20151105 093902 8871
20151105 093903 8865
20151105 093903 8865
20151105 093903 8871
20151105 093903 8872
20151105 093903 8872
20151105 093914 8869
20151105 093921 8872
20151105 093923 8871
20151105 093923 8871
20151105 093927 8873
20151105 093928 8873
20151105 093929 8873
20151105 093930 8873
20151105 093930 8873
20151105 093931 8874
20151105 093931 8874
20151105 093931 8876
20151105 093931 8876
20151105 093931 8876
20151105 093931 8883
20151105 093931 8883
20151105 093939 8876
20151105 093942 8879
20151105 093946 8880
20151105 093946 8881
20151105 093946 8881
20151105 093946 8881
20151105 093946 8881
20151105 093950 8882
20151105 093951 8882
20151105 093951 8882
20151105 093952 8883
20151105 093952 8883
20151105 093952 8883
20151105 093952 8883
20151105 093952 8883
20151105 093952 8883
20151105 093952 8883
20151105 093952 8883
20151105 093952 8883
20151105 093952 8883
20151105 093953 8882
20151105 093954 8884
20151105 093954 8884
20151105 093957 8876
20151105 094002 8878
20151105 094003 8878
20151105 094003 8878
20151105 094003 8878
20151105 094006 8875
20151105 094008 8870
20151105 094008 8873
20151105 094009 8873
20151105 094010 8876
20151105 094015 8875
20151105 094018 8876
20151105 094018 8883
20151105 094034 8877
20151105 094035 8878
20151105 094041 8870
20151105 094045 8878
20151105 094046 8879
20151105 094056 8877
20151105 094101 8876
20151105 094130 8879
20151105 094130 8889
20151105 094137 8879
20151105 094150 8881
20151105 094159 8882
20151105 094159 8882
20151105 094159 8883
20151105 094159 8883
20151105 094159 8883
20151105 094159 8884
20151105 094159 8884
20151105 094200 8885
20151105 094208 8879
20151105 094210 8878
20151105 094211 8875
20151105 094229 8875
20151105 094229 8875
20151105 094301 8876
20151105 094301 8876
20151105 094306 8877
20151105 094311 8873
20151105 094343 8870
20151105 094349 8881
20151105 094351 8873
20151105 094351 8873
20151105 094420 8883
20151105 094424 8875
20151105 094445 8870
20151105 094502 8875
20151105 094508 8876
20151105 094523 8877
20151105 094523 8877
20151105 094543 8875
20151105 094550 8874
20151105 094551 8873
20151105 094552 8868
20151105 094557 8870
20151105 094626 8878
20151105 094644 8878
20151105 094651 8871
20151105 094729 8870
20151105 094736 8870
20151105 094753 8870
20151105 094754 8873
20151105 094754 8873
20151105 094754 8873
20151105 094759 8874
20151105 094804 8875
20151105 094848 8871
20151105 094851 8871
20151105 094857 8870
20151105 094904 8870
20151105 094904 8870
20151105 094913 8873
20151105 094921 8874
20151105 094935 8870
20151105 095017 8870
20151105 095018 8870
20151105 095037 8869
20151105 095046 8870
20151105 095108 8868
20151105 095111 8867
20151105 095111 8867
20151105 095112 8866
20151105 095112 8866
20151105 095118 8867
20151105 095118 8867
20151105 095119 8865
20151105 095119 8865
20151105 095119 8865
20151105 095120 8867
20151105 095145 8869
20151105 095218 8867
20151105 095230 8869
20151105 095309 8869
20151105 095309 8869
20151105 095315 8869
20151105 095335 8869
20151105 095347 8869
20151105 095351 8870
20151105 095403 8871
20151105 095506 8870
20151105 095541 8870
20151105 095544 8870
20151105 095559 8875
20151105 095600 8875
20151105 095601 8876
20151105 095601 8876
20151105 095601 8883
20151105 095603 8875
20151105 095614 8874
20151105 095654 8872
20151105 095659 8870
20151105 095659 8877
20151105 095659 8877
20151105 095659 8877
20151105 095659 8884
20151105 095700 8878
20151105 095700 8878
20151105 095702 8879
20151105 095706 8879
20151105 095706 8879
20151105 095706 8886
20151105 095706 8886
20151105 095707 8880
20151105 095707 8887
20151105 095710 8881
20151105 095710 8881
20151105 095715 8873
20151105 095739 8877
20151105 095812 8870
20151105 095819 8880
20151105 095819 8881
20151105 095819 8888
20151105 095820 8881
20151105 095820 8881
20151105 095822 8881
20151105 095837 8879
20151105 095856 8871
20151105 095856 8884
20151105 095925 8871
20151105 095925 8884
20151105 095949 8871
20151105 095949 8884
20151105 100031 8884
20151105 100110 8878
20151105 100110 8879
20151105 100114 8879
20151105 100117 8879
20151105 100117 8879
20151105 100257 8875
20151105 100330 8877
20151105 100402 8878
20151105 100402 8879
20151105 100402 8879
20151105 100403 8879
20151105 100407 8875
20151105 100407 8880
20151105 100407 8880
20151105 100407 8880
20151105 100407 8880
20151105 100408 8872
20151105 100408 8881
20151105 100408 8881
20151105 100408 8881
20151105 100408 8881
20151105 100408 8881
20151105 100408 8882
20151105 100408 8882
20151105 100408 8882
20151105 100408 8882
20151105 100408 8882
20151105 100408 8883
20151105 100408 8883
20151105 100408 8883
20151105 100408 8883
20151105 100408 8883
20151105 100408 8883
20151105 100408 8883
20151105 100408 8883
20151105 100408 8883
20151105 100408 8883
20151105 100408 8883
20151105 100409 8879
20151105 100409 8885
20151105 100410 8885
20151105 100414 8880
20151105 100414 8885
20151105 100414 8885
20151105 100415 8885
20151105 100415 8886
20151105 100415 8886
20151105 100415 8887
20151105 100415 8887
20151105 100415 8888
20151105 100415 8888
20151105 100415 8888
20151105 100415 8888
20151105 100415 8888
20151105 100415 8889
20151105 100415 8889
20151105 100415 8889
20151105 100416 8889
20151105 100417 8890
20151105 100417 8890
20151105 100417 8890
20151105 100418 8891
20151105 100418 8891
20151105 100418 8891
20151105 100418 8891
20151105 100418 8891
20151105 100418 8891
20151105 100418 8891
20151105 100418 8892
20151105 100418 8892
20151105 100418 8892
20151105 100418 8892
20151105 100418 8892
20151105 100418 8892
20151105 100418 8892
20151105 100418 8892
20151105 100418 8892
20151105 100418 8892
20151105 100418 8892
20151105 100418 8892
20151105 100418 8892
20151105 100418 8893
20151105 100418 8893
20151105 100418 8893
20151105 100418 8893
20151105 100418 8893
20151105 100418 8893
20151105 100418 8893
20151105 100418 8893
20151105 100418 8893
20151105 100418 8893
20151105 100418 8893
20151105 100418 8893
20151105 100418 8893
20151105 100418 8893
20151105 100418 8893
20151105 100418 8893
20151105 100418 8893
20151105 100418 8898
20151105 100419 8884
20151105 100419 8893
20151105 100419 8893
20151105 100419 8893
20151105 100419 8893
20151105 100419 8893
20151105 100419 8893
20151105 100419 8893
20151105 100419 8893
20151105 100419 8894
20151105 100419 8894
20151105 100419 8894
20151105 100419 8895
20151105 100419 8895
20151105 100419 8895
20151105 100419 8896
20151105 100419 8896
20151105 100419 8896
20151105 100419 8903
20151105 100419 8903
20151105 100420 8887
20151105 100420 8897
20151105 100420 8897
20151105 100420 8897
20151105 100420 8898
20151105 100420 8898
20151105 100423 8892
20151105 100423 8892
20151105 100428 8891
20151105 100429 8891
20151105 100431 8888
20151105 100432 8888
20151105 100434 8882
20151105 100436 8884
20151105 100450 8886
20151105 100450 8887
20151105 100454 8886
20151105 100456 8886
20151105 100459 8886
20151105 100506 8882
20151105 100507 8883
20151105 100510 8881
20151105 100510 8882
20151105 100542 8883
20151105 100542 8883
20151105 100543 8883
20151105 100547 8883
20151105 100549 8885
20151105 100559 8881
20151105 100611 8882
20151105 100611 8882
20151105 100611 8882
20151105 100623 8880
20151105 100636 8878
20151105 100636 8880
20151105 100637 8877
20151105 100637 8877
20151105 100638 8877
20151105 100639 8874
20151105 100639 8874
20151105 100641 8875
20151105 100642 8872
20151105 100648 8872
20151105 100648 8873
20151105 100657 8870
20151105 100659 8870
20151105 100659 8870
20151105 100702 8867
20151105 100707 8864
20151105 100707 8864
20151105 100707 8865
20151105 100709 8865
20151105 100711 8865
20151105 100734 8869
20151105 100840 8871
20151105 100840 8871
20151105 100841 8870
20151105 100855 8870
20151105 100901 8871
20151105 100917 8867
20151105 100918 8866
20151105 100918 8866
20151105 100919 8865
20151105 100919 8866
20151105 100920 8865
20151105 100920 8865
20151105 100921 8874
20151105 100924 8863
20151105 100928 8862
20151105 100928 8862
20151105 100931 8862
20151105 100931 8862
20151105 100933 8862
20151105 100936 8857
20151105 100936 8859
20151105 100936 8859
20151105 100936 8860
20151105 100936 8860
20151105 100936 8860
20151105 100936 8860
20151105 100936 8860
20151105 100936 8860
20151105 100936 8860
20151105 100936 8861
20151105 100936 8861
20151105 100936 8861
20151105 100936 8862
20151105 100937 8857
20151105 100937 8858
20151105 100937 8858
20151105 100939 8859
20151105 100944 8860
20151105 100947 8859
20151105 101013 8863
20151105 101014 8870
20151105 101021 8858
20151105 101021 8871
20151105 101042 8866
20151105 101113 8868
20151105 101133 8868
20151105 101417 8873
20151105 101427 8873
20151105 101427 8873
20151105 101437 8876
20151105 101437 8876
20151105 101438 8876
20151105 101439 8877
20151105 101439 8877
20151105 101447 8870
20151105 101447 8879
20151105 101449 8869
20151105 101506 8877
20151105 101509 8877
20151105 101539 8873
20151105 101558 8874
20151105 101719 8876
20151105 101719 8876
20151105 101721 8876
20151105 101802 8878
20151105 101817 8878
20151105 101823 8878
20151105 101823 8878
20151105 101823 8878
20151105 101931 8869
20151105 101957 8872
20151105 102029 8876
20151105 102057 8875
20151105 102120 8875
20151105 102135 8874
20151105 102139 8873
20151105 102139 8873
20151105 102140 8872
20151105 102142 8871
20151105 102149 8871
20151105 102158 8871
20151105 102158 8871
20151105 102158 8871
20151105 102434 8875
20151105 102434 8875
20151105 102518 8876
20151105 102520 8877
20151105 102635 8875
20151105 102849 8874
20151105 102905 8872
20151105 102905 8872
20151105 102906 8869
20151105 102906 8871
20151105 102906 8871
20151105 102910 8868
20151105 102910 8868
20151105 102910 8868
20151105 102912 8867
20151105 102912 8867
20151105 102913 8866
20151105 102913 8866
20151105 102914 8865
20151105 102914 8865
20151105 102922 8866
20151105 102924 8865
20151105 103131 8870
20151105 103147 8866
20151105 103147 8866
20151105 103205 8866
20151105 103205 8866
20151105 103205 8866
20151105 103207 8866
20151105 103216 8875
20151105 103233 8867
20151105 103305 8865
20151105 103310 8864
20151105 103342 8865
20151105 103405 8864
20151105 103409 8863
20151105 103411 8862
20151105 103412 8862
20151105 103412 8862
20151105 103412 8862
20151105 103413 8862
20151105 103417 8861
20151105 103440 8862
20151105 103441 8860
20151105 103441 8860
20151105 103441 8860
20151105 103441 8860
20151105 103441 8860
20151105 103441 8860
20151105 103441 8860
20151105 103441 8860
20151105 103441 8860
20151105 103441 8860
20151105 103441 8861
20151105 103441 8861
20151105 103441 8861
20151105 103442 8856
20151105 103442 8856
20151105 103442 8857
20151105 103442 8857
20151105 103442 8858
20151105 103442 8858
20151105 103442 8858
20151105 103446 8868
20151105 103519 8861
20151105 103521 8862
20151105 103528 8861
20151105 103546 8860
20151105 103548 8858
20151105 103548 8858
20151105 103548 8858
20151105 103600 8860
20151105 103600 8860
20151105 103604 8859
20151105 103626 8855
20151105 103626 8868
20151105 103629 8860
20151105 103634 8860
20151105 103648 8861
20151105 103648 8861
20151105 103655 8861
20151105 103710 8858
20151105 103733 8862
20151105 103753 8863
20151105 104005 8863
20151105 104112 8863
20151105 104144 8858
20151105 104244 8868
20151105 104253 8869
20151105 104255 8869
20151105 104255 8870
20151105 104414 8864
20151105 104442 8862
20151105 104501 8863
20151105 104501 8863
20151105 104603 8860
20151105 104603 8866
20151105 104603 8867
20151105 104603 8868
20151105 104603 8869
20151105 104603 8869
20151105 104625 8863
20151105 104640 8861
20151105 104643 8860
20151105 104646 8860
20151105 104648 8861
20151105 104648 8861
20151105 104648 8861
20151105 104658 8860
20151105 104710 8859
20151105 104710 8859
20151105 104740 8862
20151105 104742 8860
20151105 104810 8865
20151105 104824 8865
20151105 104953 8867
20151105 105019 8867
20151105 105027 8864
20151105 105143 8862
20151105 105146 8862
20151105 105209 8862
20151105 105221 8859
20151105 105221 8860
20151105 105221 8861
20151105 105229 8860
20151105 105259 8858
20151105 105306 8865
20151105 105405 8860
20151105 105405 8861
20151105 105405 8861
20151105 105408 8860
20151105 105410 8858
20151105 105410 8858
20151105 105410 8858
20151105 105411 8857
20151105 105433 8860
20151105 105445 8855
20151105 105519 8859
20151105 105519 8859
20151105 105521 8859
20151105 105529 8866
20151105 105740 8864
20151105 105901 8857
20151105 105901 8858
20151105 105901 8858
20151105 105902 8856
20151105 105902 8856
20151105 105902 8856
20151105 105902 8857
20151105 105917 8856
20151105 105917 8856
20151105 105917 8856
20151105 105917 8856
20151105 105917 8856
20151105 105917 8857
20151105 105917 8857
20151105 105917 8857
20151105 105921 8855
20151105 105921 8856
20151105 105921 8856
20151105 105922 8855
20151105 105922 8855
20151105 105922 8855
20151105 105923 8855
20151105 105923 8855
20151105 105923 8855
20151105 105923 8855
20151105 105929 8855
20151105 110029 8856
20151105 110101 8856
20151105 110103 8855
20151105 110103 8855
20151105 110104 8853
20151105 110114 8855
20151105 110123 8854
20151105 110138 8855
20151105 110213 8858
20151105 110213 8858
20151105 110213 8858
20151105 110228 8860
20151105 110251 8859
20151105 110251 8861
20151105 110254 8860
20151105 110256 8859
20151105 110313 8862
20151105 110317 8864
20151105 110336 8863
20151105 110342 8864
20151105 110345 8865
20151105 110402 8865
20151105 110402 8866
20151105 110402 8867
20151105 110405 8867
20151105 110407 8868
20151105 110408 8866
20151105 110410 8868
20151105 110412 8868
20151105 110414 8870
20151105 110422 8870
20151105 110422 8870
20151105 110422 8870
20151105 110422 8870
20151105 110422 8872
20151105 110422 8872
20151105 110422 8872
20151105 110422 8872
20151105 110422 8872
20151105 110427 8870
20151105 110500 8870
20151105 110507 8870
20151105 110509 8869
20151105 110605 8870
20151105 110827 8863
20151105 110827 8863
20151105 110831 8863
20151105 110858 8867
20151105 110936 8863
20151105 110936 8869
20151105 111032 8863
20151105 111145 8869
20151105 111148 8869
20151105 111150 8869
20151105 111156 8865
20151105 111156 8870
20151105 111156 8870
20151105 111157 8869
20151105 111229 8872
20151105 111230 8872
20151105 111230 8872
20151105 111230 8872
20151105 111235 8873
20151105 111321 8873
20151105 111324 8873
20151105 111325 8873
20151105 111326 8872
20151105 111331 8872
20151105 111403 8872
20151105 111403 8872
20151105 111430 8870
20151105 111436 8868
20151105 111436 8868
20151105 111438 8869
20151105 111445 8863
20151105 111515 8870
20151105 111614 8869
20151105 111631 8869
20151105 111651 8867
20151105 111651 8869
20151105 111653 8868
20151105 111745 8868
20151105 111800 8868
20151105 111829 8869
20151105 111850 8869
20151105 111939 8877
20151105 112004 8869
20151105 112058 8870
20151105 112058 8870
20151105 112116 8869
20151105 112151 8868
20151105 112151 8870
20151105 112159 8870
20151105 112220 8871
20151105 112251 8871
20151105 112251 8871
20151105 112303 8871
20151105 112304 8872
20151105 112322 8871
20151105 112340 8873
20151105 112350 8872
20151105 112350 8872
20151105 112430 8873
20151105 112453 8873
20151105 112455 8873
20151105 112505 8874
20151105 112519 8873
20151105 112519 8873
20151105 112556 8874
20151105 112556 8875
20151105 112556 8875
20151105 112556 8876
20151105 112556 8876
20151105 112556 8876
20151105 112609 8878
20151105 112620 8875
20151105 112641 8872
20151105 112641 8885
20151105 112643 8876
20151105 112643 8876
20151105 112643 8876
20151105 112840 8873
20151105 112937 8872
20151105 112937 8872
20151105 112937 8872
20151105 112952 8871
20151105 113135 8872
20151105 113332 8872
20151105 113601 8874
20151105 113601 8874
20151105 113726 8873
20151105 113726 8873
20151105 113726 8873
20151105 113850 8869
20151105 113850 8870
20151105 113850 8870
20151105 113916 8870
20151105 114019 8869
20151105 114128 8877
20151105 114140 8867
20151105 114219 8869
20151105 114220 8869
20151105 114516 8872
20151105 114519 8871
20151105 114519 8871
20151105 114520 8871
20151105 114526 8868
20151105 114526 8871
20151105 114530 8871
20151105 114530 8871
20151105 114546 8875
20151105 114651 8869
20151105 115042 8871
20151105 115116 8871
20151105 115132 8871
20151105 115206 8866
20151105 115206 8866
20151105 115206 8870
20151105 115207 8869
20151105 115242 8864
20151105 115242 8877
20151105 115535 8870
20151105 115536 8870
20151105 115538 8870
20151105 115640 8865
20151105 115645 8865
20151105 115650 8865
20151105 115730 8869
20151105 115738 8869
20151105 115807 8881
20151105 115819 8873
20151105 115821 8872
20151105 115821 8872
20151105 115821 8872
20151105 115821 8872
20151105 115821 8872
20151105 115842 8869
20151105 115915 8868
20151105 115915 8868
20151105 115926 8866
20151105 115926 8866
20151105 120021 8870
20151105 120021 8870
20151105 120027 8870
20151105 120114 8872
20151105 120114 8872
20151105 120121 8871
20151105 120123 8871
20151105 120150 8870
20151105 120216 8870
20151105 120222 8870
20151105 120309 8869
20151105 120319 8869
20151105 120319 8869
20151105 120705 8869
20151105 120705 8869
20151105 120705 8869
20151105 120705 8869
20151105 120712 8869
20151105 120752 8869
20151105 121026 8869
20151105 121026 8869
20151105 121124 8871
20151105 121124 8871
20151105 121323 8872
20151105 121331 8872
20151105 121454 8872
20151105 121454 8873
20151105 121505 8872
20151105 121523 8872
20151105 121523 8872
20151105 121553 8871
20151105 121558 8871
20151105 121609 8871
20151105 121614 8871
20151105 121659 8880
20151105 121705 8872
20151105 121727 8872
20151105 121959 8873
20151105 122012 8873
20151105 122028 8873
20151105 122036 8873
20151105 122109 8872
20151105 122109 8875
20151105 122132 8873
20151105 122132 8873
20151105 122132 8873
20151105 122151 8881
20151105 122208 8873
20151105 122321 8873
20151105 122323 8872
20151105 122332 8871
20151105 122332 8871
20151105 122332 8871
20151105 122332 8871
20151105 122332 8871
20151105 122332 8871
20151105 122332 8871
20151105 122333 8870
20151105 122336 8870
20151105 122347 8870
20151105 122355 8870
20151105 122356 8870
20151105 122604 8876
20151105 122607 8876
20151105 122610 8875
20151105 122610 8875
20151105 122610 8875
20151105 122610 8875
20151105 122614 8873
20151105 122614 8876
20151105 122918 8878
20151105 122919 8878
20151105 122944 8888
20151105 122945 8879
20151105 123111 8874
20151105 123111 8877
20151105 123123 8876
20151105 123128 8875
20151105 123233 8875
20151105 123233 8875
20151105 123233 8875
20151105 123300 8875
20151105 123435 8877
20151105 123957 8881
20151105 123957 8881
20151105 123957 8881
20151105 124005 8881
20151105 124030 8880
20151105 124036 8879
20151105 124040 8878
20151105 124055 8879
20151105 124144 8879
20151105 124204 8881
20151105 124204 8881
20151105 124309 8881
20151105 124328 8881
20151105 124611 8880
20151105 124611 8880
20151105 124621 8879
20151105 124633 8879
20151105 124653 8888
20151105 124917 8888
20151105 125010 8879
20151105 125011 8878
20151105 125011 8878
20151105 125055 8876
20151105 125130 8878
20151105 125235 8876
20151105 125434 8872
20151105 125434 8885
20151105 125456 8876
20151105 125617 8876
20151105 125735 8876
20151105 125900 8875
20151105 125921 8875
20151105 130003 8877
20151105 130014 8878
20151105 130101 8881
20151105 130101 8881
20151105 130101 8881
20151105 130106 8880
20151105 130121 8880
20151105 130155 8877
20151105 130216 8877
20151105 130231 8876
20151105 130231 8876
20151105 130246 8876
20151105 130526 8877
20151105 130555 8878
20151105 130603 8878
20151105 130632 8878
20151105 130632 8878
20151105 130632 8878
20151105 130632 8878
20151105 130632 8878
20151105 130632 8878
20151105 130659 8878
20151105 130659 8878
20151105 130659 8878
20151105 130659 8878
20151105 131237 8879
20151105 131242 8878
20151105 131245 8878
20151105 131247 8878
20151105 131409 8879
20151105 131500 8879
20151105 131554 8880
20151105 131702 8879
20151105 131702 8879
20151105 131702 8879
20151105 131750 8878
20151105 131924 8879
20151105 132032 8880
20151105 132039 8880
20151105 132107 8878
20151105 132112 8878
20151105 132209 8879
20151105 132332 8870
20151105 132552 8877
20151105 132552 8877
20151105 132552 8877
20151105 132753 8877
20151105 132823 8876
20151105 132850 8875
20151105 132907 8875
20151105 132926 8875
20151105 132959 8877
20151105 132959 8878
20151105 133000 8879
20151105 133041 8875
20151105 133041 8875
20151105 133046 8875
20151105 133050 8874
20151105 133056 8874
20151105 133057 8874
20151105 133103 8874
20151105 133121 8873
20151105 133246 8873
20151105 133246 8873
20151105 133248 8872
20151105 133254 8872
20151105 133453 8875
20151105 133454 8875
20151105 133501 8876
20151105 133501 8876
20151105 133506 8875
20151105 133517 8875
20151105 133529 8876
20151105 133607 8872
20151105 133607 8875
20151105 133607 8875
20151105 133607 8875
20151105 133607 8875
20151105 133607 8875
20151105 133607 8875
20151105 133609 8874
20151105 133609 8874
20151105 133609 8874
20151105 133609 8874
20151105 133610 8874
20151105 133610 8874
20151105 133610 8874
20151105 133610 8874
20151105 133611 8874
20151105 133611 8874
20151105 133617 8875
20151105 133617 8875
20151105 133618 8874
20151105 133618 8874
20151105 133618 8874
20151105 133621 8874
20151105 133701 8875
20151105 133945 8875
20151105 134005 8874
20151105 134039 8874
20151105 134040 8874
20151105 134058 8874
20151105 134225 8874
20151105 134249 8875
20151105 134328 8874
20151105 134328 8874
20151105 134328 8874
20151105 134333 8874
20151105 134342 8874
20151105 134350 8874
20151105 134405 8873
20151105 134413 8873
20151105 134417 8874
20151105 134428 8873
20151105 134445 8872
20151105 134446 8873
20151105 134448 8873
20151105 134457 8874
20151105 134458 8874
