20151120 084500 8460
20151120 084501 8460
20151120 084526 8435
20151120 084531 8438
20151120 084534 8437
20151120 084540 8438
20151120 084541 8438
20151120 084544 8438
20151120 084551 8437
20151120 084556 8445
20151120 084558 8436
20151120 084600 8436
20151120 084606 8435
20151120 084608 8438
20151120 084610 8439
20151120 084612 8441
20151120 084614 8448
20151120 084615 8436
20151120 084618 8435
20151120 084621 8437
20151120 084626 8435
20151120 084628 8434
20151120 084632 8435
20151120 084633 8433
20151120 084634 8433
20151120 084637 8432
20151120 084639 8432
20151120 084641 8432
20151120 084700 8436
20151120 084714 8438
20151120 084715 8437
20151120 084716 8437
20151120 084718 8438
20151120 084758 8437
20151120 084800 8437
20151120 084815 8435
20151120 084902 8433
20151120 084923 8433
20151120 084944 8433
20151120 085026 8431
20151120 085035 8402
20151120 085057 8401
20151120 085101 8440
20151120 085111 8431
20151120 085117 8430
20151120 085122 8437
20151120 085153 8430
20151120 085205 8403
20151120 085208 8429
20151120 085213 8429
20151120 085303 8431
20151120 085306 8432
20151120 085309 8433
20151120 085312 8432
20151120 085325 8443
20151120 085411 8432
20151120 085428 8433
20151120 085438 8431
20151120 085439 8430
20151120 085448 8428
20151120 085451 8427
20151120 085542 8430
20151120 085550 8430
20151120 085615 8430
20151120 085640 8432
20151120 085742 8434
20151120 085903 8430
20151120 085946 8434
20151120 090016 8441
20151120 090021 8427
20151120 090023 8441
20151120 090028 8431
20151120 090029 8432
20151120 090038 8436
20151120 090039 8436
20151120 090042 8434
20151120 090043 8432
20151120 090100 8426
20151120 090102 8425
20151120 090109 8432
20151120 090138 8432
20151120 090140 8432
20151120 090146 8434
20151120 090149 8437
20151120 090150 8437
20151120 090232 8437
20151120 090257 8429
20151120 090322 8428
20151120 090334 8437
20151120 090335 8450
20151120 090349 8441
20151120 090351 8455
20151120 090353 8455
20151120 090411 8443
20151120 090501 8447
20151120 090502 8447
20151120 090503 8447
20151120 090504 8447
20151120 090508 8446
20151120 090511 8448
20151120 090515 8449
20151120 090520 8451
20151120 090541 8458
20151120 090542 8449
20151120 090544 8448
20151120 090545 8459
20151120 090552 8463
20151120 090607 8463
20151120 090608 8449
20151120 090627 8447
20151120 090634 8444
20151120 090637 8442
20151120 090641 8443
20151120 090705 8439
20151120 090714 8441
20151120 090728 8446
20151120 090731 8447
20151120 090738 8448
20151120 090813 8446
20151120 090832 8458
20151120 090853 8442
20151120 090855 8451
20151120 090901 8437
20151120 090918 8439
20151120 090940 8436
20151120 090941 8434
20151120 090946 8436
20151120 091005 8448
20151120 091040 8435
20151120 091105 8438
20151120 091111 8445
20151120 091112 8445
20151120 091125 8456
20151120 091148 8435
20151120 091159 8441
20151120 091216 8439
20151120 091227 8455
20151120 091251 8442
20151120 091257 8440
20151120 091313 8436
20151120 091314 8436
20151120 091317 8434
20151120 091351 8438
20151120 091354 8441
20151120 091358 8455
20151120 091359 8445
20151120 091400 8446
20151120 091401 8447
20151120 091402 8449
20151120 091429 8433
20151120 091436 8434
20151120 091437 8433
20151120 091440 8429
20151120 091442 8429
20151120 091448 8434
20151120 091513 8435
20151120 091520 8440
20151120 091543 8436
20151120 091544 8454
20151120 091550 8440
20151120 091551 8455
20151120 091552 8447
20151120 091553 8463
20151120 091554 8455
20151120 091555 8447
20151120 091606 8454
20151120 091630 8458
20151120 091632 8459
20151120 091634 8455
20151120 091645 8451
20151120 091647 8447
20151120 091653 8444
20151120 091655 8449
20151120 091700 8451
20151120 091704 8450
20151120 091707 8448
20151120 091720 8447
20151120 091722 8447
20151120 091743 8446
20151120 091753 8442
20151120 091755 8455
20151120 091801 8444
20151120 091818 8451
20151120 091819 8451
20151120 091825 8454
20151120 091826 8454
20151120 091840 8450
20151120 091849 8449
20151120 091851 8448
20151120 091855 8449
20151120 091858 8447
20151120 091923 8451
20151120 091936 8457
20151120 092006 8447
20151120 092009 8449
20151120 092024 8447
20151120 092035 8451
20151120 092036 8450
20151120 092050 8457
20151120 092057 8447
20151120 092105 8445
20151120 092108 8444
20151120 092135 8445
20151120 092220 8448
20151120 092315 8444
20151120 092317 8445
20151120 092329 8447
20151120 092341 8450
20151120 092410 8449
20151120 092450 8448
20151120 092612 8451
20151120 092625 8452
20151120 092630 8452
20151120 092708 8449
20151120 092719 8450
20151120 092800 8453
20151120 092801 8454
20151120 092802 8455
20151120 092803 8473
20151120 092804 8466
20151120 092805 8467
20151120 092806 8469
20151120 092808 8465
20151120 092810 8466
20151120 092814 8464
20151120 092824 8459
20151120 092825 8467
20151120 092826 8455
20151120 092831 8467
20151120 092844 8460
20151120 092850 8462
20151120 092853 8461
20151120 092854 8462
20151120 092905 8459
20151120 092932 8463
20151120 092940 8474
20151120 092943 8465
20151120 092947 8464
20151120 092949 8467
20151120 092953 8475
20151120 093000 8470
20151120 093001 8472
20151120 093004 8469
20151120 093005 8478
20151120 093007 8466
20151120 093009 8465
20151120 093011 8464
20151120 093012 8464
20151120 093013 8465
20151120 093017 8463
20151120 093018 8461
20151120 093020 8464
20151120 093023 8466
20151120 093040 8471
20151120 093044 8464
20151120 093111 8463
20151120 093118 8463
20151120 093147 8455
20151120 093150 8460
20151120 093151 8460
20151120 093157 8462
20151120 093204 8462
20151120 093315 8464
20151120 093316 8466
20151120 093320 8469
20151120 093331 8472
20151120 093332 8481
20151120 093340 8469
20151120 093347 8470
20151120 093348 8470
20151120 093400 8469
20151120 093401 8470
20151120 093402 8470
20151120 093405 8467
20151120 093406 8468
20151120 093417 8444
20151120 093421 8464
20151120 093448 8466
20151120 093454 8466
20151120 093501 8474
20151120 093510 8461
20151120 093514 8462
20151120 093524 8466
20151120 093641 8468
20151120 093712 8442
20151120 093741 8471
20151120 093746 8456
20151120 093747 8469
20151120 093805 8457
20151120 093813 8469
20151120 093834 8454
20151120 093840 8452
20151120 093843 8464
20151120 093844 8443
20151120 093845 8463
20151120 093853 8446
20151120 093856 8446
20151120 093901 8448
20151120 093905 8447
20151120 093910 8445
20151120 093914 8458
20151120 093915 8458
20151120 093919 8452
20151120 093921 8452
20151120 093927 8441
20151120 093934 8443
20151120 093947 8441
20151120 093957 8441
20151120 094003 8453
20151120 094007 8436
20151120 094028 8436
20151120 094039 8457
20151120 094043 8435
20151120 094054 8438
20151120 094103 8434
20151120 094104 8433
20151120 094105 8432
20151120 094127 8440
20151120 094140 8437
20151120 094141 8437
20151120 094142 8437
20151120 094213 8447
20151120 094221 8443
20151120 094224 8443
20151120 094233 8438
20151120 094244 8440
20151120 094321 8441
20151120 094432 8442
20151120 094502 8442
20151120 094508 8454
20151120 094510 8453
20151120 094520 8442
20151120 094531 8439
20151120 094539 8441
20151120 094622 8444
20151120 094626 8443
20151120 094627 8444
20151120 094628 8460
20151120 094632 8444
20151120 094813 8442
20151120 094837 8441
20151120 094916 8438
20151120 094919 8438
20151120 094931 8441
20151120 094937 8439
20151120 094951 8438
20151120 094957 8439
20151120 095007 8451
20151120 095008 8434
20151120 095014 8440
20151120 095028 8442
20151120 095029 8444
20151120 095034 8442
20151120 095111 8442
20151120 095116 8442
20151120 095137 8443
20151120 095141 8445
20151120 095145 8445
20151120 095146 8445
20151120 095327 8443
20151120 095608 8442
20151120 095610 8442
20151120 095612 8442
20151120 095659 8447
20151120 095701 8447
20151120 095702 8447
20151120 095726 8446
20151120 095745 8446
20151120 095752 8455
20151120 095803 8443
20151120 095812 8443
20151120 100004 8450
20151120 100027 8451
20151120 100028 8452
20151120 100104 8451
20151120 100130 8453
20151120 100131 8454
20151120 100145 8453
20151120 100203 8452
20151120 100221 8453
20151120 100227 8454
20151120 100249 8453
20151120 100257 8456
20151120 100258 8457
20151120 100300 8457
20151120 100311 8457
20151120 100322 8412
20151120 100324 8455
20151120 100329 8454
20151120 100338 8453
20151120 100400 8453
20151120 100408 8463
20151120 100500 8456
20151120 100520 8455
20151120 100552 8452
20151120 100604 8463
20151120 100609 8452
20151120 100620 8457
20151120 100621 8468
20151120 100622 8461
20151120 100640 8470
20151120 100818 8458
20151120 100841 8456
20151120 100900 8456
20151120 100902 8455
20151120 100954 8452
20151120 101009 8452
20151120 101023 8452
20151120 101208 8457
20151120 101226 8454
20151120 101324 8455
20151120 101330 8455
20151120 101454 8451
20151120 101505 8450
20151120 101631 8444
20151120 101634 8443
20151120 101638 8443
20151120 101727 8442
20151120 101729 8451
20151120 101752 8442
20151120 101817 8450
20151120 101831 8454
20151120 101840 8449
20151120 102020 8445
20151120 102021 8439
20151120 102022 8426
20151120 102023 8424
20151120 102024 8422
20151120 102026 8434
20151120 102031 8439
20151120 102033 8428
20151120 102100 8422
20151120 102101 8421
20151120 102137 8424
20151120 102139 8425
20151120 102144 8426
20151120 102153 8427
20151120 102156 8428
20151120 102203 8428
20151120 102218 8426
20151120 102233 8427
20151120 102238 8426
20151120 102244 8439
20151120 102246 8424
20151120 102250 8424
20151120 102252 8423
20151120 102253 8422
20151120 102257 8422
20151120 102300 8421
20151120 102310 8419
20151120 102311 8418
20151120 102330 8420
20151120 102331 8431
20151120 102410 8431
20151120 102442 8426
20151120 102457 8426
20151120 102501 8425
20151120 102502 8422
20151120 102515 8419
20151120 102534 8431
20151120 102541 8419
20151120 102555 8418
20151120 102556 8416
20151120 102557 8415
20151120 102558 8414
20151120 102559 8414
20151120 102600 8414
20151120 102601 8413
20151120 102649 8413
20151120 102707 8415
20151120 102711 8415
20151120 102728 8424
20151120 102736 8422
20151120 102757 8422
20151120 102803 8420
20151120 102805 8419
20151120 102806 8418
20151120 102823 8420
20151120 102900 8421
20151120 102916 8419
20151120 103021 8425
20151120 103033 8442
20151120 103039 8426
20151120 103125 8428
20151120 103132 8429
20151120 103139 8427
20151120 103237 8421
20151120 103310 8420
20151120 103358 8416
20151120 103402 8415
20151120 103405 8412
20151120 103411 8411
20151120 103415 8414
20151120 103503 8414
20151120 103512 8413
20151120 103548 8414
20151120 103551 8413
20151120 103556 8413
20151120 103557 8413
20151120 103600 8413
20151120 103602 8414
20151120 103609 8414
20151120 103637 8415
20151120 103706 8414
20151120 103728 8415
20151120 103732 8413
20151120 103733 8410
20151120 103734 8408
20151120 103738 8410
20151120 103744 8408
20151120 103748 8406
20151120 103749 8406
20151120 103836 8411
20151120 103839 8411
20151120 103908 8407
20151120 103951 8413
20151120 104003 8410
20151120 104040 8410
20151120 104122 8406
20151120 104124 8406
20151120 104131 8405
20151120 104132 8405
20151120 104136 8404
20151120 104138 8403
20151120 104139 8403
20151120 104140 8403
20151120 104141 8403
20151120 104201 8405
20151120 104203 8405
20151120 104210 8403
20151120 104211 8403
20151120 104212 8403
20151120 104222 8406
20151120 104244 8406
20151120 104301 8403
20151120 104302 8417
20151120 104303 8401
20151120 104307 8399
20151120 104308 8399
20151120 104310 8398
20151120 104328 8398
20151120 104330 8400
20151120 104332 8399
20151120 104341 8400
20151120 104342 8402
20151120 104352 8402
20151120 104358 8404
20151120 104412 8404
20151120 104417 8406
20151120 104428 8407
20151120 104501 8405
20151120 104509 8408
20151120 104515 8407
20151120 104519 8408
20151120 104536 8410
20151120 104555 8428
20151120 104556 8412
20151120 104558 8413
20151120 104616 8414
20151120 104619 8413
20151120 104740 8413
20151120 104807 8410
20151120 104847 8413
20151120 104854 8413
20151120 104855 8412
20151120 104858 8412
20151120 105005 8431
20151120 105024 8419
20151120 105026 8421
20151120 105038 8418
20151120 105106 8420
20151120 105122 8419
20151120 105125 8419
20151120 105130 8432
20151120 105137 8417
20151120 105157 8418
20151120 105527 8411
20151120 105541 8412
20151120 105623 8414
20151120 105656 8411
20151120 105706 8410
20151120 105709 8410
20151120 105725 8427
20151120 105731 8397
20151120 105739 8415
20151120 105901 8419
20151120 105902 8421
20151120 105916 8423
20151120 105958 8424
20151120 110009 8435
20151120 110053 8421
20151120 110054 8421
20151120 110120 8423
20151120 110138 8425
20151120 110139 8427
20151120 110152 8421
20151120 110156 8422
20151120 110158 8422
20151120 110221 8421
20151120 110243 8420
20151120 110246 8418
20151120 110247 8416
20151120 110258 8417
20151120 110352 8419
20151120 110430 8419
20151120 110454 8420
20151120 110502 8420
20151120 110520 8418
20151120 110803 8416
20151120 110804 8429
20151120 110809 8412
20151120 110810 8427
20151120 110825 8425
20151120 110826 8408
20151120 110827 8407
20151120 110828 8423
20151120 110914 8408
20151120 110920 8407
20151120 110925 8407
20151120 111033 8410
20151120 111057 8411
20151120 111102 8412
20151120 111108 8408
20151120 111229 8412
20151120 111424 8411
20151120 111507 8412
20151120 111546 8423
20151120 111816 8414
20151120 111836 8428
20151120 111854 8429
20151120 111917 8416
20151120 112011 8421
20151120 112125 8421
20151120 112138 8431
20151120 112223 8420
20151120 112225 8421
20151120 112323 8419
20151120 112359 8418
20151120 112406 8417
20151120 112433 8418
20151120 112641 8422
20151120 112651 8421
20151120 112721 8421
20151120 112751 8421
20151120 112843 8433
20151120 113002 8435
20151120 113102 8424
20151120 113127 8420
20151120 113500 8424
20151120 113501 8424
20151120 113533 8422
20151120 113621 8422
20151120 113826 8420
20151120 114031 8416
20151120 114051 8415
20151120 114052 8414
20151120 114053 8413
20151120 114105 8413
20151120 114106 8413
20151120 114602 8417
20151120 114740 8414
20151120 114755 8413
20151120 114756 8413
20151120 115001 8413
20151120 115040 8416
20151120 115045 8429
20151120 115046 8429
20151120 115049 8416
20151120 115221 8420
20151120 115245 8419
20151120 115414 8421
20151120 115453 8425
20151120 115454 8439
20151120 115534 8431
20151120 115535 8431
20151120 115536 8433
20151120 115537 8434
20151120 115540 8434
20151120 115543 8434
20151120 115552 8434
20151120 115553 8434
20151120 115607 8436
20151120 115612 8436
20151120 115632 8432
20151120 115637 8434
20151120 115703 8433
20151120 115717 8433
20151120 115746 8433
20151120 115804 8431
20151120 115939 8441
20151120 120001 8430
20151120 120006 8430
20151120 120041 8432
20151120 120045 8432
20151120 120218 8431
20151120 120237 8432
20151120 120501 8430
20151120 120602 8430
20151120 120629 8427
20151120 120632 8427
20151120 120646 8427
20151120 120722 8439
20151120 120723 8423
20151120 121021 8423
20151120 121220 8428
20151120 121441 8426
20151120 121444 8426
20151120 121447 8426
20151120 121453 8427
20151120 121602 8427
20151120 121616 8427
20151120 121645 8429
20151120 121646 8430
20151120 121708 8430
20151120 121714 8430
20151120 121717 8430
20151120 121733 8433
20151120 121829 8436
20151120 121830 8436
20151120 121832 8436
20151120 121839 8437
20151120 121845 8437
20151120 121856 8434
20151120 121900 8436
20151120 121909 8436
20151120 121913 8438
20151120 121935 8437
20151120 121937 8437
20151120 122002 8435
20151120 122034 8433
20151120 122054 8447
20151120 122108 8434
20151120 122120 8434
20151120 122135 8433
20151120 122259 8433
20151120 122431 8450
20151120 122656 8435
20151120 122847 8434
20151120 123119 8436
20151120 123209 8430
20151120 123246 8429
20151120 123455 8427
20151120 123813 8426
20151120 123814 8424
20151120 123823 8423
20151120 123854 8423
20151120 123904 8422
20151120 123908 8421
20151120 123914 8420
20151120 123921 8418
20151120 123923 8418
20151120 123926 8418
20151120 123927 8418
20151120 123928 8417
20151120 124040 8418
20151120 124046 8418
20151120 124051 8417
20151120 124716 8420
20151120 124819 8417
20151120 124828 8416
20151120 124830 8417
20151120 124852 8415
20151120 124928 8417
20151120 124933 8417
20151120 125040 8418
20151120 125351 8418
20151120 125424 8417
20151120 125441 8416
20151120 125502 8414
20151120 125503 8413
20151120 125504 8413
20151120 125506 8413
20151120 125512 8415
20151120 125625 8417
20151120 125634 8419
20151120 125636 8419
20151120 125710 8419
20151120 125734 8421
20151120 125735 8421
20151120 125738 8433
20151120 125744 8421
20151120 130013 8418
20151120 130437 8434
20151120 130617 8434
20151120 130720 8422
20151120 130732 8423
20151120 130754 8424
20151120 130813 8423
20151120 130909 8426
20151120 130911 8426
20151120 131003 8426
20151120 131006 8426
20151120 131009 8425
20151120 131012 8425
20151120 131040 8426
20151120 131053 8427
20151120 131055 8427
20151120 131134 8427
20151120 131135 8428
20151120 131347 8428
20151120 131410 8427
20151120 131414 8427
20151120 131418 8427
20151120 131520 8427
20151120 131734 8427
20151120 131745 8444
20151120 131821 8430
20151120 131826 8431
20151120 131831 8431
20151120 131843 8433
20151120 131849 8443
20151120 131859 8433
20151120 131913 8433
20151120 131915 8433
20151120 131922 8434
20151120 131935 8452
20151120 131949 8434
20151120 132005 8436
20151120 132020 8436
20151120 132022 8436
20151120 132024 8436
20151120 132027 8435
20151120 132039 8435
20151120 132056 8435
20151120 132100 8437
20151120 132101 8437
20151120 132114 8436
20151120 132204 8435
20151120 132255 8433
20151120 132406 8434
20151120 132434 8435
20151120 132803 8437
20151120 132827 8437
20151120 132904 8437
20151120 133001 8438
20151120 133003 8438
20151120 133011 8439
20151120 133012 8440
20151120 133020 8440
20151120 133024 8440
20151120 133053 8439
20151120 133104 8440
20151120 133105 8441
20151120 133106 8442
20151120 133107 8441
20151120 133120 8442
20151120 133129 8444
20151120 133213 8444
20151120 133214 8444
20151120 133218 8443
20151120 133219 8443
20151120 133244 8442
20151120 133333 8446
20151120 133337 8447
20151120 133342 8447
20151120 133343 8447
20151120 133402 8447
20151120 133524 8443
20151120 133525 8443
20151120 133527 8443
20151120 133528 8443
20151120 133543 8443
20151120 133601 8442
20151120 133614 8444
20151120 133636 8457
20151120 133731 8440
20151120 133738 8439
20151120 133742 8440
20151120 133757 8454
20151120 133800 8439
20151120 133802 8439
20151120 133820 8439
20151120 133830 8439
20151120 133857 8438
20151120 133900 8436
20151120 133913 8438
20151120 133927 8438
20151120 134009 8439
20151120 134011 8439
20151120 134037 8442
20151120 134239 8439
20151120 134302 8439
20151120 134336 8443
20151120 134401 8444
20151120 134416 8443
20151120 134445 8443
