20151113 084500 8387
20151113 084501 8379
20151113 084502 8380
20151113 084503 8381
20151113 084504 8383
20151113 084506 8386
20151113 084507 8389
20151113 084508 8388
20151113 084511 8385
20151113 084512 8386
20151113 084513 8386
20151113 084514 8386
20151113 084515 8386
20151113 084516 8387
20151113 084518 8386
20151113 084519 8385
20151113 084520 8385
20151113 084526 8387
20151113 084528 8388
20151113 084533 8383
20151113 084534 8382
20151113 084535 8381
20151113 084536 8379
20151113 084537 8380
20151113 084538 8377
20151113 084539 8376
20151113 084541 8376
20151113 084542 8375
20151113 084543 8377
20151113 084544 8376
20151113 084546 8376
20151113 084547 8376
20151113 084548 8373
20151113 084549 8375
20151113 084551 8372
20151113 084552 8372
20151113 084554 8368
20151113 084556 8368
20151113 084557 8375
20151113 084601 8376
20151113 084602 8376
20151113 084603 8376
20151113 084606 8372
20151113 084607 8372
20151113 084608 8372
20151113 084609 8372
20151113 084610 8372
20151113 084612 8373
20151113 084613 8374
20151113 084614 8374
20151113 084615 8373
20151113 084618 8373
20151113 084620 8374
20151113 084623 8373
20151113 084624 8374
20151113 084625 8374
20151113 084626 8368
20151113 084633 8377
20151113 084637 8369
20151113 084639 8375
20151113 084640 8375
20151113 084643 8348
20151113 084650 8377
20151113 084654 8370
20151113 084656 8379
20151113 084657 8378
20151113 084658 8379
20151113 084659 8380
20151113 084707 8382
20151113 084713 8380
20151113 084718 8373
20151113 084719 8380
20151113 084720 8380
20151113 084721 8378
20151113 084722 8379
20151113 084734 8381
20151113 084742 8383
20151113 084749 8382
20151113 084757 8381
20151113 084802 8384
20151113 084807 8383
20151113 084820 8378
20151113 084827 8378
20151113 084842 8386
20151113 084844 8386
20151113 084859 8376
20151113 084900 8381
20151113 084910 8382
20151113 084924 8382
20151113 084925 8382
20151113 084927 8383
20151113 084935 8383
20151113 084947 8354
20151113 084948 8351
20151113 084959 8384
20151113 085000 8386
20151113 085001 8390
20151113 085002 8384
20151113 085009 8388
20151113 085011 8388
20151113 085040 8392
20151113 085042 8386
20151113 085047 8392
20151113 085124 8387
20151113 085128 8391
20151113 085129 8391
20151113 085131 8391
20151113 085138 8393
20151113 085149 8392
20151113 085151 8384
20151113 085152 8390
20151113 085200 8390
20151113 085204 8392
20151113 085215 8392
20151113 085228 8391
20151113 085233 8390
20151113 085240 8387
20151113 085249 8383
20151113 085253 8385
20151113 085311 8383
20151113 085312 8383
20151113 085358 8388
20151113 085359 8389
20151113 085400 8390
20151113 085404 8392
20151113 085405 8389
20151113 085406 8387
20151113 085413 8390
20151113 085425 8387
20151113 085427 8387
20151113 085433 8388
20151113 085440 8387
20151113 085458 8387
20151113 085509 8380
20151113 085514 8379
20151113 085533 8383
20151113 085534 8378
20151113 085542 8381
20151113 085543 8379
20151113 085544 8379
20151113 085547 8379
20151113 085548 8379
20151113 085549 8377
20151113 085552 8378
20151113 085554 8379
20151113 085559 8375
20151113 085605 8374
20151113 085606 8373
20151113 085607 8371
20151113 085608 8370
20151113 085609 8370
20151113 085610 8369
20151113 085615 8372
20151113 085617 8374
20151113 085620 8375
20151113 085623 8373
20151113 085624 8374
20151113 085627 8373
20151113 085629 8373
20151113 085630 8373
20151113 085640 8371
20151113 085643 8372
20151113 085647 8370
20151113 085649 8370
20151113 085652 8365
20151113 085654 8370
20151113 085655 8369
20151113 085656 8369
20151113 085657 8369
20151113 085658 8365
20151113 085700 8370
20151113 085704 8364
20151113 085705 8368
20151113 085706 8368
20151113 085716 8367
20151113 085717 8367
20151113 085721 8366
20151113 085723 8365
20151113 085724 8365
20151113 085726 8364
20151113 085728 8364
20151113 085729 8362
20151113 085730 8362
20151113 085732 8362
20151113 085741 8368
20151113 085745 8368
20151113 085746 8368
20151113 085747 8367
20151113 085750 8367
20151113 085753 8367
20151113 085754 8369
20151113 085755 8370
20151113 085758 8371
20151113 085803 8376
20151113 085817 8370
20151113 085820 8373
20151113 085826 8373
20151113 085840 8369
20151113 085843 8368
20151113 085846 8369
20151113 085847 8367
20151113 085849 8365
20151113 085854 8368
20151113 085903 8371
20151113 085904 8371
20151113 085905 8369
20151113 085908 8370
20151113 085914 8372
20151113 085929 8372
20151113 085933 8366
20151113 085935 8372
20151113 085936 8372
20151113 085937 8371
20151113 085951 8368
20151113 085953 8359
20151113 085955 8359
20151113 085957 8360
20151113 085958 8360
20151113 090003 8362
20151113 090005 8361
20151113 090006 8365
20151113 090007 8366
20151113 090011 8370
20151113 090015 8368
20151113 090016 8369
20151113 090023 8363
20151113 090025 8362
20151113 090026 8361
20151113 090027 8362
20151113 090028 8361
20151113 090029 8357
20151113 090030 8360
20151113 090038 8366
20151113 090039 8369
20151113 090041 8371
20151113 090042 8373
20151113 090043 8374
20151113 090045 8368
20151113 090049 8369
20151113 090054 8368
20151113 090055 8368
20151113 090108 8369
20151113 090113 8369
20151113 090115 8372
20151113 090117 8372
20151113 090118 8372
20151113 090119 8372
20151113 090129 8374
20151113 090130 8377
20151113 090131 8376
20151113 090141 8375
20151113 090145 8376
20151113 090152 8380
20151113 090153 8381
20151113 090215 8375
20151113 090216 8373
20151113 090220 8373
20151113 090222 8371
20151113 090227 8373
20151113 090229 8371
20151113 090231 8367
20151113 090232 8366
20151113 090233 8364
20151113 090234 8366
20151113 090236 8366
20151113 090237 8365
20151113 090238 8365
20151113 090246 8370
20151113 090250 8371
20151113 090303 8373
20151113 090304 8373
20151113 090305 8368
20151113 090307 8369
20151113 090328 8368
20151113 090332 8367
20151113 090333 8368
20151113 090335 8365
20151113 090336 8363
20151113 090337 8363
20151113 090338 8363
20151113 090342 8362
20151113 090354 8371
20151113 090357 8374
20151113 090407 8372
20151113 090423 8374
20151113 090424 8375
20151113 090425 8374
20151113 090510 8378
20151113 090514 8378
20151113 090515 8379
20151113 090517 8380
20151113 090518 8380
20151113 090519 8380
20151113 090520 8381
20151113 090521 8383
20151113 090522 8389
20151113 090529 8388
20151113 090530 8390
20151113 090532 8391
20151113 090533 8392
20151113 090535 8394
20151113 090536 8395
20151113 090537 8393
20151113 090538 8391
20151113 090539 8395
20151113 090540 8390
20151113 090545 8393
20151113 090547 8392
20151113 090556 8393
20151113 090602 8392
20151113 090603 8394
20151113 090612 8391
20151113 090615 8390
20151113 090618 8390
20151113 090619 8387
20151113 090620 8387
20151113 090625 8386
20151113 090633 8385
20151113 090645 8390
20151113 090648 8389
20151113 090649 8390
20151113 090650 8391
20151113 090700 8386
20151113 090711 8391
20151113 090723 8393
20151113 090724 8395
20151113 090731 8392
20151113 090732 8393
20151113 090736 8397
20151113 090738 8395
20151113 090739 8392
20151113 090748 8394
20151113 090751 8397
20151113 090752 8397
20151113 090753 8397
20151113 090755 8397
20151113 090759 8395
20151113 090815 8398
20151113 090819 8399
20151113 090821 8400
20151113 090822 8402
20151113 090823 8403
20151113 090827 8404
20151113 090828 8404
20151113 090829 8405
20151113 090830 8405
20151113 090831 8408
20151113 090832 8408
20151113 090833 8402
20151113 090840 8405
20151113 090843 8407
20151113 090845 8406
20151113 090847 8408
20151113 090848 8407
20151113 090851 8408
20151113 090853 8410
20151113 090854 8414
20151113 090900 8411
20151113 090901 8414
20151113 090906 8412
20151113 090910 8411
20151113 090915 8407
20151113 090916 8408
20151113 090922 8407
20151113 090925 8407
20151113 090927 8405
20151113 090928 8402
20151113 090929 8402
20151113 090930 8402
20151113 090931 8401
20151113 090932 8403
20151113 090937 8404
20151113 090940 8405
20151113 090942 8405
20151113 090944 8405
20151113 090947 8405
20151113 090948 8405
20151113 090949 8406
20151113 090955 8406
20151113 090959 8407
20151113 091004 8410
20151113 091005 8410
20151113 091008 8407
20151113 091009 8408
20151113 091019 8403
20151113 091020 8403
20151113 091032 8402
20151113 091035 8401
20151113 091036 8398
20151113 091040 8399
20151113 091053 8401
20151113 091055 8400
20151113 091056 8400
20151113 091057 8400
20151113 091131 8396
20151113 091137 8395
20151113 091138 8394
20151113 091139 8393
20151113 091147 8395
20151113 091209 8396
20151113 091220 8392
20151113 091221 8391
20151113 091224 8391
20151113 091226 8391
20151113 091232 8390
20151113 091234 8392
20151113 091316 8394
20151113 091321 8395
20151113 091334 8389
20151113 091340 8391
20151113 091341 8392
20151113 091355 8390
20151113 091356 8390
20151113 091420 8391
20151113 091421 8392
20151113 091424 8393
20151113 091425 8393
20151113 091429 8394
20151113 091439 8392
20151113 091501 8391
20151113 091518 8387
20151113 091519 8385
20151113 091521 8385
20151113 091538 8390
20151113 091544 8388
20151113 091550 8389
20151113 091559 8390
20151113 091604 8389
20151113 091615 8387
20151113 091643 8389
20151113 091645 8387
20151113 091646 8386
20151113 091647 8386
20151113 091649 8386
20151113 091650 8387
20151113 091659 8390
20151113 091705 8387
20151113 091720 8387
20151113 091721 8386
20151113 091737 8390
20151113 091759 8387
20151113 091800 8386
20151113 091801 8385
20151113 091817 8387
20151113 091907 8385
20151113 091910 8392
20151113 091914 8395
20151113 091920 8394
20151113 091934 8390
20151113 091944 8394
20151113 092028 8395
20151113 092029 8396
20151113 092036 8393
20151113 092038 8398
20151113 092039 8400
20151113 092040 8402
20151113 092041 8403
20151113 092042 8403
20151113 092043 8405
20151113 092044 8407
20151113 092047 8407
20151113 092048 8409
20151113 092053 8405
20151113 092128 8406
20151113 092132 8408
20151113 092133 8410
20151113 092134 8412
20151113 092135 8413
20151113 092137 8411
20151113 092138 8414
20151113 092139 8415
20151113 092144 8411
20151113 092147 8412
20151113 092148 8411
20151113 092151 8410
20151113 092155 8412
20151113 092156 8411
20151113 092159 8415
20151113 092203 8416
20151113 092209 8413
20151113 092213 8411
20151113 092214 8413
20151113 092216 8412
20151113 092219 8411
20151113 092220 8410
20151113 092223 8408
20151113 092227 8410
20151113 092235 8408
20151113 092238 8408
20151113 092240 8409
20151113 092241 8410
20151113 092248 8409
20151113 092250 8412
20151113 092251 8412
20151113 092252 8411
20151113 092254 8412
20151113 092257 8412
20151113 092259 8414
20151113 092301 8415
20151113 092305 8415
20151113 092308 8417
20151113 092309 8419
20151113 092310 8420
20151113 092311 8417
20151113 092318 8413
20151113 092319 8412
20151113 092321 8412
20151113 092322 8413
20151113 092323 8411
20151113 092330 8413
20151113 092333 8413
20151113 092335 8413
20151113 092340 8415
20151113 092344 8415
20151113 092345 8415
20151113 092347 8417
20151113 092352 8416
20151113 092355 8414
20151113 092356 8418
20151113 092358 8420
20151113 092400 8422
20151113 092401 8424
20151113 092402 8424
20151113 092403 8423
20151113 092404 8424
20151113 092405 8426
20151113 092406 8428
20151113 092407 8425
20151113 092410 8425
20151113 092411 8426
20151113 092415 8425
20151113 092418 8425
20151113 092420 8423
20151113 092422 8422
20151113 092434 8418
20151113 092436 8418
20151113 092442 8419
20151113 092445 8419
20151113 092446 8417
20151113 092447 8415
20151113 092448 8415
20151113 092453 8416
20151113 092456 8418
20151113 092500 8419
20151113 092501 8421
20151113 092503 8420
20151113 092504 8420
20151113 092508 8421
20151113 092509 8420
20151113 092516 8419
20151113 092518 8422
20151113 092524 8421
20151113 092525 8416
20151113 092529 8423
20151113 092546 8424
20151113 092547 8424
20151113 092550 8425
20151113 092551 8426
20151113 092553 8427
20151113 092554 8425
20151113 092555 8426
20151113 092559 8425
20151113 092601 8425
20151113 092603 8425
20151113 092612 8421
20151113 092621 8419
20151113 092622 8419
20151113 092624 8418
20151113 092639 8418
20151113 092640 8420
20151113 092649 8420
20151113 092653 8422
20151113 092655 8421
20151113 092658 8423
20151113 092701 8424
20151113 092702 8425
20151113 092704 8424
20151113 092712 8418
20151113 092713 8417
20151113 092715 8415
20151113 092718 8413
20151113 092719 8412
20151113 092730 8417
20151113 092731 8420
20151113 092739 8418
20151113 092741 8417
20151113 092743 8417
20151113 092748 8415
20151113 092759 8416
20151113 092803 8418
20151113 092804 8419
20151113 092812 8420
20151113 092817 8419
20151113 092822 8421
20151113 092824 8422
20151113 092826 8423
20151113 092831 8423
20151113 092836 8395
20151113 092838 8423
20151113 092846 8418
20151113 092847 8422
20151113 092851 8424
20151113 092853 8424
20151113 092855 8427
20151113 092856 8427
20151113 092857 8431
20151113 092900 8432
20151113 092902 8429
20151113 092906 8428
20151113 092909 8427
20151113 092913 8425
20151113 092916 8421
20151113 092922 8426
20151113 092924 8426
20151113 092925 8426
20151113 092927 8427
20151113 092929 8426
20151113 092937 8424
20151113 092947 8425
20151113 092957 8425
20151113 093003 8423
20151113 093009 8423
20151113 093010 8421
20151113 093014 8419
20151113 093018 8419
20151113 093019 8418
20151113 093022 8417
20151113 093025 8418
20151113 093028 8419
20151113 093032 8420
20151113 093033 8419
20151113 093034 8421
20151113 093035 8423
20151113 093041 8424
20151113 093045 8422
20151113 093047 8423
20151113 093057 8422
20151113 093103 8422
20151113 093106 8422
20151113 093119 8421
20151113 093130 8421
20151113 093137 8419
20151113 093157 8417
20151113 093206 8420
20151113 093212 8422
20151113 093225 8423
20151113 093229 8422
20151113 093251 8423
20151113 093302 8424
20151113 093303 8425
20151113 093304 8425
20151113 093305 8426
20151113 093306 8427
20151113 093307 8427
20151113 093311 8429
20151113 093312 8429
20151113 093317 8429
20151113 093319 8428
20151113 093321 8430
20151113 093322 8432
20151113 093325 8431
20151113 093328 8436
20151113 093330 8435
20151113 093335 8431
20151113 093338 8434
20151113 093340 8434
20151113 093341 8435
20151113 093343 8435
20151113 093344 8435
20151113 093347 8436
20151113 093349 8439
20151113 093353 8435
20151113 093356 8434
20151113 093358 8431
20151113 093359 8429
20151113 093404 8437
20151113 093405 8434
20151113 093411 8433
20151113 093415 8433
20151113 093418 8432
20151113 093421 8431
20151113 093424 8432
20151113 093425 8433
20151113 093426 8433
20151113 093429 8434
20151113 093445 8435
20151113 093446 8432
20151113 093447 8432
20151113 093451 8431
20151113 093456 8433
20151113 093500 8435
20151113 093505 8435
20151113 093506 8436
20151113 093507 8436
20151113 093509 8436
20151113 093512 8435
20151113 093513 8435
20151113 093514 8434
20151113 093521 8432
20151113 093524 8433
20151113 093526 8436
20151113 093534 8433
20151113 093537 8433
20151113 093543 8433
20151113 093551 8432
20151113 093555 8431
20151113 093601 8433
20151113 093605 8435
20151113 093606 8436
20151113 093607 8437
20151113 093609 8440
20151113 093610 8440
20151113 093611 8437
20151113 093612 8441
20151113 093613 8438
20151113 093614 8438
20151113 093618 8437
20151113 093619 8438
20151113 093625 8436
20151113 093629 8437
20151113 093633 8438
20151113 093640 8440
20151113 093641 8440
20151113 093643 8440
20151113 093644 8441
20151113 093645 8442
20151113 093646 8441
20151113 093653 8442
20151113 093654 8443
20151113 093657 8445
20151113 093659 8445
20151113 093700 8445
20151113 093701 8446
20151113 093705 8446
20151113 093720 8446
20151113 093721 8446
20151113 093723 8442
20151113 093726 8448
20151113 093727 8450
20151113 093728 8449
20151113 093732 8450
20151113 093733 8451
20151113 093734 8446
20151113 093736 8450
20151113 093737 8451
20151113 093739 8452
20151113 093750 8449
20151113 093754 8452
20151113 093755 8452
20151113 093802 8453
20151113 093803 8453
20151113 093804 8454
20151113 093812 8454
20151113 093825 8451
20151113 093832 8450
20151113 093840 8452
20151113 093855 8455
20151113 093901 8456
20151113 093902 8456
20151113 093905 8453
20151113 093906 8453
20151113 093917 8449
20151113 093919 8450
20151113 093920 8448
20151113 093921 8447
20151113 093923 8448
20151113 093926 8446
20151113 093928 8443
20151113 093929 8446
20151113 093930 8446
20151113 093933 8446
20151113 093934 8447
20151113 093955 8450
20151113 094004 8450
20151113 094022 8450
20151113 094024 8451
20151113 094050 8454
20151113 094058 8455
20151113 094104 8457
20151113 094105 8458
20151113 094106 8469
20151113 094107 8470
20151113 094114 8470
20151113 094115 8469
20151113 094119 8465
20151113 094121 8471
20151113 094122 8467
20151113 094123 8472
20151113 094125 8468
20151113 094126 8471
20151113 094134 8469
20151113 094136 8466
20151113 094137 8468
20151113 094147 8462
20151113 094151 8469
20151113 094154 8467
20151113 094155 8464
20151113 094156 8464
20151113 094157 8464
20151113 094202 8463
20151113 094204 8461
20151113 094207 8461
20151113 094215 8460
20151113 094219 8461
20151113 094222 8462
20151113 094223 8462
20151113 094239 8462
20151113 094250 8460
20151113 094254 8458
20151113 094255 8458
20151113 094258 8460
20151113 094309 8456
20151113 094311 8453
20151113 094323 8456
20151113 094324 8455
20151113 094329 8451
20151113 094331 8451
20151113 094335 8450
20151113 094340 8448
20151113 094341 8448
20151113 094342 8448
20151113 094347 8451
20151113 094408 8454
20151113 094409 8449
20151113 094413 8456
20151113 094421 8452
20151113 094446 8450
20151113 094501 8450
20151113 094506 8445
20151113 094507 8443
20151113 094510 8441
20151113 094515 8443
20151113 094517 8443
20151113 094525 8442
20151113 094532 8442
20151113 094556 8445
20151113 094558 8443
20151113 094601 8443
20151113 094605 8445
20151113 094616 8443
20151113 094623 8441
20151113 094625 8439
20151113 094626 8439
20151113 094630 8441
20151113 094632 8442
20151113 094638 8441
20151113 094712 8412
20151113 094714 8442
20151113 094715 8443
20151113 094716 8442
20151113 094720 8444
20151113 094723 8444
20151113 094725 8442
20151113 094736 8412
20151113 094738 8443
20151113 094755 8441
20151113 094804 8441
20151113 094809 8442
20151113 094813 8440
20151113 094816 8440
20151113 094818 8439
20151113 094821 8438
20151113 094835 8434
20151113 094836 8432
20151113 094837 8433
20151113 094901 8435
20151113 094902 8436
20151113 094903 8433
20151113 094904 8434
20151113 094905 8435
20151113 094906 8434
20151113 094908 8434
20151113 094943 8435
20151113 094953 8436
20151113 095013 8435
20151113 095023 8434
20151113 095031 8434
20151113 095049 8435
20151113 095052 8437
20151113 095055 8436
20151113 095105 8438
20151113 095122 8440
20151113 095129 8440
20151113 095130 8441
20151113 095135 8440
20151113 095157 8439
20151113 095158 8440
20151113 095200 8439
20151113 095208 8441
20151113 095215 8440
20151113 095222 8442
20151113 095234 8440
20151113 095307 8441
20151113 095310 8442
20151113 095332 8444
20151113 095333 8445
20151113 095335 8445
20151113 095336 8445
20151113 095337 8446
20151113 095338 8446
20151113 095339 8446
20151113 095357 8447
20151113 095403 8448
20151113 095424 8445
20151113 095427 8444
20151113 095428 8443
20151113 095430 8444
20151113 095434 8443
20151113 095440 8441
20151113 095454 8439
20151113 095455 8438
20151113 095510 8436
20151113 095512 8435
20151113 095513 8435
20151113 095515 8437
20151113 095530 8438
20151113 095556 8438
20151113 095557 8436
20151113 095559 8436
20151113 095601 8433
20151113 095604 8433
20151113 095605 8433
20151113 095607 8433
20151113 095608 8433
20151113 095701 8437
20151113 095702 8437
20151113 095703 8438
20151113 095705 8439
20151113 095735 8440
20151113 095740 8443
20151113 095746 8443
20151113 095748 8445
20151113 095749 8445
20151113 095752 8445
20151113 095754 8444
20151113 095755 8445
20151113 095758 8445
20151113 095807 8439
20151113 095832 8443
20151113 095838 8443
20151113 095853 8440
20151113 095916 8442
20151113 095925 8441
20151113 095950 8442
20151113 100000 8443
20151113 100002 8444
20151113 100003 8444
20151113 100004 8445
20151113 100016 8437
20151113 100018 8438
20151113 100019 8438
20151113 100020 8436
20151113 100021 8435
20151113 100028 8436
20151113 100032 8438
20151113 100043 8437
20151113 100044 8439
20151113 100053 8436
20151113 100057 8436
20151113 100109 8440
20151113 100111 8440
20151113 100129 8438
20151113 100136 8438
20151113 100145 8439
20151113 100147 8439
20151113 100153 8440
20151113 100219 8437
20151113 100226 8437
20151113 100228 8437
20151113 100229 8437
20151113 100235 8437
20151113 100243 8439
20151113 100351 8438
20151113 100417 8439
20151113 100422 8438
20151113 100423 8437
20151113 100426 8438
20151113 100437 8433
20151113 100438 8432
20151113 100439 8431
20151113 100452 8432
20151113 100455 8431
20151113 100456 8426
20151113 100457 8423
20151113 100501 8426
20151113 100502 8423
20151113 100507 8426
20151113 100510 8424
20151113 100517 8424
20151113 100522 8423
20151113 100523 8421
20151113 100524 8419
20151113 100526 8413
20151113 100531 8418
20151113 100532 8418
20151113 100535 8416
20151113 100542 8416
20151113 100543 8417
20151113 100544 8413
20151113 100546 8416
20151113 100547 8416
20151113 100548 8415
20151113 100549 8414
20151113 100550 8414
20151113 100551 8412
20151113 100552 8411
20151113 100558 8412
20151113 100559 8414
20151113 100600 8407
20151113 100601 8412
20151113 100602 8412
20151113 100611 8411
20151113 100618 8413
20151113 100620 8412
20151113 100626 8413
20151113 100627 8413
20151113 100629 8413
20151113 100630 8414
20151113 100631 8415
20151113 100634 8415
20151113 100636 8411
20151113 100650 8413
20151113 100651 8414
20151113 100654 8414
20151113 100655 8412
20151113 100659 8409
20151113 100702 8413
20151113 100705 8414
20151113 100707 8413
20151113 100721 8415
20151113 100722 8414
20151113 100724 8416
20151113 100732 8411
20151113 100733 8410
20151113 100735 8409
20151113 100736 8409
20151113 100737 8408
20151113 100740 8408
20151113 100743 8405
20151113 100744 8405
20151113 100745 8405
20151113 100746 8406
20151113 100749 8406
20151113 100750 8406
20151113 100751 8406
20151113 100752 8407
20151113 100754 8407
20151113 100801 8409
20151113 100804 8410
20151113 100805 8413
20151113 100811 8411
20151113 100820 8410
20151113 100825 8411
20151113 100830 8411
20151113 100842 8411
20151113 100843 8410
20151113 100848 8410
20151113 100855 8411
20151113 100906 8411
20151113 100913 8411
20151113 100935 8407
20151113 100941 8415
20151113 100948 8414
20151113 100950 8416
20151113 100954 8415
20151113 101008 8413
20151113 101011 8413
20151113 101014 8411
20151113 101016 8411
20151113 101017 8412
20151113 101030 8412
20151113 101042 8413
20151113 101045 8413
20151113 101117 8414
20151113 101124 8413
20151113 101127 8413
20151113 101132 8413
20151113 101135 8413
20151113 101151 8412
20151113 101155 8411
20151113 101156 8411
20151113 101157 8411
20151113 101214 8410
20151113 101242 8413
20151113 101253 8413
20151113 101320 8412
20151113 101329 8411
20151113 101330 8410
20151113 101334 8410
20151113 101347 8409
20151113 101402 8414
20151113 101449 8418
20151113 101450 8419
20151113 101451 8419
20151113 101453 8420
20151113 101455 8421
20151113 101457 8422
20151113 101459 8421
20151113 101501 8423
20151113 101557 8420
20151113 101627 8418
20151113 101631 8416
20151113 101633 8416
20151113 101634 8417
20151113 101636 8415
20151113 101638 8414
20151113 101640 8413
20151113 101643 8411
20151113 101645 8410
20151113 101646 8410
20151113 101718 8415
20151113 101724 8415
20151113 101729 8417
20151113 101745 8416
20151113 101751 8416
20151113 101812 8416
20151113 101827 8420
20151113 101845 8420
20151113 101855 8418
20151113 101920 8419
20151113 101934 8419
20151113 101939 8418
20151113 101946 8419
20151113 102034 8423
20151113 102035 8424
20151113 102036 8424
20151113 102037 8425
20151113 102038 8425
20151113 102040 8425
20151113 102041 8427
20151113 102056 8427
20151113 102117 8428
20151113 102118 8428
20151113 102128 8428
20151113 102204 8429
20151113 102211 8430
20151113 102217 8431
20151113 102222 8433
20151113 102224 8433
20151113 102225 8434
20151113 102226 8433
20151113 102227 8435
20151113 102229 8435
20151113 102233 8436
20151113 102234 8436
20151113 102235 8437
20151113 102239 8433
20151113 102241 8437
20151113 102243 8436
20151113 102248 8437
20151113 102249 8437
20151113 102251 8437
20151113 102257 8432
20151113 102300 8434
20151113 102309 8435
20151113 102311 8435
20151113 102404 8433
20151113 102409 8434
20151113 102441 8434
20151113 102442 8433
20151113 102443 8432
20151113 102445 8432
20151113 102446 8431
20151113 102453 8430
20151113 102517 8427
20151113 102520 8428
20151113 102523 8426
20151113 102528 8426
20151113 102621 8432
20151113 102625 8431
20151113 102635 8431
20151113 102643 8430
20151113 102655 8428
20151113 102700 8428
20151113 102701 8426
20151113 102717 8426
20151113 102727 8421
20151113 102733 8428
20151113 102737 8429
20151113 102744 8429
20151113 102800 8427
20151113 102802 8426
20151113 102816 8426
20151113 102819 8427
20151113 102828 8427
20151113 102845 8423
20151113 102859 8425
20151113 102924 8426
20151113 102946 8430
20151113 102947 8433
20151113 102948 8430
20151113 103010 8428
20151113 103017 8427
20151113 103019 8428
20151113 103023 8426
20151113 103034 8425
20151113 103036 8424
20151113 103037 8423
20151113 103041 8421
20151113 103042 8421
20151113 103047 8420
20151113 103050 8423
20151113 103116 8422
20151113 103119 8422
20151113 103121 8419
20151113 103122 8418
20151113 103126 8417
20151113 103127 8416
20151113 103128 8415
20151113 103129 8414
20151113 103131 8414
20151113 103137 8416
20151113 103144 8415
20151113 103146 8413
20151113 103147 8413
20151113 103148 8412
20151113 103149 8411
20151113 103154 8414
20151113 103156 8414
20151113 103206 8413
20151113 103215 8412
20151113 103217 8411
20151113 103218 8411
20151113 103219 8411
20151113 103220 8408
20151113 103221 8408
20151113 103224 8408
20151113 103229 8407
20151113 103230 8407
20151113 103231 8407
20151113 103233 8406
20151113 103234 8406
20151113 103235 8406
20151113 103236 8402
20151113 103241 8399
20151113 103242 8397
20151113 103243 8396
20151113 103250 8397
20151113 103251 8397
20151113 103253 8396
20151113 103254 8395
20151113 103255 8396
20151113 103259 8394
20151113 103300 8394
20151113 103301 8394
20151113 103302 8392
20151113 103305 8392
20151113 103306 8392
20151113 103307 8390
20151113 103309 8390
20151113 103310 8390
20151113 103311 8388
20151113 103312 8385
20151113 103313 8388
20151113 103314 8389
20151113 103318 8388
20151113 103327 8387
20151113 103337 8387
20151113 103342 8387
20151113 103345 8392
20151113 103349 8391
20151113 103357 8390
20151113 103358 8390
20151113 103402 8389
20151113 103406 8388
20151113 103435 8391
20151113 103442 8390
20151113 103444 8391
20151113 103446 8391
20151113 103513 8392
20151113 103517 8391
20151113 103519 8390
20151113 103520 8390
20151113 103521 8388
20151113 103522 8386
20151113 103524 8386
20151113 103525 8386
20151113 103532 8388
20151113 103602 8384
20151113 103606 8383
20151113 103608 8383
20151113 103609 8385
20151113 103612 8381
20151113 103618 8382
20151113 103619 8380
20151113 103620 8378
20151113 103627 8377
20151113 103628 8376
20151113 103629 8376
20151113 103630 8374
20151113 103632 8374
20151113 103633 8372
20151113 103634 8372
20151113 103635 8372
20151113 103636 8372
20151113 103637 8370
20151113 103638 8362
20151113 103639 8343
20151113 103640 8338
20151113 103641 8347
20151113 103642 8342
20151113 103643 8350
20151113 103644 8351
20151113 103645 8358
20151113 103646 8355
20151113 103647 8355
20151113 103649 8358
20151113 103652 8355
20151113 103653 8352
20151113 103655 8351
20151113 103656 8351
20151113 103657 8349
20151113 103658 8349
20151113 103659 8346
20151113 103700 8347
20151113 103701 8342
20151113 103702 8344
20151113 103703 8347
20151113 103704 8345
20151113 103705 8344
20151113 103706 8345
20151113 103707 8346
20151113 103708 8346
20151113 103709 8345
20151113 103710 8346
20151113 103715 8348
20151113 103716 8347
20151113 103717 8350
20151113 103718 8352
20151113 103719 8350
20151113 103720 8353
20151113 103721 8354
20151113 103722 8353
20151113 103724 8356
20151113 103727 8354
20151113 103732 8350
20151113 103733 8352
20151113 103735 8352
20151113 103736 8352
20151113 103737 8350
20151113 103739 8350
20151113 103741 8351
20151113 103742 8351
20151113 103749 8351
20151113 103751 8351
20151113 103752 8350
20151113 103754 8349
20151113 103757 8349
20151113 103758 8348
20151113 103804 8346
20151113 103808 8346
20151113 103809 8344
20151113 103810 8343
20151113 103812 8342
20151113 103813 8341
20151113 103814 8337
20151113 103815 8338
20151113 103816 8338
20151113 103817 8334
20151113 103818 8335
20151113 103819 8333
20151113 103820 8334
20151113 103821 8331
20151113 103822 8326
20151113 103824 8322
20151113 103825 8321
20151113 103826 8320
20151113 103827 8324
20151113 103828 8324
20151113 103829 8326
20151113 103834 8328
20151113 103839 8329
20151113 103840 8331
20151113 103841 8333
20151113 103842 8334
20151113 103843 8334
20151113 103845 8338
20151113 103847 8338
20151113 103849 8343
20151113 103852 8343
20151113 103853 8342
20151113 103855 8343
20151113 103857 8345
20151113 103900 8344
20151113 103902 8340
20151113 103906 8338
20151113 103907 8337
20151113 103908 8339
20151113 103913 8337
20151113 103919 8335
20151113 103921 8335
20151113 103922 8334
20151113 103923 8335
20151113 103924 8335
20151113 103926 8332
20151113 103927 8331
20151113 103930 8330
20151113 103931 8332
20151113 103935 8332
20151113 103940 8334
20151113 103944 8335
20151113 103947 8339
20151113 103948 8338
20151113 103955 8338
20151113 103958 8339
20151113 104000 8339
20151113 104001 8340
20151113 104002 8342
20151113 104003 8340
20151113 104014 8344
20151113 104017 8343
20151113 104018 8345
20151113 104019 8341
20151113 104024 8347
20151113 104027 8347
20151113 104028 8347
20151113 104032 8349
20151113 104034 8350
20151113 104036 8351
20151113 104037 8352
20151113 104038 8362
20151113 104039 8359
20151113 104041 8357
20151113 104042 8354
20151113 104044 8360
20151113 104046 8358
20151113 104047 8356
20151113 104048 8356
20151113 104049 8354
20151113 104050 8354
20151113 104052 8357
20151113 104053 8356
20151113 104055 8357
20151113 104056 8357
20151113 104058 8357
20151113 104059 8354
20151113 104100 8356
20151113 104103 8356
20151113 104105 8355
20151113 104107 8354
20151113 104112 8356
20151113 104114 8354
20151113 104122 8355
20151113 104130 8351
20151113 104131 8352
20151113 104132 8351
20151113 104134 8351
20151113 104136 8349
20151113 104137 8349
20151113 104139 8348
20151113 104140 8347
20151113 104141 8347
20151113 104143 8349
20151113 104144 8349
20151113 104146 8351
20151113 104150 8350
20151113 104152 8351
20151113 104213 8354
20151113 104216 8353
20151113 104219 8355
20151113 104221 8358
20151113 104223 8359
20151113 104233 8360
20151113 104236 8361
20151113 104238 8361
20151113 104239 8361
20151113 104313 8360
20151113 104348 8359
20151113 104355 8357
20151113 104356 8359
20151113 104357 8359
20151113 104407 8360
20151113 104410 8359
20151113 104417 8359
20151113 104418 8358
20151113 104419 8357
20151113 104420 8356
20151113 104421 8356
20151113 104443 8356
20151113 104444 8356
20151113 104445 8355
20151113 104446 8356
20151113 104447 8354
20151113 104451 8354
20151113 104500 8352
20151113 104501 8351
20151113 104502 8352
20151113 104504 8351
20151113 104505 8351
20151113 104506 8349
20151113 104508 8349
20151113 104510 8348
20151113 104516 8351
20151113 104522 8351
20151113 104524 8353
20151113 104525 8353
20151113 104541 8351
20151113 104542 8351
20151113 104546 8346
20151113 104547 8345
20151113 104548 8343
20151113 104549 8346
20151113 104550 8343
20151113 104554 8345
20151113 104557 8346
20151113 104600 8344
20151113 104602 8343
20151113 104603 8344
20151113 104604 8342
20151113 104605 8343
20151113 104606 8342
20151113 104607 8341
20151113 104608 8343
20151113 104611 8339
20151113 104615 8338
20151113 104616 8338
20151113 104617 8337
20151113 104618 8335
20151113 104621 8335
20151113 104622 8334
20151113 104625 8334
20151113 104626 8332
20151113 104627 8331
20151113 104628 8331
20151113 104630 8334
20151113 104631 8332
20151113 104637 8335
20151113 104638 8335
20151113 104644 8332
20151113 104647 8336
20151113 104655 8335
20151113 104656 8335
20151113 104659 8335
20151113 104709 8339
20151113 104717 8344
20151113 104720 8347
20151113 104722 8345
20151113 104737 8345
20151113 104741 8348
20151113 104756 8347
20151113 104759 8346
20151113 104800 8345
20151113 104804 8343
20151113 104805 8342
20151113 104809 8341
20151113 104816 8337
20151113 104817 8338
20151113 104821 8343
20151113 104824 8347
20151113 104832 8346
20151113 104834 8344
20151113 104835 8342
20151113 104836 8344
20151113 104846 8346
20151113 104847 8345
20151113 104850 8343
20151113 104854 8344
20151113 104858 8342
20151113 104859 8340
20151113 104905 8340
20151113 104907 8340
20151113 104909 8343
20151113 104910 8343
20151113 104914 8344
20151113 104915 8344
20151113 104928 8348
20151113 104940 8345
20151113 104943 8343
20151113 104945 8343
20151113 104946 8343
20151113 104954 8348
20151113 104955 8348
20151113 105000 8345
20151113 105003 8346
20151113 105005 8346
20151113 105009 8342
20151113 105016 8346
20151113 105019 8343
20151113 105040 8345
20151113 105045 8343
20151113 105048 8342
20151113 105058 8342
20151113 105102 8342
20151113 105103 8341
20151113 105116 8347
20151113 105118 8352
20151113 105119 8353
20151113 105120 8356
20151113 105121 8356
20151113 105125 8356
20151113 105127 8357
20151113 105128 8353
20151113 105129 8358
20151113 105130 8358
20151113 105131 8361
20151113 105134 8363
20151113 105135 8364
20151113 105139 8364
20151113 105141 8366
20151113 105142 8367
20151113 105143 8366
20151113 105144 8367
20151113 105148 8367
20151113 105150 8365
20151113 105154 8367
20151113 105156 8367
20151113 105202 8367
20151113 105204 8368
20151113 105207 8367
20151113 105208 8367
20151113 105220 8372
20151113 105221 8373
20151113 105222 8374
20151113 105225 8375
20151113 105226 8376
20151113 105227 8378
20151113 105238 8374
20151113 105255 8374
20151113 105302 8375
20151113 105304 8372
20151113 105306 8370
20151113 105309 8370
20151113 105311 8369
20151113 105312 8369
20151113 105313 8369
20151113 105410 8370
20151113 105411 8371
20151113 105412 8373
20151113 105413 8373
20151113 105415 8370
20151113 105431 8369
20151113 105432 8369
20151113 105453 8369
20151113 105505 8362
20151113 105508 8361
20151113 105509 8360
20151113 105510 8361
20151113 105512 8359
20151113 105521 8363
20151113 105540 8361
20151113 105623 8365
20151113 105624 8365
20151113 105626 8366
20151113 105630 8365
20151113 105631 8365
20151113 105636 8364
20151113 105639 8360
20151113 105640 8358
20151113 105641 8358
20151113 105643 8357
20151113 105723 8361
20151113 105727 8362
20151113 105806 8338
20151113 105807 8367
20151113 105809 8368
20151113 105813 8371
20151113 105814 8373
20151113 105815 8373
20151113 105816 8375
20151113 105825 8371
20151113 105829 8371
20151113 105854 8369
20151113 105901 8370
20151113 105910 8370
20151113 105915 8367
20151113 105918 8369
20151113 105927 8373
20151113 105934 8375
20151113 105935 8375
20151113 105936 8375
20151113 105937 8376
20151113 105938 8376
20151113 105942 8376
20151113 105951 8377
20151113 105952 8376
20151113 105958 8376
20151113 110003 8372
20151113 110010 8375
20151113 110031 8368
20151113 110037 8370
20151113 110040 8373
20151113 110051 8375
20151113 110054 8376
20151113 110100 8375
20151113 110110 8372
20151113 110122 8368
20151113 110127 8368
20151113 110128 8368
20151113 110129 8368
20151113 110137 8373
20151113 110153 8370
20151113 110159 8373
20151113 110206 8374
20151113 110207 8373
20151113 110235 8372
20151113 110237 8373
20151113 110238 8374
20151113 110243 8375
20151113 110249 8376
20151113 110251 8376
20151113 110253 8377
20151113 110254 8377
20151113 110255 8377
20151113 110321 8371
20151113 110355 8368
20151113 110400 8367
20151113 110402 8365
20151113 110406 8362
20151113 110424 8361
20151113 110425 8360
20151113 110428 8357
20151113 110443 8355
20151113 110444 8353
20151113 110445 8352
20151113 110447 8351
20151113 110459 8352
20151113 110503 8354
20151113 110505 8352
20151113 110519 8350
20151113 110520 8350
20151113 110523 8350
20151113 110540 8354
20151113 110548 8356
20151113 110550 8356
20151113 110604 8356
20151113 110619 8357
20151113 110624 8357
20151113 110627 8358
20151113 110645 8357
20151113 110659 8357
20151113 110709 8358
20151113 110711 8360
20151113 110712 8359
20151113 110714 8361
20151113 110715 8361
20151113 110717 8360
20151113 110719 8360
20151113 110723 8362
20151113 110729 8362
20151113 110732 8362
20151113 110736 8362
20151113 110739 8362
20151113 110802 8366
20151113 110803 8366
20151113 110804 8367
20151113 110827 8368
20151113 110829 8368
20151113 110831 8368
20151113 110838 8369
20151113 110843 8371
20151113 110844 8372
20151113 110845 8373
20151113 110853 8370
20151113 110916 8370
20151113 110925 8366
20151113 110939 8368
20151113 110945 8369
20151113 110958 8373
20151113 111004 8370
20151113 111016 8368
20151113 111029 8365
20151113 111037 8365
20151113 111056 8366
20151113 111102 8368
20151113 111108 8369
20151113 111109 8370
20151113 111111 8371
20151113 111112 8369
20151113 111113 8371
20151113 111114 8367
20151113 111122 8367
20151113 111126 8366
20151113 111229 8366
20151113 111246 8366
20151113 111356 8362
20151113 111357 8360
20151113 111358 8359
20151113 111408 8360
20151113 111414 8363
20151113 111436 8362
20151113 111448 8362
20151113 111449 8363
20151113 111517 8362
20151113 111518 8363
20151113 111531 8364
20151113 111548 8364
20151113 111551 8366
20151113 111552 8367
20151113 111629 8366
20151113 111701 8367
20151113 111724 8365
20151113 111725 8365
20151113 111735 8365
20151113 111739 8365
20151113 111754 8363
20151113 111804 8363
20151113 111808 8362
20151113 111810 8361
20151113 111811 8359
20151113 111829 8363
20151113 111845 8363
20151113 111853 8366
20151113 111857 8364
20151113 111906 8368
20151113 111923 8369
20151113 111930 8371
20151113 111934 8368
20151113 111957 8367
20151113 112016 8366
20151113 112027 8365
20151113 112047 8367
20151113 112115 8367
20151113 112120 8369
20151113 112130 8370
20151113 112131 8373
20151113 112133 8376
20151113 112134 8376
20151113 112135 8376
20151113 112140 8372
20151113 112155 8368
20151113 112157 8367
20151113 112201 8366
20151113 112202 8367
20151113 112206 8367
20151113 112222 8368
20151113 112225 8368
20151113 112226 8368
20151113 112227 8368
20151113 112230 8368
20151113 112234 8365
20151113 112239 8362
20151113 112246 8362
20151113 112247 8361
20151113 112248 8361
20151113 112249 8361
20151113 112250 8361
20151113 112313 8361
20151113 112315 8360
20151113 112316 8358
20151113 112317 8356
20151113 112322 8355
20151113 112325 8354
20151113 112337 8358
20151113 112341 8356
20151113 112349 8359
20151113 112435 8362
20151113 112442 8363
20151113 112444 8362
20151113 112449 8363
20151113 112505 8360
20151113 112510 8358
20151113 112514 8357
20151113 112516 8356
20151113 112518 8356
20151113 112519 8356
20151113 112520 8357
20151113 112538 8359
20151113 112557 8359
20151113 112617 8358
20151113 112644 8360
20151113 112745 8364
20151113 112746 8365
20151113 112826 8361
20151113 112858 8361
20151113 112916 8360
20151113 112923 8357
20151113 112926 8356
20151113 112928 8355
20151113 112929 8353
20151113 112932 8352
20151113 112933 8352
20151113 112934 8352
20151113 112935 8351
20151113 112936 8351
20151113 112937 8351
20151113 112948 8353
20151113 112956 8356
20151113 113019 8355
20151113 113020 8355
20151113 113025 8358
20151113 113026 8357
20151113 113104 8358
20151113 113109 8353
20151113 113110 8352
20151113 113112 8351
20151113 113121 8349
20151113 113122 8345
20151113 113127 8347
20151113 113133 8345
20151113 113135 8343
20151113 113137 8342
20151113 113139 8342
20151113 113144 8340
20151113 113145 8340
20151113 113147 8340
20151113 113148 8339
20151113 113151 8343
20151113 113207 8345
20151113 113208 8345
20151113 113211 8350
20151113 113218 8349
20151113 113220 8348
20151113 113222 8348
20151113 113316 8345
20151113 113343 8346
20151113 113346 8348
20151113 113353 8349
20151113 113412 8349
20151113 113437 8349
20151113 113440 8349
20151113 113443 8349
20151113 113448 8349
20151113 113519 8344
20151113 113527 8341
20151113 113543 8347
20151113 113545 8348
20151113 113555 8348
20151113 113559 8349
20151113 113600 8349
20151113 113602 8351
20151113 113603 8351
20151113 113605 8352
20151113 113611 8353
20151113 113612 8353
20151113 113613 8353
20151113 113706 8348
20151113 113801 8348
20151113 113802 8346
20151113 113804 8346
20151113 113807 8345
20151113 113900 8348
20151113 113903 8346
20151113 113907 8343
20151113 113941 8347
20151113 114025 8347
20151113 114031 8344
20151113 114037 8344
20151113 114118 8342
20151113 114121 8342
20151113 114140 8343
20151113 114153 8342
20151113 114154 8342
20151113 114155 8340
20151113 114157 8340
20151113 114158 8339
20151113 114159 8338
20151113 114205 8339
20151113 114206 8337
20151113 114207 8336
20151113 114208 8335
20151113 114209 8335
20151113 114211 8337
20151113 114212 8336
20151113 114217 8339
20151113 114219 8340
20151113 114221 8343
20151113 114222 8344
20151113 114223 8344
20151113 114226 8341
20151113 114228 8343
20151113 114231 8342
20151113 114233 8341
20151113 114246 8341
20151113 114307 8343
20151113 114308 8341
20151113 114317 8343
20151113 114318 8343
20151113 114338 8344
20151113 114341 8346
20151113 114343 8347
20151113 114344 8348
20151113 114407 8350
20151113 114408 8353
20151113 114409 8356
20151113 114411 8358
20151113 114412 8359
20151113 114416 8355
20151113 114426 8355
20151113 114438 8358
20151113 114452 8359
20151113 114507 8357
20151113 114508 8356
20151113 114515 8355
20151113 114519 8357
20151113 114524 8357
20151113 114528 8358
20151113 114539 8358
20151113 114543 8359
20151113 114616 8357
20151113 114637 8357
20151113 114705 8354
20151113 114726 8354
20151113 114729 8356
20151113 114731 8356
20151113 114737 8357
20151113 114747 8358
20151113 114758 8357
20151113 114807 8359
20151113 114816 8359
20151113 114824 8359
20151113 114825 8359
20151113 114826 8360
20151113 114858 8359
20151113 114859 8360
20151113 114938 8357
20151113 114953 8358
20151113 114956 8357
20151113 115002 8356
20151113 115005 8358
20151113 115014 8355
20151113 115016 8355
20151113 115017 8354
20151113 115022 8353
20151113 115127 8351
20151113 115215 8355
20151113 115601 8353
20151113 115700 8355
20151113 115720 8353
20151113 115721 8352
20151113 115722 8351
20151113 115726 8345
20151113 115727 8344
20151113 115732 8343
20151113 115745 8343
20151113 115749 8340
20151113 115754 8335
20151113 115755 8333
20151113 115758 8337
20151113 115801 8340
20151113 115803 8341
20151113 115811 8339
20151113 115820 8343
20151113 115821 8343
20151113 115836 8345
20151113 115837 8345
20151113 115958 8343
20151113 120001 8342
20151113 120002 8341
20151113 120004 8340
20151113 120012 8344
20151113 120023 8343
20151113 120123 8346
20151113 120124 8346
20151113 120127 8343
20151113 120131 8346
20151113 120238 8342
20151113 120249 8342
20151113 120317 8337
20151113 120318 8337
20151113 120332 8339
20151113 120345 8343
20151113 120352 8342
20151113 120420 8341
20151113 120421 8340
20151113 120425 8340
20151113 120439 8343
20151113 120440 8343
20151113 120442 8341
20151113 120456 8343
20151113 120500 8345
20151113 120506 8346
20151113 120507 8347
20151113 120508 8349
20151113 120534 8348
20151113 120604 8347
20151113 120620 8348
20151113 120715 8347
20151113 120720 8348
20151113 120802 8349
20151113 120810 8349
20151113 120816 8349
20151113 120821 8349
20151113 120826 8351
20151113 120828 8351
20151113 120829 8353
20151113 120831 8350
20151113 120833 8354
20151113 120838 8355
20151113 120839 8356
20151113 120928 8353
20151113 121023 8353
20151113 121026 8352
20151113 121028 8352
20151113 121035 8353
20151113 121043 8352
20151113 121120 8348
20151113 121129 8349
20151113 121224 8345
20151113 121326 8348
20151113 121343 8345
20151113 121349 8344
20151113 121352 8342
20151113 121453 8346
20151113 121458 8346
20151113 121524 8346
20151113 121533 8347
20151113 121534 8348
20151113 121536 8348
20151113 121538 8348
20151113 121544 8348
20151113 121559 8349
20151113 121643 8349
20151113 121644 8349
20151113 121715 8344
20151113 121857 8349
20151113 121901 8349
20151113 121929 8347
20151113 122021 8348
20151113 122031 8349
20151113 122151 8346
20151113 122154 8347
20151113 122157 8347
20151113 122240 8351
20151113 122241 8353
20151113 122251 8355
20151113 122252 8355
20151113 122258 8356
20151113 122259 8357
20151113 122309 8354
20151113 122310 8354
20151113 122438 8356
20151113 122441 8357
20151113 122444 8358
20151113 122445 8358
20151113 122449 8359
20151113 122454 8361
20151113 122458 8359
20151113 122459 8359
20151113 122502 8363
20151113 122503 8364
20151113 122504 8367
20151113 122519 8363
20151113 122520 8362
20151113 122533 8361
20151113 122535 8361
20151113 122543 8361
20151113 122545 8361
20151113 122547 8361
20151113 122548 8360
20151113 122559 8359
20151113 122642 8355
20151113 122808 8352
20151113 122834 8351
20151113 122934 8356
20151113 123008 8357
20151113 123010 8357
20151113 123016 8358
20151113 123020 8358
20151113 123022 8359
20151113 123045 8357
20151113 123104 8356
20151113 123111 8356
20151113 123113 8357
20151113 123144 8356
20151113 123313 8349
20151113 123341 8349
20151113 123342 8349
20151113 123438 8345
20151113 123504 8346
20151113 123512 8348
20151113 123515 8348
20151113 123527 8347
20151113 123530 8348
20151113 123535 8347
20151113 123536 8348
20151113 123538 8347
20151113 123540 8348
20151113 123543 8349
20151113 123544 8348
20151113 123555 8347
20151113 123613 8348
20151113 123833 8352
20151113 123839 8351
20151113 123858 8353
20151113 124237 8353
20151113 124406 8348
20151113 124407 8345
20151113 124408 8347
20151113 124423 8344
20151113 124437 8343
20151113 124438 8343
20151113 124439 8343
20151113 124440 8342
20151113 124442 8341
20151113 124446 8345
20151113 124453 8341
20151113 124454 8339
20151113 124455 8338
20151113 124502 8341
20151113 124550 8342
20151113 124613 8344
20151113 124632 8345
20151113 124645 8342
20151113 124718 8340
20151113 124736 8340
20151113 124743 8342
20151113 124913 8338
20151113 125039 8341
20151113 125056 8337
20151113 125057 8337
20151113 125101 8335
20151113 125102 8335
20151113 125103 8333
20151113 125104 8332
20151113 125105 8332
20151113 125120 8335
20151113 125131 8338
20151113 125202 8340
20151113 125204 8342
20151113 125208 8341
20151113 125209 8343
20151113 125211 8342
20151113 125231 8343
20151113 125323 8338
20151113 125328 8338
20151113 125341 8339
20151113 125443 8337
20151113 125528 8338
20151113 125546 8338
20151113 125619 8335
20151113 125636 8339
20151113 125644 8341
20151113 125646 8341
20151113 125851 8342
20151113 125900 8343
20151113 125901 8346
20151113 130020 8347
20151113 130038 8347
20151113 130046 8346
20151113 130050 8348
20151113 130115 8345
20151113 130116 8346
20151113 130120 8347
20151113 130122 8347
20151113 130126 8347
20151113 130157 8343
20151113 130217 8344
20151113 130226 8344
20151113 130227 8344
20151113 130310 8344
20151113 130311 8344
20151113 130405 8342
20151113 130437 8340
20151113 130448 8336
20151113 130449 8335
20151113 130451 8333
20151113 130452 8332
20151113 130604 8339
20151113 130608 8340
20151113 130609 8340
20151113 130612 8339
20151113 130615 8339
20151113 130617 8338
20151113 130618 8338
20151113 130626 8336
20151113 130627 8336
20151113 130638 8336
20151113 130641 8340
20151113 130652 8338
20151113 130718 8339
20151113 130734 8342
20151113 130745 8340
20151113 130753 8343
20151113 130804 8344
20151113 130807 8344
20151113 130808 8344
20151113 130809 8344
20151113 130810 8344
20151113 130811 8343
20151113 130816 8343
20151113 130908 8345
20151113 130910 8346
20151113 130911 8346
20151113 130912 8346
20151113 130913 8347
20151113 130920 8347
20151113 130921 8348
20151113 130922 8348
20151113 130928 8345
20151113 130939 8342
20151113 130949 8342
20151113 131048 8343
20151113 131059 8343
20151113 131119 8345
20151113 131121 8344
20151113 131139 8344
20151113 131148 8344
20151113 131210 8344
20151113 131212 8344
20151113 131420 8319
20151113 131436 8343
20151113 131439 8342
20151113 131535 8342
20151113 131603 8343
20151113 131713 8340
20151113 131732 8342
20151113 131734 8343
20151113 131806 8343
20151113 131859 8342
20151113 131903 8343
20151113 131905 8345
20151113 131906 8345
20151113 131909 8347
20151113 131910 8347
20151113 132001 8348
20151113 132005 8349
20151113 132022 8352
20151113 132023 8352
20151113 132045 8325
20151113 132046 8325
20151113 132050 8350
20151113 132059 8348
20151113 132150 8347
20151113 132151 8346
20151113 132206 8347
20151113 132213 8347
20151113 132230 8347
20151113 132233 8347
20151113 132304 8344
20151113 132354 8343
20151113 132357 8343
20151113 132400 8345
20151113 132402 8345
20151113 132403 8345
20151113 132405 8345
20151113 132406 8346
20151113 132416 8346
20151113 132419 8346
20151113 132421 8345
20151113 132442 8344
20151113 132447 8344
20151113 132508 8346
20151113 132509 8347
20151113 132517 8341
20151113 132518 8340
20151113 132520 8340
20151113 132521 8339
20151113 132522 8338
20151113 132538 8338
20151113 132543 8337
20151113 132545 8336
20151113 132546 8336
20151113 132547 8335
20151113 132549 8335
20151113 132550 8335
20151113 132551 8335
20151113 132552 8335
20151113 132553 8335
20151113 132616 8337
20151113 132622 8338
20151113 132648 8337
20151113 132707 8340
20151113 132711 8339
20151113 132742 8337
20151113 132747 8338
20151113 132754 8338
20151113 132759 8337
20151113 132800 8340
20151113 132825 8339
20151113 132826 8341
20151113 132828 8340
20151113 132831 8339
20151113 132835 8339
20151113 132837 8339
20151113 132843 8338
20151113 132903 8340
20151113 132904 8341
20151113 132905 8343
20151113 132921 8340
20151113 132939 8336
20151113 132940 8336
20151113 132942 8335
20151113 132943 8334
20151113 132948 8334
20151113 132952 8334
20151113 132957 8333
20151113 132959 8334
20151113 133003 8335
20151113 133007 8333
20151113 133008 8333
20151113 133009 8332
20151113 133015 8331
20151113 133028 8329
20151113 133029 8328
20151113 133031 8328
20151113 133032 8327
20151113 133033 8327
20151113 133034 8327
20151113 133035 8327
20151113 133036 8327
20151113 133052 8326
20151113 133107 8331
20151113 133112 8334
20151113 133129 8333
20151113 133140 8333
20151113 133153 8333
20151113 133154 8334
20151113 133158 8335
20151113 133202 8336
20151113 133221 8333
20151113 133316 8331
20151113 133317 8331
20151113 133322 8330
20151113 133323 8330
20151113 133333 8334
20151113 133335 8334
20151113 133416 8330
20151113 133419 8331
20151113 133423 8330
20151113 133426 8331
20151113 133431 8331
20151113 133433 8332
20151113 133437 8333
20151113 133438 8333
20151113 133440 8332
20151113 133501 8335
20151113 133502 8335
20151113 133504 8335
20151113 133505 8335
20151113 133509 8335
20151113 133527 8331
20151113 133542 8334
20151113 133543 8334
20151113 133555 8333
20151113 133558 8334
20151113 133649 8331
20151113 133651 8330
20151113 133659 8330
20151113 133708 8329
20151113 133713 8327
20151113 133721 8327
20151113 133722 8329
20151113 133731 8329
20151113 133741 8329
20151113 133744 8329
20151113 133754 8330
20151113 133755 8330
20151113 133756 8330
20151113 133759 8331
20151113 133800 8332
20151113 133801 8332
20151113 133802 8332
20151113 133803 8332
20151113 133806 8331
20151113 133808 8331
20151113 133815 8331
20151113 133824 8331
20151113 133826 8331
20151113 133828 8331
20151113 133830 8330
20151113 133832 8330
20151113 133844 8329
20151113 133850 8331
20151113 133852 8331
20151113 133857 8331
20151113 133859 8332
20151113 133901 8333
20151113 133902 8333
20151113 133903 8333
20151113 133909 8332
20151113 133938 8334
20151113 133946 8334
20151113 134004 8336
20151113 134006 8337
20151113 134007 8337
20151113 134009 8337
20151113 134011 8337
20151113 134012 8337
20151113 134013 8338
20151113 134016 8338
20151113 134017 8338
20151113 134018 8339
20151113 134021 8339
20151113 134022 8339
20151113 134024 8339
20151113 134025 8340
20151113 134027 8339
20151113 134037 8339
20151113 134054 8339
20151113 134109 8342
20151113 134111 8342
20151113 134113 8343
20151113 134118 8343
20151113 134144 8344
20151113 134145 8344
20151113 134147 8344
20151113 134152 8345
20151113 134157 8345
20151113 134200 8347
20151113 134201 8347
20151113 134202 8348
20151113 134205 8347
20151113 134210 8348
20151113 134212 8349
20151113 134214 8348
20151113 134215 8348
20151113 134217 8348
20151113 134233 8349
20151113 134234 8349
20151113 134237 8349
20151113 134238 8349
20151113 134240 8349
20151113 134242 8350
20151113 134243 8350
20151113 134247 8351
20151113 134248 8351
20151113 134249 8351
20151113 134250 8352
20151113 134255 8351
20151113 134256 8352
20151113 134257 8351
20151113 134301 8351
20151113 134302 8352
20151113 134303 8351
20151113 134306 8351
20151113 134322 8350
20151113 134326 8350
20151113 134328 8351
20151113 134331 8352
20151113 134332 8352
20151113 134333 8353
20151113 134334 8353
20151113 134335 8353
20151113 134336 8353
20151113 134337 8351
20151113 134341 8353
20151113 134345 8354
20151113 134346 8355
20151113 134347 8354
20151113 134350 8354
20151113 134353 8354
20151113 134405 8353
20151113 134409 8355
20151113 134413 8355
20151113 134414 8355
20151113 134416 8354
20151113 134421 8355
20151113 134423 8355
20151113 134425 8356
20151113 134426 8356
20151113 134427 8356
20151113 134428 8356
20151113 134429 8356
20151113 134430 8356
20151113 134431 8357
20151113 134432 8355
20151113 134434 8357
20151113 134435 8355
20151113 134437 8355
20151113 134439 8355
20151113 134440 8355
20151113 134443 8356
20151113 134444 8355
20151113 134447 8355
20151113 134449 8356
20151113 134450 8358
20151113 134451 8358
20151113 134452 8358
20151113 134454 8356
20151113 134456 8356
20151113 134457 8356
20151113 134458 8359
20151113 134459 8357
