20151123 084500 8486
20151123 084500 8486
20151123 084500 8487
20151123 084500 8487
20151123 084500 8489
20151123 084500 8489
20151123 084501 8489
20151123 084502 8492
20151123 084502 8493
20151123 084519 8488
20151123 084522 8489
20151123 084523 8489
20151123 084527 8488
20151123 084541 8490
20151123 084543 8488
20151123 084547 8490
20151123 084548 8490
20151123 084548 8490
20151123 084548 8490
20151123 084548 8490
20151123 084548 8490
20151123 084549 8490
20151123 084556 8490
20151123 084600 8498
20151123 084600 8500
20151123 084601 8491
20151123 084601 8507
20151123 084603 8491
20151123 084603 8492
20151123 084603 8492
20151123 084603 8492
20151123 084603 8492
20151123 084603 8492
20151123 084603 8492
20151123 084607 8490
20151123 084611 8490
20151123 084614 8490
20151123 084614 8492
20151123 084615 8492
20151123 084616 8492
20151123 084617 8492
20151123 084624 8490
20151123 084624 8491
20151123 084625 8490
20151123 084625 8490
20151123 084625 8490
20151123 084626 8491
20151123 084627 8490
20151123 084637 8491
20151123 084637 8507
20151123 084639 8490
20151123 084641 8490
20151123 084642 8490
20151123 084648 8490
20151123 084649 8491
20151123 084653 8490
20151123 084656 8490
20151123 084659 8490
20151123 084703 8491
20151123 084704 8492
20151123 084704 8492
20151123 084705 8492
20151123 084713 8493
20151123 084713 8493
20151123 084713 8493
20151123 084715 8494
20151123 084715 8494
20151123 084717 8495
20151123 084725 8496
20151123 084727 8494
20151123 084729 8495
20151123 084733 8494
20151123 084739 8495
20151123 084745 8494
20151123 084747 8507
20151123 084750 8494
20151123 084757 8492
20151123 084759 8494
20151123 084800 8492
20151123 084804 8493
20151123 084806 8503
20151123 084808 8494
20151123 084820 8494
20151123 084822 8493
20151123 084823 8494
20151123 084828 8493
20151123 084828 8493
20151123 084828 8493
20151123 084837 8494
20151123 084849 8494
20151123 084852 8494
20151123 084900 8496
20151123 084901 8496
20151123 084903 8496
20151123 084904 8475
20151123 084912 8496
20151123 084920 8496
20151123 084923 8497
20151123 084935 8497
20151123 084941 8496
20151123 084951 8497
20151123 084957 8496
20151123 085001 8496
20151123 085011 8506
20151123 085027 8499
20151123 085040 8498
20151123 085049 8500
20151123 085049 8501
20151123 085049 8501
20151123 085049 8501
20151123 085049 8501
20151123 085049 8501
20151123 085050 8501
20151123 085052 8502
20151123 085052 8502
20151123 085052 8502
20151123 085053 8501
20151123 085053 8502
20151123 085054 8502
20151123 085054 8502
20151123 085054 8502
20151123 085054 8502
20151123 085102 8503
20151123 085102 8503
20151123 085102 8503
20151123 085102 8503
20151123 085102 8503
20151123 085102 8503
20151123 085102 8504
20151123 085102 8504
20151123 085102 8504
20151123 085102 8504
20151123 085102 8504
20151123 085103 8505
20151123 085103 8505
20151123 085104 8505
20151123 085104 8506
20151123 085104 8506
20151123 085104 8506
20151123 085104 8506
20151123 085104 8506
20151123 085104 8506
20151123 085104 8506
20151123 085105 8506
20151123 085105 8506
20151123 085108 8508
20151123 085108 8508
20151123 085108 8509
20151123 085108 8509
20151123 085114 8507
20151123 085114 8507
20151123 085115 8508
20151123 085117 8516
20151123 085117 8517
20151123 085118 8509
20151123 085118 8510
20151123 085123 8508
20151123 085124 8508
20151123 085129 8508
20151123 085130 8509
20151123 085131 8508
20151123 085143 8504
20151123 085143 8504
20151123 085159 8505
20151123 085203 8504
20151123 085204 8505
20151123 085205 8504
20151123 085216 8502
20151123 085216 8502
20151123 085216 8502
20151123 085216 8503
20151123 085217 8501
20151123 085217 8501
20151123 085218 8502
20151123 085226 8502
20151123 085318 8503
20151123 085323 8503
20151123 085333 8503
20151123 085344 8502
20151123 085358 8502
20151123 085404 8503
20151123 085410 8504
20151123 085416 8505
20151123 085416 8505
20151123 085432 8500
20151123 085432 8505
20151123 085441 8507
20151123 085458 8508
20151123 085500 8509
20151123 085507 8509
20151123 085509 8507
20151123 085511 8506
20151123 085517 8504
20151123 085521 8504
20151123 085529 8507
20151123 085543 8505
20151123 085549 8499
20151123 085613 8502
20151123 085616 8502
20151123 085649 8499
20151123 085649 8499
20151123 085649 8499
20151123 085649 8499
20151123 085649 8500
20151123 085654 8499
20151123 085714 8503
20151123 085714 8503
20151123 085736 8500
20151123 085749 8502
20151123 085750 8502
20151123 085751 8502
20151123 085751 8502
20151123 085752 8502
20151123 085757 8503
20151123 085854 8503
20151123 085854 8503
20151123 085859 8503
20151123 085924 8501
20151123 085930 8502
20151123 085942 8500
20151123 085947 8500
20151123 090001 8499
20151123 090001 8499
20151123 090006 8497
20151123 090006 8497
20151123 090006 8498
20151123 090006 8498
20151123 090007 8496
20151123 090008 8496
20151123 090014 8498
20151123 090017 8502
20151123 090019 8503
20151123 090019 8504
20151123 090020 8506
20151123 090021 8507
20151123 090021 8507
20151123 090021 8507
20151123 090021 8507
20151123 090021 8507
20151123 090021 8507
20151123 090021 8507
20151123 090028 8502
20151123 090031 8500
20151123 090032 8499
20151123 090034 8499
20151123 090035 8500
20151123 090044 8502
20151123 090046 8502
20151123 090052 8499
20151123 090100 8497
20151123 090101 8494
20151123 090101 8494
20151123 090102 8494
20151123 090102 8494
20151123 090102 8494
20151123 090106 8492
20151123 090109 8497
20151123 090128 8495
20151123 090130 8492
20151123 090130 8492
20151123 090138 8493
20151123 090141 8492
20151123 090144 8488
20151123 090144 8489
20151123 090144 8489
20151123 090144 8490
20151123 090145 8484
20151123 090145 8484
20151123 090145 8484
20151123 090145 8485
20151123 090145 8485
20151123 090145 8486
20151123 090145 8486
20151123 090145 8486
20151123 090145 8486
20151123 090145 8487
20151123 090145 8487
20151123 090145 8487
20151123 090145 8488
20151123 090154 8497
20151123 090155 8503
20151123 090158 8488
20151123 090200 8486
20151123 090206 8487
20151123 090208 8489
20151123 090211 8489
20151123 090228 8489
20151123 090231 8486
20151123 090231 8486
20151123 090231 8486
20151123 090231 8486
20151123 090232 8485
20151123 090232 8485
20151123 090242 8488
20151123 090333 8490
20151123 090341 8487
20151123 090341 8487
20151123 090342 8485
20151123 090342 8486
20151123 090342 8486
20151123 090350 8483
20151123 090350 8483
20151123 090350 8484
20151123 090351 8481
20151123 090351 8482
20151123 090351 8482
20151123 090351 8482
20151123 090352 8483
20151123 090358 8484
20151123 090358 8484
20151123 090358 8485
20151123 090358 8485
20151123 090400 8485
20151123 090432 8487
20151123 090456 8487
20151123 090500 8482
20151123 090500 8483
20151123 090500 8484
20151123 090502 8482
20151123 090503 8481
20151123 090504 8478
20151123 090504 8479
20151123 090512 8475
20151123 090512 8475
20151123 090512 8475
20151123 090512 8475
20151123 090514 8474
20151123 090515 8474
20151123 090515 8474
20151123 090515 8474
20151123 090515 8474
20151123 090515 8474
20151123 090523 8481
20151123 090525 8474
20151123 090527 8474
20151123 090528 8474
20151123 090528 8474
20151123 090528 8474
20151123 090530 8472
20151123 090532 8474
20151123 090532 8481
20151123 090538 8472
20151123 090539 8471
20151123 090542 8469
20151123 090542 8470
20151123 090542 8470
20151123 090543 8466
20151123 090543 8467
20151123 090543 8479
20151123 090546 8468
20151123 090553 8481
20151123 090554 8467
20151123 090555 8468
20151123 090602 8468
20151123 090605 8467
20151123 090605 8467
20151123 090608 8469
20151123 090615 8468
20151123 090620 8473
20151123 090622 8473
20151123 090627 8482
20151123 090630 8473
20151123 090632 8487
20151123 090639 8470
20151123 090640 8471
20151123 090641 8472
20151123 090649 8473
20151123 090652 8473
20151123 090701 8473
20151123 090710 8473
20151123 090710 8473
20151123 090713 8473
20151123 090721 8473
20151123 090722 8474
20151123 090738 8472
20151123 090738 8472
20151123 090739 8471
20151123 090739 8471
20151123 090742 8470
20151123 090743 8470
20151123 090745 8470
20151123 090752 8469
20151123 090753 8468
20151123 090756 8468
20151123 090758 8471
20151123 090810 8471
20151123 090825 8474
20151123 090835 8477
20151123 090835 8487
20151123 090835 8487
20151123 090835 8487
20151123 090838 8477
20151123 090902 8473
20151123 090902 8473
20151123 090902 8473
20151123 090909 8474
20151123 090909 8474
20151123 090909 8487
20151123 090910 8473
20151123 090918 8470
20151123 090918 8471
20151123 090919 8469
20151123 090930 8468
20151123 090932 8467
20151123 090932 8468
20151123 090935 8466
20151123 090935 8466
20151123 090935 8466
20151123 090941 8471
20151123 090941 8472
20151123 090951 8471
20151123 090959 8471
20151123 091000 8471
20151123 091001 8470
20151123 091001 8470
20151123 091001 8470
20151123 091002 8469
20151123 091003 8467
20151123 091008 8465
20151123 091008 8466
20151123 091009 8464
20151123 091009 8464
20151123 091009 8464
20151123 091009 8464
20151123 091009 8464
20151123 091009 8464
20151123 091009 8465
20151123 091009 8465
20151123 091009 8465
20151123 091010 8464
20151123 091010 8464
20151123 091033 8462
20151123 091034 8461
20151123 091034 8474
20151123 091050 8460
20151123 091054 8459
20151123 091054 8472
20151123 091056 8459
20151123 091056 8459
20151123 091056 8461
20151123 091102 8457
20151123 091102 8457
20151123 091102 8457
20151123 091102 8457
20151123 091103 8454
20151123 091103 8455
20151123 091104 8454
20151123 091104 8454
20151123 091104 8454
20151123 091104 8454
20151123 091104 8454
20151123 091104 8454
20151123 091104 8454
20151123 091104 8454
20151123 091108 8453
20151123 091112 8457
20151123 091116 8457
20151123 091118 8457
20151123 091124 8456
20151123 091137 8456
20151123 091142 8455
20151123 091143 8454
20151123 091204 8454
20151123 091219 8456
20151123 091226 8458
20151123 091227 8458
20151123 091238 8457
20151123 091248 8457
20151123 091248 8468
20151123 091248 8468
20151123 091259 8457
20151123 091304 8454
20151123 091304 8454
20151123 091304 8455
20151123 091305 8454
20151123 091305 8454
20151123 091305 8454
20151123 091305 8454
20151123 091307 8453
20151123 091308 8454
20151123 091309 8453
20151123 091309 8453
20151123 091309 8453
20151123 091310 8452
20151123 091310 8452
20151123 091310 8452
20151123 091310 8452
20151123 091310 8452
20151123 091317 8454
20151123 091318 8454
20151123 091325 8453
20151123 091327 8451
20151123 091327 8451
20151123 091327 8451
20151123 091327 8451
20151123 091327 8451
20151123 091332 8448
20151123 091332 8449
20151123 091332 8449
20151123 091332 8449
20151123 091332 8450
20151123 091333 8448
20151123 091333 8450
20151123 091336 8447
20151123 091336 8448
20151123 091336 8461
20151123 091336 8461
20151123 091340 8451
20151123 091342 8451
20151123 091344 8450
20151123 091351 8456
20151123 091352 8457
20151123 091352 8457
20151123 091352 8457
20151123 091352 8457
20151123 091352 8457
20151123 091352 8468
20151123 091356 8458
20151123 091358 8455
20151123 091358 8455
20151123 091413 8460
20151123 091413 8460
20151123 091417 8459
20151123 091417 8459
20151123 091437 8460
20151123 091437 8460
20151123 091501 8455
20151123 091501 8455
20151123 091501 8455
20151123 091501 8455
20151123 091501 8456
20151123 091501 8457
20151123 091501 8457
20151123 091501 8457
20151123 091501 8457
20151123 091501 8469
20151123 091502 8453
20151123 091502 8453
20151123 091502 8453
20151123 091502 8453
20151123 091502 8453
20151123 091502 8453
20151123 091503 8453
20151123 091505 8451
20151123 091505 8451
20151123 091505 8451
20151123 091505 8451
20151123 091505 8466
20151123 091506 8449
20151123 091506 8449
20151123 091506 8449
20151123 091506 8449
20151123 091518 8447
20151123 091518 8447
20151123 091518 8449
20151123 091518 8449
20151123 091518 8449
20151123 091518 8449
20151123 091519 8450
20151123 091531 8454
20151123 091534 8450
20151123 091534 8450
20151123 091537 8449
20151123 091554 8454
20151123 091556 8453
20151123 091558 8459
20151123 091558 8469
20151123 091603 8453
20151123 091612 8454
20151123 091614 8453
20151123 091627 8459
20151123 091630 8456
20151123 091630 8456
20151123 091632 8457
20151123 091632 8458
20151123 091639 8467
20151123 091640 8467
20151123 091640 8467
20151123 091641 8457
20151123 091641 8467
20151123 091646 8457
20151123 091709 8457
20151123 091724 8460
20151123 091724 8460
20151123 091727 8460
20151123 091727 8460
20151123 091738 8456
20151123 091740 8455
20151123 091746 8454
20151123 091746 8454
20151123 091746 8454
20151123 091746 8454
20151123 091829 8456
20151123 091831 8456
20151123 091831 8456
20151123 091837 8455
20151123 091854 8454
20151123 091855 8454
20151123 091856 8453
20151123 091856 8453
20151123 091856 8453
20151123 091856 8453
20151123 091857 8453
20151123 091857 8453
20151123 091857 8467
20151123 091859 8452
20151123 091902 8448
20151123 091902 8448
20151123 091902 8449
20151123 091902 8449
20151123 091902 8464
20151123 091903 8447
20151123 091903 8447
20151123 091903 8447
20151123 091903 8447
20151123 091903 8447
20151123 091903 8447
20151123 091907 8450
20151123 091917 8454
20151123 091919 8455
20151123 091936 8451
20151123 091949 8459
20151123 091950 8459
20151123 091954 8455
20151123 091954 8456
20151123 092005 8454
20151123 092012 8456
20151123 092038 8468
20151123 092038 8468
20151123 092038 8468
20151123 092038 8468
20151123 092047 8452
20151123 092048 8450
20151123 092048 8450
20151123 092048 8450
20151123 092048 8450
20151123 092048 8464
20151123 092048 8464
20151123 092048 8464
20151123 092048 8464
20151123 092116 8450
20151123 092122 8452
20151123 092204 8452
20151123 092204 8452
20151123 092204 8452
20151123 092204 8452
20151123 092216 8450
20151123 092222 8449
20151123 092222 8449
20151123 092222 8449
20151123 092235 8447
20151123 092236 8447
20151123 092240 8450
20151123 092245 8451
20151123 092250 8453
20151123 092250 8453
20151123 092250 8454
20151123 092259 8453
20151123 092259 8453
20151123 092259 8453
20151123 092259 8453
20151123 092300 8452
20151123 092306 8453
20151123 092330 8451
20151123 092330 8451
20151123 092343 8446
20151123 092343 8446
20151123 092343 8446
20151123 092343 8446
20151123 092343 8446
20151123 092343 8446
20151123 092343 8447
20151123 092343 8447
20151123 092343 8447
20151123 092344 8445
20151123 092345 8445
20151123 092400 8444
20151123 092400 8444
20151123 092400 8444
20151123 092400 8444
20151123 092400 8444
20151123 092401 8444
20151123 092418 8445
20151123 092420 8444
20151123 092420 8444
20151123 092420 8444
20151123 092420 8444
20151123 092420 8444
20151123 092422 8443
20151123 092422 8443
20151123 092424 8443
20151123 092425 8442
20151123 092425 8442
20151123 092425 8442
20151123 092425 8443
20151123 092426 8440
20151123 092426 8440
20151123 092426 8440
20151123 092427 8439
20151123 092427 8439
20151123 092428 8437
20151123 092428 8438
20151123 092429 8436
20151123 092436 8438
20151123 092450 8438
20151123 092450 8438
20151123 092450 8438
20151123 092453 8435
20151123 092453 8435
20151123 092453 8436
20151123 092453 8436
20151123 092453 8436
20151123 092454 8435
20151123 092455 8436
20151123 092459 8434
20151123 092459 8434
20151123 092459 8434
20151123 092459 8434
20151123 092459 8434
20151123 092459 8434
20151123 092459 8434
20151123 092500 8432
20151123 092500 8433
20151123 092501 8434
20151123 092509 8434
20151123 092512 8434
20151123 092521 8438
20151123 092527 8454
20151123 092533 8439
20151123 092534 8440
20151123 092536 8440
20151123 092536 8441
20151123 092545 8437
20151123 092546 8436
20151123 092546 8436
20151123 092546 8436
20151123 092552 8439
20151123 092600 8436
20151123 092600 8436
20151123 092600 8436
20151123 092600 8436
20151123 092600 8437
20151123 092600 8437
20151123 092601 8435
20151123 092602 8449
20151123 092603 8435
20151123 092611 8437
20151123 092616 8438
20151123 092618 8441
20151123 092623 8440
20151123 092628 8440
20151123 092641 8440
20151123 092641 8440
20151123 092643 8440
20151123 092643 8440
20151123 092702 8440
20151123 092702 8440
20151123 092702 8440
20151123 092711 8439
20151123 092713 8439
20151123 092720 8439
20151123 092730 8441
20151123 092813 8444
20151123 092813 8445
20151123 092813 8448
20151123 092813 8457
20151123 092813 8457
20151123 092813 8458
20151123 092813 8460
20151123 092816 8446
20151123 092816 8460
20151123 092829 8448
20151123 092834 8448
20151123 092837 8450
20151123 092839 8451
20151123 092845 8450
20151123 092846 8450
20151123 092849 8450
20151123 092907 8451
20151123 092909 8453
20151123 092909 8453
20151123 092909 8453
20151123 092909 8453
20151123 092934 8453
20151123 092938 8452
20151123 092944 8451
20151123 092945 8450
20151123 092947 8450
20151123 092947 8451
20151123 092948 8451
20151123 092949 8452
20151123 093001 8447
20151123 093001 8452
20151123 093001 8453
20151123 093001 8453
20151123 093001 8453
20151123 093009 8450
20151123 093009 8450
20151123 093009 8450
20151123 093009 8450
20151123 093009 8450
20151123 093015 8449
20151123 093015 8449
20151123 093024 8453
20151123 093029 8454
20151123 093029 8454
20151123 093033 8449
20151123 093033 8449
20151123 093033 8449
20151123 093033 8449
20151123 093036 8448
20151123 093036 8461
20151123 093038 8460
20151123 093050 8450
20151123 093111 8450
20151123 093111 8450
20151123 093114 8448
20151123 093117 8448
20151123 093119 8444
20151123 093119 8445
20151123 093119 8446
20151123 093119 8446
20151123 093119 8446
20151123 093119 8446
20151123 093119 8446
20151123 093119 8458
20151123 093135 8446
20151123 093151 8445
20151123 093154 8443
20151123 093202 8440
20151123 093238 8451
20151123 093258 8447
20151123 093302 8448
20151123 093308 8448
20151123 093308 8448
20151123 093317 8449
20151123 093317 8449
20151123 093324 8452
20151123 093326 8452
20151123 093327 8453
20151123 093327 8453
20151123 093327 8453
20151123 093327 8453
20151123 093342 8456
20151123 093352 8456
20151123 093352 8456
20151123 093355 8457
20151123 093357 8458
20151123 093357 8458
20151123 093357 8458
20151123 093409 8458
20151123 093412 8470
20151123 093412 8470
20151123 093412 8470
20151123 093412 8470
20151123 093434 8453
20151123 093437 8455
20151123 093441 8469
20151123 093442 8452
20151123 093442 8452
20151123 093449 8450
20151123 093450 8451
20151123 093450 8452
20151123 093500 8449
20151123 093503 8463
20151123 093503 8464
20151123 093531 8452
20151123 093538 8448
20151123 093603 8447
20151123 093607 8446
20151123 093607 8446
20151123 093608 8446
20151123 093609 8445
20151123 093611 8444
20151123 093611 8444
20151123 093611 8444
20151123 093614 8443
20151123 093616 8442
20151123 093620 8440
20151123 093621 8439
20151123 093623 8438
20151123 093623 8438
20151123 093623 8438
20151123 093623 8438
20151123 093702 8442
20151123 093712 8437
20151123 093712 8437
20151123 093712 8437
20151123 093712 8437
20151123 093712 8437
20151123 093712 8437
20151123 093712 8437
20151123 093712 8438
20151123 093712 8438
20151123 093712 8438
20151123 093712 8438
20151123 093712 8451
20151123 093713 8434
20151123 093713 8434
20151123 093713 8434
20151123 093713 8434
20151123 093713 8434
20151123 093713 8434
20151123 093713 8435
20151123 093713 8435
20151123 093713 8435
20151123 093713 8436
20151123 093713 8449
20151123 093714 8431
20151123 093714 8431
20151123 093714 8431
20151123 093714 8432
20151123 093714 8432
20151123 093714 8432
20151123 093714 8434
20151123 093715 8430
20151123 093715 8430
20151123 093717 8430
20151123 093723 8434
20151123 093730 8446
20151123 093730 8446
20151123 093730 8446
20151123 093730 8446
20151123 093735 8447
20151123 093742 8433
20151123 093753 8446
20151123 093754 8429
20151123 093754 8429
20151123 093754 8429
20151123 093754 8429
20151123 093754 8429
20151123 093755 8428
20151123 093757 8428
20151123 093757 8428
20151123 093757 8428
20151123 093757 8428
20151123 093758 8427
20151123 093758 8428
20151123 093806 8447
20151123 093807 8431
20151123 093812 8431
20151123 093814 8430
20151123 093814 8430
20151123 093818 8430
20151123 093834 8432
20151123 093835 8432
20151123 093854 8427
20151123 093855 8427
20151123 093855 8427
20151123 093855 8427
20151123 093857 8429
20151123 093902 8427
20151123 093903 8424
20151123 093903 8424
20151123 093903 8425
20151123 093903 8425
20151123 093903 8425
20151123 093903 8425
20151123 093903 8425
20151123 093903 8426
20151123 093903 8441
20151123 093910 8424
20151123 093915 8423
20151123 093915 8424
20151123 093926 8426
20151123 093947 8428
20151123 093948 8430
20151123 093948 8431
20151123 093948 8431
20151123 093948 8432
20151123 093948 8445
20151123 093953 8432
20151123 093958 8437
20151123 093959 8436
20151123 094003 8431
20151123 094010 8445
20151123 094019 8428
20151123 094022 8426
20151123 094026 8425
20151123 094026 8425
20151123 094027 8423
20151123 094027 8423
20151123 094027 8423
20151123 094027 8423
20151123 094027 8423
20151123 094027 8423
20151123 094027 8423
20151123 094027 8424
20151123 094027 8440
20151123 094028 8422
20151123 094033 8425
20151123 094033 8425
20151123 094033 8425
20151123 094036 8421
20151123 094036 8421
20151123 094036 8421
20151123 094036 8421
20151123 094036 8437
20151123 094043 8425
20151123 094047 8424
20151123 094100 8425
20151123 094117 8428
20151123 094144 8427
20151123 094152 8425
20151123 094152 8427
20151123 094201 8425
20151123 094201 8426
20151123 094204 8424
20151123 094204 8424
20151123 094204 8424
20151123 094205 8423
20151123 094205 8423
20151123 094206 8422
20151123 094206 8423
20151123 094213 8426
20151123 094231 8439
20151123 094246 8430
20151123 094246 8430
20151123 094254 8430
20151123 094255 8430
20151123 094308 8432
20151123 094314 8434
20151123 094314 8434
20151123 094334 8433
20151123 094334 8433
20151123 094334 8433
20151123 094334 8433
20151123 094351 8433
20151123 094358 8432
20151123 094408 8431
20151123 094410 8429
20151123 094414 8428
20151123 094418 8433
20151123 094418 8433
20151123 094432 8436
20151123 094432 8436
20151123 094441 8431
20151123 094441 8432
20151123 094444 8431
20151123 094446 8430
20151123 094451 8428
20151123 094451 8428
20151123 094451 8428
20151123 094501 8426
20151123 094501 8426
20151123 094501 8426
20151123 094501 8426
20151123 094501 8444
20151123 094519 8434
20151123 094544 8430
20151123 094634 8429
20151123 094656 8429
20151123 094702 8430
20151123 094703 8424
20151123 094721 8434
20151123 094722 8434
20151123 094726 8434
20151123 094727 8434
20151123 094732 8434
20151123 094743 8434
20151123 094743 8434
20151123 094753 8434
20151123 094753 8434
20151123 094800 8435
20151123 094810 8435
20151123 094826 8431
20151123 094826 8431
20151123 094826 8431
20151123 094826 8431
20151123 094844 8437
20151123 094848 8438
20151123 094853 8440
20151123 094854 8441
20151123 094854 8444
20151123 094854 8444
20151123 094854 8457
20151123 094855 8443
20151123 094855 8445
20151123 094902 8457
20151123 094921 8458
20151123 094921 8458
20151123 094923 8459
20151123 094928 8438
20151123 094931 8440
20151123 094937 8440
20151123 094937 8440
20151123 094943 8442
20151123 094946 8438
20151123 095009 8443
20151123 095010 8444
20151123 095010 8445
20151123 095010 8445
20151123 095021 8441
20151123 095042 8444
20151123 095045 8443
20151123 095100 8444
20151123 095211 8444
20151123 095241 8446
20151123 095244 8440
20151123 095343 8449
20151123 095343 8461
20151123 095343 8461
20151123 095345 8446
20151123 095403 8452
20151123 095403 8452
20151123 095403 8453
20151123 095403 8453
20151123 095404 8451
20151123 095410 8451
20151123 095426 8450
20151123 095439 8449
20151123 095453 8450
20151123 095453 8450
20151123 095453 8450
20151123 095455 8450
20151123 095457 8449
20151123 095459 8451
20151123 095510 8449
20151123 095521 8449
20151123 095521 8449
20151123 095529 8446
20151123 095540 8447
20151123 095614 8446
20151123 095653 8447
20151123 095657 8447
20151123 095702 8447
20151123 095708 8446
20151123 095808 8447
20151123 095831 8444
20151123 095833 8461
20151123 095833 8461
20151123 095840 8443
20151123 095840 8443
20151123 095859 8442
20151123 095859 8442
20151123 095859 8442
20151123 095916 8461
20151123 100000 8444
20151123 100001 8445
20151123 100001 8446
20151123 100001 8446
20151123 100101 8461
20151123 100101 8461
20151123 100241 8439
20151123 100241 8439
20151123 100241 8440
20151123 100242 8438
20151123 100244 8437
20151123 100244 8437
20151123 100244 8437
20151123 100244 8437
20151123 100245 8437
20151123 100251 8438
20151123 100316 8441
20151123 100430 8439
20151123 100510 8440
20151123 100510 8440
20151123 100533 8436
20151123 100536 8435
20151123 100536 8435
20151123 100536 8435
20151123 100536 8435
20151123 100544 8435
20151123 100544 8435
20151123 100544 8435
20151123 100544 8435
20151123 100605 8435
20151123 100611 8433
20151123 100611 8433
20151123 100612 8433
20151123 100625 8432
20151123 100636 8431
20151123 100637 8432
20151123 100641 8433
20151123 100650 8432
20151123 100654 8430
20151123 100654 8430
20151123 100655 8429
20151123 100655 8429
20151123 100655 8429
20151123 100655 8429
20151123 100655 8429
20151123 100655 8442
20151123 100656 8427
20151123 100656 8428
20151123 100656 8428
20151123 100656 8428
20151123 100656 8428
20151123 100656 8428
20151123 100658 8427
20151123 100726 8427
20151123 100737 8429
20151123 100748 8427
20151123 100748 8428
20151123 100749 8429
20151123 100750 8427
20151123 100753 8426
20151123 100754 8425
20151123 100754 8425
20151123 100754 8425
20151123 100754 8425
20151123 100755 8423
20151123 100755 8423
20151123 100755 8423
20151123 100755 8424
20151123 100755 8424
20151123 100755 8424
20151123 100755 8424
20151123 100756 8423
20151123 100758 8425
20151123 100759 8426
20151123 100804 8420
20151123 100804 8421
20151123 100804 8421
20151123 100804 8421
20151123 100804 8421
20151123 100804 8421
20151123 100804 8421
20151123 100804 8421
20151123 100804 8422
20151123 100804 8422
20151123 100804 8422
20151123 100804 8422
20151123 100804 8422
20151123 100805 8417
20151123 100805 8418
20151123 100805 8418
20151123 100805 8418
20151123 100805 8418
20151123 100805 8418
20151123 100805 8418
20151123 100805 8419
20151123 100805 8419
20151123 100805 8419
20151123 100805 8419
20151123 100805 8419
20151123 100808 8436
20151123 100809 8422
20151123 100829 8424
20151123 100830 8423
20151123 100844 8423
20151123 100846 8422
20151123 100903 8419
20151123 100903 8419
20151123 100903 8420
20151123 100909 8416
20151123 100909 8417
20151123 100909 8417
20151123 100909 8417
20151123 100910 8414
20151123 100910 8414
20151123 100910 8414
20151123 100910 8414
20151123 100910 8415
20151123 100910 8415
20151123 100910 8416
20151123 100910 8416
20151123 100930 8422
20151123 100931 8423
20151123 100931 8436
20151123 100932 8422
20151123 100950 8419
20151123 100951 8418
20151123 100951 8419
20151123 100953 8418
20151123 100954 8418
20151123 100956 8418
20151123 100957 8419
20151123 100958 8420
20151123 101015 8418
20151123 101015 8418
20151123 101019 8418
20151123 101038 8414
20151123 101041 8417
20151123 101049 8417
20151123 101051 8430
20151123 101051 8430
20151123 101051 8430
20151123 101052 8430
20151123 101054 8430
20151123 101054 8430
20151123 101054 8430
20151123 101054 8430
20151123 101059 8417
20151123 101111 8421
20151123 101111 8421
20151123 101111 8422
20151123 101111 8422
20151123 101111 8422
20151123 101113 8436
20151123 101118 8424
20151123 101118 8424
20151123 101141 8436
20151123 101215 8423
20151123 101223 8423
20151123 101225 8422
20151123 101225 8422
20151123 101226 8421
20151123 101226 8421
20151123 101233 8435
20151123 101234 8435
20151123 101234 8435
20151123 101245 8435
20151123 101251 8424
20151123 101252 8425
20151123 101252 8425
20151123 101312 8437
20151123 101344 8422
20151123 101347 8422
20151123 101351 8420
20151123 101351 8420
20151123 101352 8420
20151123 101352 8420
20151123 101358 8421
20151123 101406 8419
20151123 101407 8418
20151123 101410 8417
20151123 101412 8416
20151123 101412 8416
20151123 101413 8415
20151123 101413 8415
20151123 101413 8415
20151123 101413 8415
20151123 101414 8414
20151123 101414 8414
20151123 101414 8414
20151123 101414 8415
20151123 101422 8429
20151123 101434 8418
20151123 101445 8417
20151123 101501 8417
20151123 101502 8422
20151123 101502 8432
20151123 101502 8434
20151123 101503 8434
20151123 101503 8434
20151123 101503 8434
20151123 101601 8425
20151123 101616 8427
20151123 101617 8428
20151123 101619 8428
20151123 101651 8428
20151123 101744 8427
20151123 101805 8425
20151123 101811 8426
20151123 101828 8424
20151123 101828 8424
20151123 101828 8424
20151123 101828 8424
20151123 101846 8425
20151123 101933 8422
20151123 101939 8421
20151123 102015 8419
20151123 102015 8420
20151123 102015 8420
20151123 102015 8420
20151123 102015 8420
20151123 102028 8417
20151123 102032 8409
20151123 102032 8409
20151123 102032 8409
20151123 102032 8409
20151123 102032 8409
20151123 102032 8410
20151123 102032 8411
20151123 102032 8411
20151123 102032 8412
20151123 102032 8413
20151123 102032 8413
20151123 102032 8413
20151123 102032 8413
20151123 102032 8413
20151123 102032 8413
20151123 102032 8413
20151123 102032 8413
20151123 102032 8413
20151123 102032 8413
20151123 102032 8413
20151123 102032 8414
20151123 102032 8414
20151123 102032 8414
20151123 102032 8414
20151123 102032 8414
20151123 102032 8414
20151123 102032 8414
20151123 102032 8414
20151123 102032 8425
20151123 102032 8427
20151123 102033 8408
20151123 102033 8408
20151123 102033 8411
20151123 102034 8425
20151123 102053 8410
20151123 102057 8408
20151123 102104 8409
20151123 102122 8422
20151123 102123 8422
20151123 102129 8411
20151123 102149 8413
20151123 102205 8416
20151123 102248 8414
20151123 102254 8415
20151123 102302 8413
20151123 102302 8413
20151123 102302 8413
20151123 102302 8413
20151123 102304 8413
20151123 102304 8413
20151123 102305 8413
20151123 102329 8418
20151123 102330 8419
20151123 102331 8419
20151123 102338 8422
20151123 102338 8435
20151123 102440 8434
20151123 102500 8419
20151123 102538 8422
20151123 102538 8422
20151123 102543 8438
20151123 102544 8426
20151123 102544 8426
20151123 102544 8427
20151123 102549 8426
20151123 102556 8426
20151123 102601 8429
20151123 102605 8429
20151123 102616 8424
20151123 102616 8424
20151123 102616 8424
20151123 102616 8424
20151123 102617 8425
20151123 102617 8425
20151123 102644 8425
20151123 102736 8423
20151123 102752 8438
20151123 102753 8419
20151123 102753 8420
20151123 102753 8420
20151123 102753 8420
20151123 102753 8420
20151123 102753 8421
20151123 102753 8421
20151123 102753 8421
20151123 102753 8421
20151123 102753 8422
20151123 102826 8425
20151123 102834 8427
20151123 102835 8428
20151123 102838 8428
20151123 102855 8426
20151123 102855 8427
20151123 102858 8426
20151123 102907 8427
20151123 102931 8427
20151123 102931 8427
20151123 103011 8424
20151123 103013 8421
20151123 103023 8419
20151123 103023 8419
20151123 103023 8420
20151123 103026 8415
20151123 103027 8416
20151123 103027 8416
20151123 103027 8416
20151123 103027 8416
20151123 103027 8417
20151123 103027 8417
20151123 103027 8418
20151123 103027 8418
20151123 103027 8418
20151123 103027 8418
20151123 103027 8418
20151123 103027 8418
20151123 103028 8413
20151123 103028 8413
20151123 103028 8415
20151123 103028 8415
20151123 103028 8430
20151123 103029 8417
20151123 103029 8430
20151123 103051 8421
20151123 103115 8424
20151123 103127 8422
20151123 103127 8422
20151123 103140 8418
20151123 103157 8422
20151123 103202 8425
20151123 103203 8426
20151123 103237 8425
20151123 103247 8424
20151123 103247 8424
20151123 103250 8423
20151123 103301 8418
20151123 103301 8418
20151123 103307 8421
20151123 103329 8424
20151123 103358 8424
20151123 103403 8423
20151123 103414 8426
20151123 103420 8428
20151123 103458 8424
20151123 103617 8427
20151123 103642 8428
20151123 103740 8431
20151123 103740 8431
20151123 103740 8431
20151123 103740 8431
20151123 103740 8432
20151123 103740 8433
20151123 103740 8433
20151123 103741 8433
20151123 103741 8434
20151123 103741 8446
20151123 103758 8446
20151123 103811 8428
20151123 103815 8429
20151123 103832 8428
20151123 103838 8428
20151123 103903 8425
20151123 103939 8427
20151123 103941 8428
20151123 104048 8429
20151123 104049 8431
20151123 104049 8431
20151123 104049 8443
20151123 104238 8433
20151123 104239 8434
20151123 104239 8435
20151123 104239 8436
20151123 104239 8436
20151123 104239 8448
20151123 104255 8428
20151123 104442 8431
20151123 104448 8431
20151123 104526 8434
20151123 104526 8436
20151123 104526 8436
20151123 104526 8437
20151123 104526 8449
20151123 104528 8434
20151123 104538 8433
20151123 104607 8433
20151123 104642 8436
20151123 104648 8436
20151123 104705 8437
20151123 104752 8437
20151123 104801 8439
20151123 104803 8440
20151123 104804 8441
20151123 104804 8441
20151123 104804 8441
20151123 104804 8441
20151123 104804 8441
20151123 104821 8443
20151123 104821 8443
20151123 104821 8443
20151123 104821 8444
20151123 104821 8444
20151123 104821 8457
20151123 104822 8445
20151123 104856 8441
20151123 104913 8436
20151123 104952 8437
20151123 104952 8437
20151123 105029 8456
20151123 105036 8440
20151123 105125 8439
20151123 105127 8439
20151123 105128 8439
20151123 105148 8440
20151123 105154 8441
20151123 105220 8440
20151123 105316 8443
20151123 105318 8443
20151123 105339 8444
20151123 105504 8442
20151123 105504 8442
20151123 105514 8443
20151123 105544 8441
20151123 105544 8441
20151123 105544 8441
20151123 105545 8440
20151123 105550 8437
20151123 105626 8437
20151123 105629 8437
20151123 105630 8437
20151123 105834 8442
20151123 105904 8446
20151123 110002 8447
20151123 110002 8448
20151123 110003 8448
20151123 110003 8448
20151123 110027 8448
20151123 110031 8451
20151123 110031 8451
20151123 110031 8451
20151123 110031 8451
20151123 110059 8445
20151123 110130 8443
20151123 110214 8454
20151123 110215 8438
20151123 110225 8438
20151123 110226 8438
20151123 110226 8439
20151123 110226 8439
20151123 110226 8439
20151123 110303 8443
20151123 110304 8439
20151123 110304 8439
20151123 110304 8439
20151123 110304 8439
20151123 110304 8439
20151123 110304 8439
20151123 110304 8439
20151123 110304 8439
20151123 110310 8442
20151123 110312 8444
20151123 110312 8444
20151123 110312 8444
20151123 110312 8445
20151123 110356 8442
20151123 110408 8438
20151123 110408 8438
20151123 110408 8438
20151123 110408 8438
20151123 110408 8438
20151123 110408 8438
20151123 110408 8438
20151123 110408 8438
20151123 110420 8439
20151123 110440 8439
20151123 110510 8445
20151123 110543 8437
20151123 110559 8437
20151123 110605 8436
20151123 110618 8436
20151123 110619 8435
20151123 110622 8430
20151123 110628 8436
20151123 110721 8443
20151123 110842 8442
20151123 110844 8443
20151123 110925 8446
20151123 111015 8447
20151123 111015 8448
20151123 111015 8448
20151123 111015 8448
20151123 111110 8447
20151123 111118 8448
20151123 111221 8442
20151123 111223 8441
20151123 111520 8440
20151123 111536 8442
20151123 111605 8443
20151123 111608 8447
20151123 111624 8445
20151123 111719 8440
20151123 111733 8444
20151123 112023 8440
20151123 112101 8450
20151123 112101 8451
20151123 112101 8451
20151123 112102 8452
20151123 112102 8452
20151123 112102 8453
20151123 112102 8453
20151123 112102 8453
20151123 112102 8453
20151123 112102 8454
20151123 112102 8454
20151123 112102 8454
20151123 112102 8454
20151123 112102 8454
20151123 112102 8454
20151123 112102 8467
20151123 112103 8455
20151123 112103 8455
20151123 112103 8455
20151123 112104 8456
20151123 112104 8456
20151123 112104 8456
20151123 112104 8456
20151123 112156 8450
20151123 112203 8449
20151123 112233 8464
20151123 112417 8448
20151123 112525 8446
20151123 112753 8440
20151123 112754 8440
20151123 112854 8444
20151123 112902 8443
20151123 113028 8445
20151123 113110 8441
20151123 113212 8444
20151123 113219 8445
20151123 113427 8449
20151123 113427 8461
20151123 113805 8448
20151123 113807 8450
20151123 113807 8450
20151123 113809 8451
20151123 113810 8451
20151123 113917 8453
20151123 113917 8453
20151123 113924 8454
20151123 113924 8454
20151123 113929 8454
20151123 113937 8454
20151123 113941 8456
20151123 113941 8456
20151123 113941 8456
20151123 113941 8456
20151123 113941 8456
20151123 113942 8456
20151123 114001 8455
20151123 114015 8454
20151123 114015 8454
20151123 114031 8452
20151123 114145 8454
20151123 114202 8455
20151123 114206 8458
20151123 114206 8458
20151123 114206 8459
20151123 114206 8459
20151123 114206 8472
20151123 114207 8460
20151123 114207 8461
20151123 114207 8461
20151123 114207 8461
20151123 114207 8462
20151123 114207 8462
20151123 114207 8462
20151123 114207 8462
20151123 114207 8462
20151123 114207 8462
20151123 114207 8463
20151123 114208 8464
20151123 114208 8464
20151123 114208 8464
20151123 114208 8464
20151123 114208 8465
20151123 114208 8466
20151123 114208 8466
20151123 114228 8463
20151123 114228 8463
20151123 114229 8474
20151123 114229 8475
20151123 114229 8475
20151123 114229 8475
20151123 114230 8463
20151123 114231 8463
20151123 114231 8463
20151123 114231 8464
20151123 114231 8464
20151123 114231 8464
20151123 114232 8463
20151123 114241 8461
20151123 114246 8474
20151123 114246 8474
20151123 114300 8464
20151123 114300 8464
20151123 114302 8465
20151123 114311 8468
20151123 114313 8468
20151123 114335 8467
20151123 114340 8467
20151123 114350 8466
20151123 114357 8468
20151123 114414 8468
20151123 114414 8468
20151123 114414 8468
20151123 114415 8469
20151123 114416 8469
20151123 114416 8469
20151123 114417 8469
20151123 114417 8470
20151123 114417 8471
20151123 114418 8471
20151123 114418 8471
20151123 114419 8469
20151123 114429 8472
20151123 114448 8470
20151123 114459 8472
20151123 114459 8472
20151123 114459 8472
20151123 114459 8472
20151123 114459 8472
20151123 114459 8472
20151123 114500 8472
20151123 114500 8474
20151123 114500 8474
20151123 114500 8474
20151123 114500 8484
20151123 114500 8484
20151123 114500 8484
20151123 114501 8474
20151123 114501 8474
20151123 114501 8474
20151123 114501 8474
20151123 114501 8475
20151123 114502 8476
20151123 114502 8476
20151123 114502 8476
20151123 114502 8476
20151123 114502 8476
20151123 114502 8476
20151123 114507 8482
20151123 114507 8482
20151123 114507 8483
20151123 114518 8472
20151123 114520 8473
20151123 114521 8475
20151123 114521 8475
20151123 114524 8474
20151123 114535 8471
20151123 114545 8472
20151123 114552 8471
20151123 114554 8469
20151123 114557 8468
20151123 114618 8469
20151123 114618 8469
20151123 114618 8469
20151123 114618 8469
20151123 114618 8469
20151123 114618 8469
20151123 114621 8469
20151123 114640 8468
20151123 114640 8468
20151123 114641 8468
20151123 114652 8468
20151123 114701 8469
20151123 114702 8469
20151123 114803 8466
20151123 114803 8466
20151123 114803 8466
20151123 114803 8466
20151123 114806 8467
20151123 114813 8468
20151123 114820 8468
20151123 114829 8468
20151123 114840 8467
20151123 114902 8469
20151123 115013 8468
20151123 115026 8468
20151123 115032 8466
20151123 115032 8466
20151123 115032 8466
20151123 115032 8466
20151123 115032 8466
20151123 115032 8466
20151123 115037 8467
20151123 115113 8467
20151123 115149 8466
20151123 115155 8466
20151123 115252 8467
20151123 115252 8467
20151123 115252 8467
20151123 115253 8468
20151123 115354 8466
20151123 115358 8465
20151123 115450 8468
20151123 115450 8468
20151123 115450 8468
20151123 115450 8469
20151123 115450 8469
20151123 115507 8470
20151123 115508 8470
20151123 115510 8470
20151123 115529 8470
20151123 115533 8469
20151123 115533 8470
20151123 115548 8470
20151123 115602 8471
20151123 115602 8471
20151123 115619 8472
20151123 115619 8472
20151123 115620 8472
20151123 115621 8474
20151123 115621 8474
20151123 115621 8474
20151123 115621 8475
20151123 115621 8476
20151123 115621 8476
20151123 115621 8476
20151123 115621 8476
20151123 115621 8476
20151123 115621 8486
20151123 115622 8476
20151123 115622 8476
20151123 115622 8476
20151123 115622 8476
20151123 115628 8476
20151123 115628 8476
20151123 115631 8476
20151123 115632 8476
20151123 115641 8476
20151123 115641 8476
20151123 115641 8476
20151123 115641 8476
20151123 115641 8476
20151123 115641 8476
20151123 115641 8476
20151123 115641 8476
20151123 115641 8476
20151123 115641 8476
20151123 115641 8476
20151123 115647 8473
20151123 115648 8473
20151123 115704 8474
20151123 115705 8476
20151123 115705 8476
20151123 115705 8478
20151123 115705 8478
20151123 115706 8478
20151123 115706 8478
20151123 115706 8478
20151123 115706 8478
20151123 115706 8478
20151123 115706 8478
20151123 115706 8478
20151123 115706 8478
20151123 115706 8478
20151123 115706 8478
20151123 115706 8479
20151123 115715 8478
20151123 115727 8479
20151123 115735 8478
20151123 115746 8478
20151123 115754 8476
20151123 115758 8476
20151123 115758 8476
20151123 115758 8476
20151123 115758 8476
20151123 115801 8478
20151123 115804 8478
20151123 115804 8478
20151123 115850 8478
20151123 115859 8477
20151123 115942 8474
20151123 115944 8473
20151123 115944 8474
20151123 115944 8474
20151123 115948 8473
20151123 115950 8473
20151123 115954 8476
20151123 120008 8477
20151123 120050 8474
20151123 120153 8474
20151123 120421 8469
20151123 120454 8467
20151123 120512 8468
20151123 120513 8467
20151123 120524 8467
20151123 120543 8469
20151123 120543 8469
20151123 120556 8467
20151123 120558 8467
20151123 120624 8467
20151123 120724 8469
20151123 120732 8469
20151123 120802 8478
20151123 120828 8468
20151123 120828 8468
20151123 121037 8468
20151123 121100 8467
20151123 121100 8467
20151123 121100 8467
20151123 121302 8470
20151123 121307 8470
20151123 121308 8469
20151123 121314 8471
20151123 121315 8471
20151123 121315 8471
20151123 121318 8471
20151123 121319 8471
20151123 121319 8471
20151123 121319 8471
20151123 121319 8471
20151123 121321 8471
20151123 121321 8471
20151123 121459 8467
20151123 121501 8466
20151123 121506 8468
20151123 121510 8468
20151123 121800 8468
20151123 121957 8464
20151123 121957 8464
20151123 121957 8465
20151123 121957 8465
20151123 121957 8465
20151123 121957 8465
20151123 121957 8465
20151123 121957 8478
20151123 121958 8462
20151123 121958 8463
20151123 122000 8462
20151123 122003 8462
20151123 122003 8462
20151123 122025 8462
20151123 122032 8457
20151123 122035 8459
20151123 122039 8457
20151123 122040 8457
20151123 122044 8467
20151123 122055 8459
20151123 122117 8456
20151123 122117 8457
20151123 122118 8456
20151123 122119 8458
20151123 122126 8458
20151123 122134 8459
20151123 122135 8460
20151123 122140 8460
20151123 122251 8459
20151123 122321 8458
20151123 122444 8457
20151123 122556 8456
20151123 122557 8456
20151123 122559 8456
20151123 122613 8458
20151123 122731 8458
20151123 122731 8458
20151123 122749 8458
20151123 122808 8458
20151123 122931 8458
20151123 122938 8455
20151123 122938 8456
20151123 122938 8456
20151123 122939 8454
20151123 122939 8454
20151123 122939 8454
20151123 122939 8455
20151123 122939 8455
20151123 122939 8467
20151123 122939 8467
20151123 123032 8455
20151123 123054 8467
20151123 123055 8467
20151123 123513 8456
20151123 123513 8456
20151123 123513 8456
20151123 123531 8456
20151123 123637 8457
20151123 123929 8459
20151123 123929 8459
20151123 123929 8459
20151123 123929 8460
20151123 123929 8460
20151123 123929 8460
20151123 123929 8460
20151123 123929 8460
20151123 123929 8460
20151123 123931 8458
20151123 123931 8460
20151123 123932 8460
20151123 123941 8461
20151123 123959 8463
20151123 124042 8459
20151123 124356 8456
20151123 124357 8456
20151123 124357 8456
20151123 124358 8457
20151123 124409 8455
20151123 124409 8455
20151123 124412 8454
20151123 124501 8454
20151123 124503 8453
20151123 124503 8453
20151123 124503 8453
20151123 124503 8453
20151123 124624 8458
20151123 124800 8455
20151123 124816 8455
20151123 124833 8455
20151123 124838 8455
20151123 124846 8454
20151123 124850 8454
20151123 124855 8454
20151123 124904 8454
20151123 124904 8454
20151123 124904 8454
20151123 124904 8454
20151123 124909 8454
20151123 124952 8464
20151123 125014 8473
20151123 125022 8463
20151123 125026 8465
20151123 125029 8466
20151123 125029 8466
20151123 125029 8466
20151123 125029 8466
20151123 125029 8466
20151123 125034 8467
20151123 125038 8468
20151123 125045 8478
20151123 125050 8469
20151123 125056 8470
20151123 125156 8468
20151123 125208 8469
20151123 125221 8471
20151123 125221 8471
20151123 125230 8471
20151123 125230 8471
20151123 125230 8471
20151123 125231 8471
20151123 125510 8469
20151123 125530 8471
20151123 125532 8471
20151123 125537 8471
20151123 125603 8471
20151123 125702 8472
20151123 125715 8472
20151123 125721 8473
20151123 125723 8472
20151123 125730 8471
20151123 130003 8466
20151123 130003 8466
20151123 130011 8466
20151123 130116 8467
20151123 130310 8464
20151123 130323 8466
20151123 130559 8464
20151123 130608 8464
20151123 130841 8467
20151123 130859 8467
20151123 130859 8467
20151123 130908 8469
20151123 131038 8467
20151123 131038 8467
20151123 131038 8467
20151123 131102 8466
20151123 131103 8466
20151123 131103 8466
20151123 131117 8464
20151123 131545 8467
20151123 131615 8469
20151123 131620 8469
20151123 131638 8471
20151123 131641 8470
20151123 131645 8470
20151123 131755 8469
20151123 131913 8468
20151123 131921 8469
20151123 131946 8469
20151123 132012 8469
20151123 132027 8470
20151123 132042 8470
20151123 132115 8470
20151123 132158 8472
20151123 132158 8472
20151123 132158 8472
20151123 132158 8472
20151123 132159 8472
20151123 132252 8472
20151123 132318 8472
20151123 132351 8472
20151123 132410 8472
20151123 132451 8472
20151123 132528 8471
20151123 132656 8472
20151123 132824 8470
20151123 132845 8469
20151123 132847 8469
20151123 132855 8470
20151123 133015 8467
20151123 133017 8468
20151123 133020 8466
20151123 133023 8479
20151123 133038 8465
20151123 133155 8468
20151123 133207 8470
20151123 133210 8470
20151123 133210 8479
20151123 133236 8468
20151123 133327 8466
20151123 133446 8467
20151123 133523 8467
20151123 133526 8467
20151123 133526 8467
20151123 133547 8468
20151123 133554 8468
20151123 133606 8468
20151123 133614 8468
20151123 133614 8468
20151123 133621 8468
20151123 133624 8468
20151123 133631 8468
20151123 133637 8469
20151123 133646 8468
20151123 133658 8469
20151123 133713 8469
20151123 133714 8470
20151123 133714 8479
20151123 133721 8471
20151123 133812 8472
20151123 133812 8472
20151123 133816 8472
20151123 133816 8472
20151123 133816 8472
20151123 133817 8472
20151123 133846 8471
20151123 133931 8472
20151123 133950 8474
20151123 133951 8474
20151123 133957 8474
20151123 134002 8475
20151123 134002 8475
20151123 134005 8475
20151123 134014 8475
20151123 134025 8476
20151123 134025 8476
20151123 134025 8476
20151123 134025 8476
20151123 134025 8476
20151123 134026 8476
20151123 134026 8476
20151123 134029 8477
20151123 134031 8476
20151123 134043 8476
20151123 134048 8476
20151123 134100 8476
20151123 134100 8477
20151123 134100 8477
20151123 134100 8477
20151123 134100 8477
20151123 134157 8478
20151123 134208 8478
20151123 134211 8478
20151123 134212 8479
20151123 134212 8479
20151123 134218 8479
20151123 134223 8480
20151123 134226 8480
20151123 134227 8480
20151123 134237 8481
20151123 134252 8480
20151123 134255 8481
20151123 134256 8481
20151123 134315 8479
20151123 134327 8479
20151123 134404 8482
20151123 134404 8482
20151123 134405 8482
20151123 134405 8482
20151123 134411 8482
20151123 134438 8482
20151123 134443 8480
20151123 134451 8479
20151123 134453 8479
20151123 134456 8479
20151123 134458 8478
20151123 134458 8479
