20151112 084500 8399
20151112 084500 8401
20151112 084500 8401
20151112 084500 8401
20151112 084500 8401
20151112 084500 8402
20151112 084500 8403
20151112 084500 8403
20151112 084500 8403
20151112 084500 8403
20151112 084500 8403
20151112 084500 8403
20151112 084500 8403
20151112 084500 8404
20151112 084500 8406
20151112 084500 8406
20151112 084501 8403
20151112 084503 8408
20151112 084505 8408
20151112 084507 8407
20151112 084509 8402
20151112 084509 8405
20151112 084509 8405
20151112 084509 8405
20151112 084511 8405
20151112 084511 8406
20151112 084515 8402
20151112 084515 8404
20151112 084515 8404
20151112 084516 8402
20151112 084518 8399
20151112 084519 8399
20151112 084521 8400
20151112 084521 8400
20151112 084526 8398
20151112 084535 8399
20151112 084535 8400
20151112 084535 8400
20151112 084536 8400
20151112 084538 8397
20151112 084539 8397
20151112 084539 8397
20151112 084540 8399
20151112 084540 8399
20151112 084543 8401
20151112 084543 8401
20151112 084543 8401
20151112 084543 8401
20151112 084544 8402
20151112 084544 8402
20151112 084547 8401
20151112 084554 8402
20151112 084556 8402
20151112 084558 8401
20151112 084600 8401
20151112 084602 8402
20151112 084607 8401
20151112 084610 8401
20151112 084611 8402
20151112 084611 8402
20151112 084612 8402
20151112 084617 8401
20151112 084617 8402
20151112 084618 8400
20151112 084618 8400
20151112 084618 8400
20151112 084621 8398
20151112 084621 8399
20151112 084623 8398
20151112 084623 8399
20151112 084625 8397
20151112 084626 8395
20151112 084626 8395
20151112 084626 8396
20151112 084626 8396
20151112 084626 8396
20151112 084637 8393
20151112 084640 8391
20151112 084641 8391
20151112 084648 8393
20151112 084649 8394
20151112 084649 8394
20151112 084650 8394
20151112 084650 8394
20151112 084651 8394
20151112 084652 8394
20151112 084653 8394
20151112 084653 8395
20151112 084657 8394
20151112 084707 8397
20151112 084709 8398
20151112 084711 8397
20151112 084711 8399
20151112 084713 8398
20151112 084715 8398
20151112 084718 8399
20151112 084728 8398
20151112 084743 8396
20151112 084743 8396
20151112 084747 8392
20151112 084747 8396
20151112 084759 8396
20151112 084801 8395
20151112 084802 8394
20151112 084806 8394
20151112 084813 8391
20151112 084814 8391
20151112 084815 8391
20151112 084820 8394
20151112 084820 8394
20151112 084825 8396
20151112 084825 8396
20151112 084825 8396
20151112 084825 8396
20151112 084827 8396
20151112 084845 8395
20151112 084846 8397
20151112 084846 8397
20151112 084848 8398
20151112 084848 8399
20151112 084849 8398
20151112 084850 8400
20151112 084850 8401
20151112 084850 8401
20151112 084851 8402
20151112 084854 8401
20151112 084856 8403
20151112 084903 8402
20151112 084903 8402
20151112 084905 8405
20151112 084905 8405
20151112 084906 8406
20151112 084907 8407
20151112 084907 8407
20151112 084908 8406
20151112 084908 8406
20151112 084908 8406
20151112 084908 8406
20151112 084913 8410
20151112 084916 8411
20151112 084917 8412
20151112 084917 8412
20151112 084917 8412
20151112 084917 8412
20151112 084917 8412
20151112 084927 8413
20151112 084942 8411
20151112 084944 8410
20151112 084945 8411
20151112 084954 8412
20151112 084959 8413
20151112 084959 8413
20151112 085002 8413
20151112 085008 8411
20151112 085009 8409
20151112 085009 8409
20151112 085009 8409
20151112 085009 8409
20151112 085009 8409
20151112 085010 8409
20151112 085010 8409
20151112 085010 8409
20151112 085011 8409
20151112 085011 8409
20151112 085011 8409
20151112 085015 8409
20151112 085015 8409
20151112 085017 8409
20151112 085026 8409
20151112 085036 8411
20151112 085039 8412
20151112 085041 8412
20151112 085048 8412
20151112 085056 8413
20151112 085058 8414
20151112 085058 8414
20151112 085058 8414
20151112 085058 8414
20151112 085059 8415
20151112 085123 8416
20151112 085124 8411
20151112 085127 8416
20151112 085128 8414
20151112 085133 8414
20151112 085201 8412
20151112 085202 8412
20151112 085224 8412
20151112 085238 8411
20151112 085253 8412
20151112 085302 8411
20151112 085321 8412
20151112 085324 8407
20151112 085328 8407
20151112 085332 8411
20151112 085339 8411
20151112 085346 8410
20151112 085351 8410
20151112 085358 8411
20151112 085405 8410
20151112 085419 8410
20151112 085421 8410
20151112 085424 8410
20151112 085434 8377
20151112 085434 8411
20151112 085503 8409
20151112 085514 8409
20151112 085534 8409
20151112 085547 8409
20151112 085548 8409
20151112 085551 8409
20151112 085619 8410
20151112 085628 8411
20151112 085631 8411
20151112 085639 8412
20151112 085640 8412
20151112 085640 8412
20151112 085642 8413
20151112 085642 8413
20151112 085643 8413
20151112 085647 8414
20151112 085648 8414
20151112 085652 8414
20151112 085653 8414
20151112 085658 8414
20151112 085714 8412
20151112 085722 8412
20151112 085731 8412
20151112 085819 8411
20151112 085853 8413
20151112 085855 8414
20151112 085857 8416
20151112 085859 8416
20151112 085859 8416
20151112 085859 8416
20151112 085859 8416
20151112 085859 8416
20151112 085900 8416
20151112 085900 8416
20151112 085900 8416
20151112 085900 8417
20151112 085901 8417
20151112 085901 8417
20151112 085901 8417
20151112 085901 8417
20151112 085901 8418
20151112 085901 8418
20151112 085901 8419
20151112 085901 8419
20151112 085901 8419
20151112 085901 8419
20151112 085902 8419
20151112 085909 8419
20151112 085921 8418
20151112 085950 8422
20151112 085951 8422
20151112 085953 8422
20151112 085959 8422
20151112 090000 8423
20151112 090000 8423
20151112 090029 8423
20151112 090029 8423
20151112 090029 8424
20151112 090029 8424
20151112 090029 8424
20151112 090029 8424
20151112 090029 8424
20151112 090029 8424
20151112 090029 8424
20151112 090029 8424
20151112 090029 8424
20151112 090030 8424
20151112 090030 8424
20151112 090030 8424
20151112 090030 8424
20151112 090030 8424
20151112 090030 8424
20151112 090031 8423
20151112 090032 8425
20151112 090032 8425
20151112 090032 8425
20151112 090032 8425
20151112 090033 8426
20151112 090033 8426
20151112 090033 8426
20151112 090033 8426
20151112 090033 8426
20151112 090033 8426
20151112 090033 8426
20151112 090033 8426
20151112 090033 8426
20151112 090033 8426
20151112 090033 8426
20151112 090033 8427
20151112 090033 8427
20151112 090037 8426
20151112 090043 8426
20151112 090044 8427
20151112 090045 8428
20151112 090045 8428
20151112 090046 8428
20151112 090051 8429
20151112 090051 8429
20151112 090051 8429
20151112 090051 8429
20151112 090051 8429
20151112 090051 8429
20151112 090105 8426
20151112 090105 8426
20151112 090105 8426
20151112 090105 8427
20151112 090106 8428
20151112 090107 8428
20151112 090108 8427
20151112 090110 8427
20151112 090110 8427
20151112 090110 8427
20151112 090110 8427
20151112 090113 8425
20151112 090114 8425
20151112 090115 8425
20151112 090115 8425
20151112 090116 8425
20151112 090116 8425
20151112 090117 8426
20151112 090117 8426
20151112 090117 8426
20151112 090117 8426
20151112 090117 8426
20151112 090117 8426
20151112 090117 8426
20151112 090117 8426
20151112 090117 8427
20151112 090120 8427
20151112 090121 8407
20151112 090121 8428
20151112 090123 8429
20151112 090129 8428
20151112 090149 8425
20151112 090149 8425
20151112 090150 8425
20151112 090152 8426
20151112 090208 8426
20151112 090213 8422
20151112 090213 8423
20151112 090213 8425
20151112 090213 8425
20151112 090214 8422
20151112 090215 8420
20151112 090215 8420
20151112 090215 8420
20151112 090215 8420
20151112 090215 8420
20151112 090215 8420
20151112 090215 8420
20151112 090215 8420
20151112 090216 8419
20151112 090216 8419
20151112 090216 8419
20151112 090216 8419
20151112 090216 8421
20151112 090217 8418
20151112 090217 8418
20151112 090217 8418
20151112 090217 8418
20151112 090217 8418
20151112 090217 8418
20151112 090217 8419
20151112 090217 8420
20151112 090218 8418
20151112 090218 8418
20151112 090218 8418
20151112 090219 8417
20151112 090219 8417
20151112 090219 8417
20151112 090220 8417
20151112 090220 8417
20151112 090221 8417
20151112 090231 8419
20151112 090236 8421
20151112 090240 8420
20151112 090240 8420
20151112 090245 8414
20151112 090245 8415
20151112 090246 8413
20151112 090246 8413
20151112 090246 8413
20151112 090246 8413
20151112 090246 8413
20151112 090246 8413
20151112 090247 8412
20151112 090247 8412
20151112 090247 8412
20151112 090248 8411
20151112 090251 8409
20151112 090253 8410
20151112 090253 8410
20151112 090254 8409
20151112 090256 8407
20151112 090256 8407
20151112 090256 8407
20151112 090256 8409
20151112 090302 8412
20151112 090302 8412
20151112 090302 8412
20151112 090302 8412
20151112 090302 8412
20151112 090302 8413
20151112 090309 8410
20151112 090323 8386
20151112 090324 8407
20151112 090324 8407
20151112 090326 8404
20151112 090326 8404
20151112 090326 8404
20151112 090326 8405
20151112 090326 8405
20151112 090326 8405
20151112 090326 8405
20151112 090326 8406
20151112 090327 8404
20151112 090327 8406
20151112 090329 8404
20151112 090336 8402
20151112 090336 8402
20151112 090336 8402
20151112 090336 8402
20151112 090336 8402
20151112 090336 8402
20151112 090336 8402
20151112 090337 8401
20151112 090337 8401
20151112 090337 8402
20151112 090337 8402
20151112 090338 8402
20151112 090339 8401
20151112 090341 8400
20151112 090344 8397
20151112 090344 8397
20151112 090346 8398
20151112 090346 8398
20151112 090346 8399
20151112 090346 8399
20151112 090347 8399
20151112 090350 8400
20151112 090352 8400
20151112 090354 8400
20151112 090355 8400
20151112 090400 8404
20151112 090400 8405
20151112 090402 8403
20151112 090402 8405
20151112 090403 8405
20151112 090403 8405
20151112 090403 8405
20151112 090403 8405
20151112 090407 8407
20151112 090410 8409
20151112 090411 8410
20151112 090412 8412
20151112 090413 8413
20151112 090413 8413
20151112 090413 8414
20151112 090413 8416
20151112 090414 8414
20151112 090414 8416
20151112 090416 8413
20151112 090416 8414
20151112 090416 8414
20151112 090416 8414
20151112 090416 8414
20151112 090416 8414
20151112 090432 8413
20151112 090434 8415
20151112 090438 8412
20151112 090438 8413
20151112 090449 8413
20151112 090449 8413
20151112 090458 8414
20151112 090459 8413
20151112 090459 8414
20151112 090459 8414
20151112 090501 8417
20151112 090501 8417
20151112 090503 8417
20151112 090505 8420
20151112 090505 8421
20151112 090505 8421
20151112 090505 8421
20151112 090505 8422
20151112 090505 8422
20151112 090509 8425
20151112 090509 8425
20151112 090509 8425
20151112 090509 8426
20151112 090509 8426
20151112 090510 8426
20151112 090510 8426
20151112 090510 8426
20151112 090510 8427
20151112 090510 8427
20151112 090510 8427
20151112 090510 8427
20151112 090510 8427
20151112 090515 8424
20151112 090518 8424
20151112 090520 8423
20151112 090520 8424
20151112 090524 8424
20151112 090524 8424
20151112 090524 8424
20151112 090532 8420
20151112 090551 8418
20151112 090555 8415
20151112 090603 8416
20151112 090604 8418
20151112 090606 8417
20151112 090609 8418
20151112 090610 8421
20151112 090621 8421
20151112 090621 8421
20151112 090623 8419
20151112 090637 8419
20151112 090639 8421
20151112 090640 8421
20151112 090640 8421
20151112 090640 8421
20151112 090640 8421
20151112 090640 8422
20151112 090642 8423
20151112 090642 8424
20151112 090642 8424
20151112 090642 8424
20151112 090643 8425
20151112 090643 8425
20151112 090643 8425
20151112 090643 8425
20151112 090643 8425
20151112 090643 8425
20151112 090644 8425
20151112 090644 8425
20151112 090644 8425
20151112 090644 8425
20151112 090644 8425
20151112 090644 8425
20151112 090645 8425
20151112 090645 8425
20151112 090645 8426
20151112 090648 8423
20151112 090649 8423
20151112 090655 8422
20151112 090703 8423
20151112 090709 8425
20151112 090717 8425
20151112 090720 8425
20151112 090723 8427
20151112 090723 8427
20151112 090723 8427
20151112 090724 8426
20151112 090724 8428
20151112 090725 8427
20151112 090725 8428
20151112 090726 8428
20151112 090726 8429
20151112 090726 8429
20151112 090726 8430
20151112 090726 8430
20151112 090726 8430
20151112 090726 8432
20151112 090727 8432
20151112 090727 8432
20151112 090727 8433
20151112 090734 8427
20151112 090739 8426
20151112 090739 8426
20151112 090739 8426
20151112 090744 8424
20151112 090744 8424
20151112 090748 8424
20151112 090754 8421
20151112 090756 8422
20151112 090805 8427
20151112 090805 8427
20151112 090805 8427
20151112 090808 8428
20151112 090812 8429
20151112 090816 8429
20151112 090816 8429
20151112 090816 8430
20151112 090816 8430
20151112 090820 8430
20151112 090822 8429
20151112 090823 8430
20151112 090849 8424
20151112 090849 8425
20151112 090850 8425
20151112 090850 8425
20151112 090858 8426
20151112 090929 8426
20151112 090936 8428
20151112 090942 8429
20151112 090951 8428
20151112 090952 8429
20151112 091003 8429
20151112 091003 8429
20151112 091025 8431
20151112 091028 8410
20151112 091032 8429
20151112 091039 8429
20151112 091055 8425
20151112 091107 8427
20151112 091107 8428
20151112 091116 8432
20151112 091116 8432
20151112 091120 8435
20151112 091120 8435
20151112 091141 8433
20151112 091141 8433
20151112 091142 8433
20151112 091142 8433
20151112 091143 8433
20151112 091149 8433
20151112 091149 8434
20151112 091201 8437
20151112 091205 8434
20151112 091207 8434
20151112 091212 8433
20151112 091213 8432
20151112 091213 8432
20151112 091213 8433
20151112 091214 8432
20151112 091214 8432
20151112 091218 8431
20151112 091219 8430
20151112 091220 8430
20151112 091221 8429
20151112 091222 8428
20151112 091224 8429
20151112 091228 8428
20151112 091228 8429
20151112 091327 8434
20151112 091339 8431
20151112 091339 8431
20151112 091339 8431
20151112 091341 8407
20151112 091341 8430
20151112 091344 8432
20151112 091357 8430
20151112 091357 8430
20151112 091357 8430
20151112 091357 8431
20151112 091358 8429
20151112 091400 8428
20151112 091400 8428
20151112 091401 8429
20151112 091406 8429
20151112 091409 8429
20151112 091419 8432
20151112 091425 8433
20151112 091429 8433
20151112 091443 8430
20151112 091446 8430
20151112 091447 8425
20151112 091447 8432
20151112 091447 8432
20151112 091447 8432
20151112 091447 8432
20151112 091447 8432
20151112 091501 8433
20151112 091502 8435
20151112 091504 8410
20151112 091504 8436
20151112 091504 8436
20151112 091504 8438
20151112 091504 8438
20151112 091504 8438
20151112 091504 8438
20151112 091504 8438
20151112 091504 8438
20151112 091504 8438
20151112 091504 8438
20151112 091504 8439
20151112 091504 8440
20151112 091504 8440
20151112 091504 8440
20151112 091504 8440
20151112 091505 8414
20151112 091505 8440
20151112 091505 8441
20151112 091505 8441
20151112 091505 8441
20151112 091528 8430
20151112 091528 8430
20151112 091528 8430
20151112 091532 8439
20151112 091533 8414
20151112 091533 8440
20151112 091535 8438
20151112 091542 8441
20151112 091544 8414
20151112 091544 8440
20151112 091550 8441
20151112 091550 8442
20151112 091551 8442
20151112 091551 8442
20151112 091551 8442
20151112 091551 8442
20151112 091551 8443
20151112 091551 8443
20151112 091551 8443
20151112 091551 8443
20151112 091551 8443
20151112 091551 8443
20151112 091551 8443
20151112 091551 8443
20151112 091551 8443
20151112 091553 8443
20151112 091555 8443
20151112 091603 8444
20151112 091603 8444
20151112 091606 8416
20151112 091606 8443
20151112 091613 8418
20151112 091613 8445
20151112 091615 8419
20151112 091615 8446
20151112 091618 8447
20151112 091618 8447
20151112 091625 8419
20151112 091631 8416
20151112 091631 8443
20151112 091640 8417
20151112 091640 8418
20151112 091640 8445
20151112 091640 8446
20151112 091646 8419
20151112 091653 8417
20151112 091700 8419
20151112 091700 8447
20151112 091710 8444
20151112 091710 8444
20151112 091710 8445
20151112 091712 8444
20151112 091713 8443
20151112 091713 8443
20151112 091713 8443
20151112 091713 8443
20151112 091715 8441
20151112 091723 8443
20151112 091723 8443
20151112 091725 8442
20151112 091729 8442
20151112 091729 8442
20151112 091729 8442
20151112 091731 8441
20151112 091731 8441
20151112 091731 8441
20151112 091731 8441
20151112 091732 8441
20151112 091748 8441
20151112 091804 8441
20151112 091821 8447
20151112 091838 8442
20151112 091838 8445
20151112 091838 8445
20151112 091841 8441
20151112 091842 8440
20151112 091842 8440
20151112 091845 8413
20151112 091845 8413
20151112 091845 8438
20151112 091845 8438
20151112 091845 8438
20151112 091846 8438
20151112 091846 8438
20151112 091846 8438
20151112 091846 8438
20151112 091846 8438
20151112 091846 8438
20151112 091846 8438
20151112 091847 8439
20151112 091901 8437
20151112 091901 8437
20151112 091901 8437
20151112 091901 8437
20151112 091901 8437
20151112 091901 8437
20151112 091901 8437
20151112 091904 8411
20151112 091904 8436
20151112 091907 8434
20151112 091907 8435
20151112 091907 8435
20151112 091907 8435
20151112 091907 8435
20151112 091907 8435
20151112 091908 8434
20151112 091911 8433
20151112 091911 8433
20151112 091918 8435
20151112 091931 8434
20151112 091935 8435
20151112 091935 8435
20151112 091957 8433
20151112 091957 8433
20151112 091957 8433
20151112 091957 8433
20151112 091957 8433
20151112 091957 8433
20151112 091957 8433
20151112 091957 8433
20151112 091958 8432
20151112 091958 8432
20151112 091958 8432
20151112 091958 8432
20151112 091959 8432
20151112 091959 8432
20151112 092001 8432
20151112 092004 8432
20151112 092005 8432
20151112 092011 8431
20151112 092011 8431
20151112 092011 8431
20151112 092012 8430
20151112 092012 8430
20151112 092017 8428
20151112 092017 8428
20151112 092017 8429
20151112 092017 8429
20151112 092017 8429
20151112 092017 8429
20151112 092017 8429
20151112 092019 8401
20151112 092019 8401
20151112 092019 8427
20151112 092019 8427
20151112 092019 8427
20151112 092019 8427
20151112 092019 8427
20151112 092019 8427
20151112 092020 8427
20151112 092022 8427
20151112 092026 8429
20151112 092028 8426
20151112 092029 8428
20151112 092034 8425
20151112 092035 8425
20151112 092035 8425
20151112 092035 8425
20151112 092036 8425
20151112 092036 8425
20151112 092044 8426
20151112 092045 8425
20151112 092045 8425
20151112 092045 8425
20151112 092045 8426
20151112 092046 8423
20151112 092046 8423
20151112 092046 8424
20151112 092046 8424
20151112 092046 8424
20151112 092046 8424
20151112 092049 8425
20151112 092053 8423
20151112 092054 8422
20151112 092055 8423
20151112 092056 8422
20151112 092100 8423
20151112 092100 8423
20151112 092102 8423
20151112 092107 8424
20151112 092112 8425
20151112 092112 8426
20151112 092116 8425
20151112 092136 8425
20151112 092136 8425
20151112 092139 8427
20151112 092139 8427
20151112 092140 8426
20151112 092150 8428
20151112 092150 8428
20151112 092150 8428
20151112 092151 8429
20151112 092201 8400
20151112 092201 8429
20151112 092210 8420
20151112 092210 8426
20151112 092214 8423
20151112 092224 8426
20151112 092224 8427
20151112 092226 8427
20151112 092227 8428
20151112 092239 8426
20151112 092242 8425
20151112 092245 8401
20151112 092245 8401
20151112 092245 8426
20151112 092245 8427
20151112 092245 8427
20151112 092252 8426
20151112 092254 8425
20151112 092301 8422
20151112 092301 8422
20151112 092304 8421
20151112 092304 8422
20151112 092305 8420
20151112 092306 8396
20151112 092306 8420
20151112 092306 8422
20151112 092307 8417
20151112 092307 8417
20151112 092307 8417
20151112 092307 8418
20151112 092307 8418
20151112 092307 8418
20151112 092307 8418
20151112 092307 8418
20151112 092307 8418
20151112 092307 8418
20151112 092308 8417
20151112 092308 8417
20151112 092309 8417
20151112 092310 8417
20151112 092310 8417
20151112 092310 8417
20151112 092310 8417
20151112 092312 8416
20151112 092313 8416
20151112 092315 8415
20151112 092315 8415
20151112 092315 8415
20151112 092315 8415
20151112 092315 8415
20151112 092315 8416
20151112 092316 8415
20151112 092324 8416
20151112 092324 8417
20151112 092324 8417
20151112 092339 8419
20151112 092341 8420
20151112 092350 8416
20151112 092354 8417
20151112 092359 8416
20151112 092359 8416
20151112 092401 8414
20151112 092401 8415
20151112 092402 8414
20151112 092402 8414
20151112 092402 8414
20151112 092404 8386
20151112 092404 8386
20151112 092404 8412
20151112 092404 8412
20151112 092405 8413
20151112 092406 8412
20151112 092410 8413
20151112 092411 8412
20151112 092413 8413
20151112 092413 8414
20151112 092415 8414
20151112 092428 8415
20151112 092430 8387
20151112 092430 8416
20151112 092434 8418
20151112 092434 8418
20151112 092434 8418
20151112 092434 8419
20151112 092435 8417
20151112 092436 8416
20151112 092439 8416
20151112 092441 8386
20151112 092441 8415
20151112 092449 8414
20151112 092456 8412
20151112 092459 8412
20151112 092459 8412
20151112 092459 8412
20151112 092459 8412
20151112 092501 8411
20151112 092501 8411
20151112 092501 8412
20151112 092502 8410
20151112 092509 8411
20151112 092511 8412
20151112 092511 8412
20151112 092511 8412
20151112 092511 8412
20151112 092511 8412
20151112 092511 8412
20151112 092511 8412
20151112 092511 8412
20151112 092511 8412
20151112 092511 8412
20151112 092515 8412
20151112 092518 8383
20151112 092518 8412
20151112 092519 8413
20151112 092522 8385
20151112 092522 8414
20151112 092528 8416
20151112 092531 8416
20151112 092532 8419
20151112 092532 8419
20151112 092534 8389
20151112 092534 8418
20151112 092538 8421
20151112 092539 8422
20151112 092547 8420
20151112 092548 8420
20151112 092556 8390
20151112 092556 8419
20151112 092558 8418
20151112 092558 8420
20151112 092558 8420
20151112 092604 8417
20151112 092604 8417
20151112 092605 8417
20151112 092606 8417
20151112 092608 8417
20151112 092609 8420
20151112 092613 8418
20151112 092628 8419
20151112 092628 8421
20151112 092632 8422
20151112 092633 8423
20151112 092656 8421
20151112 092752 8412
20151112 092758 8423
20151112 092808 8417
20151112 092808 8417
20151112 092808 8418
20151112 092810 8416
20151112 092811 8416
20151112 092811 8416
20151112 092811 8416
20151112 092811 8416
20151112 092812 8416
20151112 092812 8416
20151112 092815 8418
20151112 092815 8418
20151112 092824 8415
20151112 092824 8415
20151112 092824 8415
20151112 092826 8415
20151112 092836 8423
20151112 092852 8423
20151112 092902 8423
20151112 092925 8421
20151112 092930 8418
20151112 092930 8419
20151112 092932 8417
20151112 092953 8418
20151112 092959 8420
20151112 093000 8416
20151112 093001 8415
20151112 093003 8414
20151112 093003 8415
20151112 093003 8415
20151112 093003 8415
20151112 093004 8414
20151112 093004 8414
20151112 093005 8413
20151112 093006 8412
20151112 093006 8412
20151112 093006 8412
20151112 093007 8411
20151112 093007 8411
20151112 093009 8412
20151112 093013 8413
20151112 093019 8418
20151112 093021 8418
20151112 093022 8420
20151112 093049 8418
20151112 093050 8392
20151112 093050 8410
20151112 093050 8418
20151112 093055 8418
20151112 093115 8418
20151112 093135 8416
20151112 093136 8416
20151112 093138 8415
20151112 093143 8415
20151112 093144 8415
20151112 093150 8417
20151112 093232 8417
20151112 093311 8419
20151112 093317 8421
20151112 093318 8421
20151112 093319 8423
20151112 093319 8424
20151112 093319 8424
20151112 093320 8425
20151112 093321 8425
20151112 093355 8416
20151112 093356 8415
20151112 093356 8415
20151112 093356 8415
20151112 093357 8414
20151112 093401 8411
20151112 093402 8408
20151112 093402 8408
20151112 093402 8408
20151112 093402 8408
20151112 093402 8408
20151112 093402 8408
20151112 093402 8409
20151112 093402 8410
20151112 093402 8411
20151112 093403 8407
20151112 093403 8407
20151112 093403 8407
20151112 093403 8407
20151112 093408 8413
20151112 093410 8412
20151112 093411 8413
20151112 093414 8411
20151112 093419 8406
20151112 093419 8406
20151112 093419 8406
20151112 093419 8406
20151112 093419 8406
20151112 093419 8406
20151112 093420 8406
20151112 093420 8406
20151112 093420 8406
20151112 093420 8406
20151112 093421 8406
20151112 093421 8406
20151112 093421 8406
20151112 093421 8406
20151112 093421 8406
20151112 093422 8405
20151112 093422 8405
20151112 093422 8406
20151112 093422 8406
20151112 093423 8404
20151112 093423 8404
20151112 093423 8404
20151112 093430 8403
20151112 093430 8403
20151112 093430 8403
20151112 093431 8403
20151112 093431 8403
20151112 093431 8403
20151112 093433 8404
20151112 093437 8405
20151112 093438 8397
20151112 093438 8405
20151112 093438 8405
20151112 093444 8405
20151112 093452 8407
20151112 093452 8407
20151112 093458 8404
20151112 093458 8405
20151112 093458 8405
20151112 093458 8405
20151112 093458 8405
20151112 093458 8405
20151112 093503 8403
20151112 093504 8403
20151112 093504 8403
20151112 093504 8403
20151112 093504 8403
20151112 093504 8403
20151112 093504 8403
20151112 093504 8403
20151112 093507 8402
20151112 093507 8402
20151112 093508 8402
20151112 093508 8402
20151112 093509 8403
20151112 093511 8405
20151112 093511 8405
20151112 093511 8405
20151112 093511 8405
20151112 093512 8405
20151112 093513 8404
20151112 093519 8405
20151112 093533 8398
20151112 093533 8398
20151112 093533 8398
20151112 093533 8398
20151112 093533 8398
20151112 093533 8398
20151112 093533 8399
20151112 093533 8399
20151112 093533 8400
20151112 093533 8400
20151112 093533 8400
20151112 093534 8393
20151112 093538 8400
20151112 093539 8398
20151112 093539 8398
20151112 093539 8398
20151112 093539 8398
20151112 093539 8398
20151112 093539 8398
20151112 093539 8398
20151112 093539 8399
20151112 093540 8398
20151112 093542 8398
20151112 093543 8396
20151112 093543 8396
20151112 093543 8396
20151112 093543 8396
20151112 093543 8396
20151112 093543 8396
20151112 093544 8398
20151112 093545 8395
20151112 093545 8395
20151112 093545 8396
20151112 093545 8396
20151112 093557 8401
20151112 093605 8405
20151112 093605 8405
20151112 093605 8405
20151112 093605 8405
20151112 093608 8406
20151112 093620 8407
20151112 093622 8405
20151112 093625 8408
20151112 093626 8408
20151112 093626 8409
20151112 093626 8409
20151112 093627 8400
20151112 093627 8400
20151112 093627 8400
20151112 093627 8400
20151112 093627 8411
20151112 093627 8411
20151112 093627 8411
20151112 093627 8411
20151112 093632 8410
20151112 093633 8409
20151112 093637 8408
20151112 093638 8409
20151112 093645 8409
20151112 093646 8408
20151112 093709 8401
20151112 093728 8405
20151112 093740 8408
20151112 093740 8408
20151112 093740 8408
20151112 093740 8408
20151112 093740 8408
20151112 093742 8411
20151112 093742 8411
20151112 093743 8411
20151112 093743 8411
20151112 093744 8411
20151112 093754 8411
20151112 093800 8381
20151112 093800 8413
20151112 093803 8414
20151112 093803 8414
20151112 093805 8415
20151112 093806 8416
20151112 093806 8416
20151112 093809 8382
20151112 093809 8414
20151112 093813 8412
20151112 093820 8404
20151112 093820 8413
20151112 093829 8408
20151112 093829 8408
20151112 093832 8408
20151112 093838 8376
20151112 093838 8409
20151112 093841 8410
20151112 093855 8410
20151112 093856 8411
20151112 093905 8382
20151112 093905 8410
20151112 093913 8410
20151112 093934 8406
20151112 093935 8406
20151112 093935 8406
20151112 093944 8408
20151112 093944 8408
20151112 093956 8403
20151112 093956 8403
20151112 093956 8403
20151112 093956 8403
20151112 093957 8402
20151112 093957 8402
20151112 093958 8401
20151112 093959 8398
20151112 093959 8398
20151112 093959 8398
20151112 093959 8398
20151112 093959 8398
20151112 093959 8398
20151112 093959 8398
20151112 094000 8397
20151112 094003 8399
20151112 094006 8396
20151112 094006 8396
20151112 094006 8397
20151112 094007 8361
20151112 094007 8361
20151112 094007 8361
20151112 094007 8361
20151112 094007 8361
20151112 094007 8385
20151112 094007 8385
20151112 094007 8386
20151112 094007 8386
20151112 094007 8386
20151112 094007 8386
20151112 094007 8386
20151112 094007 8386
20151112 094007 8387
20151112 094007 8388
20151112 094007 8388
20151112 094007 8388
20151112 094007 8388
20151112 094007 8388
20151112 094007 8388
20151112 094007 8388
20151112 094007 8388
20151112 094007 8388
20151112 094007 8389
20151112 094007 8389
20151112 094007 8389
20151112 094007 8389
20151112 094007 8389
20151112 094007 8389
20151112 094007 8389
20151112 094007 8389
20151112 094007 8390
20151112 094007 8390
20151112 094007 8390
20151112 094007 8391
20151112 094007 8391
20151112 094007 8393
20151112 094007 8393
20151112 094007 8393
20151112 094007 8393
20151112 094007 8393
20151112 094007 8393
20151112 094007 8394
20151112 094009 8388
20151112 094009 8390
20151112 094009 8390
20151112 094009 8390
20151112 094009 8390
20151112 094009 8390
20151112 094010 8392
20151112 094013 8393
20151112 094022 8395
20151112 094024 8395
20151112 094025 8398
20151112 094026 8398
20151112 094029 8401
20151112 094030 8401
20151112 094034 8403
20151112 094038 8405
20151112 094039 8405
20151112 094039 8408
20151112 094039 8410
20151112 094040 8410
20151112 094040 8411
20151112 094040 8411
20151112 094040 8411
20151112 094040 8411
20151112 094040 8411
20151112 094040 8411
20151112 094040 8412
20151112 094041 8407
20151112 094042 8409
20151112 094043 8410
20151112 094045 8413
20151112 094048 8409
20151112 094054 8410
20151112 094056 8407
20151112 094108 8407
20151112 094116 8406
20151112 094120 8406
20151112 094132 8408
20151112 094144 8399
20151112 094201 8405
20151112 094202 8408
20151112 094204 8407
20151112 094211 8407
20151112 094230 8409
20151112 094313 8411
20151112 094353 8377
20151112 094432 8405
20151112 094435 8374
20151112 094435 8403
20151112 094440 8398
20151112 094440 8399
20151112 094445 8402
20151112 094445 8402
20151112 094445 8402
20151112 094445 8402
20151112 094445 8402
20151112 094445 8402
20151112 094445 8402
20151112 094445 8402
20151112 094457 8403
20151112 094457 8403
20151112 094457 8404
20151112 094501 8402
20151112 094508 8407
20151112 094511 8409
20151112 094515 8410
20151112 094516 8411
20151112 094540 8408
20151112 094544 8408
20151112 094548 8379
20151112 094612 8404
20151112 094612 8404
20151112 094617 8403
20151112 094617 8404
20151112 094623 8402
20151112 094641 8404
20151112 094644 8404
20151112 094644 8404
20151112 094647 8404
20151112 094655 8406
20151112 094655 8406
20151112 094655 8407
20151112 094658 8407
20151112 094701 8407
20151112 094701 8407
20151112 094706 8406
20151112 094713 8403
20151112 094714 8402
20151112 094721 8406
20151112 094726 8407
20151112 094729 8407
20151112 094730 8407
20151112 094751 8409
20151112 094751 8409
20151112 094753 8410
20151112 094754 8411
20151112 094754 8411
20151112 094755 8411
20151112 094755 8411
20151112 094759 8400
20151112 094759 8409
20151112 094759 8409
20151112 094823 8410
20151112 094830 8413
20151112 094831 8380
20151112 094831 8414
20151112 094831 8415
20151112 094831 8415
20151112 094832 8416
20151112 094832 8416
20151112 094833 8416
20151112 094833 8416
20151112 094843 8412
20151112 094855 8417
20151112 094855 8417
20151112 094855 8417
20151112 094855 8417
20151112 094859 8414
20151112 094859 8414
20151112 094948 8418
20151112 094959 8415
20151112 095002 8414
20151112 095002 8414
20151112 095011 8387
20151112 095011 8420
20151112 095011 8420
20151112 095011 8420
20151112 095011 8421
20151112 095011 8421
20151112 095011 8421
20151112 095011 8421
20151112 095011 8421
20151112 095011 8421
20151112 095013 8422
20151112 095040 8422
20151112 095042 8422
20151112 095050 8423
20151112 095050 8423
20151112 095050 8423
20151112 095051 8424
20151112 095052 8426
20151112 095052 8426
20151112 095052 8426
20151112 095052 8426
20151112 095052 8426
20151112 095052 8426
20151112 095052 8426
20151112 095052 8426
20151112 095057 8426
20151112 095124 8423
20151112 095137 8422
20151112 095139 8422
20151112 095144 8423
20151112 095212 8422
20151112 095224 8415
20151112 095241 8426
20151112 095241 8426
20151112 095241 8426
20151112 095241 8426
20151112 095241 8426
20151112 095243 8399
20151112 095243 8429
20151112 095252 8431
20151112 095252 8431
20151112 095252 8431
20151112 095252 8431
20151112 095252 8431
20151112 095252 8431
20151112 095252 8431
20151112 095308 8431
20151112 095311 8430
20151112 095322 8421
20151112 095322 8431
20151112 095327 8399
20151112 095328 8429
20151112 095328 8429
20151112 095332 8421
20151112 095336 8430
20151112 095339 8430
20151112 095402 8431
20151112 095410 8430
20151112 095411 8427
20151112 095411 8427
20151112 095411 8427
20151112 095411 8428
20151112 095411 8428
20151112 095411 8428
20151112 095411 8428
20151112 095411 8428
20151112 095411 8428
20151112 095411 8428
20151112 095411 8428
20151112 095411 8428
20151112 095411 8428
20151112 095411 8428
20151112 095411 8428
20151112 095411 8428
20151112 095411 8428
20151112 095411 8428
20151112 095413 8427
20151112 095413 8427
20151112 095429 8428
20151112 095429 8430
20151112 095430 8430
20151112 095430 8430
20151112 095446 8427
20151112 095457 8428
20151112 095500 8430
20151112 095500 8430
20151112 095500 8430
20151112 095500 8430
20151112 095504 8432
20151112 095504 8432
20151112 095504 8432
20151112 095505 8431
20151112 095505 8432
20151112 095505 8432
20151112 095505 8432
20151112 095505 8432
20151112 095505 8432
20151112 095506 8433
20151112 095506 8433
20151112 095506 8433
20151112 095506 8433
20151112 095506 8433
20151112 095506 8433
20151112 095506 8433
20151112 095506 8433
20151112 095506 8433
20151112 095506 8433
20151112 095506 8433
20151112 095508 8433
20151112 095508 8434
20151112 095508 8434
20151112 095508 8434
20151112 095510 8435
20151112 095510 8435
20151112 095510 8435
20151112 095510 8435
20151112 095510 8435
20151112 095510 8435
20151112 095510 8435
20151112 095510 8435
20151112 095510 8435
20151112 095510 8435
20151112 095510 8436
20151112 095510 8436
20151112 095510 8436
20151112 095510 8436
20151112 095510 8436
20151112 095510 8436
20151112 095512 8405
20151112 095520 8433
20151112 095521 8431
20151112 095527 8431
20151112 095529 8430
20151112 095532 8430
20151112 095538 8430
20151112 095541 8430
20151112 095547 8432
20151112 095549 8434
20151112 095549 8435
20151112 095549 8435
20151112 095550 8434
20151112 095550 8436
20151112 095550 8437
20151112 095552 8437
20151112 095552 8437
20151112 095552 8437
20151112 095553 8435
20151112 095556 8433
20151112 095601 8433
20151112 095601 8434
20151112 095607 8436
20151112 095607 8436
20151112 095619 8433
20151112 095619 8434
20151112 095621 8434
20151112 095621 8434
20151112 095632 8432
20151112 095638 8435
20151112 095639 8434
20151112 095644 8433
20151112 095647 8434
20151112 095653 8435
20151112 095700 8432
20151112 095702 8432
20151112 095707 8430
20151112 095708 8431
20151112 095708 8431
20151112 095710 8429
20151112 095711 8430
20151112 095727 8431
20151112 095745 8430
20151112 095753 8430
20151112 095753 8430
20151112 095800 8431
20151112 095801 8429
20151112 095831 8429
20151112 095833 8429
20151112 095839 8429
20151112 095905 8428
20151112 095906 8427
20151112 095908 8426
20151112 095909 8426
20151112 095909 8426
20151112 095910 8424
20151112 095910 8424
20151112 095910 8425
20151112 095911 8424
20151112 095912 8424
20151112 095914 8423
20151112 095915 8422
20151112 095915 8423
20151112 095915 8423
20151112 095916 8422
20151112 095917 8422
20151112 095930 8426
20151112 095930 8426
20151112 095944 8422
20151112 095944 8423
20151112 100109 8417
20151112 100109 8418
20151112 100109 8419
20151112 100109 8419
20151112 100109 8419
20151112 100109 8419
20151112 100109 8419
20151112 100109 8419
20151112 100110 8417
20151112 100114 8420
20151112 100226 8423
20151112 100234 8425
20151112 100234 8425
20151112 100234 8425
20151112 100234 8425
20151112 100234 8425
20151112 100234 8426
20151112 100234 8426
20151112 100234 8426
20151112 100301 8425
20151112 100342 8420
20151112 100342 8420
20151112 100356 8421
20151112 100411 8412
20151112 100429 8424
20151112 100429 8424
20151112 100505 8426
20151112 100535 8427
20151112 100614 8422
20151112 100618 8419
20151112 100619 8418
20151112 100619 8418
20151112 100619 8419
20151112 100621 8418
20151112 100627 8417
20151112 100627 8417
20151112 100627 8417
20151112 100627 8417
20151112 100627 8418
20151112 100628 8416
20151112 100628 8417
20151112 100628 8417
20151112 100628 8417
20151112 100628 8417
20151112 100628 8417
20151112 100630 8416
20151112 100634 8416
20151112 100635 8416
20151112 100647 8420
20151112 100803 8418
20151112 100804 8418
20151112 100804 8418
20151112 100842 8418
20151112 100844 8418
20151112 100844 8418
20151112 100848 8418
20151112 100852 8418
20151112 100854 8418
20151112 100923 8417
20151112 100923 8417
20151112 100923 8417
20151112 101022 8412
20151112 101023 8412
20151112 101025 8380
20151112 101037 8412
20151112 101100 8408
20151112 101100 8409
20151112 101101 8409
20151112 101102 8408
20151112 101102 8408
20151112 101102 8408
20151112 101102 8408
20151112 101102 8408
20151112 101102 8408
20151112 101102 8408
20151112 101103 8408
20151112 101103 8408
20151112 101103 8408
20151112 101111 8407
20151112 101114 8405
20151112 101115 8404
20151112 101116 8405
20151112 101122 8404
20151112 101140 8404
20151112 101142 8405
20151112 101155 8407
20151112 101157 8408
20151112 101158 8407
20151112 101210 8406
20151112 101213 8407
20151112 101225 8407
20151112 101239 8410
20151112 101239 8410
20151112 101239 8410
20151112 101313 8407
20151112 101314 8408
20151112 101314 8408
20151112 101314 8409
20151112 101314 8409
20151112 101314 8409
20151112 101315 8410
20151112 101315 8410
20151112 101324 8412
20151112 101324 8412
20151112 101326 8414
20151112 101326 8415
20151112 101331 8415
20151112 101333 8413
20151112 101342 8415
20151112 101343 8414
20151112 101346 8413
20151112 101352 8413
20151112 101404 8411
20151112 101425 8410
20151112 101427 8409
20151112 101431 8408
20151112 101438 8409
20151112 101439 8409
20151112 101450 8414
20151112 101451 8414
20151112 101459 8412
20151112 101505 8409
20151112 101520 8411
20151112 101520 8411
20151112 101525 8413
20151112 101525 8413
20151112 101525 8414
20151112 101529 8415
20151112 101529 8415
20151112 101531 8416
20151112 101532 8415
20151112 101602 8414
20151112 101632 8415
20151112 101726 8411
20151112 101741 8409
20151112 101817 8409
20151112 101826 8411
20151112 101826 8411
20151112 101826 8411
20151112 101826 8411
20151112 101826 8411
20151112 101826 8411
20151112 101827 8410
20151112 101827 8410
20151112 101827 8410
20151112 101827 8410
20151112 101827 8410
20151112 101827 8410
20151112 101828 8411
20151112 101853 8413
20151112 101856 8411
20151112 101919 8411
20151112 101949 8410
20151112 101956 8408
20151112 102002 8406
20151112 102029 8411
20151112 102029 8411
20151112 102029 8411
20151112 102052 8413
20151112 102121 8411
20151112 102125 8411
20151112 102129 8410
20151112 102224 8408
20151112 102234 8411
20151112 102249 8409
20151112 102249 8410
20151112 102326 8408
20151112 102330 8405
20151112 102337 8404
20151112 102337 8404
20151112 102432 8410
20151112 102438 8410
20151112 102438 8411
20151112 102438 8411
20151112 102439 8411
20151112 102449 8408
20151112 102528 8411
20151112 102604 8407
20151112 102604 8407
20151112 102701 8405
20151112 102701 8405
20151112 102701 8405
20151112 102702 8404
20151112 102702 8404
20151112 102702 8404
20151112 102703 8404
20151112 102703 8404
20151112 102703 8404
20151112 102703 8404
20151112 102703 8404
20151112 102704 8372
20151112 102712 8405
20151112 102714 8404
20151112 102716 8404
20151112 102758 8405
20151112 102804 8404
20151112 102804 8404
20151112 102806 8403
20151112 102807 8402
20151112 102808 8402
20151112 102809 8401
20151112 102809 8401
20151112 102809 8401
20151112 102809 8401
20151112 102826 8406
20151112 102910 8406
20151112 102931 8406
20151112 102935 8405
20151112 102935 8406
20151112 102935 8406
20151112 102945 8406
20151112 103005 8406
20151112 103016 8404
20151112 103016 8404
20151112 103016 8404
20151112 103017 8403
20151112 103019 8401
20151112 103019 8401
20151112 103020 8399
20151112 103020 8399
20151112 103020 8399
20151112 103020 8399
20151112 103020 8399
20151112 103020 8399
20151112 103020 8399
20151112 103020 8399
20151112 103020 8399
20151112 103020 8399
20151112 103020 8399
20151112 103020 8400
20151112 103020 8400
20151112 103020 8400
20151112 103025 8402
20151112 103032 8403
20151112 103032 8403
20151112 103039 8401
20151112 103039 8401
20151112 103049 8398
20151112 103050 8397
20151112 103057 8397
20151112 103059 8396
20151112 103059 8396
20151112 103101 8393
20151112 103101 8394
20151112 103101 8394
20151112 103101 8394
20151112 103101 8395
20151112 103102 8393
20151112 103102 8394
20151112 103103 8394
20151112 103108 8394
20151112 103110 8394
20151112 103112 8393
20151112 103127 8364
20151112 103131 8398
20151112 103137 8394
20151112 103137 8394
20151112 103137 8394
20151112 103138 8394
20151112 103141 8394
20151112 103141 8394
20151112 103141 8394
20151112 103141 8394
20151112 103141 8394
20151112 103144 8361
20151112 103148 8394
20151112 103151 8393
20151112 103151 8393
20151112 103152 8392
20151112 103152 8392
20151112 103152 8392
20151112 103152 8392
20151112 103152 8392
20151112 103152 8392
20151112 103152 8393
20151112 103153 8391
20151112 103153 8391
20151112 103153 8391
20151112 103154 8383
20151112 103154 8383
20151112 103154 8383
20151112 103154 8383
20151112 103154 8384
20151112 103154 8384
20151112 103154 8384
20151112 103154 8384
20151112 103154 8384
20151112 103154 8384
20151112 103154 8384
20151112 103154 8384
20151112 103154 8385
20151112 103154 8385
20151112 103154 8385
20151112 103154 8385
20151112 103154 8385
20151112 103154 8385
20151112 103154 8385
20151112 103154 8386
20151112 103154 8386
20151112 103154 8387
20151112 103154 8387
20151112 103154 8387
20151112 103154 8387
20151112 103154 8388
20151112 103154 8389
20151112 103154 8389
20151112 103154 8389
20151112 103154 8389
20151112 103154 8389
20151112 103154 8389
20151112 103154 8389
20151112 103154 8389
20151112 103154 8389
20151112 103154 8389
20151112 103154 8389
20151112 103154 8389
20151112 103154 8389
20151112 103154 8389
20151112 103154 8389
20151112 103154 8389
20151112 103154 8389
20151112 103154 8389
20151112 103154 8389
20151112 103154 8389
20151112 103154 8390
20151112 103154 8390
20151112 103154 8390
20151112 103154 8390
20151112 103155 8384
20151112 103156 8382
20151112 103156 8382
20151112 103203 8383
20151112 103204 8383
20151112 103207 8383
20151112 103208 8382
20151112 103209 8382
20151112 103209 8383
20151112 103210 8381
20151112 103210 8381
20151112 103210 8382
20151112 103217 8379
20151112 103217 8379
20151112 103217 8379
20151112 103217 8379
20151112 103217 8379
20151112 103217 8379
20151112 103217 8379
20151112 103217 8379
20151112 103217 8379
20151112 103217 8379
20151112 103217 8380
20151112 103217 8380
20151112 103217 8380
20151112 103217 8380
20151112 103217 8380
20151112 103218 8379
20151112 103218 8379
20151112 103218 8380
20151112 103218 8381
20151112 103219 8381
20151112 103222 8382
20151112 103227 8383
20151112 103230 8380
20151112 103231 8379
20151112 103231 8379
20151112 103233 8379
20151112 103234 8372
20151112 103234 8372
20151112 103234 8372
20151112 103234 8373
20151112 103234 8374
20151112 103234 8374
20151112 103234 8374
20151112 103234 8374
20151112 103234 8375
20151112 103234 8375
20151112 103234 8375
20151112 103234 8375
20151112 103234 8375
20151112 103234 8375
20151112 103234 8375
20151112 103234 8375
20151112 103234 8376
20151112 103234 8377
20151112 103234 8377
20151112 103234 8377
20151112 103234 8377
20151112 103235 8370
20151112 103235 8370
20151112 103235 8370
20151112 103235 8370
20151112 103235 8370
20151112 103235 8370
20151112 103235 8370
20151112 103235 8370
20151112 103236 8373
20151112 103236 8374
20151112 103236 8375
20151112 103236 8375
20151112 103236 8375
20151112 103236 8375
20151112 103236 8375
20151112 103236 8375
20151112 103236 8375
20151112 103236 8375
20151112 103236 8375
20151112 103236 8375
20151112 103236 8375
20151112 103236 8375
20151112 103236 8375
20151112 103236 8375
20151112 103236 8375
20151112 103237 8375
20151112 103237 8375
20151112 103239 8374
20151112 103240 8373
20151112 103241 8374
20151112 103244 8373
20151112 103245 8373
20151112 103245 8373
20151112 103246 8376
20151112 103246 8376
20151112 103246 8377
20151112 103246 8377
20151112 103246 8377
20151112 103246 8377
20151112 103247 8374
20151112 103247 8374
20151112 103247 8376
20151112 103249 8373
20151112 103249 8373
20151112 103249 8374
20151112 103254 8373
20151112 103256 8373
20151112 103258 8373
20151112 103300 8372
20151112 103301 8371
20151112 103301 8371
20151112 103302 8367
20151112 103302 8367
20151112 103302 8367
20151112 103302 8368
20151112 103302 8369
20151112 103302 8369
20151112 103302 8369
20151112 103302 8369
20151112 103302 8369
20151112 103302 8369
20151112 103302 8369
20151112 103303 8366
20151112 103303 8369
20151112 103304 8373
20151112 103304 8373
20151112 103304 8373
20151112 103304 8373
20151112 103304 8373
20151112 103304 8373
20151112 103304 8373
20151112 103304 8373
20151112 103304 8374
20151112 103305 8373
20151112 103305 8374
20151112 103305 8374
20151112 103306 8372
20151112 103308 8375
20151112 103309 8375
20151112 103309 8376
20151112 103309 8376
20151112 103312 8377
20151112 103313 8374
20151112 103314 8376
20151112 103316 8377
20151112 103319 8380
20151112 103319 8380
20151112 103321 8381
20151112 103321 8381
20151112 103321 8381
20151112 103322 8382
20151112 103322 8382
20151112 103323 8382
20151112 103326 8380
20151112 103327 8379
20151112 103328 8381
20151112 103328 8381
20151112 103328 8381
20151112 103328 8381
20151112 103329 8380
20151112 103330 8380
20151112 103348 8379
20151112 103350 8379
20151112 103351 8378
20151112 103351 8378
20151112 103351 8378
20151112 103352 8379
20151112 103353 8379
20151112 103354 8377
20151112 103354 8378
20151112 103401 8377
20151112 103410 8377
20151112 103412 8376
20151112 103417 8375
20151112 103417 8375
20151112 103417 8375
20151112 103423 8371
20151112 103423 8372
20151112 103423 8372
20151112 103423 8372
20151112 103424 8371
20151112 103424 8371
20151112 103424 8371
20151112 103425 8372
20151112 103425 8372
20151112 103427 8372
20151112 103428 8369
20151112 103428 8369
20151112 103431 8367
20151112 103432 8369
20151112 103432 8369
20151112 103435 8367
20151112 103436 8365
20151112 103436 8366
20151112 103438 8365
20151112 103438 8366
20151112 103438 8366
20151112 103438 8366
20151112 103440 8366
20151112 103442 8363
20151112 103442 8364
20151112 103443 8365
20151112 103443 8365
20151112 103443 8365
20151112 103443 8365
20151112 103447 8365
20151112 103449 8367
20151112 103449 8367
20151112 103451 8366
20151112 103453 8367
20151112 103453 8369
20151112 103454 8370
20151112 103454 8371
20151112 103454 8371
20151112 103454 8371
20151112 103454 8371
20151112 103459 8372
20151112 103504 8369
20151112 103510 8372
20151112 103510 8372
20151112 103522 8376
20151112 103522 8376
20151112 103522 8376
20151112 103522 8376
20151112 103524 8376
20151112 103525 8378
20151112 103528 8380
20151112 103528 8380
20151112 103533 8376
20151112 103533 8376
20151112 103534 8373
20151112 103539 8370
20151112 103539 8371
20151112 103601 8377
20151112 103609 8376
20151112 103609 8376
20151112 103610 8376
20151112 103611 8375
20151112 103614 8375
20151112 103614 8375
20151112 103619 8377
20151112 103621 8377
20151112 103621 8377
20151112 103622 8378
20151112 103625 8378
20151112 103627 8378
20151112 103632 8380
20151112 103635 8380
20151112 103646 8384
20151112 103702 8382
20151112 103703 8382
20151112 103708 8380
20151112 103708 8380
20151112 103709 8372
20151112 103712 8372
20151112 103715 8372
20151112 103721 8384
20151112 103727 8388
20151112 103727 8389
20151112 103727 8389
20151112 103729 8388
20151112 103733 8386
20151112 103744 8376
20151112 103744 8385
20151112 103746 8384
20151112 103757 8384
20151112 103820 8382
20151112 103821 8382
20151112 103823 8382
20151112 103835 8382
20151112 103835 8382
20151112 103836 8375
20151112 103840 8384
20151112 103856 8384
20151112 103910 8384
20151112 103912 8375
20151112 103915 8375
20151112 103948 8387
20151112 103950 8386
20151112 104007 8375
20151112 104009 8375
20151112 104010 8383
20151112 104012 8384
20151112 104019 8384
20151112 104023 8375
20151112 104025 8383
20151112 104101 8381
20151112 104109 8382
20151112 104116 8385
20151112 104116 8386
20151112 104116 8386
20151112 104116 8386
20151112 104116 8386
20151112 104116 8386
20151112 104118 8387
20151112 104122 8378
20151112 104136 8389
20151112 104136 8389
20151112 104136 8390
20151112 104136 8390
20151112 104144 8378
20151112 104144 8389
20151112 104144 8389
20151112 104144 8389
20151112 104155 8390
20151112 104156 8390
20151112 104200 8392
20151112 104202 8392
20151112 104218 8390
20151112 104230 8390
20151112 104241 8387
20151112 104246 8379
20151112 104250 8390
20151112 104309 8380
20151112 104310 8388
20151112 104329 8388
20151112 104329 8388
20151112 104329 8388
20151112 104329 8388
20151112 104329 8388
20151112 104329 8388
20151112 104329 8388
20151112 104329 8388
20151112 104329 8388
20151112 104329 8388
20151112 104405 8388
20151112 104418 8383
20151112 104418 8383
20151112 104421 8383
20151112 104422 8383
20151112 104427 8379
20151112 104428 8378
20151112 104428 8379
20151112 104429 8378
20151112 104431 8378
20151112 104432 8379
20151112 104522 8383
20151112 104525 8382
20151112 104534 8382
20151112 104555 8381
20151112 104555 8381
20151112 104646 8384
20151112 104653 8384
20151112 104720 8379
20151112 104720 8379
20151112 104720 8379
20151112 104721 8376
20151112 104721 8377
20151112 104721 8377
20151112 104721 8378
20151112 104721 8378
20151112 104721 8378
20151112 104721 8378
20151112 104721 8378
20151112 104721 8378
20151112 104721 8378
20151112 104740 8377
20151112 104746 8376
20151112 104752 8373
20151112 104758 8375
20151112 104759 8376
20151112 104802 8372
20151112 104804 8371
20151112 104804 8371
20151112 104805 8371
20151112 104806 8371
20151112 104806 8371
20151112 104809 8370
20151112 104809 8370
20151112 104828 8376
20151112 104828 8376
20151112 104845 8379
20151112 104859 8378
20151112 104920 8372
20151112 104922 8370
20151112 104922 8370
20151112 104922 8370
20151112 104922 8370
20151112 104922 8370
20151112 104922 8371
20151112 104923 8368
20151112 104923 8368
20151112 104923 8368
20151112 104923 8368
20151112 104923 8369
20151112 104924 8365
20151112 104924 8365
20151112 104924 8366
20151112 104924 8366
20151112 104924 8366
20151112 104924 8366
20151112 104924 8366
20151112 104924 8367
20151112 104924 8367
20151112 104924 8368
20151112 104924 8368
20151112 104924 8368
20151112 104924 8368
20151112 104924 8368
20151112 104924 8368
20151112 104924 8368
20151112 104924 8368
20151112 104925 8360
20151112 104925 8360
20151112 104925 8360
20151112 104925 8360
20151112 104925 8360
20151112 104925 8361
20151112 104925 8361
20151112 104925 8361
20151112 104925 8361
20151112 104925 8361
20151112 104925 8363
20151112 104925 8363
20151112 104925 8363
20151112 104937 8367
20151112 104939 8365
20151112 104941 8364
20151112 104943 8361
20151112 104945 8359
20151112 104946 8359
20151112 104946 8359
20151112 104946 8359
20151112 104949 8358
20151112 104949 8358
20151112 104949 8358
20151112 104951 8358
20151112 104951 8358
20151112 104954 8359
20151112 104957 8361
20151112 104959 8362
20151112 104959 8362
20151112 104959 8362
20151112 105002 8364
20151112 105002 8364
20151112 105006 8364
20151112 105010 8367
20151112 105017 8365
20151112 105018 8365
20151112 105018 8365
20151112 105021 8365
20151112 105024 8367
20151112 105029 8366
20151112 105030 8366
20151112 105037 8362
20151112 105039 8361
20151112 105039 8361
20151112 105039 8361
20151112 105039 8361
20151112 105044 8358
20151112 105044 8358
20151112 105044 8358
20151112 105044 8358
20151112 105044 8358
20151112 105044 8358
20151112 105044 8358
20151112 105044 8358
20151112 105044 8358
20151112 105047 8356
20151112 105048 8358
20151112 105048 8358
20151112 105048 8358
20151112 105049 8358
20151112 105050 8359
20151112 105100 8359
20151112 105101 8361
20151112 105101 8362
20151112 105103 8361
20151112 105104 8361
20151112 105105 8360
20151112 105113 8360
20151112 105115 8362
20151112 105116 8362
20151112 105117 8362
20151112 105118 8364
20151112 105118 8365
20151112 105119 8363
20151112 105120 8364
20151112 105124 8364
20151112 105124 8365
20151112 105159 8363
20151112 105200 8361
20151112 105200 8362
20151112 105200 8362
20151112 105201 8361
20151112 105201 8361
20151112 105201 8361
20151112 105201 8361
20151112 105206 8359
20151112 105206 8359
20151112 105207 8358
20151112 105207 8359
20151112 105208 8357
20151112 105208 8357
20151112 105208 8358
20151112 105208 8358
20151112 105210 8358
20151112 105226 8362
20151112 105228 8362
20151112 105240 8358
20151112 105240 8358
20151112 105242 8356
20151112 105243 8356
20151112 105243 8356
20151112 105243 8356
20151112 105243 8356
20151112 105303 8355
20151112 105306 8355
20151112 105309 8357
20151112 105310 8358
20151112 105310 8359
20151112 105312 8360
20151112 105312 8360
20151112 105315 8356
20151112 105318 8356
20151112 105328 8358
20151112 105331 8359
20151112 105332 8361
20151112 105332 8361
20151112 105333 8361
20151112 105333 8361
20151112 105334 8361
20151112 105334 8361
20151112 105344 8359
20151112 105349 8361
20151112 105357 8359
20151112 105401 8358
20151112 105401 8358
20151112 105402 8358
20151112 105406 8358
20151112 105413 8360
20151112 105417 8360
20151112 105428 8363
20151112 105428 8363
20151112 105428 8363
20151112 105428 8363
20151112 105431 8364
20151112 105431 8364
20151112 105438 8361
20151112 105438 8361
20151112 105438 8361
20151112 105455 8363
20151112 105455 8363
20151112 105500 8361
20151112 105500 8361
20151112 105500 8361
20151112 105500 8361
20151112 105500 8363
20151112 105508 8365
20151112 105509 8366
20151112 105509 8366
20151112 105509 8366
20151112 105509 8366
20151112 105509 8367
20151112 105509 8367
20151112 105509 8367
20151112 105509 8368
20151112 105510 8369
20151112 105510 8369
20151112 105510 8369
20151112 105514 8368
20151112 105516 8370
20151112 105516 8371
20151112 105516 8371
20151112 105516 8371
20151112 105516 8371
20151112 105518 8370
20151112 105518 8371
20151112 105518 8371
20151112 105519 8369
20151112 105519 8370
20151112 105519 8370
20151112 105524 8371
20151112 105528 8369
20151112 105528 8369
20151112 105529 8371
20151112 105538 8375
20151112 105539 8373
20151112 105541 8372
20151112 105541 8372
20151112 105546 8373
20151112 105554 8372
20151112 105555 8372
20151112 105616 8369
20151112 105622 8369
20151112 105622 8369
20151112 105630 8369
20151112 105635 8370
20151112 105636 8370
20151112 105641 8369
20151112 105646 8368
20151112 105652 8366
20151112 105715 8367
20151112 105715 8367
20151112 105717 8368
20151112 105717 8368
20151112 105717 8369
20151112 105723 8371
20151112 105723 8371
20151112 105723 8371
20151112 105723 8371
20151112 105723 8372
20151112 105725 8373
20151112 105731 8372
20151112 105754 8372
20151112 105754 8372
20151112 105807 8371
20151112 105815 8373
20151112 105815 8373
20151112 105815 8373
20151112 105815 8373
20151112 105820 8373
20151112 105826 8373
20151112 105833 8373
20151112 105837 8374
20151112 105850 8373
20151112 105850 8373
20151112 105850 8373
20151112 105906 8375
20151112 105906 8375
20151112 105906 8375
20151112 105906 8376
20151112 105906 8376
20151112 105906 8376
20151112 105906 8376
20151112 105906 8376
20151112 105907 8377
20151112 105920 8375
20151112 105933 8371
20151112 105934 8371
20151112 105936 8371
20151112 105937 8370
20151112 105938 8370
20151112 105940 8371
20151112 105945 8371
20151112 105949 8371
20151112 110004 8372
20151112 110006 8372
20151112 110009 8372
20151112 110016 8371
20151112 110021 8369
20151112 110025 8366
20151112 110052 8369
20151112 110052 8371
20151112 110058 8370
20151112 110058 8371
20151112 110106 8377
20151112 110106 8377
20151112 110106 8377
20151112 110106 8377
20151112 110107 8377
20151112 110110 8377
20151112 110115 8378
20151112 110116 8378
20151112 110117 8378
20151112 110126 8379
20151112 110127 8379
20151112 110127 8379
20151112 110146 8381
20151112 110146 8381
20151112 110146 8381
20151112 110146 8381
20151112 110150 8381
20151112 110208 8376
20151112 110208 8377
20151112 110214 8378
20151112 110216 8377
20151112 110217 8378
20151112 110217 8378
20151112 110313 8379
20151112 110350 8377
20151112 110416 8374
20151112 110439 8375
20151112 110505 8377
20151112 110531 8381
20151112 110531 8381
20151112 110531 8381
20151112 110531 8381
20151112 110531 8382
20151112 110532 8383
20151112 110532 8383
20151112 110532 8383
20151112 110532 8383
20151112 110532 8383
20151112 110532 8383
20151112 110532 8384
20151112 110532 8384
20151112 110536 8385
20151112 110536 8386
20151112 110536 8386
20151112 110536 8386
20151112 110537 8386
20151112 110537 8387
20151112 110537 8387
20151112 110537 8387
20151112 110538 8387
20151112 110538 8387
20151112 110538 8387
20151112 110538 8387
20151112 110538 8387
20151112 110541 8387
20151112 110544 8384
20151112 110549 8383
20151112 110612 8386
20151112 110613 8386
20151112 110613 8386
20151112 110614 8387
20151112 110615 8387
20151112 110624 8386
20151112 110659 8383
20151112 110700 8383
20151112 110700 8383
20151112 110722 8383
20151112 110724 8383
20151112 110728 8383
20151112 110808 8386
20151112 110814 8387
20151112 110835 8386
20151112 110851 8384
20151112 110855 8384
20151112 110912 8382
20151112 110912 8383
20151112 110912 8383
20151112 110912 8383
20151112 110912 8383
20151112 110912 8383
20151112 111012 8383
20151112 111102 8385
20151112 111126 8384
20151112 111139 8384
20151112 111158 8386
20151112 111212 8385
20151112 111213 8385
20151112 111231 8383
20151112 111231 8383
20151112 111240 8382
20151112 111310 8382
20151112 111312 8381
20151112 111319 8383
20151112 111319 8383
20151112 111453 8384
20151112 111454 8386
20151112 111455 8387
20151112 111501 8389
20151112 111501 8389
20151112 111501 8389
20151112 111501 8390
20151112 111501 8390
20151112 111501 8390
20151112 111501 8390
20151112 111501 8390
20151112 111501 8390
20151112 111501 8390
20151112 111501 8391
20151112 111502 8392
20151112 111502 8392
20151112 111502 8392
20151112 111502 8392
20151112 111502 8393
20151112 111502 8393
20151112 111502 8393
20151112 111502 8393
20151112 111502 8393
20151112 111502 8394
20151112 111502 8394
20151112 111502 8394
20151112 111502 8395
20151112 111502 8395
20151112 111502 8395
20151112 111502 8395
20151112 111502 8395
20151112 111502 8395
20151112 111503 8387
20151112 111503 8387
20151112 111503 8388
20151112 111503 8388
20151112 111503 8388
20151112 111503 8388
20151112 111503 8388
20151112 111503 8388
20151112 111503 8388
20151112 111503 8388
20151112 111503 8388
20151112 111503 8388
20151112 111503 8388
20151112 111503 8389
20151112 111503 8389
20151112 111503 8390
20151112 111504 8392
20151112 111507 8395
20151112 111507 8396
20151112 111507 8396
20151112 111507 8396
20151112 111513 8394
20151112 111515 8395
20151112 111516 8393
20151112 111517 8393
20151112 111519 8394
20151112 111519 8394
20151112 111521 8393
20151112 111521 8394
20151112 111522 8395
20151112 111547 8393
20151112 111552 8392
20151112 111557 8393
20151112 111600 8393
20151112 111611 8396
20151112 111611 8396
20151112 111614 8396
20151112 111617 8396
20151112 111618 8396
20151112 111631 8394
20151112 111631 8394
20151112 111631 8394
20151112 111643 8392
20151112 111643 8393
20151112 111643 8393
20151112 111643 8393
20151112 111645 8392
20151112 111659 8393
20151112 111703 8395
20151112 111703 8395
20151112 111705 8395
20151112 111722 8394
20151112 111722 8394
20151112 111731 8393
20151112 111732 8393
20151112 111733 8391
20151112 111733 8392
20151112 111758 8393
20151112 111804 8395
20151112 111804 8396
20151112 111807 8396
20151112 111820 8394
20151112 111838 8395
20151112 111912 8393
20151112 111928 8392
20151112 111929 8392
20151112 111930 8391
20151112 111931 8390
20151112 111931 8390
20151112 111932 8390
20151112 111932 8390
20151112 111932 8390
20151112 111932 8391
20151112 111933 8388
20151112 111933 8389
20151112 111942 8388
20151112 111942 8388
20151112 111943 8387
20151112 111943 8388
20151112 111943 8388
20151112 111956 8384
20151112 111956 8384
20151112 111957 8385
20151112 112012 8386
20151112 112057 8385
20151112 112058 8384
20151112 112113 8389
20151112 112113 8389
20151112 112113 8389
20151112 112114 8388
20151112 112127 8386
20151112 112159 8387
20151112 112220 8389
20151112 112222 8390
20151112 112226 8390
20151112 112253 8394
20151112 112306 8392
20151112 112357 8392
20151112 112357 8392
20151112 112400 8391
20151112 112409 8391
20151112 112415 8391
20151112 112418 8391
20151112 112418 8391
20151112 112421 8390
20151112 112449 8388
20151112 112525 8389
20151112 112531 8390
20151112 112531 8390
20151112 112535 8391
20151112 112550 8391
20151112 112551 8391
20151112 112554 8391
20151112 112600 8391
20151112 112607 8395
20151112 112607 8395
20151112 112607 8395
20151112 112607 8395
20151112 112607 8395
20151112 112607 8395
20151112 112609 8397
20151112 112611 8397
20151112 112613 8398
20151112 112613 8398
20151112 112613 8398
20151112 112613 8398
20151112 112613 8398
20151112 112620 8395
20151112 112631 8395
20151112 112631 8395
20151112 112631 8395
20151112 112635 8395
20151112 112654 8392
20151112 112659 8392
20151112 112708 8388
20151112 112714 8386
20151112 112715 8384
20151112 112726 8383
20151112 112743 8385
20151112 112743 8386
20151112 112801 8386
20151112 112801 8386
20151112 112825 8384
20151112 112831 8383
20151112 112840 8383
20151112 112844 8384
20151112 113023 8388
20151112 113058 8386
20151112 113107 8388
20151112 113107 8389
20151112 113121 8390
20151112 113231 8387
20151112 113342 8390
20151112 113351 8395
20151112 113352 8396
20151112 113355 8396
20151112 113356 8394
20151112 113356 8394
20151112 113406 8392
20151112 113444 8392
20151112 113449 8392
20151112 113544 8394
20151112 113546 8394
20151112 113549 8395
20151112 113552 8395
20151112 113552 8395
20151112 113621 8394
20151112 113628 8395
20151112 113630 8395
20151112 113636 8393
20151112 113650 8390
20151112 113650 8390
20151112 113712 8392
20151112 113712 8392
20151112 113712 8392
20151112 113735 8393
20151112 113737 8393
20151112 113812 8394
20151112 113816 8394
20151112 113817 8396
20151112 113817 8397
20151112 113817 8397
20151112 113818 8398
20151112 113819 8398
20151112 113821 8398
20151112 113821 8398
20151112 113821 8399
20151112 113821 8399
20151112 113821 8399
20151112 113821 8399
20151112 113821 8400
20151112 113821 8400
20151112 113821 8400
20151112 113821 8400
20151112 113821 8400
20151112 113821 8400
20151112 113822 8401
20151112 113822 8401
20151112 113822 8402
20151112 113822 8402
20151112 113822 8402
20151112 113822 8402
20151112 113822 8403
20151112 113822 8403
20151112 113822 8403
20151112 113822 8403
20151112 113822 8403
20151112 113822 8403
20151112 113822 8403
20151112 113822 8404
20151112 113823 8402
20151112 113849 8403
20151112 113851 8402
20151112 113902 8403
20151112 113905 8404
20151112 113905 8405
20151112 113906 8404
20151112 113906 8405
20151112 113906 8405
20151112 113906 8405
20151112 113909 8405
20151112 113909 8406
20151112 113909 8407
20151112 113909 8407
20151112 113909 8407
20151112 113910 8406
20151112 113913 8406
20151112 113922 8404
20151112 113922 8404
20151112 113922 8404
20151112 113922 8404
20151112 113923 8404
20151112 113923 8404
20151112 113923 8404
20151112 113923 8404
20151112 113923 8404
20151112 113923 8404
20151112 113923 8404
20151112 113923 8404
20151112 113924 8404
20151112 113924 8404
20151112 113924 8404
20151112 113924 8404
20151112 113924 8404
20151112 113924 8404
20151112 113934 8404
20151112 113958 8404
20151112 113959 8405
20151112 114000 8406
20151112 114000 8407
20151112 114010 8404
20151112 114012 8403
20151112 114012 8403
20151112 114016 8402
20151112 114019 8404
20151112 114020 8403
20151112 114022 8405
20151112 114044 8404
20151112 114050 8405
20151112 114050 8405
20151112 114110 8404
20151112 114110 8405
20151112 114112 8403
20151112 114113 8404
20151112 114135 8402
20151112 114138 8401
20151112 114148 8401
20151112 114158 8402
20151112 114203 8403
20151112 114204 8404
20151112 114204 8405
20151112 114223 8408
20151112 114223 8408
20151112 114223 8408
20151112 114223 8408
20151112 114223 8408
20151112 114223 8408
20151112 114223 8408
20151112 114223 8408
20151112 114223 8408
20151112 114223 8408
20151112 114223 8409
20151112 114223 8409
20151112 114223 8409
20151112 114223 8409
20151112 114223 8409
20151112 114223 8409
20151112 114224 8410
20151112 114224 8410
20151112 114224 8410
20151112 114224 8410
20151112 114224 8410
20151112 114224 8410
20151112 114233 8407
20151112 114241 8407
20151112 114242 8407
20151112 114246 8409
20151112 114246 8410
20151112 114248 8410
20151112 114248 8410
20151112 114249 8410
20151112 114249 8410
20151112 114250 8410
20151112 114250 8410
20151112 114252 8410
20151112 114255 8410
20151112 114255 8410
20151112 114256 8410
20151112 114257 8410
20151112 114257 8410
20151112 114257 8410
20151112 114257 8410
20151112 114300 8410
20151112 114300 8411
20151112 114301 8412
20151112 114302 8412
20151112 114302 8412
20151112 114302 8412
20151112 114310 8411
20151112 114338 8410
20151112 114341 8401
20151112 114411 8407
20151112 114411 8408
20151112 114411 8408
20151112 114413 8408
20151112 114455 8410
20151112 114458 8410
20151112 114520 8414
20151112 114520 8414
20151112 114520 8414
20151112 114520 8414
20151112 114520 8414
20151112 114520 8415
20151112 114520 8415
20151112 114520 8415
20151112 114520 8415
20151112 114520 8415
20151112 114520 8415
20151112 114520 8415
20151112 114520 8415
20151112 114533 8414
20151112 114535 8415
20151112 114535 8415
20151112 114535 8415
20151112 114535 8416
20151112 114535 8417
20151112 114535 8417
20151112 114535 8417
20151112 114535 8417
20151112 114535 8418
20151112 114535 8418
20151112 114535 8418
20151112 114535 8418
20151112 114535 8419
20151112 114535 8420
20151112 114535 8420
20151112 114535 8420
20151112 114535 8420
20151112 114535 8420
20151112 114536 8420
20151112 114536 8420
20151112 114538 8420
20151112 114539 8420
20151112 114543 8421
20151112 114543 8421
20151112 114543 8422
20151112 114544 8422
20151112 114544 8422
20151112 114544 8422
20151112 114547 8423
20151112 114551 8421
20151112 114553 8421
20151112 114553 8421
20151112 114554 8414
20151112 114558 8425
20151112 114558 8425
20151112 114558 8425
20151112 114600 8423
20151112 114601 8424
20151112 114601 8424
20151112 114601 8424
20151112 114601 8424
20151112 114601 8424
20151112 114601 8424
20151112 114601 8424
20151112 114603 8425
20151112 114603 8425
20151112 114604 8425
20151112 114607 8424
20151112 114610 8423
20151112 114612 8420
20151112 114612 8420
20151112 114612 8420
20151112 114612 8421
20151112 114612 8421
20151112 114612 8421
20151112 114612 8421
20151112 114612 8421
20151112 114612 8421
20151112 114612 8421
20151112 114612 8421
20151112 114612 8421
20151112 114612 8421
20151112 114612 8421
20151112 114612 8421
20151112 114612 8421
20151112 114612 8421
20151112 114612 8421
20151112 114612 8421
20151112 114612 8421
20151112 114612 8421
20151112 114612 8421
20151112 114612 8421
20151112 114612 8421
20151112 114612 8421
20151112 114612 8421
20151112 114612 8421
20151112 114612 8421
20151112 114612 8421
20151112 114612 8421
20151112 114612 8421
20151112 114612 8421
20151112 114612 8421
20151112 114612 8421
20151112 114612 8421
20151112 114612 8421
20151112 114612 8421
20151112 114612 8421
20151112 114612 8421
20151112 114612 8421
20151112 114612 8421
20151112 114612 8421
20151112 114612 8421
20151112 114612 8422
20151112 114612 8422
20151112 114612 8422
20151112 114612 8422
20151112 114612 8422
20151112 114612 8422
20151112 114625 8421
20151112 114627 8421
20151112 114629 8419
20151112 114629 8419
20151112 114630 8420
20151112 114630 8420
20151112 114630 8420
20151112 114639 8421
20151112 114639 8421
20151112 114652 8421
20151112 114656 8421
20151112 114705 8421
20151112 114717 8419
20151112 114718 8421
20151112 114722 8419
20151112 114731 8419
20151112 114733 8418
20151112 114738 8419
20151112 114745 8417
20151112 114745 8417
20151112 114746 8414
20151112 114746 8414
20151112 114746 8414
20151112 114746 8414
20151112 114746 8414
20151112 114746 8414
20151112 114746 8414
20151112 114746 8415
20151112 114746 8415
20151112 114746 8415
20151112 114746 8415
20151112 114746 8415
20151112 114746 8415
20151112 114746 8415
20151112 114746 8415
20151112 114746 8415
20151112 114746 8415
20151112 114746 8415
20151112 114746 8415
20151112 114746 8415
20151112 114746 8415
20151112 114746 8415
20151112 114746 8415
20151112 114746 8416
20151112 114750 8414
20151112 114754 8415
20151112 114756 8416
20151112 114758 8417
20151112 114758 8417
20151112 114758 8417
20151112 114759 8418
20151112 114802 8420
20151112 114802 8420
20151112 114834 8417
20151112 114835 8416
20151112 114841 8415
20151112 114841 8415
20151112 114855 8418
20151112 114938 8415
20151112 114939 8415
20151112 114939 8415
20151112 114939 8415
20151112 114939 8415
20151112 114943 8414
20151112 114947 8415
20151112 114956 8414
20151112 114959 8414
20151112 115002 8413
20151112 115009 8415
20151112 115014 8415
20151112 115017 8415
20151112 115018 8416
20151112 115022 8416
20151112 115054 8415
20151112 115057 8415
20151112 115104 8416
20151112 115137 8414
20151112 115201 8415
20151112 115202 8415
20151112 115303 8412
20151112 115303 8412
20151112 115308 8411
20151112 115309 8411
20151112 115312 8411
20151112 115320 8412
20151112 115337 8409
20151112 115343 8409
20151112 115352 8409
20151112 115400 8408
20151112 115406 8408
20151112 115413 8409
20151112 115413 8409
20151112 115442 8409
20151112 115455 8410
20151112 115455 8410
20151112 115458 8411
20151112 115502 8412
20151112 115510 8414
20151112 115513 8415
20151112 115513 8415
20151112 115516 8416
20151112 115523 8415
20151112 115527 8416
20151112 115528 8416
20151112 115529 8415
20151112 115530 8416
20151112 115531 8416
20151112 115532 8416
20151112 115542 8417
20151112 115543 8415
20151112 115543 8415
20151112 115626 8415
20151112 115628 8415
20151112 115643 8412
20151112 115650 8412
20151112 115651 8413
20151112 115651 8413
20151112 115654 8413
20151112 115658 8412
20151112 115720 8411
20151112 115733 8408
20151112 115733 8408
20151112 115734 8408
20151112 115734 8409
20151112 115740 8409
20151112 115746 8406
20151112 115746 8406
20151112 115746 8406
20151112 115747 8405
20151112 115751 8405
20151112 115753 8406
20151112 115809 8406
20151112 115813 8405
20151112 115832 8404
20151112 115832 8404
20151112 115832 8404
20151112 115834 8404
20151112 115839 8404
20151112 115840 8403
20151112 115840 8404
20151112 115840 8404
20151112 115843 8404
20151112 115847 8403
20151112 115849 8403
20151112 115850 8403
20151112 115850 8403
20151112 115853 8403
20151112 115904 8401
20151112 115915 8404
20151112 115922 8405
20151112 115922 8405
20151112 120000 8406
20151112 120000 8407
20151112 120016 8402
20151112 120017 8402
20151112 120034 8401
20151112 120037 8401
20151112 120037 8401
20151112 120038 8401
20151112 120048 8399
20151112 120048 8399
20151112 120048 8399
20151112 120048 8399
20151112 120049 8398
20151112 120108 8402
20151112 120152 8400
20151112 120154 8391
20151112 120156 8400
20151112 120158 8400
20151112 120205 8398
20151112 120205 8398
20151112 120207 8398
20151112 120211 8400
20151112 120215 8401
20151112 120216 8401
20151112 120226 8401
20151112 120231 8400
20151112 120242 8402
20151112 120243 8402
20151112 120244 8401
20151112 120245 8401
20151112 120255 8392
20151112 120319 8400
20151112 120408 8399
20151112 120506 8400
20151112 120515 8402
20151112 120515 8402
20151112 120515 8402
20151112 120516 8403
20151112 120516 8403
20151112 120516 8403
20151112 120523 8403
20151112 120533 8404
20151112 120537 8405
20151112 120608 8402
20151112 120631 8403
20151112 120641 8404
20151112 120655 8405
20151112 120705 8405
20151112 120721 8403
20151112 120731 8404
20151112 120748 8402
20151112 120751 8402
20151112 120758 8401
20151112 120857 8405
20151112 120938 8404
20151112 121006 8403
20151112 121115 8407
20151112 121121 8408
20151112 121121 8408
20151112 121126 8407
20151112 121144 8409
20151112 121158 8409
20151112 121207 8408
20151112 121207 8408
20151112 121302 8408
20151112 121333 8409
20151112 121333 8409
20151112 121333 8409
20151112 121333 8409
20151112 121333 8409
20151112 121333 8409
20151112 121333 8409
20151112 121333 8409
20151112 121333 8409
20151112 121333 8410
20151112 121333 8410
20151112 121333 8410
20151112 121351 8409
20151112 121440 8413
20151112 121445 8415
20151112 121446 8415
20151112 121450 8416
20151112 121450 8416
20151112 121450 8417
20151112 121452 8417
20151112 121452 8417
20151112 121458 8414
20151112 121501 8414
20151112 121510 8414
20151112 121535 8414
20151112 121555 8409
20151112 121613 8411
20151112 121637 8409
20151112 121642 8411
20151112 121642 8411
20151112 121642 8411
20151112 121642 8411
20151112 121642 8411
20151112 121642 8411
20151112 121642 8411
20151112 121642 8411
20151112 121642 8411
20151112 121642 8411
20151112 121642 8411
20151112 121642 8412
20151112 121642 8412
20151112 121642 8412
20151112 121642 8412
20151112 121642 8412
20151112 121747 8411
20151112 121747 8411
20151112 121750 8410
20151112 121802 8408
20151112 121804 8408
20151112 121814 8406
20151112 121818 8405
20151112 121821 8405
20151112 121825 8404
20151112 121826 8405
20151112 121827 8404
20151112 121833 8404
20151112 121833 8404
20151112 121852 8406
20151112 121904 8407
20151112 121921 8408
20151112 121935 8410
20151112 121949 8410
20151112 122019 8410
20151112 122123 8410
20151112 122123 8410
20151112 122123 8410
20151112 122123 8410
20151112 122158 8411
20151112 122158 8411
20151112 122200 8411
20151112 122205 8413
20151112 122211 8412
20151112 122310 8412
20151112 122350 8411
20151112 122408 8412
20151112 122443 8414
20151112 122443 8414
20151112 122443 8414
20151112 122443 8414
20151112 122443 8414
20151112 122443 8414
20151112 122443 8415
20151112 122444 8415
20151112 122445 8416
20151112 122446 8416
20151112 122446 8416
20151112 122446 8416
20151112 122455 8418
20151112 122456 8418
20151112 122456 8418
20151112 122459 8419
20151112 122459 8419
20151112 122501 8419
20151112 122501 8420
20151112 122501 8420
20151112 122501 8420
20151112 122501 8420
20151112 122502 8418
20151112 122502 8420
20151112 122504 8420
20151112 122506 8420
20151112 122513 8421
20151112 122520 8419
20151112 122532 8417
20151112 122540 8416
20151112 122540 8416
20151112 122540 8416
20151112 122540 8416
20151112 122541 8416
20151112 122541 8416
20151112 122609 8416
20151112 122623 8414
20151112 122628 8415
20151112 122628 8415
20151112 122628 8415
20151112 122628 8415
20151112 122628 8415
20151112 122715 8415
20151112 122828 8414
20151112 122828 8414
20151112 122922 8414
20151112 122932 8411
20151112 122945 8412
20151112 122945 8412
20151112 123001 8410
20151112 123001 8410
20151112 123002 8409
20151112 123002 8409
20151112 123004 8408
20151112 123004 8408
20151112 123004 8408
20151112 123004 8408
20151112 123004 8409
20151112 123006 8408
20151112 123009 8408
20151112 123009 8408
20151112 123010 8408
20151112 123049 8408
20151112 123052 8408
20151112 123052 8408
20151112 123053 8406
20151112 123053 8406
20151112 123053 8407
20151112 123053 8407
20151112 123054 8406
20151112 123058 8408
20151112 123144 8408
20151112 123145 8409
20151112 123145 8409
20151112 123209 8410
20151112 123209 8410
20151112 123209 8410
20151112 123209 8410
20151112 123209 8410
20151112 123209 8410
20151112 123209 8410
20151112 123209 8410
20151112 123209 8410
20151112 123209 8410
20151112 123209 8410
20151112 123209 8410
20151112 123209 8410
20151112 123209 8410
20151112 123209 8410
20151112 123209 8410
20151112 123209 8410
20151112 123209 8410
20151112 123209 8411
20151112 123209 8411
20151112 123209 8411
20151112 123241 8413
20151112 123259 8413
20151112 123318 8414
20151112 123318 8414
20151112 123318 8414
20151112 123318 8414
20151112 123318 8414
20151112 123318 8414
20151112 123318 8414
20151112 123318 8414
20151112 123318 8414
20151112 123318 8415
20151112 123318 8415
20151112 123318 8415
20151112 123318 8415
20151112 123318 8415
20151112 123318 8415
20151112 123318 8415
20151112 123325 8412
20151112 123415 8413
20151112 123448 8413
20151112 123502 8413
20151112 123519 8404
20151112 123602 8413
20151112 123634 8415
20151112 123634 8416
20151112 123634 8416
20151112 123636 8416
20151112 123636 8416
20151112 123636 8416
20151112 123636 8416
20151112 123636 8416
20151112 123637 8417
20151112 123641 8418
20151112 123700 8418
20151112 123716 8418
20151112 123717 8418
20151112 123725 8418
20151112 123733 8417
20151112 123749 8415
20151112 123759 8415
20151112 123814 8414
20151112 124007 8418
20151112 124104 8416
20151112 124110 8417
20151112 124127 8415
20151112 124220 8413
20151112 124229 8414
20151112 124353 8414
20151112 124400 8417
20151112 124550 8411
20151112 124552 8411
20151112 124552 8411
20151112 124553 8411
20151112 124553 8411
20151112 124553 8411
20151112 124553 8411
20151112 124553 8411
20151112 124554 8411
20151112 124554 8411
20151112 124554 8411
20151112 124554 8411
20151112 124554 8411
20151112 124555 8411
20151112 124653 8411
20151112 124701 8409
20151112 124701 8410
20151112 124702 8409
20151112 124750 8414
20151112 124751 8414
20151112 124847 8411
20151112 124912 8414
20151112 124919 8413
20151112 124939 8412
20151112 124955 8412
20151112 125009 8411
20151112 125010 8411
20151112 125010 8411
20151112 125014 8410
20151112 125020 8410
20151112 125020 8410
20151112 125020 8410
20151112 125020 8410
20151112 125020 8410
20151112 125024 8409
20151112 125025 8409
20151112 125025 8409
20151112 125035 8408
20151112 125035 8408
20151112 125035 8408
20151112 125035 8408
20151112 125035 8408
20151112 125035 8408
20151112 125035 8409
20151112 125035 8409
20151112 125036 8406
20151112 125036 8407
20151112 125036 8407
20151112 125036 8408
20151112 125037 8406
20151112 125037 8406
20151112 125039 8406
20151112 125048 8405
20151112 125049 8404
20151112 125049 8404
20151112 125054 8403
20151112 125059 8403
20151112 125059 8403
20151112 125059 8403
20151112 125101 8403
20151112 125103 8404
20151112 125109 8406
20151112 125230 8406
20151112 125256 8407
20151112 125256 8407
20151112 125315 8406
20151112 125315 8406
20151112 125315 8406
20151112 125359 8405
20151112 125459 8403
20151112 125459 8403
20151112 125500 8403
20151112 125500 8403
20151112 125500 8403
20151112 125500 8403
20151112 125503 8402
20151112 125508 8402
20151112 125508 8402
20151112 125508 8402
20151112 125514 8403
20151112 125601 8405
20151112 125719 8408
20151112 125722 8409
20151112 125722 8409
20151112 125730 8410
20151112 125730 8410
20151112 125730 8410
20151112 125814 8408
20151112 125823 8410
20151112 125954 8409
20151112 130001 8400
20151112 130018 8408
20151112 130024 8407
20151112 130028 8406
20151112 130028 8406
20151112 130028 8406
20151112 130028 8406
20151112 130029 8405
20151112 130029 8406
20151112 130029 8406
20151112 130037 8405
20151112 130040 8406
20151112 130208 8406
20151112 130336 8409
20151112 130422 8411
20151112 130425 8410
20151112 130435 8412
20151112 130435 8412
20151112 130442 8414
20151112 130509 8413
20151112 130552 8415
20151112 130552 8415
20151112 130552 8416
20151112 130552 8416
20151112 130552 8416
20151112 130552 8416
20151112 130552 8416
20151112 130557 8417
20151112 130557 8417
20151112 130558 8417
20151112 130559 8417
20151112 130600 8418
20151112 130601 8418
20151112 130605 8419
20151112 130606 8419
20151112 130606 8419
20151112 130606 8419
20151112 130654 8419
20151112 130655 8419
20151112 130736 8418
20151112 130738 8418
20151112 130802 8420
20151112 130802 8420
20151112 130810 8419
20151112 130813 8419
20151112 130819 8419
20151112 130821 8418
20151112 130824 8418
20151112 130841 8419
20151112 130931 8419
20151112 130932 8418
20151112 130943 8420
20151112 130948 8420
20151112 130951 8420
20151112 130959 8420
20151112 131006 8419
20151112 131009 8420
20151112 131016 8421
20151112 131016 8421
20151112 131016 8421
20151112 131017 8422
20151112 131017 8422
20151112 131017 8422
20151112 131017 8422
20151112 131017 8423
20151112 131020 8422
20151112 131025 8423
20151112 131030 8423
20151112 131104 8424
20151112 131117 8425
20151112 131118 8425
20151112 131119 8425
20151112 131124 8426
20151112 131124 8426
20151112 131124 8426
20151112 131124 8426
20151112 131124 8426
20151112 131124 8426
20151112 131124 8426
20151112 131124 8426
20151112 131128 8424
20151112 131136 8429
20151112 131136 8429
20151112 131136 8429
20151112 131137 8429
20151112 131138 8428
20151112 131139 8430
20151112 131139 8430
20151112 131142 8429
20151112 131143 8428
20151112 131145 8429
20151112 131152 8430
20151112 131158 8429
20151112 131200 8429
20151112 131204 8429
20151112 131206 8428
20151112 131206 8429
20151112 131208 8428
20151112 131210 8425
20151112 131210 8425
20151112 131210 8427
20151112 131210 8427
20151112 131213 8427
20151112 131218 8426
20151112 131256 8425
20151112 131301 8423
20151112 131301 8423
20151112 131304 8422
20151112 131326 8424
20151112 131432 8421
20151112 131432 8421
20151112 131433 8420
20151112 131505 8422
20151112 131505 8422
20151112 131506 8422
20151112 131507 8422
20151112 131600 8425
20151112 131613 8426
20151112 131614 8426
20151112 131614 8426
20151112 131804 8428
20151112 131804 8428
20151112 131811 8428
20151112 131822 8429
20151112 131835 8429
20151112 131835 8429
20151112 131835 8429
20151112 131835 8429
20151112 131855 8428
20151112 131901 8429
20151112 131901 8429
20151112 131901 8429
20151112 131927 8420
20151112 131945 8429
20151112 131945 8429
20151112 131948 8427
20151112 131952 8423
20151112 131952 8423
20151112 131952 8423
20151112 131952 8423
20151112 131952 8423
20151112 131952 8423
20151112 131952 8423
20151112 131952 8423
20151112 132004 8423
20151112 132023 8424
20151112 132023 8424
20151112 132023 8424
20151112 132023 8425
20151112 132024 8425
20151112 132032 8424
20151112 132048 8424
20151112 132105 8422
20151112 132105 8422
20151112 132105 8422
20151112 132111 8423
20151112 132144 8421
20151112 132144 8421
20151112 132149 8420
20151112 132150 8419
20151112 132150 8420
20151112 132151 8419
20151112 132155 8419
20151112 132155 8420
20151112 132215 8422
20151112 132332 8424
20151112 132409 8426
20151112 132410 8426
20151112 132411 8426
20151112 132411 8426
20151112 132434 8425
20151112 132522 8427
20151112 132540 8417
20151112 132609 8425
20151112 132716 8423
20151112 132746 8424
20151112 132830 8424
20151112 132934 8429
20151112 132952 8429
20151112 133008 8429
20151112 133024 8426
20151112 133141 8429
20151112 133141 8429
20151112 133145 8430
20151112 133145 8430
20151112 133146 8431
20151112 133146 8431
20151112 133146 8431
20151112 133146 8431
20151112 133147 8431
20151112 133148 8431
20151112 133148 8431
20151112 133149 8431
20151112 133149 8431
20151112 133149 8431
20151112 133149 8431
20151112 133149 8431
20151112 133149 8431
20151112 133150 8431
20151112 133150 8431
20151112 133150 8431
20151112 133151 8431
20151112 133151 8431
20151112 133151 8431
20151112 133153 8432
20151112 133156 8431
20151112 133158 8431
20151112 133203 8433
20151112 133207 8433
20151112 133207 8433
20151112 133212 8433
20151112 133224 8431
20151112 133240 8428
20151112 133323 8430
20151112 133325 8429
20151112 133328 8430
20151112 133333 8430
20151112 133336 8431
20151112 133411 8433
20151112 133414 8434
20151112 133414 8434
20151112 133457 8434
20151112 133500 8435
20151112 133500 8435
20151112 133500 8435
20151112 133500 8435
20151112 133501 8435
20151112 133502 8435
20151112 133502 8435
20151112 133506 8436
20151112 133506 8436
20151112 133506 8436
20151112 133506 8436
20151112 133506 8436
20151112 133506 8436
20151112 133506 8436
20151112 133507 8436
20151112 133507 8436
20151112 133509 8435
20151112 133509 8436
20151112 133510 8436
20151112 133510 8436
20151112 133510 8436
20151112 133510 8436
20151112 133510 8436
20151112 133511 8435
20151112 133526 8437
20151112 133526 8437
20151112 133526 8437
20151112 133526 8437
20151112 133526 8438
20151112 133530 8438
20151112 133531 8439
20151112 133531 8439
20151112 133531 8439
20151112 133532 8439
20151112 133532 8439
20151112 133532 8439
20151112 133532 8439
20151112 133532 8439
20151112 133532 8439
20151112 133532 8439
20151112 133533 8439
20151112 133533 8439
20151112 133533 8439
20151112 133533 8439
20151112 133543 8440
20151112 133543 8440
20151112 133543 8440
20151112 133543 8441
20151112 133543 8441
20151112 133543 8441
20151112 133543 8441
20151112 133543 8441
20151112 133543 8441
20151112 133543 8441
20151112 133543 8441
20151112 133543 8441
20151112 133543 8441
20151112 133543 8441
20151112 133543 8441
20151112 133543 8441
20151112 133543 8441
20151112 133543 8441
20151112 133543 8441
20151112 133543 8441
20151112 133543 8441
20151112 133543 8441
20151112 133543 8441
20151112 133543 8441
20151112 133543 8441
20151112 133543 8441
20151112 133543 8441
20151112 133543 8441
20151112 133543 8441
20151112 133546 8442
20151112 133546 8443
20151112 133547 8443
20151112 133549 8444
20151112 133549 8444
20151112 133549 8444
20151112 133550 8442
20151112 133550 8444
20151112 133554 8444
20151112 133555 8445
20151112 133555 8445
20151112 133555 8445
20151112 133555 8445
20151112 133555 8445
20151112 133555 8445
20151112 133555 8445
20151112 133555 8445
20151112 133556 8446
20151112 133556 8446
20151112 133556 8446
20151112 133556 8446
20151112 133556 8446
20151112 133556 8446
20151112 133556 8446
20151112 133556 8446
20151112 133556 8447
20151112 133556 8447
20151112 133556 8447
20151112 133556 8447
20151112 133556 8448
20151112 133556 8449
20151112 133556 8449
20151112 133556 8449
20151112 133556 8449
20151112 133556 8449
20151112 133556 8449
20151112 133556 8449
20151112 133557 8449
20151112 133557 8449
20151112 133557 8449
20151112 133557 8449
20151112 133557 8449
20151112 133558 8447
20151112 133558 8447
20151112 133601 8447
20151112 133604 8449
20151112 133607 8450
20151112 133607 8450
20151112 133607 8450
20151112 133608 8451
20151112 133608 8451
20151112 133608 8451
20151112 133608 8451
20151112 133608 8451
20151112 133608 8451
20151112 133608 8451
20151112 133608 8451
20151112 133608 8451
20151112 133608 8451
20151112 133608 8451
20151112 133608 8451
20151112 133608 8451
20151112 133608 8451
20151112 133608 8451
20151112 133608 8451
20151112 133608 8451
20151112 133608 8451
20151112 133608 8451
20151112 133608 8451
20151112 133608 8451
20151112 133608 8451
20151112 133608 8451
20151112 133608 8451
20151112 133608 8451
20151112 133608 8451
20151112 133608 8451
20151112 133608 8451
20151112 133608 8451
20151112 133608 8451
20151112 133608 8451
20151112 133608 8451
20151112 133609 8452
20151112 133609 8452
20151112 133609 8452
20151112 133609 8452
20151112 133610 8453
20151112 133610 8453
20151112 133610 8453
20151112 133610 8453
20151112 133610 8453
20151112 133610 8453
20151112 133610 8453
20151112 133611 8454
20151112 133615 8419
20151112 133615 8419
20151112 133615 8454
20151112 133615 8454
20151112 133615 8454
20151112 133615 8454
20151112 133616 8454
20151112 133618 8454
20151112 133622 8453
20151112 133623 8454
20151112 133623 8455
20151112 133623 8455
20151112 133624 8453
20151112 133626 8454
20151112 133627 8444
20151112 133630 8453
20151112 133638 8456
20151112 133638 8456
20151112 133638 8457
20151112 133639 8457
20151112 133639 8457
20151112 133639 8457
20151112 133639 8457
20151112 133639 8457
20151112 133640 8457
20151112 133641 8457
20151112 133641 8457
20151112 133642 8457
20151112 133642 8457
20151112 133643 8457
20151112 133645 8458
20151112 133645 8458
20151112 133645 8458
20151112 133646 8459
20151112 133647 8459
20151112 133649 8457
20151112 133649 8459
20151112 133649 8459
20151112 133655 8457
20151112 133657 8457
20151112 133700 8459
20151112 133703 8457
20151112 133706 8457
20151112 133706 8457
20151112 133706 8457
20151112 133708 8457
20151112 133711 8457
20151112 133721 8457
20151112 133749 8446
20151112 133755 8455
20151112 133755 8455
20151112 133755 8455
20151112 133757 8455
20151112 133758 8455
20151112 133801 8454
20151112 133804 8454
20151112 133807 8454
20151112 133808 8454
20151112 133809 8454
20151112 133809 8454
20151112 133810 8453
20151112 133839 8453
20151112 133852 8454
20151112 133852 8454
20151112 133858 8453
20151112 133908 8453
20151112 133913 8442
20151112 133943 8456
20151112 133943 8456
20151112 133943 8456
20151112 134015 8452
20151112 134015 8452
20151112 134015 8452
20151112 134016 8451
20151112 134016 8451
20151112 134016 8451
20151112 134016 8451
20151112 134016 8452
20151112 134025 8450
20151112 134027 8449
20151112 134028 8449
20151112 134028 8449
20151112 134028 8449
20151112 134028 8449
20151112 134031 8449
20151112 134034 8448
20151112 134035 8448
20151112 134035 8448
20151112 134035 8448
20151112 134035 8448
20151112 134035 8448
20151112 134035 8448
20151112 134035 8448
20151112 134035 8448
20151112 134035 8449
20151112 134044 8451
20151112 134101 8445
20151112 134143 8457
20151112 134144 8457
20151112 134202 8446
20151112 134209 8455
20151112 134227 8458
20151112 134228 8458
20151112 134233 8459
20151112 134233 8459
20151112 134233 8459
20151112 134238 8458
20151112 134244 8459
20151112 134247 8460
20151112 134249 8460
20151112 134249 8460
20151112 134249 8460
20151112 134321 8448
20151112 134411 8450
20151112 134419 8460
20151112 134419 8460
20151112 134419 8460
20151112 134419 8460
20151112 134419 8460
20151112 134419 8460
20151112 134419 8460
20151112 134419 8460
20151112 134419 8460
20151112 134420 8460
20151112 134420 8460
20151112 134420 8460
20151112 134420 8460
20151112 134420 8460
20151112 134420 8460
20151112 134421 8460
20151112 134422 8460
20151112 134430 8460
20151112 134430 8460
20151112 134433 8460
20151112 134433 8460
20151112 134435 8460
20151112 134436 8460
20151112 134436 8460
20151112 134441 8452
20151112 134442 8460
20151112 134442 8460
20151112 134444 8460
20151112 134444 8460
20151112 134444 8460
20151112 134445 8460
20151112 134456 8459
20151112 134459 8461
