20151124 084506 8463
20151124 084517 8464
20151124 084522 8462
20151124 084525 8461
20151124 084526 8461
20151124 084526 8462
20151124 084526 8462
20151124 084533 8461
20151124 084536 8459
20151124 084538 8457
20151124 084539 8458
20151124 084551 8456
20151124 084555 8458
20151124 084600 8459
20151124 084600 8460
20151124 084609 8456
20151124 084609 8456
20151124 084612 8457
20151124 084613 8456
20151124 084614 8457
20151124 084635 8457
20151124 084636 8458
20151124 084706 8455
20151124 084708 8455
20151124 084708 8455
20151124 084708 8455
20151124 084709 8454
20151124 084709 8454
20151124 084709 8454
20151124 084711 8454
20151124 084736 8453
20151124 084736 8453
20151124 084743 8453
20151124 084754 8452
20151124 084754 8452
20151124 084756 8451
20151124 084756 8451
20151124 084757 8452
20151124 084800 8449
20151124 084800 8450
20151124 084800 8458
20151124 084800 8458
20151124 084800 8458
20151124 084800 8458
20151124 084801 8449
20151124 084803 8448
20151124 084811 8449
20151124 084813 8448
20151124 084813 8448
20151124 084813 8448
20151124 084825 8449
20151124 084830 8452
20151124 084830 8452
20151124 084830 8452
20151124 084835 8452
20151124 084839 8454
20151124 084843 8454
20151124 084848 8453
20151124 084850 8454
20151124 084855 8453
20151124 084903 8453
20151124 084907 8452
20151124 084907 8452
20151124 084907 8453
20151124 084912 8452
20151124 084915 8453
20151124 084918 8453
20151124 084918 8453
20151124 084928 8453
20151124 084928 8453
20151124 084930 8454
20151124 084931 8453
20151124 084931 8453
20151124 084936 8453
20151124 084942 8453
20151124 084943 8453
20151124 084952 8453
20151124 085019 8450
20151124 085022 8450
20151124 085025 8450
20151124 085025 8450
20151124 085025 8450
20151124 085025 8451
20151124 085025 8451
20151124 085053 8448
20151124 085053 8448
20151124 085053 8448
20151124 085100 8446
20151124 085121 8450
20151124 085122 8458
20151124 085143 8451
20151124 085143 8451
20151124 085143 8451
20151124 085143 8451
20151124 085231 8455
20151124 085531 8456
20151124 085531 8456
20151124 085535 8455
20151124 085535 8455
20151124 085551 8452
20151124 085600 8450
20151124 085600 8450
20151124 085601 8448
20151124 085603 8464
20151124 085628 8464
20151124 085835 8451
20151124 085913 8453
20151124 085913 8453
20151124 085913 8453
20151124 085932 8453
20151124 090024 8448
20151124 090030 8451
20151124 090059 8448
20151124 090059 8448
20151124 090059 8448
20151124 090059 8448
20151124 090059 8449
20151124 090100 8447
20151124 090101 8447
20151124 090101 8447
20151124 090101 8447
20151124 090101 8447
20151124 090101 8447
20151124 090103 8444
20151124 090103 8445
20151124 090103 8445
20151124 090103 8445
20151124 090103 8445
20151124 090103 8445
20151124 090103 8446
20151124 090103 8446
20151124 090104 8442
20151124 090104 8442
20151124 090104 8442
20151124 090104 8442
20151124 090104 8442
20151124 090104 8443
20151124 090104 8443
20151124 090104 8443
20151124 090104 8443
20151124 090104 8443
20151124 090104 8444
20151124 090104 8457
20151124 090105 8441
20151124 090120 8441
20151124 090120 8441
20151124 090124 8440
20151124 090124 8440
20151124 090141 8441
20151124 090141 8441
20151124 090142 8439
20151124 090142 8439
20151124 090142 8439
20151124 090142 8440
20151124 090142 8440
20151124 090142 8440
20151124 090142 8440
20151124 090142 8440
20151124 090158 8439
20151124 090159 8439
20151124 090201 8440
20151124 090203 8437
20151124 090203 8438
20151124 090203 8438
20151124 090203 8450
20151124 090203 8450
20151124 090204 8437
20151124 090215 8444
20151124 090234 8439
20151124 090234 8439
20151124 090242 8441
20151124 090306 8452
20151124 090312 8440
20151124 090312 8440
20151124 090312 8440
20151124 090312 8440
20151124 090315 8441
20151124 090325 8441
20151124 090334 8441
20151124 090351 8442
20151124 090351 8442
20151124 090358 8441
20151124 090407 8439
20151124 090419 8441
20151124 090420 8448
20151124 090437 8441
20151124 090457 8444
20151124 090459 8443
20151124 090518 8441
20151124 090518 8441
20151124 090521 8441
20151124 090528 8441
20151124 090528 8441
20151124 090538 8444
20151124 090552 8445
20151124 090616 8444
20151124 090709 8452
20151124 090709 8460
20151124 090709 8460
20151124 090712 8450
20151124 090713 8450
20151124 090723 8451
20151124 090730 8450
20151124 090731 8450
20151124 090736 8449
20151124 090752 8450
20151124 090805 8448
20151124 090811 8444
20151124 090811 8444
20151124 090811 8444
20151124 090814 8441
20151124 090814 8442
20151124 090814 8442
20151124 090814 8442
20151124 090833 8445
20151124 090838 8446
20151124 090907 8452
20151124 090907 8452
20151124 090907 8452
20151124 090908 8453
20151124 090908 8453
20151124 090912 8457
20151124 090912 8459
20151124 090913 8460
20151124 090913 8460
20151124 090913 8461
20151124 090913 8462
20151124 090913 8462
20151124 090913 8462
20151124 090913 8463
20151124 090914 8464
20151124 090923 8457
20151124 090939 8464
20151124 090939 8464
20151124 090939 8464
20151124 090939 8464
20151124 090939 8465
20151124 090939 8465
20151124 090939 8465
20151124 090939 8465
20151124 090939 8466
20151124 090939 8466
20151124 090939 8467
20151124 090939 8467
20151124 090939 8467
20151124 090942 8464
20151124 090947 8468
20151124 090947 8468
20151124 090947 8468
20151124 090947 8468
20151124 090949 8466
20151124 090951 8469
20151124 090952 8469
20151124 090952 8470
20151124 090958 8466
20151124 091002 8470
20151124 091003 8471
20151124 091003 8471
20151124 091004 8469
20151124 091004 8470
20151124 091016 8470
20151124 091027 8466
20151124 091030 8466
20151124 091030 8466
20151124 091030 8479
20151124 091101 8462
20151124 091111 8464
20151124 091112 8465
20151124 091112 8465
20151124 091112 8466
20151124 091118 8468
20151124 091118 8468
20151124 091118 8468
20151124 091119 8469
20151124 091119 8469
20151124 091119 8469
20151124 091119 8469
20151124 091119 8469
20151124 091119 8469
20151124 091119 8469
20151124 091120 8470
20151124 091122 8470
20151124 091158 8467
20151124 091200 8468
20151124 091201 8469
20151124 091201 8469
20151124 091201 8469
20151124 091206 8468
20151124 091208 8470
20151124 091208 8471
20151124 091235 8463
20151124 091303 8461
20151124 091304 8471
20151124 091304 8471
20151124 091325 8459
20151124 091328 8459
20151124 091453 8456
20151124 091456 8454
20151124 091456 8454
20151124 091456 8455
20151124 091501 8460
20151124 091501 8460
20151124 091502 8448
20151124 091503 8447
20151124 091503 8460
20151124 091504 8446
20151124 091504 8446
20151124 091505 8445
20151124 091506 8444
20151124 091506 8444
20151124 091506 8444
20151124 091506 8444
20151124 091507 8442
20151124 091510 8446
20151124 091511 8445
20151124 091511 8445
20151124 091511 8446
20151124 091511 8446
20151124 091512 8446
20151124 091513 8446
20151124 091513 8446
20151124 091515 8442
20151124 091516 8434
20151124 091516 8434
20151124 091516 8434
20151124 091516 8434
20151124 091516 8434
20151124 091516 8434
20151124 091516 8434
20151124 091516 8434
20151124 091516 8434
20151124 091516 8434
20151124 091516 8434
20151124 091516 8434
20151124 091516 8434
20151124 091516 8434
20151124 091516 8435
20151124 091516 8435
20151124 091516 8435
20151124 091516 8435
20151124 091516 8435
20151124 091516 8435
20151124 091516 8435
20151124 091516 8435
20151124 091516 8435
20151124 091516 8436
20151124 091516 8436
20151124 091516 8436
20151124 091516 8437
20151124 091516 8437
20151124 091516 8437
20151124 091516 8438
20151124 091516 8438
20151124 091516 8438
20151124 091516 8438
20151124 091516 8438
20151124 091516 8438
20151124 091516 8438
20151124 091516 8439
20151124 091516 8450
20151124 091517 8432
20151124 091517 8432
20151124 091517 8432
20151124 091517 8433
20151124 091518 8432
20151124 091518 8432
20151124 091518 8435
20151124 091554 8437
20151124 091559 8437
20151124 091614 8440
20151124 091614 8440
20151124 091624 8441
20151124 091631 8434
20151124 091631 8435
20151124 091631 8435
20151124 091631 8435
20151124 091631 8435
20151124 091631 8435
20151124 091631 8436
20151124 091631 8436
20151124 091631 8436
20151124 091631 8436
20151124 091631 8436
20151124 091631 8436
20151124 091631 8436
20151124 091631 8436
20151124 091631 8436
20151124 091631 8436
20151124 091631 8437
20151124 091631 8450
20151124 091632 8434
20151124 091632 8447
20151124 091635 8433
20151124 091641 8448
20151124 091641 8448
20151124 091642 8448
20151124 091704 8433
20151124 091704 8434
20151124 091704 8434
20151124 091705 8432
20151124 091706 8432
20151124 091706 8433
20151124 091707 8431
20151124 091707 8431
20151124 091707 8432
20151124 091708 8425
20151124 091728 8432
20151124 091728 8445
20151124 091728 8445
20151124 091731 8445
20151124 091731 8445
20151124 091732 8445
20151124 091733 8432
20151124 091733 8432
20151124 091733 8432
20151124 091734 8431
20151124 091734 8431
20151124 091734 8431
20151124 091737 8431
20151124 091749 8434
20151124 091749 8434
20151124 091756 8435
20151124 091802 8433
20151124 091807 8433
20151124 091828 8438
20151124 091830 8438
20151124 091830 8438
20151124 091832 8437
20151124 091846 8437
20151124 091846 8437
20151124 091846 8437
20151124 091846 8437
20151124 091846 8437
20151124 091846 8437
20151124 091846 8437
20151124 091846 8437
20151124 091846 8437
20151124 091850 8436
20151124 091853 8437
20151124 091854 8433
20151124 091854 8433
20151124 091854 8433
20151124 091854 8433
20151124 091854 8434
20151124 091854 8434
20151124 091854 8434
20151124 091854 8434
20151124 091854 8434
20151124 091854 8434
20151124 091854 8435
20151124 091913 8436
20151124 091939 8434
20151124 091939 8435
20151124 091939 8436
20151124 091939 8436
20151124 091939 8436
20151124 091939 8436
20151124 091940 8433
20151124 091940 8434
20151124 091940 8434
20151124 091941 8432
20151124 091950 8431
20151124 091951 8430
20151124 091951 8430
20151124 091951 8430
20151124 091951 8430
20151124 091951 8430
20151124 091951 8430
20151124 091951 8430
20151124 091951 8430
20151124 091951 8430
20151124 091951 8430
20151124 091951 8430
20151124 091951 8430
20151124 091951 8430
20151124 091951 8430
20151124 091951 8430
20151124 091951 8430
20151124 091951 8445
20151124 092000 8435
20151124 092001 8434
20151124 092004 8435
20151124 092026 8438
20151124 092032 8436
20151124 092049 8437
20151124 092123 8442
20151124 092129 8441
20151124 092213 8439
20151124 092228 8440
20151124 092254 8452
20151124 092302 8439
20151124 092310 8436
20151124 092310 8436
20151124 092310 8436
20151124 092311 8435
20151124 092313 8435
20151124 092313 8435
20151124 092313 8435
20151124 092313 8435
20151124 092313 8435
20151124 092313 8435
20151124 092314 8435
20151124 092314 8435
20151124 092315 8435
20151124 092315 8435
20151124 092315 8435
20151124 092315 8435
20151124 092315 8435
20151124 092318 8438
20151124 092328 8437
20151124 092348 8433
20151124 092348 8433
20151124 092400 8431
20151124 092400 8431
20151124 092400 8433
20151124 092401 8426
20151124 092401 8426
20151124 092401 8428
20151124 092401 8428
20151124 092401 8428
20151124 092401 8428
20151124 092401 8430
20151124 092401 8430
20151124 092401 8430
20151124 092401 8430
20151124 092401 8430
20151124 092401 8430
20151124 092401 8430
20151124 092401 8430
20151124 092401 8430
20151124 092401 8431
20151124 092401 8431
20151124 092401 8431
20151124 092401 8431
20151124 092401 8431
20151124 092401 8431
20151124 092401 8431
20151124 092401 8441
20151124 092401 8443
20151124 092401 8444
20151124 092421 8441
20151124 092434 8433
20151124 092454 8433
20151124 092504 8430
20151124 092504 8431
20151124 092505 8428
20151124 092505 8428
20151124 092505 8428
20151124 092505 8428
20151124 092505 8428
20151124 092505 8428
20151124 092505 8428
20151124 092505 8428
20151124 092505 8428
20151124 092505 8428
20151124 092505 8428
20151124 092505 8428
20151124 092505 8428
20151124 092505 8428
20151124 092505 8428
20151124 092505 8441
20151124 092505 8441
20151124 092506 8430
20151124 092514 8426
20151124 092517 8425
20151124 092518 8424
20151124 092528 8426
20151124 092539 8425
20151124 092540 8425
20151124 092540 8425
20151124 092540 8425
20151124 092611 8430
20151124 092614 8430
20151124 092631 8425
20151124 092634 8430
20151124 092646 8430
20151124 092647 8430
20151124 092658 8430
20151124 092750 8430
20151124 092803 8426
20151124 092804 8426
20151124 092806 8426
20151124 092811 8424
20151124 092811 8424
20151124 092811 8424
20151124 092811 8424
20151124 092811 8424
20151124 092811 8425
20151124 092811 8425
20151124 092811 8425
20151124 092811 8425
20151124 092811 8425
20151124 092811 8425
20151124 092811 8425
20151124 092811 8425
20151124 092811 8425
20151124 092811 8425
20151124 092811 8425
20151124 092812 8423
20151124 092812 8423
20151124 092812 8423
20151124 092812 8423
20151124 092812 8423
20151124 092812 8423
20151124 092855 8427
20151124 092858 8427
20151124 092910 8424
20151124 092912 8423
20151124 092919 8423
20151124 092929 8426
20151124 092932 8427
20151124 092944 8426
20151124 093001 8426
20151124 093002 8424
20151124 093002 8424
20151124 093002 8424
20151124 093003 8422
20151124 093003 8422
20151124 093003 8423
20151124 093003 8423
20151124 093003 8423
20151124 093003 8423
20151124 093003 8423
20151124 093003 8423
20151124 093003 8423
20151124 093003 8423
20151124 093003 8423
20151124 093003 8423
20151124 093003 8423
20151124 093003 8423
20151124 093003 8423
20151124 093003 8423
20151124 093003 8423
20151124 093003 8423
20151124 093003 8423
20151124 093003 8423
20151124 093003 8423
20151124 093003 8423
20151124 093003 8423
20151124 093003 8423
20151124 093003 8423
20151124 093003 8424
20151124 093004 8420
20151124 093004 8420
20151124 093004 8420
20151124 093004 8421
20151124 093004 8421
20151124 093004 8421
20151124 093004 8421
20151124 093004 8421
20151124 093004 8421
20151124 093004 8422
20151124 093004 8422
20151124 093004 8422
20151124 093004 8422
20151124 093004 8422
20151124 093004 8422
20151124 093004 8422
20151124 093004 8422
20151124 093004 8422
20151124 093042 8421
20151124 093046 8425
20151124 093059 8428
20151124 093151 8431
20151124 093155 8432
20151124 093208 8432
20151124 093223 8435
20151124 093225 8435
20151124 093230 8436
20151124 093230 8436
20151124 093230 8436
20151124 093231 8436
20151124 093231 8436
20151124 093234 8436
20151124 093234 8436
20151124 093258 8444
20151124 093338 8434
20151124 093423 8434
20151124 093502 8429
20151124 093502 8429
20151124 093535 8436
20151124 093535 8436
20151124 093535 8436
20151124 093617 8433
20151124 093716 8444
20151124 093750 8438
20151124 093752 8439
20151124 093757 8441
20151124 093757 8441
20151124 093800 8441
20151124 093913 8440
20151124 093914 8440
20151124 093920 8440
20151124 093930 8441
20151124 093941 8438
20151124 094038 8438
20151124 094128 8439
20151124 094129 8438
20151124 094138 8438
20151124 094224 8435
20151124 094307 8439
20151124 094424 8439
20151124 094452 8439
20151124 094507 8439
20151124 094650 8438
20151124 094738 8440
20151124 094738 8441
20151124 094738 8441
20151124 094738 8441
20151124 094739 8442
20151124 094739 8442
20151124 094739 8442
20151124 094739 8443
20151124 094739 8443
20151124 094805 8436
20151124 094805 8436
20151124 094829 8434
20151124 094829 8434
20151124 094830 8432
20151124 094830 8432
20151124 094830 8432
20151124 094832 8431
20151124 094836 8431
20151124 094952 8433
20151124 094959 8428
20151124 094959 8428
20151124 094959 8428
20151124 094959 8428
20151124 094959 8428
20151124 094959 8429
20151124 094959 8429
20151124 094959 8429
20151124 094959 8429
20151124 095000 8427
20151124 095000 8428
20151124 095000 8428
20151124 095000 8428
20151124 095004 8429
20151124 095004 8429
20151124 095039 8433
20151124 095106 8432
20151124 095119 8433
20151124 095134 8438
20151124 095400 8436
20151124 095458 8433
20151124 095523 8440
20151124 095610 8433
20151124 095637 8431
20151124 095638 8431
20151124 095649 8443
20151124 095649 8443
20151124 095828 8444
20151124 095857 8432
20151124 095953 8432
20151124 100054 8435
20151124 100054 8440
20151124 100055 8441
20151124 100056 8442
20151124 100106 8443
20151124 100106 8445
20151124 100106 8445
20151124 100106 8446
20151124 100106 8451
20151124 100107 8446
20151124 100107 8446
20151124 100107 8446
20151124 100108 8447
20151124 100109 8447
20151124 100118 8449
20151124 100118 8451
20151124 100118 8451
20151124 100118 8451
20151124 100118 8451
20151124 100118 8451
20151124 100118 8451
20151124 100118 8451
20151124 100118 8451
20151124 100118 8451
20151124 100118 8453
20151124 100118 8460
20151124 100119 8454
20151124 100119 8455
20151124 100119 8455
20151124 100119 8456
20151124 100119 8456
20151124 100119 8456
20151124 100120 8457
20151124 100120 8458
20151124 100120 8458
20151124 100120 8459
20151124 100120 8460
20151124 100120 8460
20151124 100120 8461
20151124 100120 8461
20151124 100120 8461
20151124 100120 8462
20151124 100120 8462
20151124 100120 8462
20151124 100120 8463
20151124 100120 8463
20151124 100125 8461
20151124 100131 8460
20151124 100136 8458
20151124 100138 8459
20151124 100142 8459
20151124 100142 8460
20151124 100143 8460
20151124 100143 8460
20151124 100143 8461
20151124 100144 8462
20151124 100144 8462
20151124 100144 8463
20151124 100144 8463
20151124 100144 8465
20151124 100144 8466
20151124 100144 8466
20151124 100144 8466
20151124 100144 8466
20151124 100144 8466
20151124 100144 8466
20151124 100144 8467
20151124 100144 8467
20151124 100144 8468
20151124 100144 8468
20151124 100144 8468
20151124 100144 8468
20151124 100144 8469
20151124 100144 8470
20151124 100144 8470
20151124 100144 8470
20151124 100144 8470
20151124 100144 8470
20151124 100144 8470
20151124 100144 8470
20151124 100144 8470
20151124 100144 8470
20151124 100144 8470
20151124 100144 8471
20151124 100144 8471
20151124 100144 8472
20151124 100144 8473
20151124 100144 8474
20151124 100144 8475
20151124 100144 8479
20151124 100145 8472
20151124 100145 8472
20151124 100145 8473
20151124 100145 8473
20151124 100145 8473
20151124 100145 8474
20151124 100145 8474
20151124 100145 8474
20151124 100145 8474
20151124 100145 8474
20151124 100145 8474
20151124 100145 8474
20151124 100145 8475
20151124 100145 8475
20151124 100145 8475
20151124 100145 8475
20151124 100145 8476
20151124 100145 8476
20151124 100145 8476
20151124 100145 8478
20151124 100145 8478
20151124 100145 8478
20151124 100145 8478
20151124 100145 8478
20151124 100146 8477
20151124 100146 8480
20151124 100146 8481
20151124 100146 8481
20151124 100147 8480
20151124 100147 8481
20151124 100147 8481
20151124 100147 8482
20151124 100147 8482
20151124 100147 8482
20151124 100147 8482
20151124 100147 8482
20151124 100149 8479
20151124 100149 8483
20151124 100149 8483
20151124 100149 8483
20151124 100149 8483
20151124 100149 8483
20151124 100149 8483
20151124 100149 8483
20151124 100149 8483
20151124 100149 8483
20151124 100149 8483
20151124 100149 8483
20151124 100149 8484
20151124 100149 8484
20151124 100149 8484
20151124 100149 8484
20151124 100149 8485
20151124 100149 8485
20151124 100149 8485
20151124 100149 8486
20151124 100149 8486
20151124 100150 8482
20151124 100150 8482
20151124 100155 8480
20151124 100155 8481
20151124 100157 8483
20151124 100158 8483
20151124 100158 8483
20151124 100158 8484
20151124 100158 8484
20151124 100158 8484
20151124 100158 8485
20151124 100158 8485
20151124 100158 8485
20151124 100158 8485
20151124 100158 8486
20151124 100158 8486
20151124 100158 8486
20151124 100158 8486
20151124 100158 8486
20151124 100158 8486
20151124 100158 8487
20151124 100158 8487
20151124 100158 8487
20151124 100159 8487
20151124 100159 8488
20151124 100159 8490
20151124 100159 8490
20151124 100159 8491
20151124 100159 8491
20151124 100159 8492
20151124 100159 8493
20151124 100159 8493
20151124 100159 8493
20151124 100159 8493
20151124 100200 8488
20151124 100200 8492
20151124 100203 8485
20151124 100204 8488
20151124 100204 8489
20151124 100208 8485
20151124 100208 8485
20151124 100208 8485
20151124 100208 8487
20151124 100217 8486
20151124 100218 8485
20151124 100218 8487
20151124 100233 8480
20151124 100235 8478
20151124 100238 8481
20151124 100239 8481
20151124 100242 8483
20151124 100246 8483
20151124 100248 8481
20151124 100250 8482
20151124 100257 8484
20151124 100301 8485
20151124 100301 8485
20151124 100301 8485
20151124 100301 8485
20151124 100301 8485
20151124 100301 8485
20151124 100301 8485
20151124 100301 8485
20151124 100301 8485
20151124 100301 8486
20151124 100303 8484
20151124 100303 8486
20151124 100303 8486
20151124 100303 8486
20151124 100303 8486
20151124 100303 8486
20151124 100303 8486
20151124 100303 8486
20151124 100303 8486
20151124 100303 8486
20151124 100303 8486
20151124 100304 8487
20151124 100306 8488
20151124 100306 8488
20151124 100307 8489
20151124 100307 8489
20151124 100307 8489
20151124 100307 8489
20151124 100311 8486
20151124 100314 8489
20151124 100315 8490
20151124 100315 8490
20151124 100315 8490
20151124 100315 8490
20151124 100315 8490
20151124 100315 8490
20151124 100315 8490
20151124 100315 8490
20151124 100315 8490
20151124 100315 8490
20151124 100315 8490
20151124 100315 8491
20151124 100315 8491
20151124 100315 8491
20151124 100317 8488
20151124 100321 8492
20151124 100321 8492
20151124 100321 8492
20151124 100321 8492
20151124 100321 8492
20151124 100321 8492
20151124 100321 8492
20151124 100321 8492
20151124 100322 8490
20151124 100324 8489
20151124 100329 8489
20151124 100329 8489
20151124 100336 8486
20151124 100336 8486
20151124 100348 8487
20151124 100357 8487
20151124 100401 8487
20151124 100402 8488
20151124 100404 8489
20151124 100405 8489
20151124 100407 8488
20151124 100408 8487
20151124 100417 8488
20151124 100418 8489
20151124 100429 8486
20151124 100436 8489
20151124 100437 8488
20151124 100441 8487
20151124 100445 8486
20151124 100449 8488
20151124 100451 8489
20151124 100451 8489
20151124 100451 8490
20151124 100451 8491
20151124 100451 8491
20151124 100451 8491
20151124 100451 8491
20151124 100451 8491
20151124 100451 8491
20151124 100451 8491
20151124 100452 8492
20151124 100452 8492
20151124 100452 8492
20151124 100452 8492
20151124 100452 8492
20151124 100452 8492
20151124 100452 8492
20151124 100452 8492
20151124 100452 8492
20151124 100452 8492
20151124 100452 8492
20151124 100452 8492
20151124 100452 8492
20151124 100452 8493
20151124 100452 8493
20151124 100452 8493
20151124 100452 8493
20151124 100452 8493
20151124 100452 8493
20151124 100452 8493
20151124 100452 8493
20151124 100501 8489
20151124 100517 8490
20151124 100522 8478
20151124 100536 8484
20151124 100537 8483
20151124 100540 8483
20151124 100540 8483
20151124 100548 8482
20151124 100550 8481
20151124 100551 8481
20151124 100555 8479
20151124 100600 8483
20151124 100600 8483
20151124 100604 8486
20151124 100604 8486
20151124 100604 8487
20151124 100604 8487
20151124 100604 8487
20151124 100604 8487
20151124 100604 8490
20151124 100652 8488
20151124 100655 8479
20151124 100701 8481
20151124 100701 8481
20151124 100703 8482
20151124 100704 8481
20151124 100709 8481
20151124 100716 8480
20151124 100716 8480
20151124 100720 8481
20151124 100734 8479
20151124 100803 8477
20151124 100810 8479
20151124 100810 8479
20151124 100828 8479
20151124 100830 8480
20151124 100830 8480
20151124 100839 8480
20151124 100840 8480
20151124 100840 8480
20151124 100849 8479
20151124 100901 8478
20151124 100917 8482
20151124 100918 8483
20151124 100928 8480
20151124 100929 8481
20151124 100948 8480
20151124 101009 8482
20151124 101102 8481
20151124 101102 8481
20151124 101102 8481
20151124 101102 8482
20151124 101102 8482
20151124 101102 8483
20151124 101109 8480
20151124 101112 8482
20151124 101120 8483
20151124 101121 8484
20151124 101121 8484
20151124 101121 8484
20151124 101121 8484
20151124 101147 8483
20151124 101237 8484
20151124 101237 8484
20151124 101237 8484
20151124 101237 8485
20151124 101252 8481
20151124 101329 8472
20151124 101339 8471
20151124 101339 8471
20151124 101401 8471
20151124 101405 8467
20151124 101405 8467
20151124 101405 8468
20151124 101405 8468
20151124 101405 8468
20151124 101405 8468
20151124 101406 8464
20151124 101406 8464
20151124 101413 8465
20151124 101416 8464
20151124 101417 8463
20151124 101418 8463
20151124 101418 8463
20151124 101419 8459
20151124 101439 8467
20151124 101444 8467
20151124 101459 8467
20151124 101503 8465
20151124 101508 8464
20151124 101509 8464
20151124 101510 8464
20151124 101510 8464
20151124 101511 8464
20151124 101511 8464
20151124 101532 8465
20151124 101532 8465
20151124 101558 8469
20151124 101558 8469
20151124 101602 8469
20151124 101654 8468
20151124 101707 8470
20151124 101708 8471
20151124 101724 8478
20151124 101815 8464
20151124 101815 8465
20151124 101842 8466
20151124 101956 8468
20151124 101959 8474
20151124 102015 8463
20151124 102157 8459
20151124 102157 8460
20151124 102157 8460
20151124 102200 8459
20151124 102201 8456
20151124 102201 8456
20151124 102201 8456
20151124 102201 8457
20151124 102202 8453
20151124 102202 8454
20151124 102202 8454
20151124 102202 8454
20151124 102202 8454
20151124 102212 8459
20151124 102220 8459
20151124 102230 8460
20151124 102303 8458
20151124 102307 8457
20151124 102319 8460
20151124 102333 8461
20151124 102403 8458
20151124 102403 8461
20151124 102406 8456
20151124 102406 8456
20151124 102410 8456
20151124 102415 8457
20151124 102420 8456
20151124 102441 8458
20151124 102543 8459
20151124 102551 8459
20151124 102554 8460
20151124 102636 8464
20151124 102647 8461
20151124 102647 8461
20151124 102803 8462
20151124 102810 8461
20151124 102823 8461
20151124 102826 8460
20151124 102901 8464
20151124 103000 8464
20151124 103002 8464
20151124 103007 8465
20151124 103012 8466
20151124 103012 8466
20151124 103057 8466
20151124 103058 8467
20151124 103100 8468
20151124 103103 8469
20151124 103107 8469
20151124 103123 8469
20151124 103135 8471
20151124 103137 8471
20151124 103137 8471
20151124 103137 8471
20151124 103137 8472
20151124 103138 8472
20151124 103143 8472
20151124 103143 8472
20151124 103146 8473
20151124 103152 8474
20151124 103157 8479
20151124 103157 8479
20151124 103157 8479
20151124 103159 8479
20151124 103215 8469
20151124 103233 8468
20151124 103235 8477
20151124 103258 8470
20151124 103300 8471
20151124 103304 8472
20151124 103314 8468
20151124 103340 8467
20151124 103351 8467
20151124 103404 8470
20151124 103408 8471
20151124 103604 8468
20151124 103728 8470
20151124 103729 8471
20151124 103729 8471
20151124 103729 8472
20151124 103731 8473
20151124 103731 8473
20151124 103731 8473
20151124 103829 8466
20151124 103829 8466
20151124 103829 8466
20151124 103829 8466
20151124 103829 8466
20151124 103831 8465
20151124 103938 8463
20151124 104000 8461
20151124 104003 8461
20151124 104003 8461
20151124 104004 8461
20151124 104006 8460
20151124 104007 8460
20151124 104010 8459
20151124 104039 8460
20151124 104102 8460
20151124 104109 8461
20151124 104124 8458
20151124 104125 8458
20151124 104127 8457
20151124 104127 8457
20151124 104127 8458
20151124 104127 8458
20151124 104129 8461
20151124 104132 8456
20151124 104132 8456
20151124 104135 8455
20151124 104135 8456
20151124 104138 8457
20151124 104145 8455
20151124 104153 8455
20151124 104155 8454
20151124 104155 8454
20151124 104155 8454
20151124 104156 8452
20151124 104156 8453
20151124 104156 8453
20151124 104156 8453
20151124 104156 8453
20151124 104156 8453
20151124 104156 8453
20151124 104156 8453
20151124 104159 8453
20151124 104159 8453
20151124 104159 8453
20151124 104204 8451
20151124 104208 8452
20151124 104209 8449
20151124 104209 8450
20151124 104210 8448
20151124 104210 8448
20151124 104210 8448
20151124 104210 8449
20151124 104215 8449
20151124 104240 8450
20151124 104334 8451
20151124 104336 8452
20151124 104502 8447
20151124 104502 8447
20151124 104502 8447
20151124 104502 8447
20151124 104502 8447
20151124 104502 8447
20151124 104502 8447
20151124 104502 8447
20151124 104502 8447
20151124 104502 8448
20151124 104502 8448
20151124 104502 8448
20151124 104502 8448
20151124 104509 8446
20151124 104542 8449
20151124 104709 8446
20151124 104709 8446
20151124 104709 8446
20151124 104709 8446
20151124 104709 8446
20151124 104709 8447
20151124 104709 8447
20151124 104709 8447
20151124 104709 8447
20151124 104709 8447
20151124 104709 8447
20151124 104710 8446
20151124 104710 8446
20151124 104710 8446
20151124 104710 8446
20151124 104715 8446
20151124 104715 8446
20151124 104715 8446
20151124 104828 8447
20151124 104838 8446
20151124 104843 8444
20151124 104843 8444
20151124 104843 8444
20151124 104845 8443
20151124 104845 8443
20151124 104845 8443
20151124 104845 8443
20151124 104845 8443
20151124 104846 8442
20151124 104851 8454
20151124 104913 8441
20151124 104913 8441
20151124 104913 8441
20151124 104913 8441
20151124 104913 8441
20151124 104913 8441
20151124 104913 8441
20151124 104913 8441
20151124 104917 8443
20151124 104917 8443
20151124 104917 8443
20151124 104921 8441
20151124 104948 8439
20151124 104948 8439
20151124 104948 8439
20151124 104948 8439
20151124 104948 8439
20151124 104948 8439
20151124 104948 8440
20151124 104948 8440
20151124 104948 8440
20151124 105021 8440
20151124 105051 8442
20151124 105112 8440
20151124 105114 8440
20151124 105116 8440
20151124 105122 8439
20151124 105122 8439
20151124 105122 8439
20151124 105122 8439
20151124 105149 8440
20151124 105152 8440
20151124 105202 8439
20151124 105202 8439
20151124 105203 8440
20151124 105206 8439
20151124 105207 8438
20151124 105207 8438
20151124 105207 8438
20151124 105208 8438
20151124 105208 8438
20151124 105208 8438
20151124 105208 8438
20151124 105209 8438
20151124 105209 8438
20151124 105216 8438
20151124 105221 8433
20151124 105221 8433
20151124 105221 8433
20151124 105221 8434
20151124 105221 8434
20151124 105221 8435
20151124 105221 8436
20151124 105221 8436
20151124 105221 8436
20151124 105221 8436
20151124 105223 8435
20151124 105230 8433
20151124 105246 8437
20151124 105246 8438
20151124 105252 8434
20151124 105257 8432
20151124 105257 8432
20151124 105257 8432
20151124 105258 8432
20151124 105259 8431
20151124 105259 8431
20151124 105259 8431
20151124 105300 8431
20151124 105300 8431
20151124 105300 8431
20151124 105300 8431
20151124 105300 8431
20151124 105300 8431
20151124 105300 8431
20151124 105300 8431
20151124 105300 8432
20151124 105302 8430
20151124 105309 8434
20151124 105347 8435
20151124 105400 8435
20151124 105416 8438
20151124 105418 8439
20151124 105435 8438
20151124 105439 8439
20151124 105504 8436
20151124 105512 8437
20151124 105513 8437
20151124 105519 8438
20151124 105520 8438
20151124 105522 8438
20151124 105525 8438
20151124 105551 8439
20151124 105611 8441
20151124 105615 8441
20151124 105626 8437
20151124 105626 8437
20151124 105627 8437
20151124 105710 8438
20151124 105714 8437
20151124 105717 8437
20151124 105755 8440
20151124 105815 8442
20151124 105816 8442
20151124 105837 8441
20151124 105837 8441
20151124 110029 8438
20151124 110100 8439
20151124 110129 8439
20151124 110157 8439
20151124 110158 8439
20151124 110302 8438
20151124 110307 8436
20151124 110315 8436
20151124 110315 8436
20151124 110315 8436
20151124 110315 8436
20151124 110315 8436
20151124 110316 8436
20151124 110316 8436
20151124 110316 8436
20151124 110316 8436
20151124 110317 8436
20151124 110317 8436
20151124 110319 8434
20151124 110359 8436
20151124 110434 8436
20151124 110446 8433
20151124 110446 8434
20151124 110447 8433
20151124 110447 8433
20151124 110447 8433
20151124 110447 8433
20151124 110447 8433
20151124 110447 8433
20151124 110447 8433
20151124 110448 8432
20151124 110449 8431
20151124 110450 8433
20151124 110457 8431
20151124 110457 8431
20151124 110457 8431
20151124 110457 8431
20151124 110457 8431
20151124 110457 8431
20151124 110457 8431
20151124 110457 8432
20151124 110502 8428
20151124 110502 8429
20151124 110502 8429
20151124 110502 8429
20151124 110502 8429
20151124 110502 8429
20151124 110502 8429
20151124 110502 8429
20151124 110502 8429
20151124 110502 8429
20151124 110502 8429
20151124 110502 8429
20151124 110502 8429
20151124 110502 8429
20151124 110502 8438
20151124 110503 8427
20151124 110503 8427
20151124 110503 8427
20151124 110503 8427
20151124 110503 8436
20151124 110509 8430
20151124 110515 8436
20151124 110515 8436
20151124 110515 8436
20151124 110516 8427
20151124 110516 8427
20151124 110517 8426
20151124 110517 8426
20151124 110517 8426
20151124 110517 8427
20151124 110518 8426
20151124 110518 8426
20151124 110518 8426
20151124 110520 8425
20151124 110520 8425
20151124 110522 8425
20151124 110523 8418
20151124 110523 8418
20151124 110523 8419
20151124 110523 8419
20151124 110523 8419
20151124 110523 8419
20151124 110523 8420
20151124 110523 8420
20151124 110523 8420
20151124 110523 8421
20151124 110523 8422
20151124 110523 8423
20151124 110523 8423
20151124 110523 8423
20151124 110523 8423
20151124 110523 8423
20151124 110523 8423
20151124 110523 8423
20151124 110523 8423
20151124 110523 8423
20151124 110523 8423
20151124 110523 8424
20151124 110523 8424
20151124 110523 8428
20151124 110523 8430
20151124 110523 8430
20151124 110523 8430
20151124 110523 8430
20151124 110524 8413
20151124 110524 8413
20151124 110524 8413
20151124 110524 8413
20151124 110524 8413
20151124 110524 8413
20151124 110524 8413
20151124 110524 8414
20151124 110524 8414
20151124 110524 8414
20151124 110524 8414
20151124 110524 8415
20151124 110524 8415
20151124 110524 8415
20151124 110524 8416
20151124 110524 8416
20151124 110524 8427
20151124 110524 8427
20151124 110525 8411
20151124 110525 8412
20151124 110525 8425
20151124 110528 8425
20151124 110534 8423
20151124 110540 8425
20151124 110549 8421
20151124 110549 8433
20151124 110550 8421
20151124 110550 8430
20151124 110556 8417
20151124 110556 8419
20151124 110556 8428
20151124 110557 8419
20151124 110601 8429
20151124 110601 8429
20151124 110601 8429
20151124 110601 8429
20151124 110605 8427
20151124 110605 8427
20151124 110605 8427
20151124 110605 8428
20151124 110605 8428
20151124 110605 8428
20151124 110605 8428
20151124 110608 8414
20151124 110610 8413
20151124 110610 8424
20151124 110610 8425
20151124 110611 8415
20151124 110613 8412
20151124 110620 8416
20151124 110620 8428
20151124 110620 8428
20151124 110620 8428
20151124 110621 8428
20151124 110621 8428
20151124 110621 8428
20151124 110624 8418
20151124 110627 8417
20151124 110628 8417
20151124 110643 8419
20151124 110644 8419
20151124 110647 8418
20151124 110648 8431
20151124 110709 8420
20151124 110722 8423
20151124 110725 8425
20151124 110735 8424
20151124 110735 8424
20151124 110800 8420
20151124 110805 8430
20151124 110841 8416
20151124 110857 8428
20151124 110901 8415
20151124 110904 8416
20151124 110906 8414
20151124 110911 8413
20151124 110912 8413
20151124 110918 8412
20151124 110918 8412
20151124 110918 8412
20151124 110918 8412
20151124 110918 8412
20151124 110918 8412
20151124 110918 8412
20151124 110918 8424
20151124 110919 8410
20151124 110919 8410
20151124 110919 8410
20151124 110919 8410
20151124 110919 8410
20151124 110919 8410
20151124 110919 8411
20151124 110919 8422
20151124 110920 8408
20151124 110920 8408
20151124 110920 8408
20151124 110920 8408
20151124 110920 8408
20151124 110920 8408
20151124 110920 8409
20151124 110920 8409
20151124 110920 8409
20151124 110920 8412
20151124 110920 8412
20151124 110920 8413
20151124 110920 8420
20151124 110924 8421
20151124 110928 8408
20151124 110934 8422
20151124 110934 8422
20151124 110934 8422
20151124 110934 8422
20151124 110935 8422
20151124 110935 8422
20151124 110935 8422
20151124 110935 8422
20151124 110938 8423
20151124 110938 8423
20151124 110938 8423
20151124 110938 8423
20151124 110946 8409
20151124 110949 8408
20151124 110949 8409
20151124 110949 8424
20151124 110953 8422
20151124 110955 8406
20151124 110955 8406
20151124 110955 8406
20151124 110955 8407
20151124 110955 8407
20151124 110955 8407
20151124 110958 8421
20151124 110958 8421
20151124 110958 8421
20151124 111000 8421
20151124 111000 8421
20151124 111000 8421
20151124 111002 8406
20151124 111004 8421
20151124 111008 8408
20151124 111009 8408
20151124 111014 8409
20151124 111015 8409
20151124 111023 8409
20151124 111041 8413
20151124 111043 8413
20151124 111048 8411
20151124 111105 8411
20151124 111108 8410
20151124 111110 8409
20151124 111115 8406
20151124 111116 8406
20151124 111126 8405
20151124 111202 8403
20151124 111202 8403
20151124 111202 8403
20151124 111202 8403
20151124 111202 8403
20151124 111202 8403
20151124 111202 8403
20151124 111202 8403
20151124 111202 8403
20151124 111202 8403
20151124 111202 8404
20151124 111202 8404
20151124 111202 8404
20151124 111202 8404
20151124 111202 8404
20151124 111202 8404
20151124 111202 8404
20151124 111202 8404
20151124 111202 8405
20151124 111202 8405
20151124 111203 8402
20151124 111203 8403
20151124 111203 8403
20151124 111203 8403
20151124 111203 8403
20151124 111206 8404
20151124 111215 8401
20151124 111248 8402
20151124 111308 8408
20151124 111314 8409
20151124 111323 8407
20151124 111325 8406
20151124 111325 8406
20151124 111325 8406
20151124 111325 8406
20151124 111333 8405
20151124 111339 8404
20151124 111423 8407
20151124 111449 8412
20151124 111514 8413
20151124 111518 8412
20151124 111518 8414
20151124 111534 8414
20151124 111537 8414
20151124 111547 8415
20151124 111550 8415
20151124 111559 8416
20151124 111602 8415
20151124 111615 8415
20151124 111619 8416
20151124 111624 8416
20151124 111627 8415
20151124 111652 8415
20151124 111710 8412
20151124 111710 8412
20151124 111846 8414
20151124 111931 8417
20151124 111935 8417
20151124 112003 8414
20151124 112101 8414
20151124 112112 8413
20151124 112256 8412
20151124 112257 8412
20151124 112259 8411
20151124 112306 8410
20151124 112313 8409
20151124 112321 8412
20151124 112407 8415
20151124 112434 8413
20151124 112434 8413
20151124 112434 8413
20151124 112447 8417
20151124 112537 8422
20151124 112537 8422
20151124 112537 8422
20151124 112537 8422
20151124 112544 8421
20151124 112556 8422
20151124 112557 8423
20151124 113024 8418
20151124 113025 8418
20151124 113117 8420
20151124 113331 8417
20151124 113351 8414
20151124 113353 8413
20151124 113355 8413
20151124 113355 8413
20151124 113402 8411
20151124 113428 8408
20151124 113428 8408
20151124 113428 8408
20151124 113428 8408
20151124 113428 8409
20151124 113428 8409
20151124 113428 8409
20151124 113430 8408
20151124 113430 8408
20151124 113437 8419
20151124 113448 8420
20151124 113502 8410
20151124 113502 8410
20151124 113609 8414
20151124 113610 8412
20151124 113611 8409
20151124 113615 8408
20151124 113616 8407
20151124 113616 8407
20151124 113703 8414
20151124 113721 8415
20151124 113804 8418
20151124 114004 8418
20151124 114037 8416
20151124 114045 8416
20151124 114058 8416
20151124 114059 8417
20151124 114149 8415
20151124 114151 8413
20151124 114250 8417
20151124 114302 8420
20151124 114302 8420
20151124 114302 8420
20151124 114302 8420
20151124 114302 8420
20151124 114302 8420
20151124 114302 8421
20151124 114302 8421
20151124 114302 8422
20151124 114303 8423
20151124 114303 8424
20151124 114303 8424
20151124 114303 8424
20151124 114500 8423
20151124 114501 8424
20151124 114509 8425
20151124 114509 8426
20151124 114509 8426
20151124 114509 8427
20151124 114509 8427
20151124 114509 8428
20151124 114557 8427
20151124 114710 8426
20151124 114719 8427
20151124 114755 8425
20151124 114757 8425
20151124 114816 8426
20151124 114957 8422
20151124 115123 8421
20151124 115131 8421
20151124 115234 8422
20151124 115441 8422
20151124 115441 8422
20151124 115656 8423
20151124 115911 8426
20151124 115944 8422
20151124 115944 8437
20151124 115955 8420
20151124 115955 8421
20151124 120026 8418
20151124 120030 8414
20151124 120030 8414
20151124 120032 8413
20151124 120036 8411
20151124 120045 8412
20151124 120046 8412
20151124 120054 8412
20151124 120056 8411
20151124 120058 8410
20151124 120100 8408
20151124 120102 8405
20151124 120111 8404
20151124 120116 8403
20151124 120116 8403
20151124 120117 8402
20151124 120118 8402
20151124 120118 8402
20151124 120119 8401
20151124 120122 8401
20151124 120126 8403
20151124 120130 8401
20151124 120132 8401
20151124 120140 8401
20151124 120141 8394
20151124 120141 8394
20151124 120141 8394
20151124 120141 8395
20151124 120141 8396
20151124 120141 8398
20151124 120141 8398
20151124 120141 8398
20151124 120141 8400
20151124 120141 8400
20151124 120141 8400
20151124 120141 8400
20151124 120141 8400
20151124 120141 8400
20151124 120142 8396
20151124 120142 8397
20151124 120142 8397
20151124 120149 8396
20151124 120149 8396
20151124 120150 8395
20151124 120150 8395
20151124 120151 8395
20151124 120151 8396
20151124 120151 8396
20151124 120152 8395
20151124 120153 8396
20151124 120154 8396
20151124 120154 8396
20151124 120159 8395
20151124 120204 8395
20151124 120204 8395
20151124 120205 8396
20151124 120208 8397
20151124 120216 8398
20151124 120216 8399
20151124 120216 8399
20151124 120222 8399
20151124 120222 8399
20151124 120222 8399
20151124 120222 8399
20151124 120232 8397
20151124 120232 8397
20151124 120242 8396
20151124 120242 8396
20151124 120251 8395
20151124 120254 8394
20151124 120254 8394
20151124 120254 8395
20151124 120256 8394
20151124 120256 8394
20151124 120256 8394
20151124 120257 8393
20151124 120257 8393
20151124 120257 8393
20151124 120300 8392
20151124 120300 8392
20151124 120300 8392
20151124 120302 8393
20151124 120311 8388
20151124 120312 8392
20151124 120314 8403
20151124 120314 8404
20151124 120321 8393
20151124 120321 8394
20151124 120322 8394
20151124 120322 8394
20151124 120322 8394
20151124 120325 8393
20151124 120326 8394
20151124 120326 8394
20151124 120327 8393
20151124 120330 8393
20151124 120331 8402
20151124 120331 8402
20151124 120331 8402
20151124 120331 8402
20151124 120331 8402
20151124 120331 8402
20151124 120331 8402
20151124 120335 8393
20151124 120346 8389
20151124 120346 8389
20151124 120347 8391
20151124 120348 8390
20151124 120353 8390
20151124 120401 8387
20151124 120401 8387
20151124 120401 8387
20151124 120401 8387
20151124 120401 8388
20151124 120401 8388
20151124 120401 8388
20151124 120401 8388
20151124 120402 8386
20151124 120403 8386
20151124 120403 8386
20151124 120403 8386
20151124 120403 8386
20151124 120406 8386
20151124 120409 8387
20151124 120409 8387
20151124 120409 8387
20151124 120426 8387
20151124 120427 8386
20151124 120431 8386
20151124 120431 8386
20151124 120436 8387
20151124 120500 8387
20151124 120501 8386
20151124 120501 8386
20151124 120501 8400
20151124 120502 8382
20151124 120502 8383
20151124 120502 8383
20151124 120502 8383
20151124 120502 8383
20151124 120502 8383
20151124 120502 8383
20151124 120502 8383
20151124 120502 8383
20151124 120502 8383
20151124 120502 8383
20151124 120502 8383
20151124 120502 8383
20151124 120502 8383
20151124 120502 8383
20151124 120502 8384
20151124 120502 8384
20151124 120502 8384
20151124 120502 8384
20151124 120502 8384
20151124 120502 8384
20151124 120502 8384
20151124 120502 8385
20151124 120503 8385
20151124 120507 8381
20151124 120507 8381
20151124 120508 8381
20151124 120510 8381
20151124 120510 8381
20151124 120510 8381
20151124 120510 8381
20151124 120517 8381
20151124 120520 8381
20151124 120550 8377
20151124 120550 8378
20151124 120550 8378
20151124 120555 8378
20151124 120558 8377
20151124 120558 8377
20151124 120600 8380
20151124 120603 8381
20151124 120606 8381
20151124 120608 8381
20151124 120615 8383
20151124 120618 8384
20151124 120641 8384
20151124 120711 8386
20151124 120723 8388
20151124 120742 8388
20151124 120744 8388
20151124 120810 8389
20151124 120831 8390
20151124 120919 8389
20151124 121017 8389
20151124 121023 8387
20151124 121127 8387
20151124 121135 8387
20151124 121208 8381
20151124 121234 8387
20151124 121235 8386
20151124 121318 8399
20151124 121327 8391
20151124 121329 8390
20151124 121330 8391
20151124 121334 8390
20151124 121338 8391
20151124 121436 8392
20151124 121447 8392
20151124 121447 8392
20151124 121447 8392
20151124 121459 8391
20151124 121459 8391
20151124 121514 8389
20151124 121520 8389
20151124 121546 8386
20151124 121553 8384
20151124 121557 8383
20151124 121557 8383
20151124 121621 8386
20151124 121626 8387
20151124 121626 8387
20151124 121654 8387
20151124 121728 8387
20151124 121804 8388
20151124 121840 8387
20151124 121928 8387
20151124 121945 8399
20151124 122000 8388
20151124 122000 8388
20151124 122000 8388
20151124 122001 8387
20151124 122001 8388
20151124 122014 8388
20151124 122016 8387
20151124 122024 8388
20151124 122034 8388
20151124 122053 8388
20151124 122109 8385
20151124 122109 8385
20151124 122109 8385
20151124 122126 8384
20151124 122127 8383
20151124 122133 8383
20151124 122133 8383
20151124 122133 8383
20151124 122134 8383
20151124 122203 8384
20151124 122205 8383
20151124 122207 8382
20151124 122207 8383
20151124 122207 8383
20151124 122209 8377
20151124 122217 8383
20151124 122225 8377
20151124 122246 8382
20151124 122247 8382
20151124 122307 8373
20151124 122307 8373
20151124 122307 8373
20151124 122307 8373
20151124 122307 8373
20151124 122307 8373
20151124 122307 8373
20151124 122307 8373
20151124 122307 8374
20151124 122307 8374
20151124 122307 8374
20151124 122307 8375
20151124 122307 8375
20151124 122307 8375
20151124 122307 8376
20151124 122307 8376
20151124 122307 8376
20151124 122307 8376
20151124 122307 8377
20151124 122307 8378
20151124 122307 8378
20151124 122307 8378
20151124 122307 8378
20151124 122307 8379
20151124 122307 8389
20151124 122308 8371
20151124 122308 8371
20151124 122308 8373
20151124 122308 8373
20151124 122308 8373
20151124 122308 8373
20151124 122308 8373
20151124 122308 8373
20151124 122308 8387
20151124 122327 8371
20151124 122327 8371
20151124 122331 8372
20151124 122344 8372
20151124 122350 8381
20151124 122353 8369
20151124 122354 8368
20151124 122354 8368
20151124 122355 8368
20151124 122356 8368
20151124 122358 8363
20151124 122358 8363
20151124 122358 8363
20151124 122358 8363
20151124 122358 8364
20151124 122358 8364
20151124 122358 8364
20151124 122358 8366
20151124 122358 8366
20151124 122358 8367
20151124 122358 8367
20151124 122358 8367
20151124 122358 8367
20151124 122359 8363
20151124 122359 8363
20151124 122359 8363
20151124 122411 8377
20151124 122413 8364
20151124 122413 8364
20151124 122413 8364
20151124 122413 8364
20151124 122413 8364
20151124 122413 8364
20151124 122413 8364
20151124 122413 8364
20151124 122413 8364
20151124 122413 8364
20151124 122413 8364
20151124 122413 8364
20151124 122413 8364
20151124 122413 8364
20151124 122413 8364
20151124 122413 8364
20151124 122413 8364
20151124 122413 8364
20151124 122413 8364
20151124 122415 8358
20151124 122415 8364
20151124 122415 8364
20151124 122415 8365
20151124 122417 8365
20151124 122424 8365
20151124 122424 8365
20151124 122432 8367
20151124 122432 8368
20151124 122452 8368
20151124 122509 8382
20151124 122515 8370
20151124 122538 8372
20151124 122550 8372
20151124 122555 8370
20151124 122614 8370
20151124 122616 8370
20151124 122616 8370
20151124 122616 8370
20151124 122616 8370
20151124 122632 8370
20151124 122642 8371
20151124 122645 8382
20151124 122801 8371
20151124 122801 8371
20151124 122821 8373
20151124 122841 8373
20151124 122849 8374
20151124 122854 8385
20151124 123010 8375
20151124 123012 8374
20151124 123108 8373
20151124 123121 8374
20151124 123121 8374
20151124 123121 8374
20151124 123121 8374
20151124 123121 8374
20151124 123121 8374
20151124 123145 8378
20151124 123151 8375
20151124 123227 8377
20151124 123232 8377
20151124 123328 8377
20151124 123350 8379
20151124 123351 8378
20151124 123400 8396
20151124 123401 8396
20151124 123437 8380
20151124 123444 8380
20151124 123454 8378
20151124 123501 8380
20151124 123508 8381
20151124 123514 8381
20151124 123517 8383
20151124 123524 8382
20151124 123541 8383
20151124 123633 8385
20151124 123633 8385
20151124 123648 8402
20151124 123732 8384
20151124 123732 8384
20151124 123732 8384
20151124 123814 8383
20151124 123816 8382
20151124 123820 8381
20151124 123821 8382
20151124 123832 8382
20151124 123839 8382
20151124 123926 8382
20151124 124139 8387
20151124 124139 8387
20151124 124220 8405
20151124 124258 8389
20151124 124258 8389
20151124 124258 8391
20151124 124258 8391
20151124 124258 8391
20151124 124258 8391
20151124 124259 8392
20151124 124355 8393
20151124 124355 8393
20151124 124356 8394
20151124 124356 8394
20151124 124414 8393
20151124 124426 8393
20151124 124435 8394
20151124 124435 8394
20151124 124436 8392
20151124 124439 8393
20151124 124502 8392
20151124 124507 8395
20151124 124507 8395
20151124 124507 8396
20151124 124535 8390
20151124 124537 8391
20151124 124542 8390
20151124 124551 8391
20151124 124558 8392
20151124 124649 8391
20151124 124701 8392
20151124 124749 8389
20151124 124751 8389
20151124 124800 8391
20151124 124812 8391
20151124 124815 8391
20151124 124859 8391
20151124 124937 8390
20151124 125001 8389
20151124 125047 8391
20151124 125047 8391
20151124 125047 8391
20151124 125059 8392
20151124 125059 8392
20151124 125059 8392
20151124 125134 8392
20151124 125237 8388
20151124 125241 8405
20151124 125241 8405
20151124 125254 8388
20151124 125343 8388
20151124 125435 8385
20151124 125436 8385
20151124 125447 8386
20151124 125500 8384
20151124 125500 8384
20151124 125500 8385
20151124 125617 8387
20151124 125619 8401
20151124 125658 8388
20151124 125701 8389
20151124 125701 8389
20151124 125701 8389
20151124 125701 8389
20151124 125702 8390
20151124 125748 8392
20151124 125840 8391
20151124 125842 8391
20151124 125929 8391
20151124 130024 8389
20151124 130134 8386
20151124 130234 8387
20151124 130247 8385
20151124 130253 8383
20151124 130254 8383
20151124 130257 8382
20151124 130257 8382
20151124 130258 8380
20151124 130258 8380
20151124 130258 8381
20151124 130259 8380
20151124 130259 8380
20151124 130306 8381
20151124 130311 8381
20151124 130321 8379
20151124 130327 8380
20151124 130336 8381
20151124 130338 8379
20151124 130344 8381
20151124 130406 8379
20151124 130407 8379
20151124 130444 8383
20151124 130444 8383
20151124 130657 8380
20151124 130748 8377
20151124 130929 8379
20151124 131059 8383
20151124 131059 8383
20151124 131128 8384
20151124 131225 8384
20151124 131310 8385
20151124 131340 8385
20151124 131340 8385
20151124 131450 8388
20151124 131542 8387
20151124 131609 8389
20151124 131725 8386
20151124 131725 8386
20151124 131731 8383
20151124 131820 8380
20151124 131824 8380
20151124 131848 8378
20151124 131943 8376
20151124 131943 8376
20151124 131947 8391
20151124 131947 8391
20151124 132000 8376
20151124 132001 8393
20151124 132002 8379
20151124 132021 8377
20151124 132034 8379
20151124 132035 8378
20151124 132043 8378
20151124 132043 8378
20151124 132122 8379
20151124 132127 8381
20151124 132132 8381
20151124 132200 8375
20151124 132256 8382
20151124 132304 8383
20151124 132306 8383
20151124 132342 8384
20151124 132342 8385
20151124 132342 8386
20151124 132342 8397
20151124 132405 8386
20151124 132413 8386
20151124 132447 8387
20151124 132451 8386
20151124 132623 8388
20151124 132623 8388
20151124 132623 8388
20151124 132700 8389
20151124 132701 8391
20151124 132701 8391
20151124 132701 8391
20151124 132758 8387
20151124 132925 8389
20151124 133001 8389
20151124 133001 8391
20151124 133001 8391
20151124 133001 8391
20151124 133001 8391
20151124 133016 8388
20151124 133026 8389
20151124 133106 8388
20151124 133107 8388
20151124 133114 8388
20151124 133117 8388
20151124 133130 8388
20151124 133132 8387
20151124 133132 8388
20151124 133135 8387
20151124 133142 8388
20151124 133201 8388
20151124 133219 8388
20151124 133222 8388
20151124 133225 8388
20151124 133226 8388
20151124 133250 8389
20151124 133254 8391
20151124 133254 8391
20151124 133254 8392
20151124 133254 8392
20151124 133304 8392
20151124 133304 8392
20151124 133304 8392
20151124 133304 8393
20151124 133306 8392
20151124 133312 8392
20151124 133313 8394
20151124 133313 8394
20151124 133313 8394
20151124 133328 8390
20151124 133328 8390
20151124 133328 8390
20151124 133328 8390
20151124 133328 8390
20151124 133328 8390
20151124 133328 8390
20151124 133328 8390
20151124 133335 8390
20151124 133341 8390
20151124 133344 8389
20151124 133344 8389
20151124 133353 8390
20151124 133400 8392
20151124 133420 8390
20151124 133436 8390
20151124 133438 8402
20151124 133445 8390
20151124 133446 8392
20151124 133446 8392
20151124 133447 8393
20151124 133451 8393
20151124 133451 8394
20151124 133451 8394
20151124 133455 8393
20151124 133501 8394
20151124 133501 8395
20151124 133501 8395
20151124 133502 8396
20151124 133502 8396
20151124 133502 8396
20151124 133502 8396
20151124 133502 8396
20151124 133520 8393
20151124 133524 8404
20151124 133524 8404
20151124 133524 8404
20151124 133539 8394
20151124 133545 8394
20151124 133548 8394
20151124 133549 8395
20151124 133611 8393
20151124 133620 8393
20151124 133634 8392
20151124 133645 8392
20151124 133646 8392
20151124 133647 8392
20151124 133659 8391
20151124 133700 8391
20151124 133701 8393
20151124 133710 8391
20151124 133714 8391
20151124 133719 8391
20151124 133723 8392
20151124 133724 8393
20151124 133724 8393
20151124 133820 8393
20151124 133820 8393
20151124 133848 8394
20151124 133848 8394
20151124 133848 8394
20151124 133848 8394
20151124 133848 8394
20151124 133858 8395
20151124 133901 8396
20151124 133901 8396
20151124 133901 8396
20151124 133901 8396
20151124 133901 8396
20151124 133901 8396
20151124 133901 8396
20151124 133901 8397
20151124 133902 8397
20151124 133909 8396
20151124 133920 8395
20151124 133931 8397
20151124 133933 8396
20151124 133947 8398
20151124 133947 8398
20151124 133947 8398
20151124 133947 8408
20151124 133951 8398
20151124 134003 8399
20151124 134004 8400
20151124 134008 8400
20151124 134012 8399
20151124 134019 8399
20151124 134032 8398
20151124 134044 8399
20151124 134104 8398
20151124 134111 8399
20151124 134117 8399
20151124 134117 8399
20151124 134119 8399
20151124 134119 8399
20151124 134128 8399
20151124 134128 8399
20151124 134131 8399
20151124 134140 8399
20151124 134140 8400
20151124 134140 8400
20151124 134140 8400
20151124 134140 8400
20151124 134140 8400
20151124 134242 8398
20151124 134242 8399
20151124 134246 8399
20151124 134304 8400
20151124 134304 8400
20151124 134304 8400
20151124 134306 8400
20151124 134306 8401
20151124 134306 8401
20151124 134306 8401
20151124 134306 8401
20151124 134306 8401
20151124 134306 8401
20151124 134311 8401
20151124 134311 8401
20151124 134315 8400
20151124 134322 8401
20151124 134331 8401
20151124 134332 8401
20151124 134332 8402
20151124 134333 8402
20151124 134338 8401
20151124 134340 8397
20151124 134345 8400
20151124 134351 8401
20151124 134353 8402
20151124 134353 8402
20151124 134353 8402
20151124 134400 8402
20151124 134401 8402
20151124 134407 8402
20151124 134407 8403
20151124 134411 8401
20151124 134432 8403
20151124 134454 8401
20151124 134455 8401
20151124 134456 8400
20151124 134458 8400
