20151104 084500 8760
20151104 084500 8764
20151104 084501 8760
20151104 084501 8760
20151104 084501 8760
20151104 084501 8760
20151104 084501 8760
20151104 084501 8765
20151104 084501 8766
20151104 084501 8766
20151104 084501 8766
20151104 084501 8767
20151104 084501 8767
20151104 084501 8767
20151104 084501 8768
20151104 084501 8768
20151104 084501 8768
20151104 084502 8762
20151104 084502 8764
20151104 084502 8764
20151104 084502 8764
20151104 084503 8761
20151104 084503 8761
20151104 084503 8761
20151104 084503 8764
20151104 084504 8760
20151104 084504 8760
20151104 084504 8760
20151104 084506 8761
20151104 084508 8763
20151104 084508 8763
20151104 084509 8764
20151104 084510 8763
20151104 084511 8763
20151104 084516 8768
20151104 084518 8767
20151104 084518 8769
20151104 084518 8769
20151104 084518 8769
20151104 084518 8769
20151104 084518 8769
20151104 084518 8769
20151104 084518 8769
20151104 084518 8769
20151104 084522 8770
20151104 084523 8771
20151104 084524 8770
20151104 084525 8770
20151104 084525 8770
20151104 084526 8772
20151104 084526 8773
20151104 084527 8771
20151104 084528 8770
20151104 084535 8771
20151104 084537 8770
20151104 084537 8771
20151104 084537 8771
20151104 084537 8771
20151104 084537 8771
20151104 084537 8771
20151104 084537 8771
20151104 084537 8771
20151104 084537 8771
20151104 084543 8770
20151104 084544 8771
20151104 084545 8772
20151104 084548 8771
20151104 084548 8771
20151104 084600 8771
20151104 084601 8770
20151104 084607 8766
20151104 084616 8772
20151104 084616 8772
20151104 084621 8772
20151104 084621 8772
20151104 084621 8773
20151104 084621 8773
20151104 084621 8773
20151104 084621 8773
20151104 084621 8773
20151104 084626 8773
20151104 084626 8773
20151104 084628 8773
20151104 084629 8772
20151104 084631 8773
20151104 084631 8773
20151104 084633 8763
20151104 084634 8774
20151104 084634 8774
20151104 084634 8774
20151104 084636 8773
20151104 084636 8773
20151104 084636 8773
20151104 084636 8775
20151104 084636 8775
20151104 084639 8773
20151104 084639 8774
20151104 084643 8773
20151104 084643 8773
20151104 084643 8773
20151104 084643 8774
20151104 084646 8774
20151104 084647 8775
20151104 084651 8775
20151104 084652 8775
20151104 084655 8777
20151104 084655 8777
20151104 084655 8777
20151104 084655 8777
20151104 084657 8778
20151104 084657 8778
20151104 084657 8778
20151104 084657 8778
20151104 084657 8778
20151104 084657 8778
20151104 084658 8778
20151104 084658 8778
20151104 084659 8779
20151104 084701 8779
20151104 084702 8778
20151104 084708 8781
20151104 084708 8783
20151104 084709 8782
20151104 084709 8782
20151104 084711 8781
20151104 084711 8781
20151104 084712 8783
20151104 084718 8782
20151104 084719 8781
20151104 084719 8781
20151104 084721 8781
20151104 084723 8781
20151104 084723 8781
20151104 084725 8783
20151104 084725 8783
20151104 084727 8783
20151104 084730 8782
20151104 084730 8782
20151104 084732 8781
20151104 084735 8783
20151104 084737 8784
20151104 084739 8785
20151104 084739 8786
20151104 084739 8786
20151104 084740 8786
20151104 084740 8786
20151104 084741 8786
20151104 084743 8776
20151104 084743 8785
20151104 084746 8786
20151104 084746 8787
20151104 084746 8787
20151104 084751 8788
20151104 084752 8788
20151104 084753 8788
20151104 084753 8788
20151104 084754 8788
20151104 084755 8788
20151104 084756 8790
20151104 084757 8790
20151104 084757 8790
20151104 084757 8790
20151104 084758 8790
20151104 084758 8792
20151104 084759 8777
20151104 084759 8777
20151104 084800 8790
20151104 084800 8793
20151104 084801 8789
20151104 084801 8790
20151104 084801 8790
20151104 084808 8782
20151104 084810 8782
20151104 084816 8783
20151104 084817 8775
20151104 084818 8785
20151104 084829 8783
20151104 084834 8783
20151104 084834 8784
20151104 084838 8783
20151104 084839 8783
20151104 084839 8785
20151104 084921 8783
20151104 084944 8783
20151104 084953 8784
20151104 085000 8778
20151104 085000 8779
20151104 085000 8784
20151104 085002 8785
20151104 085002 8785
20151104 085002 8785
20151104 085002 8785
20151104 085003 8784
20151104 085010 8786
20151104 085013 8784
20151104 085020 8776
20151104 085020 8786
20151104 085021 8786
20151104 085028 8786
20151104 085031 8785
20151104 085052 8778
20151104 085052 8787
20151104 085056 8791
20151104 085106 8785
20151104 085110 8789
20151104 085110 8789
20151104 085110 8789
20151104 085110 8789
20151104 085112 8789
20151104 085113 8788
20151104 085114 8791
20151104 085127 8789
20151104 085127 8789
20151104 085128 8789
20151104 085141 8788
20151104 085141 8788
20151104 085142 8788
20151104 085209 8788
20151104 085209 8788
20151104 085209 8788
20151104 085216 8787
20151104 085237 8786
20151104 085237 8786
20151104 085241 8784
20151104 085245 8789
20151104 085307 8782
20151104 085310 8782
20151104 085319 8783
20151104 085332 8786
20151104 085416 8785
20151104 085421 8785
20151104 085438 8783
20151104 085455 8784
20151104 085518 8786
20151104 085535 8781
20151104 085535 8781
20151104 085537 8781
20151104 085538 8781
20151104 085539 8780
20151104 085539 8780
20151104 085539 8780
20151104 085546 8780
20151104 085548 8780
20151104 085601 8779
20151104 085601 8780
20151104 085601 8780
20151104 085601 8780
20151104 085601 8780
20151104 085606 8771
20151104 085606 8780
20151104 085623 8779
20151104 085636 8777
20151104 085642 8778
20151104 085704 8776
20151104 085711 8766
20151104 085711 8780
20151104 085725 8773
20151104 085734 8778
20151104 085738 8781
20151104 085843 8780
20151104 085843 8780
20151104 085853 8782
20151104 085853 8782
20151104 085853 8784
20151104 085906 8782
20151104 085909 8783
20151104 085909 8783
20151104 085909 8785
20151104 085913 8783
20151104 085921 8783
20151104 085926 8784
20151104 085926 8784
20151104 085927 8784
20151104 085928 8783
20151104 085928 8785
20151104 085952 8784
20151104 090000 8783
20151104 090005 8781
20151104 090014 8780
20151104 090020 8780
20151104 090038 8767
20151104 090038 8781
20151104 090042 8774
20151104 090043 8772
20151104 090043 8772
20151104 090043 8772
20151104 090043 8773
20151104 090058 8775
20151104 090059 8775
20151104 090101 8775
20151104 090117 8779
20151104 090130 8779
20151104 090132 8762
20151104 090132 8779
20151104 090135 8781
20151104 090135 8782
20151104 090135 8784
20151104 090136 8783
20151104 090136 8783
20151104 090136 8783
20151104 090136 8783
20151104 090136 8783
20151104 090136 8783
20151104 090136 8783
20151104 090136 8783
20151104 090136 8783
20151104 090136 8783
20151104 090152 8782
20151104 090152 8784
20151104 090209 8782
20151104 090210 8783
20151104 090210 8784
20151104 090210 8786
20151104 090211 8786
20151104 090211 8787
20151104 090212 8787
20151104 090212 8787
20151104 090212 8787
20151104 090212 8787
20151104 090212 8787
20151104 090212 8789
20151104 090212 8789
20151104 090212 8789
20151104 090212 8789
20151104 090212 8789
20151104 090250 8783
20151104 090253 8783
20151104 090327 8786
20151104 090328 8787
20151104 090329 8787
20151104 090337 8788
20151104 090337 8788
20151104 090338 8788
20151104 090338 8788
20151104 090338 8788
20151104 090338 8789
20151104 090338 8789
20151104 090339 8790
20151104 090339 8790
20151104 090339 8791
20151104 090339 8791
20151104 090339 8791
20151104 090339 8791
20151104 090339 8791
20151104 090339 8792
20151104 090339 8792
20151104 090339 8792
20151104 090342 8792
20151104 090342 8794
20151104 090352 8786
20151104 090352 8787
20151104 090356 8784
20151104 090358 8776
20151104 090400 8781
20151104 090405 8781
20151104 090406 8780
20151104 090407 8779
20151104 090408 8772
20151104 090408 8773
20151104 090408 8773
20151104 090411 8773
20151104 090411 8773
20151104 090411 8773
20151104 090411 8773
20151104 090418 8771
20151104 090418 8772
20151104 090418 8776
20151104 090418 8777
20151104 090420 8773
20151104 090420 8773
20151104 090424 8781
20151104 090444 8782
20151104 090448 8782
20151104 090450 8782
20151104 090502 8784
20151104 090502 8784
20151104 090529 8783
20151104 090531 8781
20151104 090541 8781
20151104 090547 8776
20151104 090547 8776
20151104 090547 8777
20151104 090547 8777
20151104 090547 8777
20151104 090547 8777
20151104 090547 8778
20151104 090548 8775
20151104 090548 8775
20151104 090548 8775
20151104 090548 8775
20151104 090548 8775
20151104 090548 8775
20151104 090549 8773
20151104 090549 8774
20151104 090549 8775
20151104 090549 8775
20151104 090550 8768
20151104 090550 8772
20151104 090550 8773
20151104 090550 8773
20151104 090551 8771
20151104 090551 8771
20151104 090551 8771
20151104 090552 8770
20151104 090553 8770
20151104 090553 8770
20151104 090555 8768
20151104 090556 8769
20151104 090556 8769
20151104 090557 8769
20151104 090557 8769
20151104 090559 8773
20151104 090605 8770
20151104 090605 8773
20151104 090606 8767
20151104 090606 8767
20151104 090606 8767
20151104 090606 8768
20151104 090606 8768
20151104 090607 8764
20151104 090607 8764
20151104 090609 8766
20151104 090610 8767
20151104 090612 8769
20151104 090612 8772
20151104 090612 8772
20151104 090612 8772
20151104 090613 8773
20151104 090615 8767
20151104 090617 8768
20151104 090630 8770
20151104 090630 8771
20151104 090630 8771
20151104 090637 8773
20151104 090638 8774
20151104 090638 8774
20151104 090638 8774
20151104 090638 8774
20151104 090638 8774
20151104 090638 8774
20151104 090642 8772
20151104 090646 8771
20151104 090702 8769
20151104 090703 8769
20151104 090713 8769
20151104 090717 8765
20151104 090717 8765
20151104 090717 8765
20151104 090717 8766
20151104 090717 8766
20151104 090717 8766
20151104 090718 8765
20151104 090718 8765
20151104 090718 8765
20151104 090718 8765
20151104 090718 8765
20151104 090718 8765
20151104 090718 8765
20151104 090718 8765
20151104 090718 8765
20151104 090718 8765
20151104 090739 8758
20151104 090742 8765
20151104 090743 8762
20151104 090743 8762
20151104 090743 8763
20151104 090743 8763
20151104 090743 8764
20151104 090743 8764
20151104 090744 8756
20151104 090744 8756
20151104 090744 8756
20151104 090744 8757
20151104 090744 8757
20151104 090744 8757
20151104 090744 8758
20151104 090744 8758
20151104 090744 8758
20151104 090744 8758
20151104 090744 8759
20151104 090744 8760
20151104 090744 8760
20151104 090744 8760
20151104 090745 8755
20151104 090745 8755
20151104 090745 8757
20151104 090745 8757
20151104 090749 8761
20151104 090754 8765
20151104 090758 8763
20151104 090759 8764
20151104 090800 8767
20151104 090806 8762
20151104 090817 8763
20151104 090832 8756
20151104 090832 8759
20151104 090833 8755
20151104 090838 8757
20151104 090855 8751
20151104 090855 8752
20151104 090855 8752
20151104 090855 8752
20151104 090857 8755
20151104 090901 8753
20151104 090907 8756
20151104 090907 8756
20151104 090908 8756
20151104 090908 8756
20151104 090908 8756
20151104 090908 8756
20151104 090910 8755
20151104 090911 8755
20151104 090912 8754
20151104 090912 8755
20151104 090915 8753
20151104 090920 8752
20151104 090923 8742
20151104 090923 8756
20151104 090924 8752
20151104 090924 8757
20151104 090925 8752
20151104 090925 8757
20151104 090926 8752
20151104 090926 8752
20151104 090926 8757
20151104 090926 8757
20151104 090937 8757
20151104 090942 8757
20151104 090942 8757
20151104 090942 8758
20151104 090942 8758
20151104 090943 8759
20151104 090943 8759
20151104 090944 8760
20151104 090944 8761
20151104 090944 8761
20151104 090945 8760
20151104 090945 8762
20151104 090945 8763
20151104 090946 8762
20151104 090950 8762
20151104 090950 8762
20151104 090956 8761
20151104 090958 8761
20151104 091000 8759
20151104 091000 8759
20151104 091003 8757
20151104 091003 8760
20151104 091005 8757
20151104 091008 8758
20151104 091010 8758
20151104 091011 8763
20151104 091019 8759
20151104 091019 8759
20151104 091021 8748
20151104 091021 8763
20151104 091025 8763
20151104 091032 8763
20151104 091034 8758
20151104 091034 8762
20151104 091043 8759
20151104 091043 8760
20151104 091043 8763
20151104 091045 8760
20151104 091046 8760
20151104 091052 8760
20151104 091056 8761
20151104 091059 8763
20151104 091059 8763
20151104 091104 8754
20151104 091104 8765
20151104 091104 8766
20151104 091104 8767
20151104 091104 8768
20151104 091104 8771
20151104 091106 8767
20151104 091108 8768
20151104 091108 8771
20151104 091109 8767
20151104 091111 8774
20151104 091113 8771
20151104 091113 8771
20151104 091113 8774
20151104 091113 8774
20151104 091114 8769
20151104 091115 8772
20151104 091115 8772
20151104 091116 8771
20151104 091121 8771
20151104 091126 8769
20151104 091130 8769
20151104 091133 8767
20151104 091147 8768
20151104 091147 8768
20151104 091147 8768
20151104 091153 8768
20151104 091200 8768
20151104 091201 8769
20151104 091205 8769
20151104 091210 8770
20151104 091217 8775
20151104 091247 8772
20151104 091247 8772
20151104 091301 8772
20151104 091307 8769
20151104 091311 8769
20151104 091311 8775
20151104 091337 8770
20151104 091347 8769
20151104 091348 8769
20151104 091349 8774
20151104 091352 8766
20151104 091418 8771
20151104 091433 8769
20151104 091436 8768
20151104 091436 8768
20151104 091440 8768
20151104 091500 8764
20151104 091500 8765
20151104 091551 8767
20151104 091552 8767
20151104 091557 8768
20151104 091557 8768
20151104 091606 8763
20151104 091611 8764
20151104 091642 8767
20151104 091642 8767
20151104 091642 8767
20151104 091642 8767
20151104 091655 8768
20151104 091658 8768
20151104 091704 8771
20151104 091721 8764
20151104 091723 8762
20151104 091725 8761
20151104 091743 8764
20151104 091744 8768
20151104 091753 8769
20151104 091759 8769
20151104 091822 8756
20151104 091828 8767
20151104 091837 8769
20151104 091839 8768
20151104 091843 8770
20151104 091843 8770
20151104 091844 8771
20151104 091844 8771
20151104 091846 8768
20151104 091854 8768
20151104 091854 8771
20151104 091902 8768
20151104 091916 8772
20151104 091916 8775
20151104 091935 8773
20151104 091935 8773
20151104 091936 8773
20151104 091936 8773
20151104 091936 8773
20151104 091936 8774
20151104 091936 8774
20151104 091936 8774
20151104 092012 8768
20151104 092013 8761
20151104 092015 8760
20151104 092017 8765
20151104 092017 8765
20151104 092017 8765
20151104 092017 8765
20151104 092102 8772
20151104 092122 8768
20151104 092135 8771
20151104 092141 8771
20151104 092158 8772
20151104 092203 8773
20151104 092203 8776
20151104 092238 8773
20151104 092246 8774
20151104 092246 8775
20151104 092246 8775
20151104 092246 8775
20151104 092246 8775
20151104 092246 8775
20151104 092246 8775
20151104 092246 8776
20151104 092246 8776
20151104 092246 8776
20151104 092246 8776
20151104 092246 8776
20151104 092246 8778
20151104 092247 8777
20151104 092247 8777
20151104 092247 8777
20151104 092247 8777
20151104 092247 8777
20151104 092247 8777
20151104 092247 8778
20151104 092247 8779
20151104 092247 8779
20151104 092247 8779
20151104 092250 8782
20151104 092302 8779
20151104 092302 8779
20151104 092307 8781
20151104 092311 8779
20151104 092315 8778
20151104 092329 8780
20151104 092329 8780
20151104 092333 8781
20151104 092334 8781
20151104 092335 8780
20151104 092335 8781
20151104 092400 8781
20151104 092400 8781
20151104 092400 8781
20151104 092424 8778
20151104 092436 8779
20151104 092436 8782
20151104 092436 8782
20151104 092517 8779
20151104 092517 8782
20151104 092519 8780
20151104 092519 8780
20151104 092519 8781
20151104 092519 8781
20151104 092519 8782
20151104 092519 8782
20151104 092519 8782
20151104 092519 8782
20151104 092519 8782
20151104 092519 8782
20151104 092519 8782
20151104 092523 8781
20151104 092535 8782
20151104 092539 8784
20151104 092551 8787
20151104 092551 8787
20151104 092551 8787
20151104 092551 8787
20151104 092551 8787
20151104 092551 8787
20151104 092551 8787
20151104 092551 8787
20151104 092551 8787
20151104 092551 8787
20151104 092551 8787
20151104 092551 8787
20151104 092552 8788
20151104 092552 8788
20151104 092552 8788
20151104 092552 8788
20151104 092552 8788
20151104 092552 8789
20151104 092552 8789
20151104 092553 8780
20151104 092553 8791
20151104 092553 8791
20151104 092553 8791
20151104 092553 8791
20151104 092553 8792
20151104 092553 8792
20151104 092553 8792
20151104 092553 8792
20151104 092553 8792
20151104 092553 8793
20151104 092553 8793
20151104 092553 8793
20151104 092553 8793
20151104 092553 8794
20151104 092553 8794
20151104 092553 8794
20151104 092553 8794
20151104 092553 8794
20151104 092553 8795
20151104 092553 8795
20151104 092553 8795
20151104 092553 8796
20151104 092553 8796
20151104 092553 8796
20151104 092553 8796
20151104 092553 8796
20151104 092553 8796
20151104 092553 8796
20151104 092553 8796
20151104 092553 8796
20151104 092553 8796
20151104 092553 8796
20151104 092553 8797
20151104 092553 8797
20151104 092553 8797
20151104 092553 8797
20151104 092553 8797
20151104 092553 8797
20151104 092553 8797
20151104 092553 8797
20151104 092553 8797
20151104 092553 8797
20151104 092553 8797
20151104 092553 8797
20151104 092553 8797
20151104 092553 8797
20151104 092553 8797
20151104 092553 8797
20151104 092553 8797
20151104 092553 8797
20151104 092553 8797
20151104 092553 8797
20151104 092553 8797
20151104 092553 8797
20151104 092553 8797
20151104 092553 8797
20151104 092553 8797
20151104 092553 8798
20151104 092553 8798
20151104 092553 8798
20151104 092553 8798
20151104 092553 8799
20151104 092553 8799
20151104 092553 8799
20151104 092553 8800
20151104 092553 8800
20151104 092553 8800
20151104 092553 8802
20151104 092553 8802
20151104 092553 8802
20151104 092553 8802
20151104 092553 8802
20151104 092553 8802
20151104 092553 8802
20151104 092553 8802
20151104 092553 8803
20151104 092553 8803
20151104 092553 8803
20151104 092553 8803
20151104 092553 8803
20151104 092553 8803
20151104 092553 8803
20151104 092553 8803
20151104 092553 8803
20151104 092553 8804
20151104 092554 8776
20151104 092554 8780
20151104 092554 8780
20151104 092554 8803
20151104 092554 8805
20151104 092554 8805
20151104 092554 8805
20151104 092554 8805
20151104 092554 8806
20151104 092554 8806
20151104 092554 8806
20151104 092554 8807
20151104 092554 8807
20151104 092554 8807
20151104 092554 8807
20151104 092554 8807
20151104 092554 8807
20151104 092554 8807
20151104 092554 8807
20151104 092554 8807
20151104 092554 8808
20151104 092554 8808
20151104 092554 8808
20151104 092554 8808
20151104 092554 8808
20151104 092554 8808
20151104 092554 8811
20151104 092555 8779
20151104 092555 8805
20151104 092556 8779
20151104 092556 8779
20151104 092556 8779
20151104 092556 8779
20151104 092556 8780
20151104 092556 8807
20151104 092556 8808
20151104 092556 8809
20151104 092556 8809
20151104 092556 8812
20151104 092557 8804
20151104 092557 8804
20151104 092557 8804
20151104 092557 8808
20151104 092558 8802
20151104 092601 8802
20151104 092604 8797
20151104 092604 8797
20151104 092604 8799
20151104 092605 8799
20151104 092605 8799
20151104 092606 8800
20151104 092606 8801
20151104 092608 8802
20151104 092608 8803
20151104 092608 8803
20151104 092608 8803
20151104 092608 8803
20151104 092608 8804
20151104 092610 8804
20151104 092611 8801
20151104 092620 8800
20151104 092620 8800
20151104 092621 8802
20151104 092622 8802
20151104 092630 8807
20151104 092638 8802
20151104 092645 8802
20151104 092648 8803
20151104 092649 8803
20151104 092650 8804
20151104 092652 8803
20151104 092655 8803
20151104 092700 8801
20151104 092700 8802
20151104 092700 8802
20151104 092700 8802
20151104 092700 8802
20151104 092700 8802
20151104 092701 8804
20151104 092701 8804
20151104 092702 8805
20151104 092702 8805
20151104 092702 8805
20151104 092702 8805
20151104 092702 8805
20151104 092702 8805
20151104 092702 8807
20151104 092702 8807
20151104 092702 8807
20151104 092705 8812
20151104 092707 8806
20151104 092707 8807
20151104 092708 8808
20151104 092708 8808
20151104 092708 8808
20151104 092708 8808
20151104 092708 8808
20151104 092708 8808
20151104 092708 8812
20151104 092709 8809
20151104 092709 8809
20151104 092709 8809
20151104 092709 8809
20151104 092709 8809
20151104 092709 8809
20151104 092709 8809
20151104 092709 8809
20151104 092709 8809
20151104 092709 8813
20151104 092709 8813
20151104 092709 8813
20151104 092709 8813
20151104 092709 8813
20151104 092710 8811
20151104 092710 8811
20151104 092710 8811
20151104 092710 8811
20151104 092710 8811
20151104 092711 8811
20151104 092711 8811
20151104 092711 8811
20151104 092711 8811
20151104 092711 8815
20151104 092711 8815
20151104 092712 8811
20151104 092712 8811
20151104 092712 8815
20151104 092712 8815
20151104 092713 8803
20151104 092713 8818
20151104 092714 8814
20151104 092714 8814
20151104 092714 8814
20151104 092714 8815
20151104 092714 8815
20151104 092714 8815
20151104 092714 8815
20151104 092714 8815
20151104 092714 8816
20151104 092715 8816
20151104 092715 8816
20151104 092715 8816
20151104 092715 8816
20151104 092715 8816
20151104 092715 8816
20151104 092715 8816
20151104 092715 8820
20151104 092715 8820
20151104 092716 8817
20151104 092716 8822
20151104 092718 8816
20151104 092718 8816
20151104 092718 8816
20151104 092718 8816
20151104 092719 8816
20151104 092720 8808
20151104 092720 8808
20151104 092721 8818
20151104 092721 8818
20151104 092721 8818
20151104 092721 8818
20151104 092721 8818
20151104 092721 8818
20151104 092721 8823
20151104 092722 8818
20151104 092722 8818
20151104 092722 8818
20151104 092722 8818
20151104 092722 8818
20151104 092723 8818
20151104 092723 8818
20151104 092723 8818
20151104 092723 8822
20151104 092724 8818
20151104 092724 8818
20151104 092728 8815
20151104 092728 8817
20151104 092730 8817
20151104 092735 8816
20151104 092738 8816
20151104 092739 8816
20151104 092739 8816
20151104 092740 8816
20151104 092741 8816
20151104 092741 8816
20151104 092742 8817
20151104 092742 8817
20151104 092747 8820
20151104 092750 8813
20151104 092750 8816
20151104 092754 8813
20151104 092755 8814
20151104 092757 8813
20151104 092757 8813
20151104 092757 8814
20151104 092757 8814
20151104 092757 8814
20151104 092758 8813
20151104 092759 8813
20151104 092759 8817
20151104 092801 8813
20151104 092802 8805
20151104 092802 8815
20151104 092802 8815
20151104 092802 8815
20151104 092807 8815
20151104 092808 8789
20151104 092809 8815
20151104 092811 8814
20151104 092811 8814
20151104 092813 8814
20151104 092814 8814
20151104 092822 8814
20151104 092823 8795
20151104 092824 8811
20151104 092828 8817
20151104 092829 8811
20151104 092838 8810
20151104 092842 8801
20151104 092842 8816
20151104 092842 8817
20151104 092844 8809
20151104 092845 8809
20151104 092846 8809
20151104 092853 8805
20151104 092853 8805
20151104 092853 8812
20151104 092857 8803
20151104 092857 8803
20151104 092858 8803
20151104 092902 8803
20151104 092902 8804
20151104 092907 8806
20151104 092907 8806
20151104 092916 8807
20151104 092916 8807
20151104 092916 8807
20151104 092916 8807
20151104 092916 8807
20151104 092916 8807
20151104 092916 8807
20151104 092916 8807
20151104 092918 8811
20151104 092919 8808
20151104 092919 8808
20151104 092920 8808
20151104 092921 8808
20151104 092922 8808
20151104 092922 8808
20151104 092924 8808
20151104 092932 8808
20151104 092935 8811
20151104 092935 8811
20151104 092936 8811
20151104 092936 8811
20151104 092936 8812
20151104 092936 8813
20151104 092936 8813
20151104 092936 8814
20151104 092936 8817
20151104 092936 8817
20151104 092938 8811
20151104 092938 8811
20151104 092938 8814
20151104 092952 8811
20151104 092955 8811
20151104 092955 8812
20151104 093000 8813
20151104 093000 8814
20151104 093000 8817
20151104 093001 8815
20151104 093002 8809
20151104 093002 8809
20151104 093010 8808
20151104 093011 8807
20151104 093011 8807
20151104 093013 8808
20151104 093015 8808
20151104 093017 8809
20151104 093024 8809
20151104 093025 8809
20151104 093025 8809
20151104 093030 8815
20151104 093043 8808
20151104 093046 8808
20151104 093046 8808
20151104 093046 8808
20151104 093047 8812
20151104 093050 8808
20151104 093100 8808
20151104 093100 8809
20151104 093124 8809
20151104 093128 8810
20151104 093145 8812
20151104 093149 8808
20151104 093150 8809
20151104 093153 8810
20151104 093154 8810
20151104 093155 8810
20151104 093155 8814
20151104 093157 8809
20151104 093159 8810
20151104 093201 8811
20151104 093201 8811
20151104 093201 8811
20151104 093202 8811
20151104 093202 8811
20151104 093202 8811
20151104 093202 8811
20151104 093202 8811
20151104 093202 8811
20151104 093202 8811
20151104 093202 8811
20151104 093202 8811
20151104 093202 8811
20151104 093202 8812
20151104 093204 8812
20151104 093206 8812
20151104 093206 8813
20151104 093206 8813
20151104 093207 8812
20151104 093207 8813
20151104 093207 8813
20151104 093207 8813
20151104 093207 8813
20151104 093207 8813
20151104 093207 8816
20151104 093207 8817
20151104 093212 8813
20151104 093212 8813
20151104 093212 8813
20151104 093212 8813
20151104 093212 8817
20151104 093214 8813
20151104 093214 8813
20151104 093243 8816
20151104 093243 8816
20151104 093243 8816
20151104 093243 8816
20151104 093243 8816
20151104 093243 8816
20151104 093243 8816
20151104 093243 8820
20151104 093244 8817
20151104 093244 8817
20151104 093244 8817
20151104 093244 8817
20151104 093244 8817
20151104 093244 8817
20151104 093244 8821
20151104 093244 8821
20151104 093245 8819
20151104 093245 8819
20151104 093245 8819
20151104 093245 8819
20151104 093245 8819
20151104 093245 8819
20151104 093245 8819
20151104 093245 8819
20151104 093245 8820
20151104 093245 8820
20151104 093245 8820
20151104 093245 8820
20151104 093245 8820
20151104 093245 8824
20151104 093246 8800
20151104 093246 8820
20151104 093246 8821
20151104 093246 8821
20151104 093246 8821
20151104 093246 8821
20151104 093246 8821
20151104 093246 8821
20151104 093246 8821
20151104 093246 8821
20151104 093246 8821
20151104 093246 8821
20151104 093246 8821
20151104 093246 8822
20151104 093246 8822
20151104 093246 8822
20151104 093246 8826
20151104 093246 8826
20151104 093247 8822
20151104 093249 8821
20151104 093249 8822
20151104 093250 8823
20151104 093250 8823
20151104 093251 8822
20151104 093251 8823
20151104 093251 8824
20151104 093252 8824
20151104 093252 8824
20151104 093252 8824
20151104 093252 8824
20151104 093253 8822
20151104 093253 8824
20151104 093256 8800
20151104 093256 8826
20151104 093256 8826
20151104 093256 8826
20151104 093256 8826
20151104 093256 8826
20151104 093256 8826
20151104 093256 8830
20151104 093257 8827
20151104 093257 8828
20151104 093257 8828
20151104 093257 8828
20151104 093257 8828
20151104 093257 8828
20151104 093257 8828
20151104 093257 8829
20151104 093257 8829
20151104 093257 8829
20151104 093257 8831
20151104 093300 8827
20151104 093301 8831
20151104 093301 8831
20151104 093301 8831
20151104 093301 8831
20151104 093301 8831
20151104 093301 8831
20151104 093301 8831
20151104 093301 8831
20151104 093301 8831
20151104 093301 8831
20151104 093301 8832
20151104 093301 8835
20151104 093301 8835
20151104 093301 8835
20151104 093301 8835
20151104 093302 8833
20151104 093302 8833
20151104 093302 8833
20151104 093302 8833
20151104 093302 8834
20151104 093302 8837
20151104 093302 8837
20151104 093302 8838
20151104 093304 8831
20151104 093308 8833
20151104 093317 8833
20151104 093320 8831
20151104 093321 8832
20151104 093328 8831
20151104 093328 8838
20151104 093334 8831
20151104 093334 8831
20151104 093334 8831
20151104 093340 8831
20151104 093400 8827
20151104 093404 8827
20151104 093404 8827
20151104 093406 8824
20151104 093407 8807
20151104 093407 8807
20151104 093407 8825
20151104 093408 8807
20151104 093421 8823
20151104 093427 8822
20151104 093428 8827
20151104 093432 8824
20151104 093433 8823
20151104 093433 8823
20151104 093435 8822
20151104 093435 8826
20151104 093437 8798
20151104 093440 8821
20151104 093446 8822
20151104 093447 8821
20151104 093449 8823
20151104 093450 8824
20151104 093450 8824
20151104 093455 8823
20151104 093455 8823
20151104 093455 8823
20151104 093457 8816
20151104 093457 8816
20151104 093501 8824
20151104 093501 8826
20151104 093501 8826
20151104 093501 8826
20151104 093501 8826
20151104 093501 8826
20151104 093501 8826
20151104 093501 8826
20151104 093501 8826
20151104 093501 8826
20151104 093501 8826
20151104 093501 8827
20151104 093501 8827
20151104 093501 8827
20151104 093502 8828
20151104 093502 8828
20151104 093504 8809
20151104 093510 8828
20151104 093510 8828
20151104 093517 8828
20151104 093517 8828
20151104 093521 8829
20151104 093523 8828
20151104 093523 8829
20151104 093524 8830
20151104 093524 8831
20151104 093524 8831
20151104 093524 8831
20151104 093529 8830
20151104 093530 8830
20151104 093531 8836
20151104 093536 8833
20151104 093537 8834
20151104 093537 8834
20151104 093537 8835
20151104 093537 8835
20151104 093537 8836
20151104 093538 8811
20151104 093538 8835
20151104 093538 8836
20151104 093538 8836
20151104 093538 8836
20151104 093538 8836
20151104 093538 8836
20151104 093538 8836
20151104 093538 8836
20151104 093538 8836
20151104 093538 8836
20151104 093538 8836
20151104 093539 8836
20151104 093539 8836
20151104 093541 8835
20151104 093545 8835
20151104 093546 8836
20151104 093547 8837
20151104 093547 8837
20151104 093551 8838
20151104 093551 8838
20151104 093551 8838
20151104 093552 8843
20151104 093552 8843
20151104 093553 8844
20151104 093553 8844
20151104 093600 8838
20151104 093600 8844
20151104 093601 8841
20151104 093601 8841
20151104 093601 8841
20151104 093601 8842
20151104 093601 8842
20151104 093601 8842
20151104 093601 8842
20151104 093601 8842
20151104 093601 8842
20151104 093601 8843
20151104 093601 8843
20151104 093601 8843
20151104 093601 8843
20151104 093601 8844
20151104 093601 8844
20151104 093601 8846
20151104 093602 8844
20151104 093602 8844
20151104 093605 8841
20151104 093605 8841
20151104 093608 8843
20151104 093608 8845
20151104 093608 8845
20151104 093617 8842
20151104 093617 8842
20151104 093617 8843
20151104 093617 8843
20151104 093617 8843
20151104 093618 8844
20151104 093621 8843
20151104 093622 8842
20151104 093625 8840
20151104 093625 8840
20151104 093625 8840
20151104 093625 8840
20151104 093627 8840
20151104 093627 8844
20151104 093631 8840
20151104 093631 8840
20151104 093632 8840
20151104 093650 8841
20151104 093650 8841
20151104 093651 8841
20151104 093655 8840
20151104 093657 8841
20151104 093657 8841
20151104 093659 8842
20151104 093659 8842
20151104 093659 8842
20151104 093700 8841
20151104 093700 8842
20151104 093701 8841
20151104 093702 8841
20151104 093706 8841
20151104 093709 8842
20151104 093710 8843
20151104 093715 8842
20151104 093716 8842
20151104 093719 8843
20151104 093719 8843
20151104 093720 8842
20151104 093721 8842
20151104 093726 8842
20151104 093730 8842
20151104 093730 8842
20151104 093730 8842
20151104 093730 8842
20151104 093730 8842
20151104 093732 8818
20151104 093732 8843
20151104 093733 8843
20151104 093733 8847
20151104 093735 8843
20151104 093737 8845
20151104 093737 8845
20151104 093737 8845
20151104 093737 8845
20151104 093737 8845
20151104 093737 8845
20151104 093737 8846
20151104 093737 8846
20151104 093737 8846
20151104 093737 8846
20151104 093737 8846
20151104 093737 8846
20151104 093737 8846
20151104 093738 8846
20151104 093738 8846
20151104 093738 8846
20151104 093738 8846
20151104 093738 8846
20151104 093738 8846
20151104 093739 8845
20151104 093739 8846
20151104 093739 8846
20151104 093739 8846
20151104 093739 8846
20151104 093739 8846
20151104 093739 8846
20151104 093739 8846
20151104 093739 8846
20151104 093741 8852
20151104 093742 8852
20151104 093758 8834
20151104 093758 8850
20151104 093759 8846
20151104 093759 8846
20151104 093800 8846
20151104 093810 8850
20151104 093810 8851
20151104 093813 8843
20151104 093813 8843
20151104 093816 8844
20151104 093822 8843
20151104 093836 8845
20151104 093837 8851
20151104 093844 8845
20151104 093848 8845
20151104 093848 8846
20151104 093848 8846
20151104 093848 8846
20151104 093851 8846
20151104 093857 8846
20151104 093901 8848
20151104 093901 8848
20151104 093903 8848
20151104 093903 8849
20151104 093903 8849
20151104 093904 8850
20151104 093906 8854
20151104 093908 8849
20151104 093908 8849
20151104 093942 8842
20151104 093942 8842
20151104 093942 8843
20151104 093944 8841
20151104 093945 8841
20151104 093948 8841
20151104 093951 8838
20151104 093954 8838
20151104 093958 8839
20151104 094002 8844
20151104 094009 8841
20151104 094010 8840
20151104 094020 8838
20151104 094025 8838
20151104 094027 8837
20151104 094037 8838
20151104 094037 8838
20151104 094042 8839
20151104 094042 8839
20151104 094043 8839
20151104 094045 8839
20151104 094046 8838
20151104 094047 8839
20151104 094053 8838
20151104 094055 8838
20151104 094057 8838
20151104 094107 8838
20151104 094109 8845
20151104 094111 8838
20151104 094119 8843
20151104 094200 8837
20151104 094212 8837
20151104 094228 8835
20151104 094231 8835
20151104 094254 8834
20151104 094256 8838
20151104 094300 8835
20151104 094320 8841
20151104 094341 8836
20151104 094344 8836
20151104 094344 8837
20151104 094346 8837
20151104 094352 8838
20151104 094352 8838
20151104 094352 8838
20151104 094352 8838
20151104 094352 8838
20151104 094352 8838
20151104 094352 8838
20151104 094353 8839
20151104 094356 8841
20151104 094356 8841
20151104 094356 8841
20151104 094356 8841
20151104 094357 8842
20151104 094359 8842
20151104 094400 8843
20151104 094401 8843
20151104 094401 8843
20151104 094401 8844
20151104 094401 8844
20151104 094402 8844
20151104 094403 8845
20151104 094407 8844
20151104 094408 8846
20151104 094408 8846
20151104 094408 8846
20151104 094408 8846
20151104 094409 8846
20151104 094410 8846
20151104 094410 8846
20151104 094410 8846
20151104 094410 8846
20151104 094410 8847
20151104 094410 8847
20151104 094411 8848
20151104 094412 8848
20151104 094413 8851
20151104 094413 8851
20151104 094413 8851
20151104 094413 8851
20151104 094413 8851
20151104 094413 8851
20151104 094413 8851
20151104 094413 8851
20151104 094413 8851
20151104 094414 8852
20151104 094414 8852
20151104 094414 8852
20151104 094414 8852
20151104 094414 8853
20151104 094414 8853
20151104 094414 8853
20151104 094414 8854
20151104 094414 8854
20151104 094414 8854
20151104 094414 8854
20151104 094414 8854
20151104 094414 8854
20151104 094418 8855
20151104 094419 8856
20151104 094420 8856
20151104 094420 8856
20151104 094420 8856
20151104 094421 8856
20151104 094433 8858
20151104 094433 8858
20151104 094433 8858
20151104 094433 8860
20151104 094435 8830
20151104 094435 8859
20151104 094436 8859
20151104 094437 8858
20151104 094439 8858
20151104 094439 8865
20151104 094439 8866
20151104 094439 8866
20151104 094439 8866
20151104 094440 8829
20151104 094441 8828
20151104 094442 8860
20151104 094442 8862
20151104 094442 8862
20151104 094443 8859
20151104 094443 8860
20151104 094443 8860
20151104 094443 8860
20151104 094443 8860
20151104 094444 8862
20151104 094446 8862
20151104 094447 8860
20151104 094449 8862
20151104 094449 8862
20151104 094450 8862
20151104 094450 8862
20151104 094450 8862
20151104 094450 8862
20151104 094450 8862
20151104 094450 8862
20151104 094451 8862
20151104 094451 8862
20151104 094452 8862
20151104 094452 8863
20151104 094453 8862
20151104 094456 8864
20151104 094458 8865
20151104 094459 8865
20151104 094459 8866
20151104 094459 8866
20151104 094500 8858
20151104 094500 8858
20151104 094500 8867
20151104 094500 8867
20151104 094500 8874
20151104 094500 8874
20151104 094501 8869
20151104 094501 8869
20151104 094501 8869
20151104 094506 8863
20151104 094513 8859
20151104 094513 8859
20151104 094518 8859
20151104 094521 8857
20151104 094531 8861
20151104 094532 8860
20151104 094537 8860
20151104 094542 8860
20151104 094552 8860
20151104 094600 8862
20151104 094616 8866
20151104 094619 8858
20151104 094620 8858
20151104 094620 8859
20151104 094621 8856
20151104 094621 8856
20151104 094621 8857
20151104 094621 8859
20151104 094624 8855
20151104 094624 8855
20151104 094632 8857
20151104 094632 8858
20151104 094632 8858
20151104 094635 8860
20151104 094636 8859
20151104 094637 8861
20151104 094640 8861
20151104 094646 8859
20151104 094653 8861
20151104 094654 8860
20151104 094700 8861
20151104 094700 8861
20151104 094700 8862
20151104 094700 8862
20151104 094700 8862
20151104 094701 8863
20151104 094701 8863
20151104 094704 8865
20151104 094704 8865
20151104 094704 8865
20151104 094704 8866
20151104 094704 8866
20151104 094704 8866
20151104 094704 8866
20151104 094704 8866
20151104 094704 8867
20151104 094704 8867
20151104 094705 8868
20151104 094705 8868
20151104 094705 8869
20151104 094705 8869
20151104 094705 8869
20151104 094705 8869
20151104 094705 8869
20151104 094705 8870
20151104 094705 8870
20151104 094705 8870
20151104 094705 8870
20151104 094705 8871
20151104 094705 8871
20151104 094705 8871
20151104 094705 8871
20151104 094705 8871
20151104 094705 8871
20151104 094705 8872
20151104 094705 8872
20151104 094707 8866
20151104 094707 8866
20151104 094709 8868
20151104 094710 8868
20151104 094711 8869
20151104 094716 8843
20151104 094722 8863
20151104 094722 8864
20151104 094722 8865
20151104 094722 8865
20151104 094722 8866
20151104 094730 8863
20151104 094748 8865
20151104 094750 8864
20151104 094752 8863
20151104 094754 8864
20151104 094757 8863
20151104 094801 8864
20151104 094802 8864
20151104 094805 8863
20151104 094810 8863
20151104 094813 8868
20151104 094814 8867
20151104 094816 8864
20151104 094817 8864
20151104 094821 8864
20151104 094823 8863
20151104 094823 8863
20151104 094825 8864
20151104 094846 8863
20151104 094847 8864
20151104 094848 8864
20151104 094904 8864
20151104 094909 8864
20151104 094911 8865
20151104 094911 8866
20151104 094911 8866
20151104 094911 8866
20151104 094911 8866
20151104 094911 8866
20151104 094911 8866
20151104 094912 8865
20151104 094913 8867
20151104 094915 8865
20151104 094917 8868
20151104 094934 8866
20151104 094934 8866
20151104 094935 8866
20151104 094935 8866
20151104 094938 8867
20151104 094940 8866
20151104 094940 8866
20151104 094942 8867
20151104 094943 8867
20151104 094944 8867
20151104 094945 8868
20151104 094947 8868
20151104 094947 8868
20151104 094948 8867
20151104 094948 8867
20151104 094948 8868
20151104 094950 8868
20151104 094951 8868
20151104 094951 8869
20151104 094951 8869
20151104 094951 8869
20151104 094952 8869
20151104 094952 8874
20151104 094955 8869
20151104 094956 8871
20151104 095000 8873
20151104 095000 8873
20151104 095000 8873
20151104 095001 8874
20151104 095001 8874
20151104 095001 8874
20151104 095001 8874
20151104 095001 8874
20151104 095002 8874
20151104 095002 8874
20151104 095003 8873
20151104 095004 8873
20151104 095004 8875
20151104 095004 8875
20151104 095007 8876
20151104 095007 8876
20151104 095007 8876
20151104 095008 8876
20151104 095008 8876
20151104 095008 8876
20151104 095008 8876
20151104 095008 8876
20151104 095008 8876
20151104 095008 8876
20151104 095008 8876
20151104 095008 8876
20151104 095008 8876
20151104 095009 8876
20151104 095009 8876
20151104 095009 8876
20151104 095010 8876
20151104 095011 8875
20151104 095011 8875
20151104 095012 8843
20151104 095013 8875
20151104 095014 8876
20151104 095017 8868
20151104 095017 8884
20151104 095018 8845
20151104 095020 8884
20151104 095037 8880
20151104 095041 8879
20151104 095042 8879
20151104 095048 8881
20151104 095051 8886
20151104 095054 8870
20151104 095056 8884
20151104 095056 8884
20151104 095056 8884
20151104 095056 8884
20151104 095056 8884
20151104 095056 8884
20151104 095056 8884
20151104 095057 8884
20151104 095057 8884
20151104 095057 8884
20151104 095100 8883
20151104 095102 8884
20151104 095102 8884
20151104 095102 8884
20151104 095102 8884
20151104 095103 8884
20151104 095103 8884
20151104 095103 8884
20151104 095105 8884
20151104 095110 8883
20151104 095114 8884
20151104 095116 8884
20151104 095116 8885
20151104 095116 8885
20151104 095116 8885
20151104 095116 8885
20151104 095123 8886
20151104 095123 8886
20151104 095123 8886
20151104 095123 8886
20151104 095123 8886
20151104 095123 8886
20151104 095123 8886
20151104 095123 8886
20151104 095127 8886
20151104 095129 8848
20151104 095129 8851
20151104 095130 8892
20151104 095136 8888
20151104 095136 8894
20151104 095137 8889
20151104 095137 8889
20151104 095137 8896
20151104 095137 8896
20151104 095138 8889
20151104 095139 8889
20151104 095139 8889
20151104 095139 8889
20151104 095139 8889
20151104 095139 8897
20151104 095141 8893
20151104 095141 8893
20151104 095142 8893
20151104 095143 8891
20151104 095145 8894
20151104 095147 8897
20151104 095152 8894
20151104 095152 8894
20151104 095152 8894
20151104 095152 8895
20151104 095153 8895
20151104 095153 8895
20151104 095154 8895
20151104 095155 8895
20151104 095155 8896
20151104 095155 8896
20151104 095156 8888
20151104 095156 8904
20151104 095156 8904
20151104 095200 8904
20151104 095205 8893
20151104 095205 8893
20151104 095205 8894
20151104 095205 8894
20151104 095205 8895
20151104 095208 8892
20151104 095209 8892
20151104 095209 8893
20151104 095209 8893
20151104 095209 8899
20151104 095210 8854
20151104 095210 8892
20151104 095211 8891
20151104 095211 8892
20151104 095213 8892
20151104 095214 8892
20151104 095216 8891
20151104 095217 8889
20151104 095218 8888
20151104 095219 8888
20151104 095224 8896
20151104 095226 8889
20151104 095226 8889
20151104 095226 8889
20151104 095226 8890
20151104 095226 8890
20151104 095226 8896
20151104 095232 8890
20151104 095236 8889
20151104 095239 8855
20151104 095240 8886
20151104 095246 8883
20151104 095250 8884
20151104 095250 8892
20151104 095252 8890
20151104 095254 8883
20151104 095255 8883
20151104 095303 8885
20151104 095303 8885
20151104 095303 8885
20151104 095305 8885
20151104 095307 8884
20151104 095309 8885
20151104 095309 8885
20151104 095309 8885
20151104 095310 8886
20151104 095312 8885
20151104 095313 8886
20151104 095315 8886
20151104 095316 8886
20151104 095320 8886
20151104 095320 8886
20151104 095332 8886
20151104 095332 8886
20151104 095338 8893
20151104 095348 8876
20151104 095401 8887
20151104 095405 8888
20151104 095405 8888
20151104 095405 8888
20151104 095405 8888
20151104 095405 8888
20151104 095405 8893
20151104 095410 8888
20151104 095412 8887
20151104 095416 8886
20151104 095418 8884
20151104 095418 8884
20151104 095419 8885
20151104 095423 8883
20151104 095423 8883
20151104 095423 8883
20151104 095423 8883
20151104 095425 8883
20151104 095431 8883
20151104 095431 8883
20151104 095434 8883
20151104 095437 8881
20151104 095437 8881
20151104 095440 8880
20151104 095442 8880
20151104 095442 8880
20151104 095442 8880
20151104 095442 8880
20151104 095444 8879
20151104 095444 8879
20151104 095444 8880
20151104 095444 8880
20151104 095453 8878
20151104 095453 8878
20151104 095456 8878
20151104 095458 8877
20151104 095500 8877
20151104 095500 8877
20151104 095507 8880
20151104 095507 8880
20151104 095510 8879
20151104 095519 8879
20151104 095524 8879
20151104 095525 8879
20151104 095526 8879
20151104 095536 8879
20151104 095538 8880
20151104 095538 8880
20151104 095541 8879
20151104 095542 8879
20151104 095546 8879
20151104 095548 8880
20151104 095549 8881
20151104 095550 8882
20151104 095550 8883
20151104 095551 8884
20151104 095551 8884
20151104 095551 8884
20151104 095551 8885
20151104 095551 8889
20151104 095551 8889
20151104 095555 8884
20151104 095555 8885
20151104 095555 8889
20151104 095556 8885
20151104 095557 8885
20151104 095557 8886
20151104 095559 8886
20151104 095559 8891
20151104 095603 8884
20151104 095603 8889
20151104 095604 8884
20151104 095604 8886
20151104 095619 8883
20151104 095621 8883
20151104 095628 8881
20151104 095633 8880
20151104 095657 8885
20151104 095657 8885
20151104 095700 8880
20151104 095705 8884
20151104 095705 8884
20151104 095723 8874
20151104 095723 8875
20151104 095723 8875
20151104 095723 8875
20151104 095723 8875
20151104 095723 8876
20151104 095725 8875
20151104 095728 8884
20151104 095731 8877
20151104 095734 8875
20151104 095736 8874
20151104 095740 8873
20151104 095745 8872
20151104 095746 8872
20151104 095754 8840
20151104 095756 8838
20151104 095801 8870
20151104 095812 8870
20151104 095816 8869
20151104 095849 8878
20151104 095900 8873
20151104 095900 8873
20151104 095900 8873
20151104 095900 8873
20151104 095900 8878
20151104 095907 8874
20151104 095908 8875
20151104 095908 8875
20151104 095908 8875
20151104 095908 8875
20151104 095908 8876
20151104 095908 8876
20151104 095909 8877
20151104 095926 8874
20151104 095928 8874
20151104 095928 8874
20151104 095930 8873
20151104 095930 8873
20151104 095930 8873
20151104 095930 8873
20151104 095931 8874
20151104 095932 8874
20151104 095932 8874
20151104 095932 8874
20151104 095932 8874
20151104 095934 8875
20151104 095936 8875
20151104 095936 8875
20151104 095936 8875
20151104 095948 8875
20151104 095948 8875
20151104 100004 8875
20151104 100004 8875
20151104 100004 8875
20151104 100004 8875
20151104 100004 8881
20151104 100014 8873
20151104 100020 8871
20151104 100020 8872
20151104 100026 8871
20151104 100026 8871
20151104 100028 8841
20151104 100034 8874
20151104 100034 8875
20151104 100034 8875
20151104 100034 8875
20151104 100034 8875
20151104 100035 8874
20151104 100037 8884
20151104 100037 8884
20151104 100047 8874
20151104 100047 8875
20151104 100054 8873
20151104 100106 8875
20151104 100107 8875
20151104 100109 8877
20151104 100109 8879
20151104 100109 8879
20151104 100109 8879
20151104 100109 8879
20151104 100109 8880
20151104 100109 8882
20151104 100109 8883
20151104 100109 8883
20151104 100109 8883
20151104 100109 8884
20151104 100110 8883
20151104 100110 8883
20151104 100114 8883
20151104 100115 8882
20151104 100120 8883
20151104 100139 8879
20151104 100145 8879
20151104 100151 8879
20151104 100207 8877
20151104 100252 8882
20151104 100301 8878
20151104 100341 8885
20151104 100348 8875
20151104 100349 8873
20151104 100349 8873
20151104 100349 8874
20151104 100349 8875
20151104 100349 8875
20151104 100415 8872
20151104 100415 8873
20151104 100418 8872
20151104 100418 8872
20151104 100420 8871
20151104 100454 8871
20151104 100521 8875
20151104 100521 8876
20151104 100525 8876
20151104 100531 8877
20151104 100555 8874
20151104 100610 8874
20151104 100616 8873
20151104 100619 8871
20151104 100620 8871
20151104 100633 8871
20151104 100645 8871
20151104 100653 8868
20151104 100655 8867
20151104 100655 8867
20151104 100655 8867
20151104 100656 8867
20151104 100708 8867
20151104 100711 8868
20151104 100727 8868
20151104 100737 8868
20151104 100737 8868
20151104 100737 8868
20151104 100738 8869
20151104 100739 8868
20151104 100750 8867
20151104 100750 8867
20151104 100750 8867
20151104 100750 8867
20151104 100750 8872
20151104 100750 8872
20151104 100750 8872
20151104 100750 8872
20151104 100750 8872
20151104 100750 8872
20151104 100750 8872
20151104 100750 8872
20151104 100750 8873
20151104 100759 8865
20151104 100759 8865
20151104 100800 8862
20151104 100800 8862
20151104 100800 8862
20151104 100800 8863
20151104 100800 8863
20151104 100801 8862
20151104 100809 8863
20151104 100809 8868
20151104 100841 8863
20151104 100857 8863
20151104 100857 8863
20151104 100857 8863
20151104 100905 8863
20151104 100930 8859
20151104 100944 8857
20151104 100950 8856
20151104 100950 8856
20151104 100950 8856
20151104 100950 8856
20151104 100950 8856
20151104 100950 8856
20151104 100950 8856
20151104 100950 8856
20151104 100950 8856
20151104 100950 8856
20151104 100951 8855
20151104 100955 8855
20151104 100956 8855
20151104 100957 8853
20151104 100957 8853
20151104 100957 8854
20151104 101001 8855
20151104 101005 8855
20151104 101005 8855
20151104 101005 8855
20151104 101006 8856
20151104 101007 8856
20151104 101007 8856
20151104 101007 8856
20151104 101014 8855
20151104 101014 8855
20151104 101014 8855
20151104 101014 8855
20151104 101014 8855
20151104 101014 8855
20151104 101014 8855
20151104 101014 8856
20151104 101016 8857
20151104 101019 8860
20151104 101019 8860
20151104 101025 8860
20151104 101025 8861
20151104 101033 8861
20151104 101033 8861
20151104 101033 8866
20151104 101044 8861
20151104 101100 8863
20151104 101101 8863
20151104 101101 8863
20151104 101103 8863
20151104 101106 8864
20151104 101106 8864
20151104 101106 8864
20151104 101109 8865
20151104 101114 8867
20151104 101127 8866
20151104 101135 8865
20151104 101153 8865
20151104 101159 8866
20151104 101211 8867
20151104 101213 8867
20151104 101215 8867
20151104 101225 8869
20151104 101225 8869
20151104 101228 8870
20151104 101228 8870
20151104 101229 8871
20151104 101229 8876
20151104 101231 8872
20151104 101237 8870
20151104 101251 8872
20151104 101312 8871
20151104 101321 8872
20151104 101324 8873
20151104 101324 8873
20151104 101324 8874
20151104 101324 8874
20151104 101324 8875
20151104 101324 8875
20151104 101324 8875
20151104 101325 8875
20151104 101331 8875
20151104 101333 8846
20151104 101333 8847
20151104 101352 8856
20151104 101405 8874
20151104 101434 8874
20151104 101436 8874
20151104 101442 8875
20151104 101442 8876
20151104 101443 8876
20151104 101443 8877
20151104 101443 8877
20151104 101443 8877
20151104 101443 8877
20151104 101443 8878
20151104 101443 8878
20151104 101443 8882
20151104 101443 8882
20151104 101447 8878
20151104 101458 8877
20151104 101508 8880
20151104 101508 8880
20151104 101508 8880
20151104 101510 8880
20151104 101516 8881
20151104 101518 8881
20151104 101518 8882
20151104 101519 8883
20151104 101519 8883
20151104 101519 8884
20151104 101520 8881
20151104 101528 8882
20151104 101529 8882
20151104 101532 8883
20151104 101608 8843
20151104 101622 8881
20151104 101626 8857
20151104 101629 8881
20151104 101629 8881
20151104 101629 8881
20151104 101629 8881
20151104 101629 8881
20151104 101629 8882
20151104 101651 8880
20151104 101658 8877
20151104 101659 8877
20151104 101659 8877
20151104 101659 8877
20151104 101659 8877
20151104 101702 8874
20151104 101702 8875
20151104 101705 8872
20151104 101734 8872
20151104 101734 8872
20151104 101835 8873
20151104 101845 8871
20151104 101846 8870
20151104 101919 8875
20151104 102028 8879
20151104 102045 8877
20151104 102107 8880
20151104 102107 8880
20151104 102107 8880
20151104 102110 8881
20151104 102113 8881
20151104 102113 8881
20151104 102114 8881
20151104 102127 8881
20151104 102136 8878
20151104 102149 8877
20151104 102149 8877
20151104 102149 8878
20151104 102215 8880
20151104 102215 8880
20151104 102215 8881
20151104 102215 8881
20151104 102258 8881
20151104 102301 8882
20151104 102301 8883
20151104 102301 8883
20151104 102301 8883
20151104 102301 8883
20151104 102301 8884
20151104 102302 8885
20151104 102302 8885
20151104 102302 8885
20151104 102303 8885
20151104 102303 8885
20151104 102311 8882
20151104 102316 8873
20151104 102316 8875
20151104 102316 8876
20151104 102316 8876
20151104 102316 8877
20151104 102316 8877
20151104 102316 8877
20151104 102317 8874
20151104 102317 8874
20151104 102323 8872
20151104 102323 8872
20151104 102328 8871
20151104 102330 8872
20151104 102335 8872
20151104 102335 8872
20151104 102354 8867
20151104 102354 8867
20151104 102354 8867
20151104 102354 8867
20151104 102354 8869
20151104 102354 8869
20151104 102354 8869
20151104 102354 8869
20151104 102354 8869
20151104 102354 8869
20151104 102354 8869
20151104 102443 8871
20151104 102443 8871
20151104 102456 8848
20151104 102622 8875
20151104 102622 8875
20151104 102633 8879
20151104 102634 8879
20151104 102640 8877
20151104 102659 8879
20151104 102716 8872
20151104 102722 8871
20151104 102918 8848
20151104 102918 8851
20151104 102951 8871
20151104 103005 8873
20151104 103005 8873
20151104 103005 8873
20151104 103005 8873
20151104 103005 8873
20151104 103005 8873
20151104 103007 8874
20151104 103142 8876
20151104 103151 8871
20151104 103151 8876
20151104 103204 8867
20151104 103310 8870
20151104 103310 8870
20151104 103310 8870
20151104 103310 8875
20151104 103316 8840
20151104 103320 8870
20151104 103325 8871
20151104 103327 8872
20151104 103352 8871
20151104 103412 8873
20151104 103420 8873
20151104 103420 8873
20151104 103436 8874
20151104 103520 8870
20151104 103606 8840
20151104 103653 8867
20151104 103706 8868
20151104 103739 8867
20151104 103747 8868
20151104 103806 8869
20151104 103807 8868
20151104 103813 8870
20151104 103818 8871
20151104 103819 8872
20151104 103822 8871
20151104 103827 8872
20151104 103827 8877
20151104 103829 8872
20151104 103829 8873
20151104 103840 8872
20151104 103908 8874
20151104 103909 8875
20151104 103910 8875
20151104 103913 8873
20151104 103919 8876
20151104 103919 8881
20151104 103926 8873
20151104 103958 8865
20151104 103959 8872
20151104 104017 8867
20151104 104017 8867
20151104 104017 8867
20151104 104017 8868
20151104 104106 8868
20151104 104106 8868
20151104 104106 8868
20151104 104330 8869
20151104 104413 8870
20151104 104417 8872
20151104 104417 8872
20151104 104424 8873
20151104 104621 8873
20151104 104818 8871
20151104 104821 8865
20151104 104821 8872
20151104 104821 8872
20151104 104851 8874
20151104 104851 8874
20151104 104852 8875
20151104 104852 8875
20151104 104852 8876
20151104 104852 8876
20151104 104852 8877
20151104 104911 8877
20151104 104921 8877
20151104 104932 8842
20151104 104932 8843
20151104 104934 8869
20151104 104955 8876
20151104 105008 8877
20151104 105009 8877
20151104 105010 8875
20151104 105034 8877
20151104 105050 8878
20151104 105051 8877
20151104 105100 8878
20151104 105101 8866
20151104 105101 8881
20151104 105112 8869
20151104 105141 8873
20151104 105228 8875
20151104 105318 8875
20151104 105410 8876
20151104 105446 8846
20151104 105513 8878
20151104 105513 8878
20151104 105513 8878
20151104 105529 8878
20151104 105554 8878
20151104 105633 8882
20151104 105709 8881
20151104 105709 8881
20151104 105709 8881
20151104 105710 8882
20151104 105710 8882
20151104 105723 8881
20151104 105731 8881
20151104 105742 8882
20151104 105852 8880
20151104 105852 8880
20151104 105852 8880
20151104 105852 8880
20151104 105906 8880
20151104 105911 8880
20151104 105911 8880
20151104 110005 8877
20151104 110051 8880
20151104 110140 8869
20151104 110140 8884
20151104 110300 8882
20151104 110300 8882
20151104 110300 8882
20151104 110506 8877
20151104 110506 8877
20151104 110506 8877
20151104 110506 8877
20151104 110510 8876
20151104 110533 8875
20151104 110533 8875
20151104 110538 8846
20151104 110538 8874
20151104 110542 8874
20151104 110558 8850
20151104 110640 8872
20151104 110654 8874
20151104 110659 8874
20151104 110840 8876
20151104 110840 8876
20151104 110841 8877
20151104 110841 8877
20151104 110841 8878
20151104 110845 8880
20151104 110846 8882
20151104 110936 8879
20151104 110942 8879
20151104 110949 8879
20151104 110950 8879
20151104 110950 8880
20151104 111000 8877
20151104 111140 8867
20151104 111140 8875
20151104 111140 8875
20151104 111140 8875
20151104 111140 8876
20151104 111140 8876
20151104 111140 8876
20151104 111140 8878
20151104 111313 8870
20151104 111313 8871
20151104 111313 8871
20151104 111313 8871
20151104 111313 8872
20151104 111313 8872
20151104 111313 8873
20151104 111548 8872
20151104 111623 8871
20151104 111623 8871
20151104 111623 8876
20151104 111632 8873
20151104 111824 8862
20151104 111824 8862
20151104 111824 8863
20151104 111824 8871
20151104 111824 8877
20151104 111824 8877
20151104 111824 8878
20151104 112008 8873
20151104 112008 8873
20151104 112015 8874
20151104 112302 8875
20151104 112305 8875
20151104 112306 8875
20151104 112314 8875
20151104 112315 8875
20151104 112333 8876
20151104 112341 8882
20151104 112343 8877
20151104 112343 8877
20151104 112343 8877
20151104 112353 8881
20151104 112438 8876
20151104 112438 8883
20151104 112732 8877
20151104 112732 8877
20151104 112934 8879
20151104 112935 8880
20151104 113015 8873
20151104 113034 8882
20151104 113034 8882
20151104 113034 8882
20151104 113034 8882
20151104 113034 8883
20151104 113034 8883
20151104 113035 8883
20151104 113035 8883
20151104 113036 8883
20151104 113107 8881
20151104 113138 8884
20151104 113139 8890
20151104 113145 8884
20151104 113150 8890
20151104 113150 8890
20151104 113151 8885
20151104 113204 8885
20151104 113204 8885
20151104 113204 8885
20151104 113214 8890
20151104 113217 8885
20151104 113219 8885
20151104 113220 8885
20151104 113310 8883
20151104 113310 8883
20151104 113311 8881
20151104 113313 8881
20151104 113317 8880
20151104 113337 8881
20151104 113352 8880
20151104 113402 8880
20151104 113406 8880
20151104 113407 8887
20151104 113410 8881
20151104 113436 8884
20151104 113459 8884
20151104 113513 8882
20151104 113515 8888
20151104 113601 8882
20151104 113736 8880
20151104 113737 8878
20151104 113806 8880
20151104 113833 8880
20151104 113901 8881
20151104 113910 8880
20151104 114008 8881
20151104 114107 8881
20151104 114206 8880
20151104 114258 8879
20151104 114323 8880
20151104 114422 8878
20151104 114422 8878
20151104 114536 8879
20151104 114541 8878
20151104 114558 8879
20151104 114601 8879
20151104 114601 8879
20151104 114601 8880
20151104 114702 8879
20151104 115027 8869
20151104 115027 8884
20151104 115147 8868
20151104 115149 8877
20151104 115152 8877
20151104 115155 8878
20151104 115155 8878
20151104 115155 8878
20151104 115155 8878
20151104 115339 8878
20151104 115404 8879
20151104 115517 8880
20151104 115530 8880
20151104 115631 8856
20151104 115645 8882
20151104 115646 8883
20151104 115646 8883
20151104 115649 8883
20151104 115731 8883
20151104 115757 8882
20151104 115927 8881
20151104 120258 8880
20151104 120259 8881
20151104 120330 8858
20151104 120615 8881
20151104 120615 8881
20151104 120713 8880
20151104 120727 8877
20151104 120727 8877
20151104 120727 8878
20151104 120727 8878
20151104 120727 8878
20151104 120727 8878
20151104 120728 8866
20151104 120728 8873
20151104 120728 8873
20151104 120728 8874
20151104 120728 8874
20151104 120728 8875
20151104 120728 8875
20151104 120728 8875
20151104 120728 8875
20151104 120728 8875
20151104 120728 8875
20151104 120728 8876
20151104 120728 8876
20151104 120728 8876
20151104 120728 8876
20151104 120729 8872
20151104 120729 8872
20151104 120729 8872
20151104 120816 8877
20151104 120816 8877
20151104 120816 8877
20151104 120817 8877
20151104 120817 8877
20151104 120819 8877
20151104 120830 8876
20151104 120836 8876
20151104 120836 8876
20151104 120836 8876
20151104 120836 8876
20151104 120836 8876
20151104 120836 8876
20151104 120836 8876
20151104 120836 8876
20151104 120836 8876
20151104 120836 8876
20151104 120836 8876
20151104 120836 8876
20151104 120836 8876
20151104 120836 8876
20151104 120902 8863
20151104 121058 8869
20151104 121248 8879
20151104 121248 8880
20151104 121338 8879
20151104 121930 8880
20151104 121951 8879
20151104 121959 8880
20151104 122005 8879
20151104 122005 8879
20151104 122018 8879
20151104 122025 8879
20151104 122025 8879
20151104 122050 8879
20151104 122051 8879
20151104 122106 8879
20151104 122109 8879
20151104 122333 8881
20151104 122527 8884
20151104 122527 8884
20151104 122527 8884
20151104 122527 8884
20151104 122527 8884
20151104 122527 8884
20151104 122527 8884
20151104 122528 8885
20151104 122646 8883
20151104 122646 8883
20151104 122725 8886
20151104 122725 8886
20151104 122747 8887
20151104 122807 8887
20151104 122807 8888
20151104 122814 8889
20151104 122814 8889
20151104 122814 8889
20151104 122815 8889
20151104 122815 8889
20151104 122816 8889
20151104 122833 8890
20151104 122833 8890
20151104 122833 8890
20151104 122833 8890
20151104 122833 8891
20151104 122833 8891
20151104 122833 8891
20151104 122833 8891
20151104 122833 8891
20151104 122833 8891
20151104 122833 8891
20151104 122833 8891
20151104 122833 8891
20151104 122833 8891
20151104 122833 8891
20151104 122845 8891
20151104 122845 8891
20151104 122845 8891
20151104 122908 8891
20151104 122908 8891
20151104 122938 8891
20151104 122948 8889
20151104 123046 8890
20151104 123303 8893
20151104 123303 8893
20151104 123303 8893
20151104 123303 8893
20151104 123303 8893
20151104 123303 8894
20151104 123303 8894
20151104 123303 8894
20151104 123304 8894
20151104 123304 8894
20151104 123304 8894
20151104 123304 8894
20151104 123304 8894
20151104 123520 8893
20151104 123528 8893
20151104 123541 8891
20151104 123541 8891
20151104 123541 8891
20151104 123541 8891
20151104 123541 8891
20151104 123550 8891
20151104 123608 8890
20151104 123609 8889
20151104 123623 8888
20151104 123638 8888
20151104 123647 8888
20151104 123657 8888
20151104 123702 8887
20151104 123706 8886
20151104 123709 8887
20151104 123739 8887
20151104 123824 8888
20151104 123954 8894
20151104 124032 8888
20151104 124041 8888
20151104 124049 8888
20151104 124050 8886
20151104 124124 8889
20151104 124224 8887
20151104 124251 8886
20151104 124251 8886
20151104 124318 8885
20151104 124318 8885
20151104 124322 8885
20151104 124415 8887
20151104 124720 8887
20151104 124725 8886
20151104 125048 8887
20151104 125101 8885
20151104 125101 8885
20151104 125101 8885
20151104 125102 8883
20151104 125102 8884
20151104 125102 8884
20151104 125102 8884
20151104 125102 8884
20151104 125102 8884
20151104 125144 8858
20151104 125144 8865
20151104 125306 8886
20151104 125335 8885
20151104 125341 8887
20151104 125341 8887
20151104 125341 8887
20151104 125342 8886
20151104 125407 8886
20151104 125614 8888
20151104 125615 8888
20151104 125618 8888
20151104 125628 8888
20151104 125642 8891
20151104 125642 8891
20151104 125642 8891
20151104 125642 8891
20151104 125642 8891
20151104 125642 8891
20151104 125642 8891
20151104 125643 8891
20151104 125643 8891
20151104 130034 8884
20151104 130034 8884
20151104 130039 8884
20151104 130049 8884
20151104 130051 8883
20151104 130051 8883
20151104 130051 8883
20151104 130051 8884
20151104 130053 8890
20151104 130116 8885
20151104 130120 8890
20151104 130130 8889
20151104 130130 8890
20151104 130130 8890
20151104 130138 8885
20151104 130225 8885
20151104 130256 8889
20151104 130400 8874
20151104 130400 8889
20151104 130423 8889
20151104 130616 8889
20151104 130616 8889
20151104 130626 8889
20151104 130649 8880
20151104 130655 8879
20151104 130656 8879
20151104 130701 8879
20151104 130705 8871
20151104 130711 8880
20151104 130711 8880
20151104 130829 8880
20151104 130851 8881
20151104 130954 8879
20151104 131001 8877
20151104 131002 8877
20151104 131002 8877
20151104 131007 8877
20151104 131007 8877
20151104 131007 8877
20151104 131007 8877
20151104 131008 8877
20151104 131012 8878
20151104 131042 8877
20151104 131151 8880
20151104 131208 8881
20151104 131234 8881
20151104 131305 8881
20151104 131305 8881
20151104 131325 8880
20151104 131403 8877
20151104 131403 8877
20151104 131500 8876
20151104 131500 8877
20151104 131502 8876
20151104 131502 8876
20151104 131727 8879
20151104 132108 8883
20151104 132214 8887
20151104 132300 8879
20151104 132504 8878
20151104 132504 8878
20151104 132508 8879
20151104 132529 8883
20151104 132741 8880
20151104 132836 8886
20151104 132846 8884
20151104 132900 8883
20151104 132928 8887
20151104 133107 8872
20151104 133107 8887
20151104 133127 8890
20151104 133139 8883
20151104 133149 8882
20151104 133159 8882
20151104 133239 8882
20151104 133244 8882
20151104 133303 8889
20151104 133325 8881
20151104 133335 8884
20151104 133344 8885
20151104 133359 8884
20151104 133359 8890
20151104 133406 8884
20151104 133442 8885
20151104 133449 8886
20151104 133450 8885
20151104 133500 8893
20151104 133501 8883
20151104 133502 8882
20151104 133502 8882
20151104 133502 8883
20151104 133503 8882
20151104 133503 8882
20151104 133514 8891
20151104 133540 8884
20151104 133600 8884
20151104 133603 8885
20151104 133617 8883
20151104 133617 8883
20151104 133617 8883
20151104 133618 8883
20151104 133620 8882
20151104 133620 8883
20151104 133624 8882
20151104 133625 8882
20151104 133629 8882
20151104 133632 8883
20151104 133634 8882
20151104 133635 8882
20151104 133636 8882
20151104 133636 8882
20151104 133652 8882
20151104 133656 8882
20151104 133700 8882
20151104 133712 8881
20151104 133712 8881
20151104 133714 8880
20151104 133715 8881
20151104 133732 8881
20151104 133827 8882
20151104 133840 8879
20151104 133901 8878
20151104 133901 8878
20151104 133901 8878
20151104 133901 8878
20151104 133901 8879
20151104 133901 8879
20151104 133901 8879
20151104 133901 8879
20151104 133901 8880
20151104 133901 8880
20151104 133901 8880
20151104 133901 8880
20151104 133901 8880
20151104 133901 8880
20151104 133901 8880
20151104 133901 8880
20151104 133901 8880
20151104 133902 8878
20151104 133902 8878
20151104 133902 8878
20151104 133902 8878
20151104 133902 8879
20151104 133902 8879
20151104 133909 8879
20151104 133919 8888
20151104 133937 8888
20151104 133949 8878
20151104 133949 8879
20151104 133949 8879
20151104 133950 8878
20151104 133950 8878
20151104 133950 8878
20151104 133950 8878
20151104 133950 8878
20151104 133950 8879
20151104 133950 8888
20151104 134004 8878
20151104 134006 8888
20151104 134017 8877
20151104 134031 8888
20151104 134033 8880
20151104 134111 8881
20151104 134144 8882
20151104 134204 8881
20151104 134221 8882
20151104 134240 8890
20151104 134246 8884
20151104 134321 8883
20151104 134342 8884
20151104 134352 8885
20151104 134356 8884
20151104 134406 8884
20151104 134407 8891
20151104 134411 8883
20151104 134411 8884
20151104 134415 8883
20151104 134418 8884
20151104 134435 8877
20151104 134435 8892
20151104 134443 8883
20151104 134444 8884
20151104 134455 8885
