20151117 084500 8371
20151117 084501 8374
20151117 084502 8379
20151117 084503 8380
20151117 084504 8379
20151117 084505 8377
20151117 084507 8379
20151117 084508 8378
20151117 084509 8377
20151117 084510 8377
20151117 084511 8377
20151117 084512 8378
20151117 084514 8380
20151117 084517 8382
20151117 084519 8380
20151117 084521 8382
20151117 084522 8382
20151117 084524 8380
20151117 084527 8382
20151117 084528 8380
20151117 084530 8351
20151117 084533 8382
20151117 084534 8383
20151117 084536 8384
20151117 084539 8391
20151117 084540 8393
20151117 084546 8393
20151117 084550 8393
20151117 084551 8392
20151117 084552 8392
20151117 084554 8392
20151117 084556 8393
20151117 084558 8394
20151117 084559 8394
20151117 084600 8394
20151117 084609 8387
20151117 084621 8388
20151117 084622 8388
20151117 084625 8386
20151117 084629 8387
20151117 084637 8388
20151117 084639 8388
20151117 084641 8387
20151117 084643 8387
20151117 084647 8388
20151117 084655 8387
20151117 084656 8387
20151117 084658 8388
20151117 084707 8386
20151117 084708 8386
20151117 084715 8387
20151117 084726 8386
20151117 084744 8389
20151117 084745 8390
20151117 084801 8386
20151117 084807 8384
20151117 084811 8384
20151117 084832 8387
20151117 084841 8388
20151117 084846 8388
20151117 084903 8391
20151117 084905 8391
20151117 084909 8392
20151117 084921 8393
20151117 084924 8395
20151117 084930 8367
20151117 084932 8396
20151117 084939 8397
20151117 084942 8399
20151117 084943 8400
20151117 084944 8399
20151117 084945 8401
20151117 084947 8402
20151117 084949 8403
20151117 084950 8405
20151117 084952 8405
20151117 084953 8407
20151117 084958 8406
20151117 084959 8406
20151117 085000 8404
20151117 085001 8406
20151117 085010 8407
20151117 085011 8406
20151117 085014 8403
20151117 085015 8402
20151117 085016 8401
20151117 085018 8402
20151117 085033 8402
20151117 085052 8404
20151117 085058 8402
20151117 085105 8401
20151117 085106 8402
20151117 085109 8403
20151117 085115 8402
20151117 085119 8377
20151117 085122 8400
20151117 085123 8399
20151117 085124 8400
20151117 085144 8401
20151117 085156 8401
20151117 085208 8401
20151117 085214 8401
20151117 085215 8401
20151117 085216 8401
20151117 085226 8402
20151117 085300 8404
20151117 085303 8404
20151117 085307 8406
20151117 085312 8407
20151117 085314 8407
20151117 085323 8404
20151117 085347 8405
20151117 085356 8406
20151117 085359 8405
20151117 085404 8406
20151117 085408 8409
20151117 085409 8410
20151117 085410 8413
20151117 085416 8414
20151117 085419 8413
20151117 085420 8412
20151117 085421 8414
20151117 085423 8415
20151117 085427 8416
20151117 085435 8417
20151117 085440 8417
20151117 085441 8418
20151117 085442 8420
20151117 085443 8421
20151117 085500 8418
20151117 085529 8412
20151117 085530 8411
20151117 085545 8413
20151117 085557 8414
20151117 085610 8412
20151117 085614 8412
20151117 085623 8411
20151117 085631 8413
20151117 085640 8411
20151117 085749 8406
20151117 085802 8406
20151117 085803 8406
20151117 085805 8406
20151117 085806 8408
20151117 085814 8404
20151117 085824 8408
20151117 085852 8408
20151117 085854 8408
20151117 085859 8408
20151117 085947 8406
20151117 090001 8408
20151117 090005 8408
20151117 090012 8406
20151117 090013 8408
20151117 090015 8408
20151117 090017 8409
20151117 090018 8411
20151117 090019 8412
20151117 090021 8415
20151117 090023 8416
20151117 090026 8413
20151117 090027 8413
20151117 090028 8412
20151117 090029 8412
20151117 090030 8411
20151117 090034 8413
20151117 090035 8410
20151117 090040 8412
20151117 090043 8411
20151117 090111 8412
20151117 090117 8415
20151117 090118 8415
20151117 090119 8416
20151117 090120 8417
20151117 090121 8416
20151117 090130 8415
20151117 090131 8415
20151117 090138 8413
20151117 090149 8412
20151117 090153 8415
20151117 090155 8417
20151117 090156 8419
20151117 090157 8422
20151117 090158 8427
20151117 090159 8427
20151117 090200 8424
20151117 090201 8423
20151117 090202 8422
20151117 090203 8424
20151117 090204 8420
20151117 090205 8420
20151117 090222 8420
20151117 090224 8419
20151117 090227 8417
20151117 090228 8417
20151117 090229 8416
20151117 090230 8416
20151117 090231 8417
20151117 090233 8418
20151117 090238 8417
20151117 090303 8425
20151117 090304 8426
20151117 090305 8428
20151117 090308 8426
20151117 090317 8427
20151117 090320 8425
20151117 090327 8427
20151117 090328 8428
20151117 090329 8428
20151117 090335 8429
20151117 090336 8429
20151117 090337 8430
20151117 090338 8430
20151117 090345 8425
20151117 090348 8423
20151117 090349 8423
20151117 090350 8423
20151117 090354 8423
20151117 090358 8426
20151117 090400 8428
20151117 090401 8428
20151117 090402 8429
20151117 090403 8429
20151117 090404 8432
20151117 090405 8432
20151117 090406 8432
20151117 090407 8431
20151117 090415 8425
20151117 090420 8423
20151117 090421 8423
20151117 090423 8423
20151117 090425 8423
20151117 090430 8420
20151117 090431 8418
20151117 090434 8414
20151117 090435 8409
20151117 090438 8411
20151117 090441 8412
20151117 090442 8412
20151117 090502 8427
20151117 090503 8422
20151117 090504 8424
20151117 090516 8421
20151117 090541 8420
20151117 090543 8422
20151117 090545 8425
20151117 090547 8427
20151117 090548 8428
20151117 090549 8437
20151117 090550 8441
20151117 090551 8435
20151117 090552 8439
20151117 090553 8437
20151117 090554 8436
20151117 090555 8438
20151117 090557 8438
20151117 090558 8437
20151117 090559 8437
20151117 090600 8439
20151117 090601 8440
20151117 090602 8441
20151117 090603 8438
20151117 090605 8440
20151117 090609 8436
20151117 090615 8435
20151117 090616 8435
20151117 090618 8434
20151117 090622 8429
20151117 090629 8433
20151117 090630 8433
20151117 090641 8435
20151117 090646 8436
20151117 090648 8437
20151117 090649 8439
20151117 090652 8438
20151117 090659 8437
20151117 090700 8437
20151117 090708 8435
20151117 090711 8430
20151117 090712 8430
20151117 090714 8430
20151117 090715 8431
20151117 090720 8431
20151117 090741 8426
20151117 090743 8426
20151117 090744 8425
20151117 090800 8431
20151117 090801 8433
20151117 090807 8434
20151117 090808 8434
20151117 090809 8436
20151117 090810 8438
20151117 090812 8440
20151117 090813 8447
20151117 090814 8445
20151117 090816 8442
20151117 090819 8442
20151117 090827 8438
20151117 090830 8438
20151117 090842 8438
20151117 090854 8439
20151117 090901 8440
20151117 090904 8442
20151117 090911 8442
20151117 090919 8440
20151117 090920 8440
20151117 090921 8440
20151117 090922 8440
20151117 090923 8440
20151117 090924 8440
20151117 090928 8440
20151117 090930 8440
20151117 090937 8440
20151117 090942 8440
20151117 090943 8438
20151117 090944 8438
20151117 090954 8441
20151117 090956 8441
20151117 090958 8440
20151117 091009 8439
20151117 091010 8437
20151117 091015 8436
20151117 091017 8434
20151117 091018 8435
20151117 091019 8434
20151117 091020 8435
20151117 091038 8437
20151117 091041 8438
20151117 091042 8441
20151117 091049 8442
20151117 091100 8445
20151117 091101 8448
20151117 091102 8450
20151117 091103 8449
20151117 091130 8452
20151117 091146 8452
20151117 091147 8452
20151117 091158 8453
20151117 091159 8453
20151117 091201 8456
20151117 091202 8458
20151117 091203 8459
20151117 091207 8459
20151117 091209 8458
20151117 091211 8434
20151117 091214 8460
20151117 091215 8461
20151117 091217 8461
20151117 091219 8462
20151117 091223 8461
20151117 091224 8462
20151117 091226 8462
20151117 091227 8435
20151117 091228 8464
20151117 091229 8464
20151117 091230 8461
20151117 091232 8464
20151117 091233 8464
20151117 091235 8467
20151117 091254 8464
20151117 091301 8466
20151117 091302 8468
20151117 091303 8468
20151117 091304 8468
20151117 091312 8465
20151117 091314 8436
20151117 091315 8462
20151117 091316 8464
20151117 091326 8463
20151117 091327 8463
20151117 091328 8462
20151117 091333 8458
20151117 091339 8455
20151117 091342 8457
20151117 091346 8457
20151117 091347 8455
20151117 091348 8457
20151117 091349 8460
20151117 091351 8458
20151117 091354 8460
20151117 091355 8462
20151117 091415 8458
20151117 091416 8458
20151117 091423 8456
20151117 091424 8457
20151117 091425 8458
20151117 091438 8456
20151117 091443 8455
20151117 091444 8454
20151117 091445 8451
20151117 091454 8453
20151117 091455 8456
20151117 091500 8456
20151117 091501 8459
20151117 091502 8453
20151117 091503 8453
20151117 091504 8452
20151117 091506 8450
20151117 091507 8448
20151117 091514 8446
20151117 091517 8447
20151117 091519 8449
20151117 091521 8448
20151117 091524 8447
20151117 091526 8445
20151117 091527 8447
20151117 091528 8444
20151117 091536 8441
20151117 091538 8441
20151117 091548 8444
20151117 091549 8444
20151117 091603 8445
20151117 091604 8447
20151117 091605 8446
20151117 091608 8446
20151117 091609 8446
20151117 091610 8446
20151117 091611 8447
20151117 091613 8447
20151117 091616 8448
20151117 091627 8449
20151117 091642 8448
20151117 091649 8446
20151117 091700 8445
20151117 091706 8449
20151117 091711 8449
20151117 091714 8449
20151117 091715 8449
20151117 091717 8448
20151117 091718 8448
20151117 091726 8447
20151117 091728 8447
20151117 091733 8447
20151117 091734 8448
20151117 091735 8448
20151117 091736 8448
20151117 091738 8448
20151117 091739 8448
20151117 091754 8448
20151117 091756 8449
20151117 091800 8451
20151117 091801 8451
20151117 091802 8451
20151117 091803 8451
20151117 091804 8452
20151117 091805 8453
20151117 091806 8453
20151117 091812 8451
20151117 091844 8442
20151117 091845 8442
20151117 091846 8444
20151117 091848 8445
20151117 091906 8447
20151117 091908 8447
20151117 091937 8445
20151117 091953 8446
20151117 092002 8450
20151117 092013 8444
20151117 092014 8444
20151117 092015 8444
20151117 092017 8443
20151117 092019 8442
20151117 092020 8442
20151117 092023 8441
20151117 092024 8441
20151117 092025 8443
20151117 092033 8444
20151117 092034 8445
20151117 092039 8447
20151117 092050 8445
20151117 092101 8443
20151117 092102 8446
20151117 092103 8446
20151117 092112 8445
20151117 092118 8446
20151117 092119 8446
20151117 092120 8447
20151117 092121 8447
20151117 092123 8448
20151117 092124 8448
20151117 092125 8447
20151117 092130 8449
20151117 092147 8439
20151117 092148 8433
20151117 092149 8430
20151117 092150 8435
20151117 092151 8432
20151117 092152 8434
20151117 092154 8438
20151117 092156 8436
20151117 092158 8436
20151117 092159 8433
20151117 092200 8431
20151117 092201 8430
20151117 092202 8432
20151117 092204 8431
20151117 092209 8433
20151117 092212 8434
20151117 092213 8434
20151117 092215 8435
20151117 092216 8437
20151117 092218 8435
20151117 092222 8437
20151117 092232 8437
20151117 092237 8437
20151117 092238 8436
20151117 092246 8436
20151117 092249 8436
20151117 092251 8436
20151117 092257 8435
20151117 092300 8433
20151117 092301 8433
20151117 092302 8433
20151117 092305 8434
20151117 092307 8433
20151117 092310 8433
20151117 092315 8436
20151117 092338 8437
20151117 092350 8439
20151117 092351 8441
20151117 092352 8445
20151117 092353 8447
20151117 092354 8449
20151117 092355 8445
20151117 092357 8443
20151117 092400 8444
20151117 092406 8447
20151117 092410 8447
20151117 092415 8446
20151117 092418 8447
20151117 092424 8449
20151117 092456 8441
20151117 092457 8441
20151117 092459 8438
20151117 092523 8439
20151117 092530 8441
20151117 092531 8441
20151117 092537 8440
20151117 092545 8439
20151117 092547 8438
20151117 092548 8437
20151117 092551 8438
20151117 092559 8441
20151117 092614 8441
20151117 092621 8443
20151117 092637 8443
20151117 092638 8443
20151117 092658 8439
20151117 092725 8443
20151117 092809 8442
20151117 092810 8440
20151117 092839 8442
20151117 092853 8444
20151117 092933 8444
20151117 092934 8443
20151117 092944 8441
20151117 092945 8441
20151117 092949 8440
20151117 092957 8444
20151117 093027 8440
20151117 093028 8439
20151117 093030 8439
20151117 093156 8438
20151117 093157 8437
20151117 093253 8436
20151117 093255 8436
20151117 093316 8441
20151117 093323 8439
20151117 093327 8439
20151117 093330 8440
20151117 093332 8439
20151117 093337 8439
20151117 093344 8439
20151117 093402 8438
20151117 093410 8441
20151117 093411 8441
20151117 093412 8442
20151117 093414 8442
20151117 093415 8445
20151117 093416 8446
20151117 093417 8446
20151117 093419 8446
20151117 093421 8448
20151117 093422 8448
20151117 093423 8448
20151117 093425 8446
20151117 093426 8444
20151117 093441 8449
20151117 093442 8449
20151117 093444 8450
20151117 093508 8443
20151117 093521 8446
20151117 093527 8444
20151117 093602 8452
20151117 093603 8455
20151117 093605 8448
20151117 093611 8439
20151117 093612 8440
20151117 093613 8440
20151117 093629 8443
20151117 093638 8442
20151117 093705 8438
20151117 093711 8444
20151117 093725 8447
20151117 093732 8438
20151117 093800 8445
20151117 093810 8444
20151117 093811 8444
20151117 093855 8444
20151117 093911 8444
20151117 093928 8447
20151117 093930 8448
20151117 093932 8449
20151117 093933 8449
20151117 093938 8449
20151117 093939 8450
20151117 093940 8450
20151117 093941 8451
20151117 093942 8452
20151117 093943 8452
20151117 094004 8455
20151117 094005 8458
20151117 094007 8456
20151117 094008 8457
20151117 094010 8457
20151117 094014 8463
20151117 094015 8463
20151117 094016 8464
20151117 094021 8462
20151117 094022 8461
20151117 094028 8458
20151117 094029 8458
20151117 094036 8456
20151117 094038 8454
20151117 094051 8459
20151117 094056 8465
20151117 094057 8474
20151117 094058 8478
20151117 094059 8479
20151117 094100 8477
20151117 094101 8480
20151117 094102 8474
20151117 094107 8479
20151117 094114 8476
20151117 094120 8446
20151117 094121 8475
20151117 094128 8477
20151117 094131 8477
20151117 094132 8477
20151117 094151 8477
20151117 094155 8479
20151117 094156 8480
20151117 094202 8475
20151117 094213 8471
20151117 094217 8469
20151117 094218 8468
20151117 094222 8465
20151117 094223 8465
20151117 094242 8469
20151117 094247 8469
20151117 094252 8464
20151117 094300 8470
20151117 094311 8471
20151117 094324 8437
20151117 094336 8466
20151117 094338 8464
20151117 094339 8466
20151117 094421 8473
20151117 094423 8474
20151117 094429 8475
20151117 094430 8476
20151117 094432 8476
20151117 094434 8478
20151117 094435 8478
20151117 094436 8478
20151117 094437 8478
20151117 094438 8478
20151117 094439 8478
20151117 094445 8469
20151117 094447 8471
20151117 094451 8471
20151117 094500 8478
20151117 094501 8476
20151117 094502 8480
20151117 094503 8482
20151117 094504 8483
20151117 094507 8470
20151117 094508 8470
20151117 094516 8468
20151117 094517 8468
20151117 094518 8467
20151117 094519 8468
20151117 094520 8467
20151117 094522 8468
20151117 094526 8470
20151117 094541 8469
20151117 094557 8463
20151117 094558 8463
20151117 094603 8464
20151117 094604 8463
20151117 094607 8456
20151117 094620 8459
20151117 094629 8459
20151117 094641 8463
20151117 094642 8463
20151117 094656 8467
20151117 094703 8467
20151117 094715 8467
20151117 094756 8464
20151117 094801 8466
20151117 094829 8465
20151117 094914 8467
20151117 094937 8458
20151117 094954 8464
20151117 094955 8465
20151117 095001 8467
20151117 095011 8470
20151117 095036 8469
20151117 095047 8465
20151117 095048 8473
20151117 095054 8473
20151117 095057 8476
20151117 095058 8475
20151117 095102 8477
20151117 095103 8477
20151117 095107 8475
20151117 095112 8471
20151117 095114 8471
20151117 095136 8470
20151117 095140 8471
20151117 095143 8467
20151117 095156 8470
20151117 095224 8469
20151117 095225 8466
20151117 095226 8466
20151117 095240 8465
20151117 095300 8466
20151117 095403 8472
20151117 095404 8474
20151117 095423 8472
20151117 095456 8474
20151117 095506 8478
20151117 095507 8478
20151117 095517 8476
20151117 095529 8440
20151117 095539 8466
20151117 095545 8472
20151117 095604 8467
20151117 095629 8471
20151117 095646 8471
20151117 095647 8471
20151117 095648 8471
20151117 095730 8466
20151117 095812 8477
20151117 095901 8478
20151117 095908 8480
20151117 095909 8480
20151117 095910 8481
20151117 095929 8478
20151117 095932 8478
20151117 095934 8478
20151117 095935 8482
20151117 095936 8484
20151117 095951 8484
20151117 095954 8480
20151117 095959 8483
20151117 100002 8478
20151117 100004 8478
20151117 100005 8479
20151117 100059 8476
20151117 100116 8481
20151117 100202 8479
20151117 100203 8480
20151117 100212 8479
20151117 100253 8480
20151117 100319 8449
20151117 100344 8480
20151117 100349 8480
20151117 100402 8480
20151117 100408 8479
20151117 100410 8473
20151117 100418 8482
20151117 100445 8479
20151117 100508 8475
20151117 100511 8480
20151117 100513 8479
20151117 100515 8478
20151117 100516 8477
20151117 100517 8477
20151117 100520 8478
20151117 100523 8478
20151117 100527 8479
20151117 100605 8471
20151117 100613 8478
20151117 100811 8470
20151117 100934 8477
20151117 100941 8470
20151117 101003 8476
20151117 101033 8476
20151117 101035 8476
20151117 101041 8476
20151117 101051 8469
20151117 101059 8473
20151117 101101 8472
20151117 101118 8472
20151117 101119 8471
20151117 101123 8471
20151117 101141 8466
20151117 101146 8471
20151117 101147 8471
20151117 101151 8466
20151117 101157 8472
20151117 101244 8473
20151117 101301 8466
20151117 101408 8470
20151117 101409 8467
20151117 101410 8467
20151117 101412 8467
20151117 101418 8467
20151117 101419 8467
20151117 101423 8467
20151117 101424 8466
20151117 101426 8466
20151117 101447 8466
20151117 101449 8465
20151117 101450 8464
20151117 101451 8463
20151117 101452 8463
20151117 101453 8462
20151117 101454 8462
20151117 101455 8462
20151117 101458 8464
20151117 101500 8465
20151117 101506 8466
20151117 101513 8465
20151117 101546 8459
20151117 101552 8466
20151117 101613 8467
20151117 101620 8464
20151117 101627 8463
20151117 101653 8459
20151117 101700 8467
20151117 101702 8467
20151117 101727 8464
20151117 101731 8463
20151117 101733 8463
20151117 101748 8458
20151117 101840 8467
20151117 101857 8467
20151117 101928 8462
20151117 101930 8463
20151117 101934 8470
20151117 101935 8471
20151117 101936 8471
20151117 102001 8470
20151117 102040 8464
20151117 102100 8471
20151117 102108 8474
20151117 102109 8474
20151117 102146 8468
20151117 102201 8476
20151117 102202 8476
20151117 102207 8475
20151117 102209 8475
20151117 102222 8470
20151117 102236 8470
20151117 102256 8470
20151117 102322 8474
20151117 102415 8473
20151117 102459 8474
20151117 102502 8474
20151117 102503 8474
20151117 102505 8474
20151117 102508 8475
20151117 102509 8475
20151117 102510 8473
20151117 102518 8475
20151117 102519 8475
20151117 102535 8470
20151117 102540 8474
20151117 102551 8474
20151117 102559 8475
20151117 102603 8477
20151117 102604 8477
20151117 102614 8477
20151117 102620 8476
20151117 102708 8477
20151117 102724 8479
20151117 102808 8479
20151117 102825 8480
20151117 102826 8482
20151117 102827 8482
20151117 102830 8482
20151117 102831 8480
20151117 102836 8481
20151117 102900 8483
20151117 102901 8483
20151117 102903 8483
20151117 102904 8483
20151117 102906 8483
20151117 102916 8476
20151117 102922 8479
20151117 103006 8473
20151117 103029 8477
20151117 103042 8473
20151117 103150 8481
20151117 103151 8482
20151117 103152 8482
20151117 103157 8482
20151117 103200 8481
20151117 103220 8484
20151117 103221 8484
20151117 103222 8484
20151117 103223 8479
20151117 103230 8485
20151117 103231 8486
20151117 103232 8488
20151117 103234 8486
20151117 103240 8485
20151117 103241 8485
20151117 103242 8484
20151117 103317 8479
20151117 103318 8478
20151117 103320 8478
20151117 103323 8479
20151117 103324 8478
20151117 103338 8478
20151117 103349 8476
20151117 103350 8476
20151117 103352 8477
20151117 103432 8471
20151117 103444 8473
20151117 103446 8472
20151117 103449 8470
20151117 103450 8466
20151117 103500 8468
20151117 103501 8468
20151117 103550 8463
20151117 103551 8463
20151117 103556 8460
20151117 103557 8455
20151117 103558 8455
20151117 103559 8452
20151117 103602 8457
20151117 103604 8457
20151117 103606 8460
20151117 103607 8458
20151117 103630 8456
20151117 103631 8456
20151117 103702 8460
20151117 103703 8457
20151117 103707 8454
20151117 103712 8458
20151117 103715 8460
20151117 103728 8455
20151117 103738 8456
20151117 103742 8455
20151117 103918 8462
20151117 104009 8462
20151117 104125 8463
20151117 104152 8460
20151117 104245 8460
20151117 104246 8459
20151117 104247 8458
20151117 104250 8459
20151117 104251 8459
20151117 104252 8460
20151117 104253 8458
20151117 104256 8458
20151117 104348 8462
20151117 104359 8459
20151117 104440 8458
20151117 104447 8459
20151117 104503 8454
20151117 104504 8453
20151117 104505 8453
20151117 104524 8456
20151117 104543 8424
20151117 104615 8461
20151117 104616 8461
20151117 104617 8462
20151117 104625 8461
20151117 104628 8461
20151117 104653 8462
20151117 104655 8462
20151117 104706 8463
20151117 104710 8463
20151117 104717 8464
20151117 104718 8464
20151117 104719 8464
20151117 104724 8460
20151117 105059 8462
20151117 105126 8459
20151117 105128 8458
20151117 105208 8460
20151117 105209 8460
20151117 105239 8461
20151117 105247 8459
20151117 105249 8465
20151117 105250 8467
20151117 105251 8468
20151117 105253 8468
20151117 105310 8469
20151117 105311 8471
20151117 105313 8473
20151117 105314 8474
20151117 105316 8474
20151117 105335 8474
20151117 105336 8475
20151117 105340 8476
20151117 105341 8477
20151117 105342 8478
20151117 105346 8474
20151117 105357 8472
20151117 105433 8472
20151117 105510 8468
20151117 105530 8471
20151117 105554 8469
20151117 105604 8469
20151117 105627 8471
20151117 105634 8471
20151117 105637 8472
20151117 105638 8471
20151117 105644 8472
20151117 105647 8471
20151117 105650 8471
20151117 105651 8471
20151117 105659 8472
20151117 105713 8471
20151117 105719 8473
20151117 105721 8474
20151117 105724 8475
20151117 105854 8472
20151117 105905 8472
20151117 105936 8472
20151117 105937 8471
20151117 110056 8470
20151117 110232 8466
20151117 110347 8475
20151117 110546 8470
20151117 110656 8465
20151117 110701 8471
20151117 110703 8471
20151117 110730 8472
20151117 110732 8472
20151117 110757 8472
20151117 110758 8473
20151117 110801 8473
20151117 110802 8474
20151117 110803 8474
20151117 110817 8474
20151117 110843 8472
20151117 110909 8472
20151117 110925 8469
20151117 110942 8469
20151117 111113 8470
20151117 111116 8469
20151117 111155 8470
20151117 111245 8472
20151117 111249 8473
20151117 111258 8474
20151117 111538 8476
20151117 111539 8476
20151117 111542 8476
20151117 111543 8476
20151117 111544 8476
20151117 111545 8476
20151117 111546 8477
20151117 111755 8474
20151117 111910 8469
20151117 112017 8479
20151117 112018 8482
20151117 112019 8482
20151117 112020 8483
20151117 112043 8442
20151117 112050 8472
20151117 112152 8472
20151117 112354 8478
20151117 112356 8478
20151117 112400 8477
20151117 112405 8477
20151117 112415 8478
20151117 112417 8479
20151117 112434 8481
20151117 112435 8481
20151117 112442 8479
20151117 112514 8477
20151117 112620 8476
20151117 112653 8476
20151117 112817 8476
20151117 112855 8446
20151117 112921 8479
20151117 112937 8478
20151117 112938 8478
20151117 113301 8478
20151117 113302 8478
20151117 113305 8478
20151117 113318 8476
20151117 113336 8477
20151117 113410 8477
20151117 113803 8478
20151117 113841 8479
20151117 113846 8479
20151117 113848 8479
20151117 114006 8479
20151117 114016 8477
20151117 114023 8477
20151117 114026 8477
20151117 114030 8477
20151117 114044 8478
20151117 114127 8479
20151117 114205 8482
20151117 114211 8485
20151117 114214 8486
20151117 114219 8479
20151117 114220 8479
20151117 114222 8476
20151117 114225 8475
20151117 114226 8474
20151117 114227 8473
20151117 114228 8471
20151117 114229 8467
20151117 114230 8458
20151117 114231 8450
20151117 114232 8442
20151117 114233 8439
20151117 114235 8437
20151117 114236 8436
20151117 114237 8442
20151117 114239 8444
20151117 114240 8440
20151117 114241 8441
20151117 114242 8440
20151117 114243 8444
20151117 114244 8446
20151117 114245 8446
20151117 114247 8445
20151117 114249 8443
20151117 114250 8442
20151117 114251 8438
20151117 114252 8440
20151117 114253 8440
20151117 114256 8445
20151117 114259 8446
20151117 114300 8446
20151117 114301 8446
20151117 114302 8445
20151117 114308 8446
20151117 114310 8449
20151117 114313 8450
20151117 114340 8448
20151117 114342 8449
20151117 114343 8449
20151117 114344 8449
20151117 114348 8449
20151117 114349 8448
20151117 114351 8449
20151117 114352 8448
20151117 114353 8448
20151117 114410 8449
20151117 114424 8451
20151117 114502 8449
20151117 114504 8442
20151117 114513 8452
20151117 114515 8452
20151117 114516 8452
20151117 114520 8442
20151117 114522 8443
20151117 114528 8442
20151117 114549 8449
20151117 114550 8448
20151117 114551 8447
20151117 114559 8446
20151117 114622 8454
20151117 114624 8454
20151117 114627 8455
20151117 114632 8454
20151117 114634 8456
20151117 114641 8457
20151117 114642 8458
20151117 114644 8457
20151117 114722 8462
20151117 114726 8454
20151117 114729 8458
20151117 114752 8455
20151117 114801 8456
20151117 114844 8459
20151117 114902 8460
20151117 114925 8459
20151117 114938 8458
20151117 114940 8457
20151117 114942 8457
20151117 114944 8457
20151117 114951 8458
20151117 115032 8458
20151117 115109 8457
20151117 115154 8457
20151117 115207 8456
20151117 115224 8454
20151117 115225 8453
20151117 115349 8442
20151117 115412 8449
20151117 115414 8450
20151117 115420 8451
20151117 115425 8453
20151117 115426 8451
20151117 115436 8452
20151117 115503 8449
20151117 115505 8448
20151117 115506 8447
20151117 115508 8444
20151117 115509 8446
20151117 115513 8442
20151117 115516 8442
20151117 115527 8442
20151117 115613 8448
20151117 115617 8448
20151117 115620 8449
20151117 115628 8449
20151117 115640 8441
20151117 115706 8451
20151117 115707 8452
20151117 115710 8451
20151117 115712 8453
20151117 115713 8452
20151117 115714 8453
20151117 115715 8453
20151117 115849 8452
20151117 115852 8451
20151117 115857 8451
20151117 115902 8451
20151117 115903 8451
20151117 115905 8451
20151117 115957 8449
20151117 115959 8449
20151117 120004 8449
20151117 120215 8452
20151117 120216 8452
20151117 120241 8455
20151117 120250 8457
20151117 120251 8457
20151117 120252 8457
20151117 120253 8457
20151117 120303 8457
20151117 120304 8457
20151117 120311 8457
20151117 120326 8447
20151117 120332 8445
20151117 120334 8452
20151117 120336 8451
20151117 120337 8452
20151117 120453 8450
20151117 120454 8449
20151117 120455 8449
20151117 120456 8449
20151117 120458 8448
20151117 120459 8448
20151117 120500 8448
20151117 120501 8449
20151117 120502 8448
20151117 120519 8448
20151117 120520 8448
20151117 120522 8448
20151117 120540 8447
20151117 120542 8446
20151117 120544 8447
20151117 120547 8439
20151117 120552 8446
20151117 120555 8446
20151117 120601 8446
20151117 120630 8445
20151117 120631 8444
20151117 120640 8443
20151117 120641 8443
20151117 120642 8443
20151117 120643 8442
20151117 120644 8442
20151117 120645 8441
20151117 120648 8433
20151117 120725 8436
20151117 120804 8434
20151117 120825 8441
20151117 120902 8433
20151117 120904 8441
20151117 120905 8440
20151117 120922 8442
20151117 120936 8441
20151117 120941 8441
20151117 120942 8441
20151117 121008 8444
20151117 121009 8445
20151117 121010 8445
20151117 121012 8447
20151117 121013 8436
20151117 121223 8447
20151117 121257 8438
20151117 121339 8440
20151117 121425 8440
20151117 121501 8449
20151117 121505 8448
20151117 121511 8448
20151117 121518 8449
20151117 121610 8448
20151117 121613 8448
20151117 121615 8447
20151117 121630 8447
20151117 121631 8446
20151117 121634 8445
20151117 121637 8445
20151117 121639 8445
20151117 121640 8445
20151117 121642 8444
20151117 121643 8444
20151117 121645 8444
20151117 121646 8444
20151117 121648 8444
20151117 121650 8443
20151117 121656 8443
20151117 121658 8443
20151117 121759 8445
20151117 121825 8436
20151117 121911 8448
20151117 121912 8448
20151117 121917 8448
20151117 122125 8439
20151117 122248 8447
20151117 122306 8441
20151117 122522 8450
20151117 122527 8451
20151117 122603 8451
20151117 122615 8443
20151117 122658 8452
20151117 122734 8454
20151117 122735 8455
20151117 122736 8455
20151117 122737 8455
20151117 122741 8453
20151117 122831 8450
20151117 122834 8450
20151117 122836 8450
20151117 122914 8451
20151117 122926 8451
20151117 123006 8449
20151117 123015 8450
20151117 123016 8450
20151117 123018 8449
20151117 123023 8450
20151117 123024 8450
20151117 123035 8450
20151117 123112 8451
20151117 123157 8441
20151117 123212 8448
20151117 123219 8447
20151117 123231 8451
20151117 123242 8453
20151117 123244 8454
20151117 123245 8455
20151117 123318 8454
20151117 123323 8456
20151117 123324 8456
20151117 123327 8455
20151117 123329 8457
20151117 123331 8457
20151117 123332 8457
20151117 123333 8447
20151117 123334 8457
20151117 123335 8457
20151117 123336 8457
20151117 123338 8457
20151117 123554 8455
20151117 123556 8454
20151117 123558 8455
20151117 123600 8455
20151117 123602 8455
20151117 123603 8454
20151117 123608 8454
20151117 123624 8447
20151117 123644 8447
20151117 123654 8448
20151117 123701 8448
20151117 123703 8447
20151117 123709 8455
20151117 123719 8455
20151117 123722 8455
20151117 124052 8457
20151117 124505 8460
20151117 124535 8449
20151117 124630 8458
20151117 124658 8458
20151117 124702 8458
20151117 124705 8459
20151117 124712 8457
20151117 124714 8457
20151117 124716 8457
20151117 124717 8457
20151117 124718 8457
20151117 124719 8457
20151117 124722 8458
20151117 124732 8457
20151117 124734 8457
20151117 124739 8457
20151117 124742 8457
20151117 124749 8456
20151117 124752 8456
20151117 124753 8456
20151117 124825 8455
20151117 124826 8455
20151117 124828 8454
20151117 124829 8454
20151117 124832 8453
20151117 124835 8452
20151117 124836 8452
20151117 125022 8444
20151117 125046 8416
20151117 125054 8443
20151117 125100 8452
20151117 125201 8449
20151117 125202 8449
20151117 125203 8449
20151117 125207 8451
20151117 125212 8449
20151117 125214 8449
20151117 125230 8452
20151117 125242 8451
20151117 125254 8450
20151117 125303 8450
20151117 125318 8450
20151117 125323 8450
20151117 125325 8449
20151117 125326 8449
20151117 125329 8449
20151117 125331 8449
20151117 125343 8449
20151117 125344 8449
20151117 125348 8448
20151117 125349 8448
20151117 125411 8447
20151117 125443 8436
20151117 125444 8445
20151117 125547 8449
20151117 125552 8448
20151117 125601 8449
20151117 125603 8448
20151117 125605 8447
20151117 125606 8445
20151117 125607 8446
20151117 125608 8445
20151117 125609 8446
20151117 125613 8445
20151117 125614 8444
20151117 125615 8444
20151117 125616 8446
20151117 125620 8446
20151117 125622 8447
20151117 125710 8450
20151117 130002 8447
20151117 130003 8448
20151117 130004 8447
20151117 130005 8446
20151117 130006 8446
20151117 130007 8445
20151117 130015 8447
20151117 130114 8447
20151117 130116 8448
20151117 130118 8447
20151117 130138 8448
20151117 130253 8452
20151117 130254 8455
20151117 130255 8456
20151117 130306 8453
20151117 130317 8453
20151117 130318 8453
20151117 130321 8452
20151117 130415 8451
20151117 130422 8451
20151117 130459 8452
20151117 130510 8452
20151117 130522 8452
20151117 130634 8453
20151117 130639 8453
20151117 130648 8453
20151117 130855 8453
20151117 130928 8452
20151117 130957 8451
20151117 131012 8449
20151117 131021 8449
20151117 131023 8449
20151117 131046 8449
20151117 131047 8449
20151117 131048 8449
20151117 131053 8449
20151117 131100 8449
20151117 131103 8448
20151117 131119 8448
20151117 131137 8449
20151117 131211 8447
20151117 131212 8447
20151117 131214 8446
20151117 131215 8446
20151117 131217 8446
20151117 131229 8447
20151117 131241 8447
20151117 131318 8447
20151117 131348 8450
20151117 131411 8450
20151117 131437 8450
20151117 131444 8438
20151117 131459 8448
20151117 131500 8446
20151117 131501 8444
20151117 131502 8442
20151117 131503 8442
20151117 131504 8442
20151117 131505 8443
20151117 131524 8446
20151117 131529 8434
20151117 131628 8449
20151117 131835 8437
20151117 131908 8446
20151117 131909 8445
20151117 131958 8446
20151117 132000 8444
20151117 132001 8444
20151117 132002 8442
20151117 132003 8444
20151117 132015 8446
20151117 132045 8445
20151117 132048 8446
20151117 132051 8446
20151117 132056 8445
20151117 132100 8446
20151117 132101 8445
20151117 132103 8444
20151117 132104 8445
20151117 132106 8444
20151117 132107 8443
20151117 132111 8444
20151117 132146 8446
20151117 132148 8446
20151117 132149 8446
20151117 132201 8447
20151117 132204 8446
20151117 132217 8446
20151117 132218 8446
20151117 132222 8446
20151117 132308 8449
20151117 132524 8447
20151117 132534 8441
20151117 132550 8441
20151117 132623 8439
20151117 132628 8439
20151117 132633 8440
20151117 132634 8440
20151117 132641 8439
20151117 132643 8439
20151117 132644 8439
20151117 132646 8439
20151117 132657 8438
20151117 132658 8437
20151117 132659 8437
20151117 132701 8436
20151117 132702 8436
20151117 132703 8435
20151117 132705 8434
20151117 132706 8434
20151117 132707 8433
20151117 132709 8433
20151117 132712 8433
20151117 132713 8433
20151117 132717 8436
20151117 132718 8436
20151117 132737 8437
20151117 132739 8437
20151117 132753 8427
20151117 132754 8435
20151117 132826 8435
20151117 132828 8434
20151117 132856 8428
20151117 132859 8428
20151117 132901 8434
20151117 132907 8433
20151117 132911 8433
20151117 132920 8433
20151117 132937 8427
20151117 133001 8431
20151117 133002 8430
20151117 133004 8430
20151117 133007 8430
20151117 133008 8428
20151117 133009 8428
20151117 133010 8428
20151117 133012 8430
20151117 133039 8434
20151117 133100 8427
20151117 133101 8427
20151117 133109 8396
20151117 133111 8426
20151117 133118 8425
20151117 133139 8420
20151117 133145 8427
20151117 133146 8427
20151117 133151 8419
20151117 133245 8422
20151117 133337 8426
20151117 133340 8426
20151117 133342 8426
20151117 133343 8426
20151117 133344 8426
20151117 133348 8427
20151117 133355 8429
20151117 133405 8426
20151117 133407 8426
20151117 133410 8427
20151117 133420 8426
20151117 133423 8426
20151117 133446 8428
20151117 133453 8426
20151117 133454 8426
20151117 133456 8426
20151117 133458 8427
20151117 133501 8425
20151117 133502 8423
20151117 133503 8425
20151117 133504 8425
20151117 133507 8425
20151117 133517 8426
20151117 133528 8426
20151117 133529 8426
20151117 133541 8427
20151117 133655 8422
20151117 133656 8430
20151117 133658 8430
20151117 133659 8430
20151117 133717 8431
20151117 133719 8432
20151117 133720 8432
20151117 133722 8433
20151117 133723 8433
20151117 133724 8432
20151117 133726 8433
20151117 133734 8425
20151117 133741 8426
20151117 133929 8434
20151117 133932 8435
20151117 133934 8435
20151117 133936 8435
20151117 133941 8435
20151117 133946 8434
20151117 133949 8433
20151117 133950 8433
20151117 133952 8433
20151117 133953 8433
20151117 133954 8433
20151117 133955 8433
20151117 134000 8432
20151117 134001 8431
20151117 134002 8433
20151117 134003 8432
20151117 134202 8434
20151117 134209 8434
20151117 134308 8435
20151117 134345 8436
20151117 134403 8436
20151117 134408 8436
20151117 134409 8436
20151117 134410 8436
20151117 134411 8436
20151117 134412 8436
20151117 134413 8436
20151117 134415 8436
20151117 134419 8437
20151117 134420 8437
20151117 134423 8437
20151117 134428 8437
20151117 134430 8437
20151117 134438 8438
20151117 134440 8438
20151117 134445 8437
20151117 134446 8437
20151117 134449 8438
20151117 134451 8437
20151117 134453 8437
20151117 134454 8437
20151117 134455 8438
20151117 134457 8438
