20151109 084500 8688
20151109 084502 8676
20151109 084504 8676
20151109 084512 8669
20151109 084513 8670
20151109 084514 8669
20151109 084515 8663
20151109 084519 8669
20151109 084522 8671
20151109 084523 8665
20151109 084524 8661
20151109 084528 8664
20151109 084529 8661
20151109 084531 8661
20151109 084532 8660
20151109 084533 8659
20151109 084534 8661
20151109 084535 8662
20151109 084536 8662
20151109 084537 8661
20151109 084539 8662
20151109 084540 8662
20151109 084541 8662
20151109 084542 8661
20151109 084544 8662
20151109 084546 8661
20151109 084547 8661
20151109 084549 8660
20151109 084550 8659
20151109 084551 8659
20151109 084552 8657
20151109 084557 8654
20151109 084601 8652
20151109 084602 8650
20151109 084603 8644
20151109 084604 8639
20151109 084605 8618
20151109 084607 8631
20151109 084608 8631
20151109 084609 8638
20151109 084610 8648
20151109 084611 8647
20151109 084612 8639
20151109 084614 8640
20151109 084616 8638
20151109 084620 8637
20151109 084624 8641
20151109 084626 8643
20151109 084630 8642
20151109 084631 8642
20151109 084633 8643
20151109 084634 8642
20151109 084635 8641
20151109 084637 8642
20151109 084639 8642
20151109 084641 8642
20151109 084644 8641
20151109 084645 8641
20151109 084646 8638
20151109 084648 8636
20151109 084649 8624
20151109 084651 8636
20151109 084655 8632
20151109 084656 8630
20151109 084657 8626
20151109 084658 8626
20151109 084659 8623
20151109 084700 8620
20151109 084702 8624
20151109 084703 8623
20151109 084704 8623
20151109 084705 8623
20151109 084706 8623
20151109 084708 8622
20151109 084709 8622
20151109 084710 8622
20151109 084711 8621
20151109 084712 8622
20151109 084713 8619
20151109 084714 8619
20151109 084715 8616
20151109 084716 8618
20151109 084717 8617
20151109 084718 8617
20151109 084721 8617
20151109 084722 8617
20151109 084725 8615
20151109 084728 8613
20151109 084735 8611
20151109 084736 8613
20151109 084737 8611
20151109 084738 8612
20151109 084739 8611
20151109 084740 8609
20151109 084742 8608
20151109 084743 8608
20151109 084747 8606
20151109 084749 8607
20151109 084755 8603
20151109 084756 8602
20151109 084758 8603
20151109 084759 8600
20151109 084801 8602
20151109 084802 8601
20151109 084803 8604
20151109 084805 8599
20151109 084806 8601
20151109 084811 8605
20151109 084812 8601
20151109 084813 8603
20151109 084814 8602
20151109 084816 8603
20151109 084817 8603
20151109 084818 8603
20151109 084821 8603
20151109 084824 8604
20151109 084825 8606
20151109 084831 8604
20151109 084833 8607
20151109 084838 8608
20151109 084840 8600
20151109 084841 8612
20151109 084843 8612
20151109 084848 8614
20151109 084853 8613
20151109 084856 8614
20151109 084859 8612
20151109 084902 8614
20151109 084903 8614
20151109 084904 8613
20151109 084912 8612
20151109 084913 8611
20151109 084916 8611
20151109 084927 8612
20151109 084935 8614
20151109 084936 8616
20151109 084938 8617
20151109 084940 8618
20151109 084941 8620
20151109 084952 8622
20151109 084953 8621
20151109 084955 8629
20151109 085001 8618
20151109 085004 8617
20151109 085005 8628
20151109 085012 8616
20151109 085015 8615
20151109 085019 8614
20151109 085026 8617
20151109 085035 8617
20151109 085043 8617
20151109 085109 8617
20151109 085119 8620
20151109 085123 8621
20151109 085127 8621
20151109 085128 8621
20151109 085130 8620
20151109 085138 8621
20151109 085143 8622
20151109 085146 8625
20151109 085147 8625
20151109 085148 8626
20151109 085152 8628
20151109 085153 8630
20151109 085156 8629
20151109 085157 8632
20151109 085158 8632
20151109 085207 8633
20151109 085209 8633
20151109 085216 8633
20151109 085218 8629
20151109 085219 8629
20151109 085220 8630
20151109 085221 8630
20151109 085225 8630
20151109 085234 8633
20151109 085240 8644
20151109 085241 8633
20151109 085249 8631
20151109 085255 8629
20151109 085257 8632
20151109 085309 8631
20151109 085312 8631
20151109 085313 8631
20151109 085315 8632
20151109 085322 8636
20151109 085323 8637
20151109 085325 8636
20151109 085326 8639
20151109 085327 8639
20151109 085333 8639
20151109 085335 8638
20151109 085345 8642
20151109 085355 8642
20151109 085358 8644
20151109 085401 8644
20151109 085402 8644
20151109 085407 8646
20151109 085417 8643
20151109 085418 8647
20151109 085421 8647
20151109 085422 8643
20151109 085424 8643
20151109 085428 8646
20151109 085429 8646
20151109 085433 8645
20151109 085435 8644
20151109 085441 8644
20151109 085443 8645
20151109 085451 8646
20151109 085453 8647
20151109 085454 8647
20151109 085455 8648
20151109 085500 8649
20151109 085501 8649
20151109 085502 8651
20151109 085508 8655
20151109 085510 8645
20151109 085511 8644
20151109 085512 8646
20151109 085515 8644
20151109 085524 8648
20151109 085527 8647
20151109 085529 8648
20151109 085530 8646
20151109 085539 8649
20151109 085542 8649
20151109 085543 8650
20151109 085545 8650
20151109 085547 8651
20151109 085548 8652
20151109 085549 8652
20151109 085553 8652
20151109 085601 8649
20151109 085602 8648
20151109 085603 8650
20151109 085604 8647
20151109 085610 8651
20151109 085613 8652
20151109 085616 8651
20151109 085625 8650
20151109 085626 8661
20151109 085645 8648
20151109 085646 8650
20151109 085647 8648
20151109 085656 8648
20151109 085701 8651
20151109 085702 8652
20151109 085709 8649
20151109 085710 8649
20151109 085722 8653
20151109 085724 8654
20151109 085727 8655
20151109 085728 8655
20151109 085735 8656
20151109 085736 8656
20151109 085737 8657
20151109 085738 8657
20151109 085739 8655
20151109 085741 8655
20151109 085753 8657
20151109 085756 8657
20151109 085758 8659
20151109 085759 8658
20151109 085800 8659
20151109 085801 8660
20151109 085802 8661
20151109 085805 8664
20151109 085807 8664
20151109 085812 8665
20151109 085813 8668
20151109 085814 8665
20151109 085815 8669
20151109 085816 8672
20151109 085819 8668
20151109 085821 8671
20151109 085822 8672
20151109 085824 8672
20151109 085830 8673
20151109 085831 8674
20151109 085834 8670
20151109 085835 8669
20151109 085836 8669
20151109 085839 8668
20151109 085840 8667
20151109 085845 8667
20151109 085847 8666
20151109 085848 8666
20151109 085851 8666
20151109 085852 8666
20151109 085854 8666
20151109 085855 8667
20151109 085902 8670
20151109 085905 8669
20151109 085906 8668
20151109 085912 8672
20151109 085916 8672
20151109 085917 8672
20151109 085918 8672
20151109 085935 8670
20151109 085951 8668
20151109 090003 8671
20151109 090006 8672
20151109 090007 8672
20151109 090010 8676
20151109 090011 8677
20151109 090012 8677
20151109 090013 8678
20151109 090014 8678
20151109 090015 8679
20151109 090016 8680
20151109 090017 8680
20151109 090018 8687
20151109 090023 8690
20151109 090024 8682
20151109 090026 8679
20151109 090027 8681
20151109 090029 8680
20151109 090030 8677
20151109 090031 8677
20151109 090033 8675
20151109 090036 8674
20151109 090037 8673
20151109 090043 8679
20151109 090044 8680
20151109 090045 8681
20151109 090046 8682
20151109 090047 8692
20151109 090048 8684
20151109 090049 8685
20151109 090050 8687
20151109 090051 8688
20151109 090052 8688
20151109 090055 8690
20151109 090058 8691
20151109 090059 8692
20151109 090101 8693
20151109 090105 8693
20151109 090106 8697
20151109 090108 8695
20151109 090109 8695
20151109 090110 8695
20151109 090113 8697
20151109 090114 8698
20151109 090121 8698
20151109 090124 8698
20151109 090125 8697
20151109 090140 8700
20151109 090142 8702
20151109 090143 8698
20151109 090147 8696
20151109 090149 8697
20151109 090150 8696
20151109 090157 8698
20151109 090158 8699
20151109 090159 8700
20151109 090200 8699
20151109 090201 8699
20151109 090214 8698
20151109 090221 8698
20151109 090222 8698
20151109 090238 8698
20151109 090239 8697
20151109 090244 8696
20151109 090245 8696
20151109 090250 8695
20151109 090252 8695
20151109 090254 8691
20151109 090303 8693
20151109 090314 8687
20151109 090319 8683
20151109 090324 8679
20151109 090331 8678
20151109 090334 8678
20151109 090335 8677
20151109 090338 8677
20151109 090339 8677
20151109 090341 8676
20151109 090343 8676
20151109 090344 8676
20151109 090345 8676
20151109 090348 8676
20151109 090349 8676
20151109 090350 8676
20151109 090351 8677
20151109 090354 8676
20151109 090356 8675
20151109 090402 8676
20151109 090403 8673
20151109 090404 8674
20151109 090406 8673
20151109 090409 8674
20151109 090414 8675
20151109 090416 8675
20151109 090418 8675
20151109 090428 8676
20151109 090429 8677
20151109 090430 8675
20151109 090436 8677
20151109 090446 8677
20151109 090450 8677
20151109 090453 8677
20151109 090454 8679
20151109 090501 8682
20151109 090507 8682
20151109 090509 8684
20151109 090510 8686
20151109 090512 8684
20151109 090515 8685
20151109 090525 8688
20151109 090526 8688
20151109 090528 8690
20151109 090529 8690
20151109 090533 8689
20151109 090539 8693
20151109 090540 8693
20151109 090543 8697
20151109 090544 8696
20151109 090548 8694
20151109 090550 8695
20151109 090559 8695
20151109 090600 8695
20151109 090601 8697
20151109 090602 8697
20151109 090605 8695
20151109 090607 8696
20151109 090611 8697
20151109 090614 8699
20151109 090621 8699
20151109 090622 8700
20151109 090623 8705
20151109 090625 8704
20151109 090629 8703
20151109 090631 8702
20151109 090633 8709
20151109 090636 8706
20151109 090637 8707
20151109 090640 8707
20151109 090643 8707
20151109 090645 8709
20151109 090646 8709
20151109 090647 8711
20151109 090649 8713
20151109 090650 8714
20151109 090652 8711
20151109 090655 8712
20151109 090656 8713
20151109 090657 8712
20151109 090704 8712
20151109 090705 8710
20151109 090706 8712
20151109 090710 8712
20151109 090711 8712
20151109 090716 8707
20151109 090722 8707
20151109 090723 8704
20151109 090737 8708
20151109 090747 8709
20151109 090748 8710
20151109 090749 8709
20151109 090750 8710
20151109 090751 8711
20151109 090756 8715
20151109 090758 8709
20151109 090816 8707
20151109 090824 8710
20151109 090827 8712
20151109 090828 8712
20151109 090829 8713
20151109 090836 8714
20151109 090837 8716
20151109 090843 8717
20151109 090847 8720
20151109 090848 8720
20151109 090858 8719
20151109 090900 8732
20151109 090901 8721
20151109 090902 8721
20151109 090904 8723
20151109 090905 8723
20151109 090906 8722
20151109 090907 8724
20151109 090908 8723
20151109 090911 8726
20151109 090913 8725
20151109 090915 8728
20151109 090916 8728
20151109 090923 8727
20151109 090925 8725
20151109 090926 8724
20151109 090928 8725
20151109 090934 8724
20151109 090936 8723
20151109 090939 8722
20151109 090940 8723
20151109 090941 8721
20151109 090943 8719
20151109 090944 8718
20151109 090946 8718
20151109 090948 8719
20151109 090950 8720
20151109 091000 8722
20151109 091001 8724
20151109 091002 8726
20151109 091003 8728
20151109 091007 8730
20151109 091011 8723
20151109 091014 8722
20151109 091019 8719
20151109 091020 8718
20151109 091021 8718
20151109 091024 8714
20151109 091030 8718
20151109 091034 8723
20151109 091035 8723
20151109 091042 8724
20151109 091059 8722
20151109 091105 8726
20151109 091107 8726
20151109 091108 8728
20151109 091109 8728
20151109 091110 8727
20151109 091113 8727
20151109 091115 8727
20151109 091119 8728
20151109 091129 8730
20151109 091130 8730
20151109 091131 8732
20151109 091132 8732
20151109 091135 8732
20151109 091136 8733
20151109 091137 8733
20151109 091138 8733
20151109 091139 8733
20151109 091147 8734
20151109 091150 8730
20151109 091151 8733
20151109 091153 8736
20151109 091154 8737
20151109 091156 8738
20151109 091159 8738
20151109 091200 8738
20151109 091201 8740
20151109 091211 8747
20151109 091214 8738
20151109 091215 8739
20151109 091216 8742
20151109 091218 8738
20151109 091219 8735
20151109 091221 8733
20151109 091227 8735
20151109 091231 8734
20151109 091235 8734
20151109 091241 8733
20151109 091242 8733
20151109 091258 8734
20151109 091259 8734
20151109 091304 8735
20151109 091306 8735
20151109 091307 8736
20151109 091308 8735
20151109 091314 8733
20151109 091318 8731
20151109 091320 8730
20151109 091321 8730
20151109 091322 8730
20151109 091323 8730
20151109 091325 8731
20151109 091326 8729
20151109 091335 8724
20151109 091336 8723
20151109 091340 8722
20151109 091341 8722
20151109 091347 8725
20151109 091350 8718
20151109 091352 8718
20151109 091353 8718
20151109 091354 8720
20151109 091355 8731
20151109 091356 8720
20151109 091357 8722
20151109 091406 8727
20151109 091407 8728
20151109 091412 8731
20151109 091414 8733
20151109 091415 8733
20151109 091416 8733
20151109 091418 8733
20151109 091425 8732
20151109 091426 8731
20151109 091427 8733
20151109 091428 8733
20151109 091432 8732
20151109 091434 8733
20151109 091444 8730
20151109 091445 8735
20151109 091447 8731
20151109 091450 8732
20151109 091452 8733
20151109 091453 8734
20151109 091454 8737
20151109 091455 8738
20151109 091500 8740
20151109 091503 8741
20151109 091511 8740
20151109 091512 8740
20151109 091519 8737
20151109 091528 8740
20151109 091529 8740
20151109 091530 8741
20151109 091538 8738
20151109 091539 8739
20151109 091546 8737
20151109 091547 8736
20151109 091552 8730
20151109 091609 8733
20151109 091615 8732
20151109 091624 8731
20151109 091628 8733
20151109 091629 8734
20151109 091631 8735
20151109 091633 8734
20151109 091640 8734
20151109 091642 8732
20151109 091655 8731
20151109 091700 8733
20151109 091703 8734
20151109 091704 8734
20151109 091705 8735
20151109 091706 8734
20151109 091714 8733
20151109 091719 8729
20151109 091723 8727
20151109 091725 8725
20151109 091731 8724
20151109 091734 8723
20151109 091738 8721
20151109 091739 8723
20151109 091742 8721
20151109 091743 8721
20151109 091744 8721
20151109 091745 8723
20151109 091746 8721
20151109 091747 8725
20151109 091750 8721
20151109 091755 8722
20151109 091800 8722
20151109 091802 8725
20151109 091813 8726
20151109 091817 8726
20151109 091840 8722
20151109 091900 8725
20151109 091902 8724
20151109 091903 8726
20151109 091904 8726
20151109 091907 8724
20151109 091910 8726
20151109 091926 8730
20151109 091928 8729
20151109 091929 8730
20151109 091934 8726
20151109 091938 8726
20151109 091945 8729
20151109 091948 8728
20151109 091958 8725
20151109 092008 8729
20151109 092009 8731
20151109 092010 8733
20151109 092016 8735
20151109 092027 8730
20151109 092037 8726
20151109 092100 8727
20151109 092102 8731
20151109 092131 8728
20151109 092138 8731
20151109 092142 8731
20151109 092144 8732
20151109 092147 8730
20151109 092203 8733
20151109 092205 8734
20151109 092222 8730
20151109 092223 8728
20151109 092228 8726
20151109 092242 8729
20151109 092244 8730
20151109 092248 8729
20151109 092255 8734
20151109 092256 8734
20151109 092259 8736
20151109 092300 8738
20151109 092303 8739
20151109 092306 8739
20151109 092307 8740
20151109 092308 8740
20151109 092309 8740
20151109 092310 8740
20151109 092311 8741
20151109 092314 8742
20151109 092317 8741
20151109 092318 8743
20151109 092319 8744
20151109 092320 8747
20151109 092323 8742
20151109 092331 8740
20151109 092341 8734
20151109 092348 8735
20151109 092404 8729
20151109 092407 8729
20151109 092411 8731
20151109 092413 8734
20151109 092415 8735
20151109 092416 8734
20151109 092432 8738
20151109 092434 8736
20151109 092438 8736
20151109 092539 8737
20151109 092558 8731
20151109 092602 8729
20151109 092604 8729
20151109 092635 8728
20151109 092640 8727
20151109 092647 8730
20151109 092710 8727
20151109 092715 8725
20151109 092716 8723
20151109 092718 8722
20151109 092719 8722
20151109 092720 8722
20151109 092722 8722
20151109 092723 8721
20151109 092724 8712
20151109 092725 8712
20151109 092728 8713
20151109 092733 8710
20151109 092735 8710
20151109 092737 8709
20151109 092742 8710
20151109 092758 8712
20151109 092800 8711
20151109 092804 8712
20151109 092805 8714
20151109 092811 8710
20151109 092819 8711
20151109 092820 8708
20151109 092821 8706
20151109 092823 8705
20151109 092824 8704
20151109 092832 8713
20151109 092838 8702
20151109 092840 8710
20151109 092848 8706
20151109 092849 8707
20151109 092851 8706
20151109 092852 8706
20151109 092901 8708
20151109 092904 8705
20151109 092905 8704
20151109 092908 8706
20151109 092919 8704
20151109 092922 8704
20151109 092928 8702
20151109 092935 8702
20151109 092938 8701
20151109 092939 8698
20151109 092945 8701
20151109 092950 8698
20151109 092959 8696
20151109 093001 8697
20151109 093003 8699
20151109 093011 8702
20151109 093014 8703
20151109 093015 8704
20151109 093018 8705
20151109 093019 8707
20151109 093022 8707
20151109 093024 8710
20151109 093036 8708
20151109 093101 8713
20151109 093114 8715
20151109 093122 8709
20151109 093142 8707
20151109 093145 8706
20151109 093223 8710
20151109 093227 8710
20151109 093237 8710
20151109 093238 8711
20151109 093250 8710
20151109 093253 8711
20151109 093258 8711
20151109 093300 8712
20151109 093302 8714
20151109 093307 8718
20151109 093321 8720
20151109 093324 8721
20151109 093326 8722
20151109 093328 8721
20151109 093329 8722
20151109 093331 8724
20151109 093335 8724
20151109 093341 8724
20151109 093345 8728
20151109 093355 8724
20151109 093454 8720
20151109 093455 8730
20151109 093503 8724
20151109 093526 8724
20151109 093529 8722
20151109 093532 8723
20151109 093552 8721
20151109 093559 8719
20151109 093617 8724
20151109 093627 8719
20151109 093633 8716
20151109 093636 8716
20151109 093639 8716
20151109 093649 8715
20151109 093650 8723
20151109 093717 8714
20151109 093736 8715
20151109 093744 8715
20151109 093747 8716
20151109 093752 8718
20151109 093813 8719
20151109 093841 8722
20151109 093842 8722
20151109 093845 8721
20151109 093855 8723
20151109 093901 8723
20151109 093905 8723
20151109 093906 8724
20151109 093907 8725
20151109 093928 8724
20151109 093948 8723
20151109 093957 8727
20151109 094001 8729
20151109 094004 8730
20151109 094008 8730
20151109 094014 8729
20151109 094018 8728
20151109 094056 8722
20151109 094112 8721
20151109 094125 8722
20151109 094129 8723
20151109 094146 8721
20151109 094154 8724
20151109 094200 8729
20151109 094202 8729
20151109 094204 8730
20151109 094212 8726
20151109 094216 8728
20151109 094218 8729
20151109 094230 8727
20151109 094241 8725
20151109 094255 8718
20151109 094257 8717
20151109 094305 8716
20151109 094356 8718
20151109 094416 8719
20151109 094424 8722
20151109 094453 8718
20151109 094534 8721
20151109 094541 8724
20151109 094542 8724
20151109 094545 8727
20151109 094611 8724
20151109 094626 8721
20151109 094633 8718
20151109 094634 8717
20151109 094637 8717
20151109 094643 8719
20151109 094717 8717
20151109 094718 8716
20151109 094741 8725
20151109 094750 8719
20151109 094800 8717
20151109 094806 8716
20151109 094808 8714
20151109 094848 8719
20151109 094909 8719
20151109 094941 8716
20151109 094944 8717
20151109 094950 8720
20151109 094956 8720
20151109 095001 8722
20151109 095002 8722
20151109 095007 8720
20151109 095010 8720
20151109 095017 8716
20151109 095018 8712
20151109 095046 8712
20151109 095047 8711
20151109 095050 8716
20151109 095054 8714
20151109 095103 8709
20151109 095104 8707
20151109 095107 8712
20151109 095115 8708
20151109 095125 8709
20151109 095126 8707
20151109 095129 8709
20151109 095130 8709
20151109 095136 8706
20151109 095155 8708
20151109 095158 8709
20151109 095205 8708
20151109 095207 8706
20151109 095216 8704
20151109 095219 8703
20151109 095310 8705
20151109 095311 8704
20151109 095332 8704
20151109 095333 8702
20151109 095334 8701
20151109 095338 8700
20151109 095342 8701
20151109 095343 8703
20151109 095346 8708
20151109 095347 8708
20151109 095351 8704
20151109 095413 8708
20151109 095414 8706
20151109 095429 8702
20151109 095433 8701
20151109 095434 8699
20151109 095435 8692
20151109 095439 8695
20151109 095440 8694
20151109 095446 8693
20151109 095447 8690
20151109 095451 8687
20151109 095452 8686
20151109 095453 8683
20151109 095454 8686
20151109 095457 8685
20151109 095502 8682
20151109 095503 8681
20151109 095506 8686
20151109 095511 8686
20151109 095513 8687
20151109 095518 8688
20151109 095519 8688
20151109 095520 8688
20151109 095521 8686
20151109 095527 8692
20151109 095532 8683
20151109 095535 8683
20151109 095538 8682
20151109 095539 8682
20151109 095542 8684
20151109 095543 8684
20151109 095544 8683
20151109 095545 8683
20151109 095548 8679
20151109 095550 8677
20151109 095551 8676
20151109 095613 8677
20151109 095615 8675
20151109 095617 8673
20151109 095618 8673
20151109 095623 8676
20151109 095630 8675
20151109 095633 8672
20151109 095634 8672
20151109 095635 8671
20151109 095636 8671
20151109 095640 8680
20151109 095642 8677
20151109 095644 8677
20151109 095654 8676
20151109 095702 8670
20151109 095711 8673
20151109 095716 8672
20151109 095719 8669
20151109 095720 8666
20151109 095727 8666
20151109 095731 8665
20151109 095733 8665
20151109 095734 8663
20151109 095735 8662
20151109 095736 8661
20151109 095737 8663
20151109 095740 8659
20151109 095741 8660
20151109 095745 8657
20151109 095746 8657
20151109 095749 8657
20151109 095753 8657
20151109 095755 8656
20151109 095759 8655
20151109 095800 8655
20151109 095815 8660
20151109 095816 8658
20151109 095817 8660
20151109 095822 8665
20151109 095825 8661
20151109 095828 8665
20151109 095830 8665
20151109 095834 8666
20151109 095836 8662
20151109 095839 8665
20151109 095840 8665
20151109 095849 8669
20151109 095851 8669
20151109 095856 8668
20151109 095901 8670
20151109 095902 8670
20151109 095907 8672
20151109 095908 8675
20151109 095909 8676
20151109 095910 8674
20151109 095912 8674
20151109 095913 8674
20151109 095918 8672
20151109 095928 8672
20151109 095929 8670
20151109 095941 8674
20151109 095956 8672
20151109 100003 8681
20151109 100008 8672
20151109 100013 8671
20151109 100017 8672
20151109 100117 8673
20151109 100151 8669
20151109 100152 8668
20151109 100153 8669
20151109 100154 8667
20151109 100155 8667
20151109 100156 8670
20151109 100158 8665
20151109 100200 8663
20151109 100202 8662
20151109 100203 8662
20151109 100209 8661
20151109 100211 8657
20151109 100212 8657
20151109 100213 8657
20151109 100225 8661
20151109 100239 8663
20151109 100247 8665
20151109 100254 8668
20151109 100256 8670
20151109 100311 8666
20151109 100329 8668
20151109 100334 8665
20151109 100336 8664
20151109 100353 8668
20151109 100415 8675
20151109 100422 8667
20151109 100423 8669
20151109 100431 8671
20151109 100432 8671
20151109 100433 8673
20151109 100442 8672
20151109 100459 8669
20151109 100500 8669
20151109 100523 8669
20151109 100531 8667
20151109 100539 8671
20151109 100541 8672
20151109 100602 8673
20151109 100603 8672
20151109 100606 8673
20151109 100621 8672
20151109 100626 8673
20151109 100630 8671
20151109 100631 8670
20151109 100644 8669
20151109 100648 8663
20151109 100649 8662
20151109 100654 8666
20151109 100657 8666
20151109 100710 8665
20151109 100733 8665
20151109 100737 8666
20151109 100747 8665
20151109 100748 8667
20151109 100827 8669
20151109 100834 8667
20151109 100838 8662
20151109 100840 8661
20151109 100842 8660
20151109 100844 8658
20151109 100845 8658
20151109 100847 8659
20151109 100851 8657
20151109 100852 8656
20151109 100911 8659
20151109 100913 8654
20151109 100914 8649
20151109 100915 8646
20151109 100916 8650
20151109 100921 8647
20151109 100924 8647
20151109 100927 8649
20151109 100931 8650
20151109 100933 8648
20151109 100934 8647
20151109 100938 8644
20151109 100939 8643
20151109 100940 8647
20151109 100942 8645
20151109 100946 8643
20151109 100948 8642
20151109 100953 8644
20151109 100954 8643
20151109 100955 8643
20151109 100956 8643
20151109 100957 8643
20151109 100959 8644
20151109 101000 8644
20151109 101001 8641
20151109 101004 8646
20151109 101006 8646
20151109 101012 8648
20151109 101013 8647
20151109 101017 8648
20151109 101024 8650
20151109 101027 8652
20151109 101028 8651
20151109 101036 8655
20151109 101043 8656
20151109 101052 8651
20151109 101106 8648
20151109 101125 8650
20151109 101140 8652
20151109 101146 8650
20151109 101154 8649
20151109 101158 8645
20151109 101201 8642
20151109 101203 8640
20151109 101212 8638
20151109 101213 8637
20151109 101215 8635
20151109 101216 8637
20151109 101222 8636
20151109 101229 8638
20151109 101240 8640
20151109 101241 8636
20151109 101302 8632
20151109 101303 8632
20151109 101312 8631
20151109 101314 8628
20151109 101319 8630
20151109 101321 8629
20151109 101323 8632
20151109 101327 8631
20151109 101331 8629
20151109 101332 8629
20151109 101334 8627
20151109 101337 8635
20151109 101340 8626
20151109 101341 8627
20151109 101402 8632
20151109 101405 8635
20151109 101407 8643
20151109 101410 8640
20151109 101411 8639
20151109 101415 8642
20151109 101416 8643
20151109 101417 8642
20151109 101426 8638
20151109 101439 8635
20151109 101441 8632
20151109 101442 8632
20151109 101443 8631
20151109 101444 8631
20151109 101445 8637
20151109 101446 8627
20151109 101452 8629
20151109 101507 8633
20151109 101511 8633
20151109 101516 8634
20151109 101521 8637
20151109 101530 8646
20151109 101532 8638
20151109 101534 8639
20151109 101552 8642
20151109 101557 8642
20151109 101601 8641
20151109 101604 8640
20151109 101606 8640
20151109 101608 8640
20151109 101609 8640
20151109 101613 8638
20151109 101614 8636
20151109 101636 8636
20151109 101648 8638
20151109 101709 8641
20151109 101723 8643
20151109 101724 8643
20151109 101725 8641
20151109 101727 8642
20151109 101733 8643
20151109 101737 8642
20151109 101739 8640
20151109 101746 8639
20151109 101747 8639
20151109 101750 8639
20151109 101754 8641
20151109 101757 8639
20151109 101758 8638
20151109 101812 8639
20151109 101816 8638
20151109 101817 8637
20151109 101818 8638
20151109 101822 8637
20151109 101824 8636
20151109 101832 8636
20151109 101833 8636
20151109 101844 8639
20151109 101849 8638
20151109 101854 8636
20151109 101903 8635
20151109 101904 8634
20151109 101907 8634
20151109 101910 8635
20151109 101916 8635
20151109 101919 8633
20151109 101920 8632
20151109 101921 8631
20151109 101924 8628
20151109 101928 8629
20151109 101932 8630
20151109 101938 8634
20151109 101944 8638
20151109 101951 8646
20151109 101957 8638
20151109 102057 8642
20151109 102058 8645
20151109 102106 8650
20151109 102107 8651
20151109 102108 8651
20151109 102115 8655
20151109 102118 8657
20151109 102119 8655
20151109 102128 8657
20151109 102132 8657
20151109 102137 8660
20151109 102142 8655
20151109 102200 8656
20151109 102202 8656
20151109 102203 8662
20151109 102210 8663
20151109 102213 8659
20151109 102214 8660
20151109 102215 8661
20151109 102217 8664
20151109 102218 8664
20151109 102219 8665
20151109 102221 8665
20151109 102242 8664
20151109 102244 8664
20151109 102247 8665
20151109 102253 8671
20151109 102255 8668
20151109 102301 8671
20151109 102306 8670
20151109 102307 8671
20151109 102310 8667
20151109 102312 8669
20151109 102313 8669
20151109 102321 8666
20151109 102322 8665
20151109 102329 8666
20151109 102330 8666
20151109 102339 8667
20151109 102352 8665
20151109 102353 8667
20151109 102355 8668
20151109 102358 8669
20151109 102402 8669
20151109 102406 8668
20151109 102409 8669
20151109 102411 8669
20151109 102413 8668
20151109 102418 8669
20151109 102428 8671
20151109 102429 8671
20151109 102430 8674
20151109 102431 8674
20151109 102432 8673
20151109 102436 8673
20151109 102444 8673
20151109 102445 8673
20151109 102446 8673
20151109 102500 8672
20151109 102504 8668
20151109 102505 8668
20151109 102528 8666
20151109 102530 8667
20151109 102531 8669
20151109 102537 8670
20151109 102605 8670
20151109 102608 8670
20151109 102616 8671
20151109 102618 8672
20151109 102627 8673
20151109 102629 8673
20151109 102636 8668
20151109 102637 8668
20151109 102642 8669
20151109 102646 8676
20151109 102654 8669
20151109 102704 8667
20151109 102721 8667
20151109 102722 8667
20151109 102740 8667
20151109 102741 8667
20151109 102754 8663
20151109 102900 8666
20151109 102914 8668
20151109 102915 8673
20151109 102916 8675
20151109 102917 8673
20151109 102918 8677
20151109 102921 8677
20151109 102922 8677
20151109 102942 8674
20151109 102947 8674
20151109 102948 8674
20151109 103001 8674
20151109 103003 8674
20151109 103017 8670
20151109 103018 8669
20151109 103045 8670
20151109 103052 8669
20151109 103111 8672
20151109 103113 8672
20151109 103118 8670
20151109 103125 8670
20151109 103140 8673
20151109 103142 8677
20151109 103147 8676
20151109 103152 8670
20151109 103218 8666
20151109 103225 8666
20151109 103236 8665
20151109 103249 8668
20151109 103325 8669
20151109 103333 8669
20151109 103342 8670
20151109 103343 8671
20151109 103344 8670
20151109 103346 8670
20151109 103358 8664
20151109 103400 8672
20151109 103402 8666
20151109 103412 8667
20151109 103418 8669
20151109 103915 8671
20151109 103917 8672
20151109 103919 8673
20151109 103921 8674
20151109 103922 8675
20151109 103945 8678
20151109 103954 8680
20151109 103955 8681
20151109 103956 8683
20151109 103957 8683
20151109 103959 8682
20151109 104000 8686
20151109 104015 8675
20151109 104022 8676
20151109 104023 8676
20151109 104025 8675
20151109 104028 8676
20151109 104036 8675
20151109 104038 8676
20151109 104148 8673
20151109 104154 8671
20151109 104157 8669
20151109 104210 8664
20151109 104211 8662
20151109 104212 8662
20151109 104213 8662
20151109 104214 8662
20151109 104215 8660
20151109 104216 8664
20151109 104218 8657
20151109 104223 8662
20151109 104235 8661
20151109 104242 8658
20151109 104243 8657
20151109 104244 8657
20151109 104245 8652
20151109 104247 8652
20151109 104249 8652
20151109 104252 8652
20151109 104253 8651
20151109 104256 8654
20151109 104258 8655
20151109 104300 8655
20151109 104307 8658
20151109 104311 8658
20151109 104313 8659
20151109 104326 8662
20151109 104338 8661
20151109 104352 8659
20151109 104359 8658
20151109 104403 8660
20151109 104442 8659
20151109 104504 8658
20151109 104506 8659
20151109 104551 8658
20151109 104603 8655
20151109 104607 8654
20151109 104659 8659
20151109 104716 8655
20151109 104719 8653
20151109 104723 8654
20151109 104728 8652
20151109 104729 8647
20151109 104739 8646
20151109 104743 8646
20151109 104750 8649
20151109 104807 8652
20151109 104817 8655
20151109 104821 8653
20151109 104832 8653
20151109 104840 8651
20151109 104858 8652
20151109 104900 8652
20151109 104903 8652
20151109 104904 8651
20151109 104905 8650
20151109 104906 8649
20151109 104913 8650
20151109 104921 8647
20151109 104927 8643
20151109 104934 8642
20151109 104935 8642
20151109 104936 8642
20151109 104943 8644
20151109 105017 8643
20151109 105019 8642
20151109 105020 8642
20151109 105025 8643
20151109 105037 8642
20151109 105058 8642
20151109 105100 8638
20151109 105102 8638
20151109 105104 8641
20151109 105105 8642
20151109 105107 8642
20151109 105112 8644
20151109 105137 8644
20151109 105145 8643
20151109 105148 8642
20151109 105155 8644
20151109 105158 8641
20151109 105200 8642
20151109 105201 8638
20151109 105218 8638
20151109 105219 8639
20151109 105222 8638
20151109 105230 8637
20151109 105231 8638
20151109 105238 8639
20151109 105255 8638
20151109 105302 8638
20151109 105303 8638
20151109 105305 8637
20151109 105306 8635
20151109 105307 8634
20151109 105308 8633
20151109 105310 8634
20151109 105313 8635
20151109 105315 8635
20151109 105331 8636
20151109 105333 8635
20151109 105334 8635
20151109 105345 8635
20151109 105353 8635
20151109 105407 8635
20151109 105409 8634
20151109 105415 8635
20151109 105442 8633
20151109 105458 8638
20151109 105532 8638
20151109 105535 8642
20151109 105539 8645
20151109 105541 8648
20151109 105544 8648
20151109 105546 8647
20151109 105550 8648
20151109 105553 8650
20151109 105557 8650
20151109 105559 8650
20151109 105611 8652
20151109 105632 8651
20151109 105733 8653
20151109 105808 8650
20151109 105848 8651
20151109 105914 8653
20151109 105917 8655
20151109 105918 8655
20151109 105919 8656
20151109 105930 8658
20151109 105932 8660
20151109 105934 8660
20151109 110001 8656
20151109 110006 8662
20151109 110017 8653
20151109 110101 8646
20151109 110103 8650
20151109 110122 8638
20151109 110125 8638
20151109 110126 8637
20151109 110134 8635
20151109 110212 8640
20151109 110213 8640
20151109 110223 8638
20151109 110228 8639
20151109 110243 8641
20151109 110255 8639
20151109 110256 8640
20151109 110314 8636
20151109 110338 8640
20151109 110340 8641
20151109 110350 8639
20151109 110408 8636
20151109 110418 8636
20151109 110421 8637
20151109 110432 8636
20151109 110433 8633
20151109 110446 8632
20151109 110447 8631
20151109 110448 8630
20151109 110449 8627
20151109 110502 8627
20151109 110503 8626
20151109 110504 8622
20151109 110505 8625
20151109 110516 8623
20151109 110517 8622
20151109 110518 8623
20151109 110519 8622
20151109 110520 8621
20151109 110521 8621
20151109 110524 8621
20151109 110526 8628
20151109 110527 8621
20151109 110532 8621
20151109 110533 8620
20151109 110534 8615
20151109 110535 8618
20151109 110536 8616
20151109 110537 8618
20151109 110540 8617
20151109 110547 8618
20151109 110601 8613
20151109 110602 8613
20151109 110603 8613
20151109 110607 8612
20151109 110621 8612
20151109 110622 8612
20151109 110623 8612
20151109 110624 8613
20151109 110625 8613
20151109 110638 8616
20151109 110644 8617
20151109 110648 8617
20151109 110704 8620
20151109 110705 8620
20151109 110710 8621
20151109 110712 8625
20151109 110721 8621
20151109 110722 8622
20151109 110723 8622
20151109 110731 8622
20151109 110732 8620
20151109 110735 8618
20151109 110740 8617
20151109 110741 8616
20151109 110747 8615
20151109 110749 8614
20151109 110809 8614
20151109 110811 8614
20151109 110815 8613
20151109 110816 8612
20151109 110817 8611
20151109 110818 8611
20151109 110819 8611
20151109 110821 8611
20151109 110830 8614
20151109 110837 8612
20151109 110840 8614
20151109 110843 8613
20151109 110855 8610
20151109 110856 8608
20151109 110858 8610
20151109 110902 8610
20151109 110905 8610
20151109 110907 8608
20151109 110918 8607
20151109 110924 8608
20151109 110931 8608
20151109 110933 8605
20151109 110934 8604
20151109 110935 8603
20151109 110936 8603
20151109 110937 8603
20151109 110938 8602
20151109 110939 8602
20151109 110940 8602
20151109 110941 8601
20151109 110952 8603
20151109 110954 8601
20151109 110956 8602
20151109 110958 8602
20151109 110959 8602
20151109 111000 8601
20151109 111005 8608
20151109 111008 8611
20151109 111012 8613
20151109 111013 8613
20151109 111018 8611
20151109 111021 8612
20151109 111031 8616
20151109 111037 8615
20151109 111043 8616
20151109 111100 8618
20151109 111103 8617
20151109 111115 8621
20151109 111116 8629
20151109 111117 8620
20151109 111120 8621
20151109 111121 8620
20151109 111126 8617
20151109 111127 8616
20151109 111133 8613
20151109 111134 8612
20151109 111147 8616
20151109 111148 8615
20151109 111150 8616
20151109 111151 8617
20151109 111152 8616
20151109 111213 8615
20151109 111223 8622
20151109 111239 8612
20151109 111242 8612
20151109 111243 8612
20151109 111254 8611
20151109 111259 8610
20151109 111301 8611
20151109 111306 8617
20151109 111332 8615
20151109 111341 8616
20151109 111342 8615
20151109 111348 8617
20151109 111349 8618
20151109 111359 8617
20151109 111401 8617
20151109 111420 8613
20151109 111422 8614
20151109 111437 8616
20151109 111439 8618
20151109 111455 8616
20151109 111456 8614
20151109 111457 8615
20151109 111500 8614
20151109 111501 8613
20151109 111502 8612
20151109 111505 8612
20151109 111518 8617
20151109 111523 8617
20151109 111532 8620
20151109 111534 8621
20151109 111542 8619
20151109 111543 8621
20151109 111545 8621
20151109 111556 8620
20151109 111601 8619
20151109 111602 8617
20151109 111608 8617
20151109 111610 8616
20151109 111614 8615
20151109 111615 8616
20151109 111617 8616
20151109 111620 8615
20151109 111621 8615
20151109 111625 8615
20151109 111629 8621
20151109 111630 8615
20151109 111631 8616
20151109 111632 8616
20151109 111637 8618
20151109 111704 8619
20151109 111725 8623
20151109 111726 8623
20151109 111730 8623
20151109 111733 8626
20151109 111736 8628
20151109 111739 8627
20151109 111748 8628
20151109 111754 8629
20151109 111758 8628
20151109 111803 8629
20151109 111804 8627
20151109 111810 8629
20151109 111812 8630
20151109 111817 8630
20151109 111818 8630
20151109 111822 8630
20151109 111823 8631
20151109 111845 8629
20151109 111848 8629
20151109 111850 8635
20151109 111901 8631
20151109 111902 8639
20151109 111907 8637
20151109 111912 8629
20151109 111913 8635
20151109 111935 8628
20151109 111939 8628
20151109 111951 8626
20151109 111952 8626
20151109 112000 8624
20151109 112002 8623
20151109 112003 8623
20151109 112110 8628
20151109 112145 8635
20151109 112147 8628
20151109 112148 8628
20151109 112149 8627
20151109 112150 8628
20151109 112154 8630
20151109 112209 8628
20151109 112219 8628
20151109 112233 8635
20151109 112249 8625
20151109 112258 8625
20151109 112301 8623
20151109 112302 8623
20151109 112339 8623
20151109 112343 8628
20151109 112351 8628
20151109 112353 8623
20151109 112357 8622
20151109 112403 8620
20151109 112404 8619
20151109 112411 8619
20151109 112418 8614
20151109 112422 8613
20151109 112433 8613
20151109 112504 8618
20151109 112506 8618
20151109 112513 8623
20151109 112514 8625
20151109 112544 8625
20151109 112607 8628
20151109 112659 8622
20151109 112720 8625
20151109 112721 8625
20151109 112754 8625
20151109 112813 8628
20151109 112816 8628
20151109 112854 8630
20151109 112957 8619
20151109 113016 8620
20151109 113017 8620
20151109 113132 8619
20151109 113140 8618
20151109 113157 8616
20151109 113230 8621
20151109 113233 8621
20151109 113235 8621
20151109 113242 8621
20151109 113300 8621
20151109 113333 8624
20151109 113334 8625
20151109 113340 8625
20151109 113352 8624
20151109 113440 8622
20151109 113509 8620
20151109 113727 8619
20151109 113732 8618
20151109 113735 8617
20151109 113736 8623
20151109 113737 8623
20151109 113740 8615
20151109 113741 8614
20151109 113747 8613
20151109 113750 8613
20151109 113751 8612
20151109 113752 8618
20151109 113754 8611
20151109 113755 8611
20151109 113756 8611
20151109 113757 8611
20151109 113804 8614
20151109 113808 8615
20151109 113854 8624
20151109 113906 8620
20151109 114054 8626
20151109 114217 8622
20151109 114306 8622
20151109 114505 8621
20151109 114507 8618
20151109 114515 8622
20151109 114607 8624
20151109 114611 8621
20151109 114619 8622
20151109 114637 8618
20151109 114639 8616
20151109 114641 8615
20151109 114713 8619
20151109 114802 8616
20151109 114805 8615
20151109 114816 8621
20151109 114834 8619
20151109 114854 8619
20151109 114909 8618
20151109 114911 8618
20151109 115037 8619
20151109 115046 8620
20151109 115107 8617
20151109 115217 8615
20151109 115219 8614
20151109 115321 8617
20151109 115332 8616
20151109 115406 8614
20151109 115410 8612
20151109 115412 8610
20151109 115424 8614
20151109 115454 8615
20151109 115504 8616
20151109 115506 8617
20151109 115520 8619
20151109 115535 8618
20151109 115537 8618
20151109 115609 8617
20151109 115648 8618
20151109 115722 8620
20151109 115855 8624
20151109 115942 8630
20151109 115953 8624
20151109 120001 8625
20151109 120010 8628
20151109 120015 8629
20151109 120017 8629
20151109 120028 8629
20151109 120030 8631
20151109 120031 8631
20151109 120036 8632
20151109 120037 8634
20151109 120040 8634
20151109 120045 8635
20151109 120050 8636
20151109 120053 8638
20151109 120054 8638
20151109 120058 8637
20151109 120106 8639
20151109 120111 8640
20151109 120112 8644
20151109 120113 8646
20151109 120117 8642
20151109 120120 8642
20151109 120121 8641
20151109 120132 8652
20151109 120133 8644
20151109 120320 8645
20151109 120321 8646
20151109 120323 8646
20151109 120326 8647
20151109 120415 8649
20151109 120429 8647
20151109 120440 8654
20151109 120441 8647
20151109 120510 8649
20151109 120515 8652
20151109 120520 8651
20151109 120521 8651
20151109 120530 8651
20151109 120532 8653
20151109 120539 8656
20151109 120549 8651
20151109 120557 8651
20151109 120609 8650
20151109 120617 8650
20151109 120641 8648
20151109 120649 8648
20151109 120651 8648
20151109 120659 8648
20151109 120704 8650
20151109 120705 8649
20151109 120727 8656
20151109 120826 8643
20151109 120909 8649
20151109 120941 8656
20151109 121137 8649
20151109 121146 8652
20151109 121147 8652
20151109 121417 8658
20151109 121448 8646
20151109 121505 8650
20151109 121523 8652
20151109 121536 8653
20151109 121543 8654
20151109 121559 8652
20151109 121609 8652
20151109 121621 8652
20151109 121623 8658
20151109 121705 8657
20151109 121830 8657
20151109 121833 8652
20151109 121905 8654
20151109 121906 8656
20151109 121913 8654
20151109 121931 8651
20151109 121941 8651
20151109 121942 8651
20151109 121949 8651
20151109 122021 8648
20151109 122023 8658
20151109 122113 8653
20151109 122153 8655
20151109 122311 8649
20151109 122402 8652
20151109 122425 8654
20151109 122443 8656
20151109 122447 8658
20151109 122448 8658
20151109 122450 8658
20151109 122534 8653
20151109 122535 8653
20151109 122537 8653
20151109 122539 8653
20151109 122547 8653
20151109 122737 8664
20151109 122814 8653
20151109 122902 8652
20151109 122951 8664
20151109 123120 8654
20151109 123211 8656
20151109 123259 8666
20151109 123331 8667
20151109 123339 8656
20151109 123342 8657
20151109 123420 8661
20151109 123447 8660
20151109 123510 8659
20151109 123512 8659
20151109 123524 8660
20151109 123618 8658
20151109 123626 8659
20151109 123713 8664
20151109 123714 8665
20151109 123721 8663
20151109 123731 8664
20151109 123734 8671
20151109 123741 8665
20151109 123748 8665
20151109 123800 8665
20151109 123803 8664
20151109 123808 8664
20151109 123813 8671
20151109 123814 8671
20151109 123816 8661
20151109 123817 8661
20151109 123824 8671
20151109 123831 8659
20151109 123839 8671
20151109 123914 8669
20151109 123922 8657
20151109 123924 8657
20151109 123926 8655
20151109 123938 8654
20151109 123950 8653
20151109 124009 8652
20151109 124010 8652
20151109 124011 8651
20151109 124029 8651
20151109 124041 8648
20151109 124044 8649
20151109 124050 8650
20151109 124215 8651
20151109 124216 8657
20151109 124241 8651
20151109 124250 8654
20151109 124332 8651
20151109 124505 8652
20151109 124523 8652
20151109 124536 8654
20151109 124542 8654
20151109 124552 8654
20151109 124555 8653
20151109 124606 8654
20151109 124655 8653
20151109 124838 8649
20151109 124840 8649
20151109 125148 8653
20151109 125319 8650
20151109 125410 8652
20151109 125525 8656
20151109 125655 8646
20151109 125656 8645
20151109 125657 8646
20151109 125742 8652
20151109 125832 8645
20151109 125833 8643
20151109 125834 8643
20151109 125905 8643
20151109 125910 8642
20151109 125911 8642
20151109 125912 8641
20151109 125916 8641
20151109 125917 8641
20151109 130018 8642
20151109 130032 8645
20151109 130237 8646
20151109 130305 8654
20151109 130317 8647
20151109 130338 8648
20151109 130353 8649
20151109 130408 8650
20151109 130429 8654
20151109 130430 8654
20151109 130537 8655
20151109 130543 8658
20151109 130601 8653
20151109 130625 8650
20151109 130626 8649
20151109 130703 8650
20151109 130759 8650
20151109 130933 8649
20151109 130956 8648
20151109 131033 8647
20151109 131044 8645
20151109 131117 8645
20151109 131121 8643
20151109 131122 8643
20151109 131123 8643
20151109 131132 8641
20151109 131133 8640
20151109 131135 8638
20151109 131153 8641
20151109 131256 8644
20151109 131343 8643
20151109 131358 8645
20151109 131427 8645
20151109 131454 8652
20151109 131458 8640
20151109 131511 8641
20151109 131513 8640
20151109 131524 8640
20151109 131733 8639
20151109 131802 8637
20151109 131839 8635
20151109 131920 8638
20151109 131943 8634
20151109 132000 8634
20151109 132001 8633
20151109 132059 8638
20151109 132124 8636
20151109 132227 8637
20151109 132245 8640
20151109 132428 8636
20151109 132438 8635
20151109 132448 8635
20151109 132500 8633
20151109 132858 8636
20151109 133008 8638
20151109 133014 8645
20151109 133016 8645
20151109 133028 8638
20151109 133039 8635
20151109 133041 8634
20151109 133049 8641
20151109 133113 8636
20151109 133127 8636
20151109 133225 8633
20151109 133228 8633
20151109 133238 8633
20151109 133326 8633
20151109 133409 8627
20151109 133439 8636
20151109 133441 8643
20151109 133502 8643
20151109 133515 8634
20151109 133524 8634
20151109 133537 8635
20151109 133613 8640
20151109 133628 8640
20151109 133639 8625
20151109 133640 8631
20151109 133641 8631
20151109 133642 8631
20151109 133643 8630
20151109 133644 8630
20151109 133645 8630
20151109 133646 8629
20151109 133647 8628
20151109 133649 8628
20151109 133651 8640
20151109 133705 8628
20151109 133706 8627
20151109 133716 8626
20151109 133725 8626
20151109 133732 8626
20151109 133733 8625
20151109 133734 8625
20151109 133759 8628
20151109 133811 8629
20151109 133826 8628
20151109 133840 8635
20151109 133923 8634
20151109 133934 8626
20151109 133945 8626
20151109 133959 8627
20151109 134021 8633
20151109 134028 8627
20151109 134043 8632
20151109 134103 8627
20151109 134135 8624
20151109 134136 8623
20151109 134137 8623
20151109 134142 8629
20151109 134145 8623
20151109 134212 8624
20151109 134213 8626
20151109 134214 8626
20151109 134217 8626
20151109 134320 8626
20151109 134331 8626
20151109 134339 8626
20151109 134343 8627
20151109 134344 8626
20151109 134350 8626
20151109 134351 8626
20151109 134407 8628
20151109 134411 8632
20151109 134414 8627
20151109 134416 8628
20151109 134419 8627
20151109 134420 8628
20151109 134422 8627
20151109 134424 8628
