# Output=[dateStart dateEnd start high low end upperBound lowerBound prediction earning]
084500 084500 8365.0 8366.0 8365.0 8366.0 0.0 0.0 0 0
084500 084500 8365.0 8366.0 8365.0 8366.0 0.0 0.0 -1 -126
084500 084500 8365.0 8367.0 8365.0 8367.0 0.0 0.0 -1 -176
084500 084500 8365.0 8367.0 8365.0 8367.0 0.0 0.0 -1 -176
084500 084501 8365.0 8369.0 8365.0 8369.0 0.0 0.0 -1 -276
084500 084503 8365.0 8369.0 8365.0 8368.0 0.0 0.0 -1 -226
084500 084503 8365.0 8373.0 8365.0 8373.0 0.0 0.0 -1 -476
084500 084503 8365.0 8373.0 8365.0 8373.0 0.0 0.0 -1 -476
084500 084505 8365.0 8373.0 8363.0 8363.0 0.0 0.0 -1 24
084500 084507 8365.0 8373.0 8363.0 8364.0 0.0 0.0 -1 -26
084500 084508 8365.0 8373.0 8363.0 8364.0 0.0 0.0 -1 -26
084500 084508 8365.0 8373.0 8363.0 8364.0 0.0 0.0 -1 -26
084500 084511 8365.0 8373.0 8363.0 8364.0 0.0 0.0 -1 -26
084500 084518 8365.0 8373.0 8363.0 8366.0 0.0 0.0 -1 -126
084500 084521 8365.0 8373.0 8363.0 8367.0 0.0 0.0 -1 -176
084500 084523 8365.0 8373.0 8363.0 8367.0 0.0 0.0 -1 -176
084500 084525 8365.0 8373.0 8363.0 8369.0 0.0 0.0 -1 -276
084500 084526 8365.0 8373.0 8363.0 8368.0 0.0 0.0 -1 -226
084500 084527 8365.0 8376.0 8363.0 8376.0 0.0 0.0 -1 -626
084500 084528 8365.0 8376.0 8363.0 8369.0 0.0 0.0 -1 -276
084500 084530 8365.0 8376.0 8363.0 8376.0 8375.070425700065 8360.565937936299 -1 -626
084500 084531 8365.0 8376.0 8363.0 8369.0 8375.17767176654 8360.731419142552 0 -276
084547 084645 8363.0 8390.0 8363.0 8377.0 8386.17342359204 8362.553849135233 1 624
084547 084646 8363.0 8390.0 8363.0 8377.0 8386.02679326997 8363.79138854821 1 624
084547 084646 8363.0 8390.0 8363.0 8377.0 8385.847814114002 8364.970367704178 1 624
084547 084647 8363.0 8390.0 8363.0 8376.0 8385.784957589773 8365.669587864772 1 574
084553 084650 8365.0 8390.0 8365.0 8378.0 8385.86860338891 8366.31321479291 1 574
084553 084651 8365.0 8390.0 8365.0 8378.0 8386.003429921317 8366.723842805955 1 574
084553 084651 8365.0 8390.0 8365.0 8379.0 8385.772618529174 8366.772836016282 1 624
084553 084651 8365.0 8390.0 8365.0 8379.0 8385.998251586585 8367.092657504323 1 624
084553 084651 8365.0 8390.0 8365.0 8379.0 8386.191962730654 8367.44440090571 1 624
084553 084652 8365.0 8390.0 8365.0 8378.0 8386.23439342595 8367.94742475587 1 574
084553 084653 8365.0 8390.0 8365.0 8379.0 8386.391346318487 8368.245017317877 1 624
084558 084658 8366.0 8390.0 8365.0 8377.0 8386.413589087095 8368.495501821997 1 474
084558 084658 8366.0 8390.0 8365.0 8378.0 8386.469060219266 8368.803667053462 1 524
084602 084702 8370.0 8390.0 8365.0 8379.0 8384.176390871473 8370.096336401255 0 374
084623 084716 8372.0 8390.0 8372.0 8379.0 8384.33902130588 8370.933705966849 0 274
084901 085001 8348.0 8384.0 8348.0 8377.0 8391.289147692974 8361.074488670662 1 1374
084922 085002 8384.0 8384.0 8374.0 8377.0 8391.338157644284 8361.11638781026 0 -426
085220 085318 8366.0 8380.0 8366.0 8370.0 8379.810819671713 8360.734634873743 0 -276
085458 085549 8389.0 8389.0 8373.0 8376.0 8383.898205800622 8364.738157835742 -1 574
085458 085554 8389.0 8389.0 8373.0 8376.0 8383.949998890812 8365.322728381916 -1 574
085458 085554 8389.0 8389.0 8373.0 8376.0 8383.949034125186 8365.960056783906 -1 574
085529 085602 8373.0 8376.0 8373.0 8376.0 8383.889451353509 8366.656003191947 0 -226
085629 085718 8388.0 8388.0 8374.0 8374.0 8385.892086783299 8367.926095034882 -1 624
085629 085725 8388.0 8388.0 8374.0 8375.0 8385.892086783299 8367.926095034882 -1 574
085629 085728 8388.0 8388.0 8374.0 8375.0 8385.862587350512 8368.137412649488 -1 574
085716 085757 8374.0 8375.0 8348.0 8348.0 8390.064640164132 8360.753541654049 0 1224
085757 085843 8348.0 8375.0 8348.0 8375.0 8387.521103793837 8361.75162347889 1 1274
085757 085854 8348.0 8375.0 8348.0 8374.0 8387.418644059497 8361.672265031411 1 1224
085757 085856 8348.0 8375.0 8348.0 8367.0 8387.365744911602 8360.906982361126 1 874
085757 085856 8348.0 8375.0 8348.0 8374.0 8387.249823970036 8360.841085120872 1 1224
085809 085904 8375.0 8375.0 8367.0 8372.0 8387.065501996885 8360.661770730387 0 -226
090141 090228 8387.0 8387.0 8367.0 8368.0 8384.536503330339 8361.463496669661 -1 874
090141 090233 8387.0 8387.0 8366.0 8366.0 8384.251208835303 8360.748791164697 -1 974
090141 090234 8387.0 8387.0 8365.0 8365.0 8383.931451607294 8359.977639301798 -1 1024
090141 090234 8387.0 8387.0 8365.0 8365.0 8383.509565594131 8359.308616224049 -1 1024
090141 090235 8387.0 8387.0 8365.0 8365.0 8382.988673638862 8358.73859908841 -1 1024
090141 090239 8387.0 8387.0 8365.0 8366.0 8382.015141739977 8358.530312805478 -1 974
090158 090244 8369.0 8385.0 8365.0 8366.0 8382.015141739977 8358.530312805478 0 74
090318 090411 8378.0 8379.0 8354.0 8360.0 8374.712492490595 8345.651143873041 -1 824
090318 090411 8378.0 8379.0 8354.0 8360.0 8371.641413102643 8347.085859624629 -1 824
090318 090411 8378.0 8379.0 8354.0 8360.0 8367.764550788426 8349.326358302482 -1 824
090318 090411 8378.0 8379.0 8354.0 8360.0 8361.453436642167 8354.001108812377 -1 824
090318 090411 8378.0 8379.0 8354.0 8360.0 8361.66224991125 8353.974113725115 -1 824
090318 090411 8378.0 8379.0 8354.0 8360.0 8361.66224991125 8353.974113725115 -1 824
090318 090411 8378.0 8379.0 8354.0 8360.0 8361.85919290589 8353.95898891229 -1 824
090318 090411 8378.0 8379.0 8354.0 8360.0 8362.04519917478 8353.95480082522 -1 824
090318 090411 8378.0 8379.0 8354.0 8362.0 8362.556803423824 8353.806832939812 -1 724
090318 090411 8378.0 8379.0 8354.0 8375.0 8367.224133002108 8350.775866997892 -1 74
090318 090411 8378.0 8379.0 8354.0 8375.0 8370.343240464295 8349.293123172069 -1 74
090318 090413 8378.0 8379.0 8354.0 8362.0 8370.53314902695 8349.557760063959 -1 724
090323 090420 8359.0 8378.0 8354.0 8359.0 8370.53314902695 8349.557760063959 0 -76
090449 090545 8361.0 8378.0 8357.0 8360.0 8373.095031815643 8351.541331820721 0 -26
090603 090701 8361.0 8385.0 8361.0 8385.0 8386.009346132752 8358.808835685428 0 1124
090632 090716 8365.0 8385.0 8363.0 8383.0 8389.521793548736 8366.8418428149 1 824
090632 090716 8365.0 8385.0 8363.0 8383.0 8389.582370993176 8368.053992643188 1 824
090632 090716 8365.0 8385.0 8363.0 8383.0 8389.583195129817 8369.234986688363 1 824
090632 090716 8365.0 8390.0 8363.0 8390.0 8390.540908080358 8370.095455556006 1 1174
090632 090716 8365.0 8390.0 8363.0 8390.0 8391.17133113019 8371.283214324354 1 1174
090632 090716 8365.0 8392.0 8363.0 8392.0 8392.196102554817 8372.07662471791 1 1274
090632 090717 8365.0 8392.0 8363.0 8384.0 8391.891248431 8373.381478841728 1 874
090632 090717 8365.0 8392.0 8363.0 8384.0 8391.389086703117 8374.883640569611 1 874
090632 090717 8365.0 8392.0 8363.0 8384.0 8391.389086703117 8374.883640569611 1 874
090632 090717 8365.0 8392.0 8363.0 8384.0 8391.313032039707 8374.868786142113 1 874
090632 090717 8365.0 8392.0 8363.0 8384.0 8391.235854085653 8374.855055005255 1 874
090632 090717 8365.0 8392.0 8363.0 8385.0 8391.235854085653 8374.855055005255 1 924
090632 090717 8365.0 8392.0 8363.0 8385.0 8391.235854085653 8374.855055005255 1 924
090632 090717 8365.0 8395.0 8363.0 8395.0 8392.454913996837 8375.635995094071 1 1424
090632 090719 8365.0 8395.0 8363.0 8380.0 8392.322726010801 8375.950001261926 1 674
090632 090726 8365.0 8395.0 8363.0 8377.0 8392.42286489992 8375.7589532819 1 524
090632 090732 8365.0 8395.0 8363.0 8392.0 8393.386334120376 8375.886393152352 1 1274
090655 090755 8368.0 8395.0 8368.0 8378.0 8393.524769618083 8375.566139472825 1 424
090703 090803 8373.0 8395.0 8373.0 8378.0 8393.685828010015 8375.132353808165 1 174
090715 090809 8378.0 8395.0 8377.0 8380.0 8393.716233563353 8375.01103916392 0 24
090908 091006 8375.0 8401.0 8375.0 8401.0 8402.662771620639 8373.60995565209 1 1224
090919 091010 8393.0 8401.0 8378.0 8378.0 8402.405705612964 8372.503385296128 0 -826
091140 091226 8377.0 8393.0 8352.0 8374.0 8373.43618272163 8344.200180914733 -1 74
091140 091227 8377.0 8393.0 8352.0 8352.0 8373.390509485147 8343.609490514853 -1 1174
091140 091227 8377.0 8393.0 8352.0 8354.0 8373.217352091266 8343.237193363278 -1 1074
091140 091228 8377.0 8393.0 8352.0 8355.0 8373.027247978862 8342.972752021138 -1 1024
091140 091234 8377.0 8393.0 8352.0 8359.0 8373.07847604937 8343.012433041538 -1 824
091140 091234 8377.0 8393.0 8352.0 8359.0 8373.129152350366 8343.052665831454 -1 824
091152 091250 8377.0 8387.0 8352.0 8358.0 8373.129152350366 8343.052665831454 -1 874
091152 091251 8377.0 8387.0 8352.0 8358.0 8373.07847604937 8343.012433041538 -1 874
091158 091254 8372.0 8387.0 8352.0 8359.0 8368.70452321649 8345.47729496533 0 574
091158 091255 8372.0 8387.0 8352.0 8358.0 8368.969326682305 8346.030673317695 -1 624
091158 091255 8372.0 8387.0 8352.0 8358.0 8368.988492446346 8346.55696209911 -1 624
091158 091255 8372.0 8387.0 8352.0 8358.0 8368.974602773553 8347.116306317355 -1 624
091159 091259 8363.0 8387.0 8352.0 8359.0 8369.027334465018 8347.609029171346 0 124
091208 091308 8380.0 8380.0 8352.0 8356.0 8368.932986805154 8348.157922285754 -1 1124
091215 091309 8354.0 8374.0 8352.0 8355.0 8365.667859723417 8349.69577664022 0 -126
091215 091309 8354.0 8374.0 8352.0 8355.0 8360.015113445777 8353.984886554223 1 -26
091215 091314 8354.0 8374.0 8352.0 8352.0 8360.446192817315 8353.281079909957 1 -176
091215 091314 8354.0 8374.0 8352.0 8352.0 8360.53303858172 8352.557870509188 1 -176
091215 091314 8354.0 8374.0 8352.0 8352.0 8360.488378780094 8351.96616667445 0 -176
091514 091614 8348.0 8365.0 8346.0 8350.0 8369.969601073792 8331.666762562572 0 24
091621 091716 8316.0 8359.0 8316.0 8358.0 8357.285447426153 8334.532734392027 1 2024
091621 091719 8316.0 8359.0 8316.0 8344.0 8357.26212836191 8334.465144365362 1 1324
091636 091722 8345.0 8359.0 8340.0 8345.0 8357.291969768854 8334.617121140238 0 -76
091958 092057 8343.0 8353.0 8310.0 8341.0 8354.87390530057 8322.671549244886 0 24
093030 093119 8346.0 8361.0 8331.0 8335.0 8350.446860708804 8324.644048382104 0 474
093047 093140 8361.0 8361.0 8331.0 8331.0 8349.728766822866 8323.453051358954 -1 1424
093047 093140 8361.0 8361.0 8331.0 8331.0 8349.204525760188 8322.977292421632 -1 1424
093047 093141 8361.0 8361.0 8328.0 8328.0 8348.958165921096 8322.132743169812 -1 1574
093047 093141 8361.0 8361.0 8328.0 8328.0 8348.814267954993 8321.367550226827 -1 1574
093047 093141 8361.0 8361.0 8328.0 8329.0 8348.569502243427 8320.79413412021 -1 1524
093047 093141 8361.0 8361.0 8328.0 8329.0 8348.17433912695 8320.280206327594 -1 1524
093047 093141 8361.0 8361.0 8328.0 8329.0 8344.5667132619 8321.706014010828 -1 1524
093047 093142 8361.0 8361.0 8323.0 8323.0 8344.937233288656 8320.6082212568 -1 1824
093047 093142 8361.0 8361.0 8323.0 8323.0 8345.224693486476 8319.593488331704 -1 1824
093047 093142 8361.0 8361.0 8323.0 8325.0 8345.310656158965 8318.962071113763 -1 1724
093047 093142 8361.0 8361.0 8323.0 8325.0 8345.365090218624 8318.362182508648 -1 1724
093047 093142 8361.0 8361.0 8323.0 8328.0 8345.278426898518 8318.085209465118 -1 1574
093047 093142 8361.0 8361.0 8323.0 8342.0 8346.347124206482 8317.834693975337 -1 874
093047 093142 8361.0 8361.0 8323.0 8344.0 8344.872423394792 8318.763940241572 -1 774
093047 093142 8361.0 8361.0 8323.0 8345.0 8343.494447005161 8319.687371176658 -1 724
093047 093144 8361.0 8361.0 8323.0 8326.0 8343.206586010027 8319.15705035361 -1 1674
093047 093145 8361.0 8361.0 8323.0 8327.0 8343.097291478067 8318.811799431025 -1 1624
093047 093146 8361.0 8361.0 8323.0 8342.0 8344.332766909183 8318.394505818089 -1 874
093048 093148 8341.0 8353.0 8323.0 8329.0 8344.087958196606 8318.184769076122 0 524
093656 093740 8332.0 8357.0 8332.0 8341.0 8355.84078542336 8318.250123667549 0 374
093921 094021 8348.0 8365.0 8342.0 8356.0 8360.845391897205 8348.972789920976 1 324
093921 094021 8348.0 8365.0 8342.0 8357.0 8360.817257868961 8349.637287585583 1 374
093933 094022 8344.0 8365.0 8342.0 8355.0 8360.561662510978 8350.347428398114 1 474
093933 094024 8344.0 8365.0 8342.0 8358.0 8360.594338402247 8350.95111614321 1 624
093933 094024 8344.0 8365.0 8342.0 8358.0 8360.748205402619 8351.251794597381 1 624
093933 094024 8344.0 8365.0 8342.0 8358.0 8360.856500747808 8351.598044706736 1 624
093933 094024 8344.0 8365.0 8342.0 8358.0 8360.915579689596 8351.993511219496 1 624
093933 094027 8344.0 8365.0 8342.0 8358.0 8361.00756919279 8352.265158079937 1 624
093945 094036 8343.0 8365.0 8342.0 8357.0 8360.990948275681 8352.554506269775 1 624
093945 094037 8343.0 8365.0 8342.0 8356.0 8360.98019023355 8352.656173402815 1 574
093945 094039 8343.0 8365.0 8342.0 8356.0 8358.554622494765 8354.263559323415 1 574
094008 094108 8347.0 8365.0 8347.0 8354.0 8358.66347466194 8354.063798065332 1 274
094011 094109 8348.0 8365.0 8348.0 8357.0 8358.71789547258 8354.1002863456 1 374
094021 094117 8356.0 8358.0 8354.0 8355.0 8358.741217605568 8353.986055121704 0 -126
094141 094224 8347.0 8351.0 8347.0 8351.0 8367.671754003051 8345.510064178769 1 124
094141 094224 8347.0 8351.0 8347.0 8351.0 8367.717319464344 8345.100862353836 0 124
094559 094654 8341.0 8362.0 8341.0 8343.0 8360.404085474738 8340.595914525262 1 24
094645 094706 8344.0 8348.0 8343.0 8348.0 8360.366437961924 8340.451743856256 0 124
095057 095152 8346.0 8375.0 8325.0 8367.0 8377.684614010377 8348.860840535079 1 974
095057 095152 8346.0 8375.0 8325.0 8368.0 8378.096285202979 8349.267351160657 1 1024
095057 095152 8346.0 8375.0 8325.0 8368.0 8378.473675285344 8349.617233805564 1 1024
095057 095152 8346.0 8375.0 8325.0 8368.0 8378.81438148909 8350.00380032909 1 1024
095057 095152 8346.0 8375.0 8325.0 8368.0 8379.126538089617 8350.328007364928 1 1024
095057 095152 8346.0 8375.0 8325.0 8368.0 8379.410529272054 8350.680379818854 1 1024
095057 095152 8346.0 8375.0 8325.0 8369.0 8379.754864178403 8350.972408548869 1 1074
095057 095152 8346.0 8375.0 8325.0 8369.0 8380.065443548383 8351.207283724345 1 1074
095057 095152 8346.0 8380.0 8325.0 8380.0 8381.014939392455 8350.712333334817 1 1624
095057 095153 8346.0 8380.0 8325.0 8367.0 8380.131845717164 8350.868154282836 1 974
095112 095158 8352.0 8380.0 8325.0 8367.0 8380.28426335236 8351.079373011276 0 674
095112 095201 8352.0 8380.0 8325.0 8369.0 8380.836507890897 8351.618037563647 1 774
095112 095201 8352.0 8380.0 8325.0 8370.0 8381.164586129255 8351.926322961654 1 824
095112 095201 8352.0 8380.0 8325.0 8371.0 8380.653435071366 8352.073837655906 1 874
095112 095201 8352.0 8380.0 8325.0 8372.0 8381.137521666975 8352.589751060297 1 924
095112 095201 8352.0 8380.0 8325.0 8373.0 8381.691555130796 8353.035717596476 1 974
095112 095201 8352.0 8380.0 8325.0 8373.0 8375.60086426416 8362.308226644933 1 974
095112 095201 8352.0 8380.0 8325.0 8374.0 8376.005483612244 8362.812698205937 1 1024
095112 095202 8352.0 8380.0 8325.0 8370.0 8375.94783816644 8363.324889106289 1 824
095112 095203 8352.0 8380.0 8325.0 8369.0 8375.890713221233 8363.654741324222 1 774
095112 095208 8352.0 8380.0 8325.0 8370.0 8375.846829244763 8364.062261664329 1 824
095112 095210 8352.0 8380.0 8325.0 8372.0 8375.98577807255 8364.377858291085 1 924
095112 095210 8352.0 8389.0 8325.0 8389.0 8380.809107997251 8361.463619275477 1 1774
095112 095211 8352.0 8389.0 8325.0 8372.0 8380.898205800622 8361.738157835742 1 924
095114 095214 8355.0 8389.0 8325.0 8369.0 8380.889590470857 8361.837682256415 1 624
095114 095214 8355.0 8389.0 8325.0 8369.0 8380.879793885957 8361.938387932223 1 624
095114 095214 8355.0 8389.0 8325.0 8369.0 8380.868795248 8362.040295661092 1 624
095121 095218 8325.0 8389.0 8325.0 8370.0 8380.875984796761 8362.124015203239 1 2174
095121 095219 8325.0 8389.0 8325.0 8369.0 8380.875984796761 8362.124015203239 1 2124
095124 095223 8356.0 8389.0 8332.0 8369.0 8379.655003807573 8362.344996192427 1 574
095139 095234 8361.0 8389.0 8338.0 8343.0 8384.393051830293 8355.425129987887 1 -976
095139 095234 8361.0 8389.0 8338.0 8369.0 8384.434806419335 8355.565193580665 0 324
095234 095333 8343.0 8374.0 8343.0 8367.0 8381.165474482856 8357.289070971688 1 1124
095241 095340 8369.0 8374.0 8367.0 8369.0 8381.165474482856 8357.289070971688 0 -76
095411 095509 8370.0 8370.0 8368.0 8369.0 8378.952258938889 8363.593195606567 0 -26
095434 095521 8370.0 8396.0 8348.0 8396.0 8386.688549112258 8371.947814524106 1 1224
095434 095524 8370.0 8396.0 8348.0 8374.0 8386.824672566176 8371.53896379746 1 124
095434 095529 8370.0 8396.0 8348.0 8350.0 8392.279630101973 8363.538551716207 1 -1076
095434 095529 8370.0 8396.0 8348.0 8379.0 8392.332271570467 8363.576819338625 0 374
095434 095530 8370.0 8396.0 8348.0 8385.0 8385.833298421821 8379.257610669087 1 674
095434 095530 8370.0 8396.0 8348.0 8385.0 8386.016284140893 8379.529170404563 1 674
095434 095530 8370.0 8396.0 8348.0 8386.0 8386.319444200975 8379.771464889933 1 724
095434 095530 8370.0 8396.0 8348.0 8386.0 8386.531017644922 8380.105345991442 1 724
095434 095530 8370.0 8396.0 8348.0 8386.0 8386.64550865753 8380.53630952429 1 724
095434 095530 8370.0 8396.0 8348.0 8386.0 8386.811286842392 8380.825076793972 1 724
095434 095530 8370.0 8396.0 8348.0 8387.0 8387.100535519501 8381.081282662319 1 774
095434 095530 8370.0 8396.0 8348.0 8387.0 8387.415768188619 8381.220595447745 1 774
095434 095530 8370.0 8396.0 8348.0 8387.0 8387.662986945359 8381.427922145549 1 774
095434 095530 8370.0 8396.0 8348.0 8387.0 8387.843517409829 8381.701937135627 1 774
095434 095530 8370.0 8396.0 8348.0 8387.0 8388.057463302886 8381.851627606206 1 774
095434 095531 8370.0 8396.0 8348.0 8359.0 8395.117653093763 8372.60961963351 1 -626
095434 095531 8370.0 8396.0 8348.0 8359.0 8398.07491746869 8367.470537076766 1 -626
095434 095531 8370.0 8396.0 8348.0 8387.0 8398.357936730818 8367.551154178274 0 774
095445 095538 8368.0 8401.0 8348.0 8387.0 8406.801973044634 8370.107117864458 1 874
095509 095546 8369.0 8401.0 8348.0 8356.0 8409.795533852848 8364.204466147152 1 -726
095509 095546 8369.0 8401.0 8348.0 8382.0 8409.611819463855 8363.84272599069 0 574
095546 095643 8356.0 8393.0 8356.0 8387.0 8404.289862513382 8367.255592032074 1 1474
095546 095643 8356.0 8393.0 8356.0 8387.0 8404.41618135287 8367.40200046531 1 1474
095546 095643 8356.0 8393.0 8356.0 8387.0 8404.41618135287 8367.40200046531 1 1474
095546 095645 8356.0 8393.0 8356.0 8389.0 8400.546948641046 8374.271233177134 1 1574
095546 095646 8356.0 8393.0 8356.0 8388.0 8400.606584592739 8374.757051770897 1 1524
095554 095647 8385.0 8393.0 8360.0 8360.0 8403.863099490603 8369.227809600305 0 -1326
095604 095702 8388.0 8393.0 8360.0 8389.0 8400.758955522087 8374.968317205185 0 -26
095647 095747 8360.0 8389.0 8360.0 8389.0 8397.530025381408 8374.379065527684 1 1374
095647 095747 8360.0 8389.0 8360.0 8389.0 8397.683593614554 8374.407315476354 1 1374
095658 095750 8388.0 8389.0 8385.0 8388.0 8397.751395450781 8374.430422731039 0 -76
101245 101321 8378.0 8389.0 8378.0 8389.0 8392.668605812429 8377.513212369391 1 474
101245 101321 8378.0 8390.0 8378.0 8390.0 8393.166432662945 8377.469930973419 1 524
101245 101322 8378.0 8390.0 8378.0 8390.0 8393.651116417572 8377.530701764248 1 524
101245 101322 8378.0 8390.0 8378.0 8390.0 8394.039458366407 8377.505996179048 1 524
101245 101322 8378.0 8390.0 8378.0 8390.0 8394.407135648784 8377.501955260308 1 524
101245 101322 8378.0 8390.0 8378.0 8390.0 8394.796388904924 8377.65815654962 1 524
101245 101322 8378.0 8390.0 8378.0 8390.0 8395.090301388098 8378.091516793722 1 524
101245 101322 8378.0 8391.0 8378.0 8391.0 8394.989422019486 8379.37421434415 1 574
101245 101322 8378.0 8391.0 8378.0 8391.0 8394.619938202783 8380.925516342673 1 574
101245 101322 8378.0 8391.0 8378.0 8391.0 8394.11430477429 8382.522058862074 1 574
101245 101322 8378.0 8391.0 8378.0 8391.0 8393.097502189888 8384.629770537384 1 574
101245 101322 8378.0 8391.0 8378.0 8391.0 8391.903902300604 8386.73246133576 1 574
101245 101322 8378.0 8391.0 8378.0 8391.0 8391.96797672009 8387.03202327991 1 574
101245 101322 8378.0 8392.0 8378.0 8392.0 8392.15302982984 8387.301515624704 1 624
101245 101323 8378.0 8393.0 8378.0 8393.0 8392.615869303329 8387.293221605763 1 674
101245 101323 8378.0 8393.0 8378.0 8393.0 8392.986772476463 8387.376863887173 1 674
101245 101323 8378.0 8393.0 8378.0 8393.0 8393.279573346153 8387.538608472027 1 674
101245 101323 8378.0 8393.0 8378.0 8393.0 8393.499639226913 8387.773088045815 1 674
101245 101323 8378.0 8405.0 8378.0 8405.0 8397.89429339164 8384.92388842654 1 1274
101245 101324 8378.0 8405.0 8378.0 8395.0 8398.243036573005 8385.12059979063 1 774
101245 101324 8378.0 8405.0 8378.0 8396.0 8398.687845148272 8385.312154851728 1 824
101245 101324 8378.0 8405.0 8378.0 8396.0 8399.070591856258 8385.565771780106 1 824
101245 101324 8378.0 8405.0 8378.0 8396.0 8399.393056064024 8385.879671208704 1 824
101245 101324 8378.0 8405.0 8378.0 8396.0 8399.702378797188 8386.115803020992 1 824
101245 101324 8378.0 8405.0 8378.0 8397.0 8400.10098598026 8386.353559474284 1 874
101245 101324 8378.0 8405.0 8378.0 8397.0 8400.440176445767 8386.650732645141 1 874
101245 101324 8378.0 8405.0 8378.0 8397.0 8400.720496353866 8387.006776373406 1 874
101245 101325 8378.0 8405.0 8378.0 8398.0 8401.074483657327 8387.380061797217 1 924
101245 101327 8378.0 8405.0 8378.0 8394.0 8401.005483612244 8387.812698205937 1 724
101245 101329 8378.0 8405.0 8378.0 8398.0 8401.310497087356 8388.144048367189 1 924
101245 101329 8378.0 8405.0 8378.0 8398.0 8401.553555028762 8388.537354062146 1 924
101249 101349 8379.0 8405.0 8379.0 8398.0 8401.732465413868 8388.994807313404 1 874
101254 101354 8381.0 8405.0 8367.0 8367.0 8407.637291247955 8380.908163297501 1 -776
101254 101354 8381.0 8405.0 8367.0 8368.0 8410.483963847813 8375.97058160673 1 -726
101254 101354 8381.0 8405.0 8367.0 8397.0 8410.796873075265 8376.203126924735 0 724
101354 101454 8367.0 8408.0 8367.0 8393.0 8414.149765033244 8374.668416784936 1 1224
101403 101500 8389.0 8409.0 8389.0 8409.0 8415.59411268686 8374.314978222232 0 924
101552 101651 8362.0 8393.0 8362.0 8383.0 8408.289417044443 8372.619673864649 1 974
101646 101719 8385.0 8385.0 8379.0 8379.0 8408.233949406522 8371.402414229842 0 -376
102059 102156 8400.0 8400.0 8373.0 8373.0 8396.715234781293 8372.012037945979 -1 1274
102059 102157 8400.0 8400.0 8371.0 8371.0 8397.26754019048 8370.187005264064 -1 1374
102156 102255 8373.0 8375.0 8371.0 8375.0 8397.383692835387 8369.343579891885 0 -176
102333 102410 8365.0 8384.0 8365.0 8384.0 8398.56912501913 8364.067238617234 1 874
102333 102410 8365.0 8385.0 8365.0 8385.0 8398.37827925148 8364.076266203065 1 924
102512 102512 8388.0 8388.0 8388.0 8388.0 8398.37827925148 8364.076266203065 0 -76
103052 103052 8349.0 8379.0 8349.0 8379.0 8393.832998952523 8349.89427377475 1 1424
103052 103100 8349.0 8392.0 8349.0 8392.0 8396.067466767252 8349.114351414568 1 2074
103052 103129 8349.0 8392.0 8349.0 8376.0 8395.907458018954 8349.092541981046 1 1274
103129 103219 8376.0 8376.0 8346.0 8346.0 8396.767587022634 8345.323322068274 0 -1576
103219 103250 8346.0 8385.0 8346.0 8385.0 8396.87547154782 8346.760892088543 1 1874
103219 103317 8346.0 8385.0 8346.0 8376.0 8396.947462768461 8346.77980995881 1 1424
103250 103343 8385.0 8385.0 8375.0 8375.0 8396.708588058986 8346.745957395558 0 -576
104207 104252 8366.0 8378.0 8366.0 8378.0 8385.025232048005 8353.883858861087 0 524
105042 105106 8376.0 8380.0 8376.0 8380.0 8384.878620457452 8362.939561360728 0 124
105350 105356 8395.0 8395.0 8381.0 8381.0 8391.755986081325 8362.153104827767 -1 624
105350 105357 8395.0 8395.0 8381.0 8381.0 8392.092031382603 8362.63524134467 -1 624
105527 105527 8376.0 8376.0 8376.0 8376.0 8392.102268291816 8362.988640799093 0 -76
111551 111625 8351.0 8380.0 8351.0 8378.0 8400.480539995411 8361.42855091368 1 1274
111551 111638 8351.0 8380.0 8351.0 8378.0 8400.480539995411 8361.42855091368 1 1274
111638 111736 8378.0 8378.0 8378.0 8378.0 8400.490150790327 8361.691667391493 0 -76
113000 113055 8388.0 8402.0 8384.0 8388.0 8409.379151658044 8358.893575614684 0 -76
113126 113215 8361.0 8393.0 8361.0 8391.0 8405.617899183306 8373.74573718033 1 1424
113126 113216 8361.0 8393.0 8361.0 8390.0 8405.617899183306 8373.74573718033 1 1374
113134 113228 8389.0 8393.0 8389.0 8389.0 8405.574259636955 8373.698467635773 0 -76
113732 113737 8358.0 8387.0 8358.0 8387.0 8404.907235524923 8369.274582656897 1 1374
113732 113807 8358.0 8390.0 8358.0 8390.0 8404.395897064676 8369.331375662596 1 1524
113954 113954 8401.0 8401.0 8401.0 8401.0 8405.340213923851 8368.932513348876 0 -76
114353 114451 8393.0 8393.0 8362.0 8362.0 8407.951052349012 8364.77622037826 0 -1626
114451 114501 8362.0 8395.0 8362.0 8395.0 8406.837775513888 8371.071315395204 1 1574
114451 114501 8362.0 8395.0 8362.0 8395.0 8407.36914516254 8371.358127564732 1 1574
114451 114501 8362.0 8395.0 8362.0 8395.0 8407.849903663924 8371.60464179062 1 1574
114451 114502 8362.0 8396.0 8362.0 8396.0 8408.310454043325 8371.689545956675 1 1624
114451 114502 8362.0 8396.0 8362.0 8396.0 8407.650410854443 8371.895043691013 1 1624
114451 114502 8362.0 8396.0 8362.0 8396.0 8408.110763064846 8371.980146026062 1 1624
114451 114502 8362.0 8397.0 8362.0 8397.0 8408.659641437227 8372.067631290045 1 1674
114451 114502 8362.0 8397.0 8362.0 8397.0 8409.183772512364 8372.179863851272 1 1674
114451 114502 8362.0 8397.0 8362.0 8397.0 8409.592180890131 8372.226000928049 1 1674
114451 114502 8362.0 8397.0 8362.0 8397.0 8410.128639183642 8372.689542634538 1 1674
114451 114503 8362.0 8397.0 8362.0 8397.0 8410.577706222955 8372.876839231589 1 1674
114451 114503 8362.0 8397.0 8362.0 8397.0 8410.88188569923 8372.93629611895 1 1674
114451 114503 8362.0 8410.0 8362.0 8410.0 8413.142791051081 8372.311754403463 1 2324
114451 114510 8362.0 8410.0 8362.0 8396.0 8413.324645443396 8372.402627283876 1 1624
114648 114648 8394.0 8394.0 8394.0 8394.0 8410.045913014035 8378.49954153142 0 -76
120236 120240 8386.0 8414.0 8386.0 8414.0 8433.210358033457 8399.880551057451 1 1324
120236 120252 8386.0 8414.0 8386.0 8412.0 8431.802678439328 8399.833685197036 1 1224
120236 120324 8386.0 8416.0 8386.0 8416.0 8430.144399164928 8400.310146289616 1 1424
120236 120324 8386.0 8416.0 8386.0 8416.0 8430.009102022668 8400.26362525006 1 1424
120236 120324 8386.0 8416.0 8386.0 8416.0 8429.871442450325 8400.219466640583 1 1424
120236 120324 8386.0 8416.0 8386.0 8416.0 8429.922191643298 8400.259626538522 1 1424
120324 120403 8416.0 8416.0 8416.0 8416.0 8429.922191643298 8400.259626538522 0 -76
120505 120505 8384.0 8413.0 8384.0 8413.0 8432.992563448306 8393.825618369874 1 1374
120505 120514 8384.0 8413.0 8384.0 8384.0 8435.315497338586 8389.139048115958 1 -76
120505 120514 8384.0 8413.0 8384.0 8413.0 8434.954500450001 8389.045499549999 1 1374
120505 120531 8384.0 8413.0 8384.0 8413.0 8434.583664188498 8388.961790356958 1 1374
120505 120550 8384.0 8413.0 8384.0 8413.0 8434.101287171712 8388.898712828288 1 1374
120505 120604 8384.0 8413.0 8384.0 8413.0 8431.860459194248 8389.594086260297 1 1374
120550 120649 8413.0 8421.0 8413.0 8421.0 8432.109548943135 8389.526814693229 0 324
120734 120819 8382.0 8412.0 8382.0 8412.0 8431.822919846207 8384.722534699249 1 1424
120734 120821 8382.0 8412.0 8382.0 8412.0 8431.658199842283 8384.705436521353 1 1424
121001 121001 8415.0 8415.0 8415.0 8415.0 8431.021659280404 8387.978340719596 0 -76
121627 121715 8386.0 8415.0 8386.0 8415.0 8428.181960523352 8384.636221294828 0 1374
121627 121717 8386.0 8416.0 8386.0 8416.0 8429.20692821401 8386.065799058719 1 1424
121627 121717 8386.0 8416.0 8386.0 8416.0 8429.850733293291 8386.149266706709 1 1424
121627 121724 8386.0 8417.0 8386.0 8417.0 8430.579169769893 8386.239012048287 1 1474
121715 121730 8386.0 8428.0 8386.0 8428.0 8432.970611099894 8385.756661627378 1 2024
121715 121736 8386.0 8428.0 8386.0 8387.0 8433.74469912916 8382.982573598112 1 -26
121715 121736 8386.0 8428.0 8386.0 8416.0 8434.261542849015 8383.10209351462 0 1424
121907 121930 8387.0 8420.0 8387.0 8420.0 8434.895964083313 8391.467672280323 1 1574
121907 121930 8387.0 8430.0 8387.0 8430.0 8436.67747151646 8391.049801210813 1 2074
121907 121930 8387.0 8430.0 8387.0 8430.0 8436.34431915694 8395.292044479424 1 2074
121907 121931 8387.0 8430.0 8387.0 8390.0 8437.808019162776 8391.464708109952 1 74
121907 121931 8387.0 8430.0 8387.0 8392.0 8438.545289255651 8388.545619835257 1 174
121907 121931 8387.0 8430.0 8387.0 8392.0 8438.978820941025 8385.930269968067 1 174
121907 121931 8387.0 8430.0 8387.0 8392.0 8439.158635616579 8383.568637110693 0 174
121907 121931 8387.0 8430.0 8387.0 8422.0 8439.484612591896 8388.87902377174 1 1674
121907 121931 8387.0 8430.0 8387.0 8422.0 8439.830516491973 8388.8967562353 1 1674
121907 121931 8387.0 8430.0 8387.0 8430.0 8441.165927877835 8388.652253940345 1 2074
121907 121939 8387.0 8430.0 8387.0 8419.0 8441.236079052578 8388.673011856514 1 1524
121930 122022 8418.0 8430.0 8390.0 8419.0 8441.305892875931 8388.694107124069 0 -26
123154 123154 8386.0 8415.0 8386.0 8415.0 8439.555269561328 8393.444730438672 1 1374
123333 123333 8409.0 8409.0 8409.0 8409.0 8437.639420886473 8397.087851840799 0 -76
123416 123449 8387.0 8417.0 8387.0 8414.0 8438.518633525904 8388.93591192864 1 1274
123700 123700 8414.0 8414.0 8414.0 8414.0 8437.778809652511 8388.857553983853 0 -76
125637 125637 8392.0 8421.0 8392.0 8421.0 8434.857812903187 8390.869459824085 0 1374
130142 130154 8360.0 8386.0 8360.0 8386.0 8444.45255634815 8381.092898197307 1 1224
130142 130222 8360.0 8414.0 8360.0 8414.0 8444.114871695183 8380.976037395725 1 2624
130351 130351 8416.0 8416.0 8416.0 8416.0 8443.891606061641 8380.926575756539 0 -76
131927 132015 8427.0 8429.0 8427.0 8429.0 8429.953962608148 8426.409673755488 1 24
131927 132015 8427.0 8429.0 8427.0 8429.0 8429.997605996456 8426.547848549 1 24
131927 132018 8427.0 8429.0 8427.0 8429.0 8430.020078832571 8426.707193894701 1 24
131927 132020 8427.0 8429.0 8427.0 8429.0 8430.018604594008 8426.890486315084 1 24
131949 132045 8427.0 8429.0 8401.0 8401.0 8438.827841342136 8415.71761320332 1 -1376
131949 132045 8427.0 8430.0 8401.0 8430.0 8439.018790473116 8415.799391345065 0 74
132051 132151 8431.0 8446.0 8430.0 8446.0 8448.633891072699 8405.184290745481 0 674
132221 132318 8406.0 8450.0 8406.0 8450.0 8458.354937782162 8408.008698581474 1 2124
132221 132318 8406.0 8450.0 8406.0 8450.0 8460.14649787345 8407.944411217459 1 2124
132221 132321 8406.0 8450.0 8406.0 8433.0 8460.228184975298 8408.135451388338 1 1274
132240 132328 8435.0 8450.0 8406.0 8433.0 8459.122772185048 8408.059045996772 0 -176
132411 132510 8406.0 8438.0 8406.0 8438.0 8460.23436135471 8409.220184099835 1 1524
132411 132510 8406.0 8438.0 8406.0 8438.0 8460.357003344609 8409.279360291755 1 1524
132411 132510 8406.0 8438.0 8406.0 8438.0 8460.52780757609 8409.381283333001 1 1524
132411 132510 8406.0 8438.0 8406.0 8438.0 8459.03690748376 8413.599456152604 1 1524
132411 132511 8406.0 8439.0 8406.0 8439.0 8456.293092211728 8419.343271424636 1 1574
132411 132511 8406.0 8439.0 8406.0 8439.0 8456.439088914585 8419.560911085415 1 1574
132411 132511 8406.0 8439.0 8406.0 8439.0 8455.191806012954 8419.808193987046 1 1574
132411 132511 8406.0 8439.0 8406.0 8439.0 8453.852299546354 8420.147700453646 1 1574
132502 132512 8435.0 8439.0 8435.0 8439.0 8452.405973720586 8420.594026279414 0 124
132756 132849 8421.0 8462.0 8421.0 8448.0 8465.159626792405 8427.567645934867 1 1274
132838 132927 8446.0 8463.0 8445.0 8463.0 8467.166299909539 8427.10642736319 0 774
133107 133202 8428.0 8456.0 8428.0 8454.0 8470.055836002992 8427.8532549061 1 1224
133107 133202 8428.0 8456.0 8428.0 8454.0 8470.055836002992 8427.8532549061 1 1224
133107 133202 8428.0 8456.0 8428.0 8454.0 8470.055836002992 8427.8532549061 1 1224
133107 133202 8428.0 8456.0 8428.0 8454.0 8470.055836002992 8427.8532549061 1 1224
133107 133202 8428.0 8456.0 8428.0 8454.0 8470.055836002992 8427.8532549061 1 1224
133107 133203 8428.0 8456.0 8428.0 8453.0 8469.970983174153 8427.847198644027 1 1174
133107 133205 8428.0 8456.0 8428.0 8452.0 8469.808537730418 8427.827825905946 1 1124
133134 133226 8453.0 8454.0 8452.0 8452.0 8468.498157156371 8431.501842843629 0 -126
133525 133539 8428.0 8450.0 8428.0 8450.0 8470.967970700682 8430.94112020841 1 1024
133525 133541 8428.0 8456.0 8428.0 8456.0 8471.198882099456 8430.982936082364 1 1324
133525 133543 8428.0 8456.0 8428.0 8456.0 8471.425668866856 8431.028876587689 1 1324
133525 133551 8428.0 8457.0 8428.0 8457.0 8469.676908383797 8435.59581888893 1 1374
133525 133553 8428.0 8457.0 8428.0 8456.0 8469.817214672828 8435.637330781716 1 1324
133525 133554 8428.0 8457.0 8428.0 8456.0 8466.608665074953 8441.573153106867 1 1324
133525 133559 8428.0 8458.0 8428.0 8458.0 8466.89567633288 8441.649778212575 1 1424
133525 133559 8428.0 8458.0 8428.0 8458.0 8467.171424327307 8441.737666581785 1 1424
133525 133559 8428.0 8458.0 8428.0 8458.0 8467.392316554851 8441.789501626969 1 1424
133525 133559 8428.0 8458.0 8428.0 8458.0 8467.55019186781 8441.813444495827 1 1424
133525 133559 8428.0 8458.0 8428.0 8458.0 8467.760520564769 8441.875843071595 1 1424
133525 133559 8428.0 8458.0 8428.0 8458.0 8466.751159499856 8442.248840500144 1 1424
133525 133559 8428.0 8458.0 8428.0 8458.0 8466.91470854797 8442.267109633849 1 1424
133525 133559 8428.0 8458.0 8428.0 8458.0 8467.132283711575 8442.32226174297 1 1424
133525 133559 8428.0 8458.0 8428.0 8458.0 8467.343372003981 8442.383900723291 1 1424
133525 133559 8428.0 8458.0 8428.0 8458.0 8467.608665074953 8442.573153106867 1 1424
133525 133559 8428.0 8458.0 8428.0 8458.0 8467.857376567394 8442.77898706897 1 1424
133525 133600 8428.0 8459.0 8428.0 8459.0 8468.161854734059 8442.92905435685 1 1474
133525 133601 8428.0 8459.0 8428.0 8459.0 8468.449575435376 8443.09587911008 1 1474
133525 133603 8428.0 8459.0 8428.0 8432.0 8470.81997935517 8438.634566099374 1 124
133525 133621 8428.0 8460.0 8428.0 8460.0 8471.081420704464 8438.645852022808 1 1524
133525 133621 8428.0 8460.0 8428.0 8460.0 8467.638097713088 8444.998265923276 1 1524
133539 133636 8450.0 8460.0 8432.0 8457.0 8467.616435743188 8445.65629152954 0 274
133636 133724 8457.0 8459.0 8457.0 8459.0 8467.626079669197 8445.73755669444 0 24
133846 133937 8431.0 8458.0 8431.0 8456.0 8470.34224295143 8439.748666139478 1 1174
133846 133939 8431.0 8458.0 8431.0 8457.0 8470.079745487274 8439.738436330907 1 1224
133846 133941 8431.0 8458.0 8404.0 8404.0 8478.526210564807 8426.473789435193 1 -1426
133846 133941 8431.0 8458.0 8404.0 8430.0 8478.835428144355 8423.7100264011 0 -126
134239 134336 8468.0 8468.0 8449.0 8449.0 8467.397618375962 8447.238745260402 0 874
134336 134434 8449.0 8449.0 8446.0 8449.0 8462.23425684396 8438.856652246948 0 -76
Total Transaction = 412
Final profit = 315138
