# Too few sequence #1
# Number of KBar units = 2137
084500 084502 8688.0 8688.0 8676.0 8676.0
084500 084504 8688.0 8688.0 8676.0 8676.0
084500 084512 8688.0 8688.0 8669.0 8669.0
084500 084513 8688.0 8688.0 8669.0 8670.0
084500 084514 8688.0 8688.0 8669.0 8669.0
084500 084515 8688.0 8688.0 8663.0 8663.0
084500 084519 8688.0 8688.0 8663.0 8669.0
084500 084522 8688.0 8688.0 8663.0 8671.0
084500 084523 8688.0 8688.0 8663.0 8665.0
084500 084524 8688.0 8688.0 8661.0 8661.0
084500 084528 8688.0 8688.0 8661.0 8664.0
084500 084529 8688.0 8688.0 8661.0 8661.0
084500 084531 8688.0 8688.0 8661.0 8661.0
084500 084532 8688.0 8688.0 8660.0 8660.0
084500 084533 8688.0 8688.0 8659.0 8659.0
084500 084534 8688.0 8688.0 8659.0 8661.0
084500 084535 8688.0 8688.0 8659.0 8662.0
084500 084536 8688.0 8688.0 8659.0 8662.0
084500 084537 8688.0 8688.0 8659.0 8661.0
084500 084539 8688.0 8688.0 8659.0 8662.0
084500 084540 8688.0 8688.0 8659.0 8662.0
084500 084541 8688.0 8688.0 8659.0 8662.0
084500 084542 8688.0 8688.0 8659.0 8661.0
084500 084544 8688.0 8688.0 8659.0 8662.0
084500 084546 8688.0 8688.0 8659.0 8661.0
084500 084547 8688.0 8688.0 8659.0 8661.0
084500 084549 8688.0 8688.0 8659.0 8660.0
084500 084550 8688.0 8688.0 8659.0 8659.0
084500 084551 8688.0 8688.0 8659.0 8659.0
084500 084552 8688.0 8688.0 8657.0 8657.0
084500 084557 8688.0 8688.0 8654.0 8654.0
084502 084601 8676.0 8676.0 8652.0 8652.0
084502 084602 8676.0 8676.0 8650.0 8650.0
084504 084603 8676.0 8676.0 8644.0 8644.0
084504 084604 8676.0 8676.0 8639.0 8639.0
084512 084605 8669.0 8671.0 8618.0 8618.0
084512 084607 8669.0 8671.0 8618.0 8631.0
084512 084608 8669.0 8671.0 8618.0 8631.0
084512 084609 8669.0 8671.0 8618.0 8638.0
084512 084610 8669.0 8671.0 8618.0 8648.0
084512 084611 8669.0 8671.0 8618.0 8647.0
084512 084612 8669.0 8671.0 8618.0 8639.0
084514 084614 8669.0 8671.0 8618.0 8640.0
084519 084616 8669.0 8671.0 8618.0 8638.0
084522 084620 8671.0 8671.0 8618.0 8637.0
084524 084624 8661.0 8664.0 8618.0 8641.0
084528 084626 8664.0 8664.0 8618.0 8643.0
084531 084630 8661.0 8662.0 8618.0 8642.0
084531 084631 8661.0 8662.0 8618.0 8642.0
084533 084633 8659.0 8662.0 8618.0 8643.0
084534 084634 8661.0 8662.0 8618.0 8642.0
084535 084635 8662.0 8662.0 8618.0 8641.0
084537 084637 8661.0 8662.0 8618.0 8642.0
084539 084639 8662.0 8662.0 8618.0 8642.0
084541 084641 8662.0 8662.0 8618.0 8642.0
084544 084644 8662.0 8662.0 8618.0 8641.0
084546 084645 8661.0 8661.0 8618.0 8641.0
084546 084646 8661.0 8661.0 8618.0 8638.0
084549 084648 8660.0 8660.0 8618.0 8636.0
084549 084649 8660.0 8660.0 8618.0 8624.0
084551 084651 8659.0 8659.0 8618.0 8636.0
084557 084655 8654.0 8654.0 8618.0 8632.0
084557 084656 8654.0 8654.0 8618.0 8630.0
084557 084657 8654.0 8654.0 8618.0 8626.0
084601 084658 8652.0 8652.0 8618.0 8626.0
084601 084659 8652.0 8652.0 8618.0 8623.0
084601 084700 8652.0 8652.0 8618.0 8620.0
084602 084702 8650.0 8650.0 8618.0 8624.0
084603 084703 8644.0 8648.0 8618.0 8623.0
084604 084704 8639.0 8648.0 8618.0 8623.0
084605 084705 8618.0 8648.0 8618.0 8623.0
084607 084706 8631.0 8648.0 8620.0 8623.0
084608 084708 8631.0 8648.0 8620.0 8622.0
084609 084709 8638.0 8648.0 8620.0 8622.0
084610 084710 8648.0 8648.0 8620.0 8622.0
084611 084711 8647.0 8647.0 8620.0 8621.0
084612 084712 8639.0 8643.0 8620.0 8622.0
084614 084713 8640.0 8643.0 8619.0 8619.0
084614 084714 8640.0 8643.0 8619.0 8619.0
084616 084715 8638.0 8643.0 8616.0 8616.0
084616 084716 8638.0 8643.0 8616.0 8618.0
084620 084717 8637.0 8643.0 8616.0 8617.0
084620 084718 8637.0 8643.0 8616.0 8617.0
084624 084721 8641.0 8643.0 8616.0 8617.0
084624 084722 8641.0 8643.0 8616.0 8617.0
084626 084725 8643.0 8643.0 8615.0 8615.0
084630 084728 8642.0 8643.0 8613.0 8613.0
084635 084735 8641.0 8642.0 8611.0 8611.0
084637 084736 8642.0 8642.0 8611.0 8613.0
084637 084737 8642.0 8642.0 8611.0 8611.0
084639 084738 8642.0 8642.0 8611.0 8612.0
084639 084739 8642.0 8642.0 8611.0 8611.0
084641 084740 8642.0 8642.0 8609.0 8609.0
084644 084742 8641.0 8641.0 8608.0 8608.0
084644 084743 8641.0 8641.0 8608.0 8608.0
084648 084747 8636.0 8636.0 8606.0 8606.0
084649 084749 8624.0 8636.0 8606.0 8607.0
084655 084755 8632.0 8632.0 8603.0 8603.0
084656 084756 8630.0 8630.0 8602.0 8602.0
084658 084758 8626.0 8626.0 8602.0 8603.0
084659 084759 8623.0 8624.0 8600.0 8600.0
084702 084801 8624.0 8624.0 8600.0 8602.0
084702 084802 8624.0 8624.0 8600.0 8601.0
084703 084803 8623.0 8623.0 8600.0 8604.0
084705 084805 8623.0 8623.0 8599.0 8599.0
084706 084806 8623.0 8623.0 8599.0 8601.0
084711 084811 8621.0 8622.0 8599.0 8605.0
084712 084812 8622.0 8622.0 8599.0 8601.0
084713 084813 8619.0 8619.0 8599.0 8603.0
084714 084814 8619.0 8619.0 8599.0 8602.0
084716 084816 8618.0 8618.0 8599.0 8603.0
084717 084817 8617.0 8617.0 8599.0 8603.0
084718 084818 8617.0 8617.0 8599.0 8603.0
084721 084821 8617.0 8617.0 8599.0 8603.0
084725 084824 8615.0 8615.0 8599.0 8604.0
084725 084825 8615.0 8615.0 8599.0 8606.0
084735 084831 8611.0 8613.0 8599.0 8604.0
084735 084833 8611.0 8613.0 8599.0 8607.0
084738 084838 8612.0 8612.0 8599.0 8608.0
084740 084840 8609.0 8609.0 8599.0 8600.0
084742 084841 8608.0 8612.0 8599.0 8612.0
084743 084843 8608.0 8612.0 8599.0 8612.0
084749 084848 8607.0 8614.0 8599.0 8614.0
084755 084853 8603.0 8614.0 8599.0 8613.0
084756 084856 8602.0 8614.0 8599.0 8614.0
084759 084859 8600.0 8614.0 8599.0 8612.0
084802 084902 8601.0 8614.0 8599.0 8614.0
084803 084903 8604.0 8614.0 8599.0 8614.0
084805 084904 8599.0 8614.0 8599.0 8613.0
084812 084912 8601.0 8614.0 8600.0 8612.0
084813 084913 8603.0 8614.0 8600.0 8611.0
084816 084916 8603.0 8614.0 8600.0 8611.0
084831 084927 8604.0 8614.0 8600.0 8612.0
084838 084935 8608.0 8614.0 8600.0 8614.0
084838 084936 8608.0 8616.0 8600.0 8616.0
084838 084938 8608.0 8617.0 8600.0 8617.0
084840 084940 8600.0 8618.0 8600.0 8618.0
084841 084941 8612.0 8620.0 8611.0 8620.0
084853 084952 8613.0 8622.0 8611.0 8622.0
084853 084953 8613.0 8622.0 8611.0 8621.0
084856 084955 8614.0 8629.0 8611.0 8629.0
084902 085001 8614.0 8629.0 8611.0 8618.0
084904 085004 8613.0 8629.0 8611.0 8617.0
084912 085005 8612.0 8629.0 8611.0 8628.0
084912 085012 8612.0 8629.0 8611.0 8616.0
084916 085015 8611.0 8629.0 8611.0 8615.0
084927 085019 8612.0 8629.0 8612.0 8614.0
084927 085026 8612.0 8629.0 8612.0 8617.0
084935 085035 8614.0 8629.0 8614.0 8617.0
084952 085043 8622.0 8629.0 8614.0 8617.0
085012 085109 8616.0 8617.0 8614.0 8617.0
085019 085119 8614.0 8620.0 8614.0 8620.0
085026 085123 8617.0 8621.0 8617.0 8621.0
085035 085127 8617.0 8621.0 8617.0 8621.0
085035 085128 8617.0 8621.0 8617.0 8621.0
085035 085130 8617.0 8621.0 8617.0 8620.0
085043 085138 8617.0 8621.0 8617.0 8621.0
085043 085143 8617.0 8622.0 8617.0 8622.0
085109 085146 8617.0 8625.0 8617.0 8625.0
085109 085147 8617.0 8625.0 8617.0 8625.0
085109 085148 8617.0 8626.0 8617.0 8626.0
085109 085152 8617.0 8628.0 8617.0 8628.0
085109 085153 8617.0 8630.0 8617.0 8630.0
085109 085156 8617.0 8630.0 8617.0 8629.0
085109 085157 8617.0 8632.0 8617.0 8632.0
085109 085158 8617.0 8632.0 8617.0 8632.0
085109 085207 8617.0 8633.0 8617.0 8633.0
085109 085209 8617.0 8633.0 8617.0 8633.0
085119 085216 8620.0 8633.0 8620.0 8633.0
085119 085218 8620.0 8633.0 8620.0 8629.0
085119 085219 8620.0 8633.0 8620.0 8629.0
085123 085220 8621.0 8633.0 8620.0 8630.0
085123 085221 8621.0 8633.0 8620.0 8630.0
085127 085225 8621.0 8633.0 8620.0 8630.0
085138 085234 8621.0 8633.0 8621.0 8633.0
085143 085240 8622.0 8644.0 8622.0 8644.0
085143 085241 8622.0 8644.0 8622.0 8633.0
085152 085249 8628.0 8644.0 8628.0 8631.0
085156 085255 8629.0 8644.0 8629.0 8629.0
085157 085257 8632.0 8644.0 8629.0 8632.0
085209 085309 8633.0 8644.0 8629.0 8631.0
085216 085312 8633.0 8644.0 8629.0 8631.0
085216 085313 8633.0 8644.0 8629.0 8631.0
085216 085315 8633.0 8644.0 8629.0 8632.0
085225 085322 8630.0 8644.0 8629.0 8636.0
085225 085323 8630.0 8644.0 8629.0 8637.0
085225 085325 8630.0 8644.0 8629.0 8636.0
085234 085326 8633.0 8644.0 8629.0 8639.0
085234 085327 8633.0 8644.0 8629.0 8639.0
085234 085333 8633.0 8644.0 8629.0 8639.0
085240 085335 8644.0 8644.0 8629.0 8638.0
085249 085345 8631.0 8642.0 8629.0 8642.0
085255 085355 8629.0 8642.0 8629.0 8642.0
085309 085358 8631.0 8644.0 8631.0 8644.0
085309 085401 8631.0 8644.0 8631.0 8644.0
085309 085402 8631.0 8644.0 8631.0 8644.0
085309 085407 8631.0 8646.0 8631.0 8646.0
085322 085417 8636.0 8646.0 8636.0 8643.0
085322 085418 8636.0 8647.0 8636.0 8647.0
085322 085421 8636.0 8647.0 8636.0 8647.0
085322 085422 8636.0 8647.0 8636.0 8643.0
085325 085424 8636.0 8647.0 8636.0 8643.0
085333 085428 8639.0 8647.0 8638.0 8646.0
085333 085429 8639.0 8647.0 8638.0 8646.0
085333 085433 8639.0 8647.0 8638.0 8645.0
085335 085435 8638.0 8647.0 8638.0 8644.0
085345 085441 8642.0 8647.0 8642.0 8644.0
085345 085443 8642.0 8647.0 8642.0 8645.0
085355 085451 8642.0 8647.0 8642.0 8646.0
085355 085453 8642.0 8647.0 8642.0 8647.0
085355 085454 8642.0 8647.0 8642.0 8647.0
085355 085455 8642.0 8648.0 8642.0 8648.0
085401 085500 8644.0 8649.0 8643.0 8649.0
085401 085501 8644.0 8649.0 8643.0 8649.0
085402 085502 8644.0 8651.0 8643.0 8651.0
085417 085508 8643.0 8655.0 8643.0 8655.0
085417 085510 8643.0 8655.0 8643.0 8645.0
085417 085511 8643.0 8655.0 8643.0 8644.0
085417 085512 8643.0 8655.0 8643.0 8646.0
085417 085515 8643.0 8655.0 8643.0 8644.0
085424 085524 8643.0 8655.0 8643.0 8648.0
085428 085527 8646.0 8655.0 8644.0 8647.0
085429 085529 8646.0 8655.0 8644.0 8648.0
085433 085530 8645.0 8655.0 8644.0 8646.0
085441 085539 8644.0 8655.0 8644.0 8649.0
085443 085542 8645.0 8655.0 8644.0 8649.0
085443 085543 8645.0 8655.0 8644.0 8650.0
085451 085545 8646.0 8655.0 8644.0 8650.0
085451 085547 8646.0 8655.0 8644.0 8651.0
085451 085548 8646.0 8655.0 8644.0 8652.0
085451 085549 8646.0 8655.0 8644.0 8652.0
085453 085553 8647.0 8655.0 8644.0 8652.0
085501 085601 8649.0 8655.0 8644.0 8649.0
085502 085602 8651.0 8655.0 8644.0 8648.0
085508 085603 8655.0 8655.0 8644.0 8650.0
085508 085604 8655.0 8655.0 8644.0 8647.0
085510 085610 8645.0 8652.0 8644.0 8651.0
085515 085613 8644.0 8652.0 8644.0 8652.0
085524 085616 8648.0 8652.0 8646.0 8651.0
085527 085625 8647.0 8652.0 8646.0 8650.0
085527 085626 8647.0 8661.0 8646.0 8661.0
085545 085645 8650.0 8661.0 8647.0 8648.0
085547 085646 8651.0 8661.0 8647.0 8650.0
085547 085647 8651.0 8661.0 8647.0 8648.0
085601 085656 8649.0 8661.0 8647.0 8648.0
085601 085701 8649.0 8661.0 8647.0 8651.0
085602 085702 8648.0 8661.0 8647.0 8652.0
085610 085709 8651.0 8661.0 8648.0 8649.0
085610 085710 8651.0 8661.0 8648.0 8649.0
085625 085722 8650.0 8661.0 8648.0 8653.0
085625 085724 8650.0 8661.0 8648.0 8654.0
085645 085727 8648.0 8655.0 8648.0 8655.0
085645 085728 8648.0 8655.0 8648.0 8655.0
085645 085735 8648.0 8656.0 8648.0 8656.0
085645 085736 8648.0 8656.0 8648.0 8656.0
085645 085737 8648.0 8657.0 8648.0 8657.0
085645 085738 8648.0 8657.0 8648.0 8657.0
085645 085739 8648.0 8657.0 8648.0 8655.0
085645 085741 8648.0 8657.0 8648.0 8655.0
085656 085753 8648.0 8657.0 8648.0 8657.0
085656 085756 8648.0 8657.0 8648.0 8657.0
085701 085758 8651.0 8659.0 8649.0 8659.0
085701 085759 8651.0 8659.0 8649.0 8658.0
085701 085800 8651.0 8659.0 8649.0 8659.0
085701 085801 8651.0 8660.0 8649.0 8660.0
085702 085802 8652.0 8661.0 8649.0 8661.0
085709 085805 8649.0 8664.0 8649.0 8664.0
085709 085807 8649.0 8664.0 8649.0 8664.0
085722 085812 8653.0 8665.0 8653.0 8665.0
085722 085813 8653.0 8668.0 8653.0 8668.0
085722 085814 8653.0 8668.0 8653.0 8665.0
085722 085815 8653.0 8669.0 8653.0 8669.0
085722 085816 8653.0 8672.0 8653.0 8672.0
085722 085819 8653.0 8672.0 8653.0 8668.0
085722 085821 8653.0 8672.0 8653.0 8671.0
085722 085822 8653.0 8672.0 8653.0 8672.0
085724 085824 8654.0 8672.0 8654.0 8672.0
085735 085830 8656.0 8673.0 8655.0 8673.0
085735 085831 8656.0 8674.0 8655.0 8674.0
085735 085834 8656.0 8674.0 8655.0 8670.0
085735 085835 8656.0 8674.0 8655.0 8669.0
085736 085836 8656.0 8674.0 8655.0 8669.0
085739 085839 8655.0 8674.0 8655.0 8668.0
085741 085840 8655.0 8674.0 8655.0 8667.0
085753 085845 8657.0 8674.0 8657.0 8667.0
085753 085847 8657.0 8674.0 8657.0 8666.0
085753 085848 8657.0 8674.0 8657.0 8666.0
085753 085851 8657.0 8674.0 8657.0 8666.0
085753 085852 8657.0 8674.0 8657.0 8666.0
085756 085854 8657.0 8674.0 8657.0 8666.0
085756 085855 8657.0 8674.0 8657.0 8667.0
085802 085902 8661.0 8674.0 8661.0 8670.0
085805 085905 8664.0 8674.0 8664.0 8669.0
085807 085906 8664.0 8674.0 8664.0 8668.0
085812 085912 8665.0 8674.0 8665.0 8672.0
085816 085916 8672.0 8674.0 8666.0 8672.0
085819 085917 8668.0 8674.0 8666.0 8672.0
085819 085918 8668.0 8674.0 8666.0 8672.0
085835 085935 8669.0 8672.0 8666.0 8670.0
085851 085951 8666.0 8672.0 8666.0 8668.0
085905 090003 8669.0 8672.0 8668.0 8671.0
085906 090006 8668.0 8672.0 8668.0 8672.0
085912 090007 8672.0 8672.0 8668.0 8672.0
085912 090010 8672.0 8676.0 8668.0 8676.0
085912 090011 8672.0 8677.0 8668.0 8677.0
085912 090012 8672.0 8677.0 8668.0 8677.0
085916 090013 8672.0 8678.0 8668.0 8678.0
085916 090014 8672.0 8678.0 8668.0 8678.0
085916 090015 8672.0 8679.0 8668.0 8679.0
085916 090016 8672.0 8680.0 8668.0 8680.0
085917 090017 8672.0 8680.0 8668.0 8680.0
085918 090018 8672.0 8687.0 8668.0 8687.0
085935 090023 8670.0 8690.0 8668.0 8690.0
085935 090024 8670.0 8690.0 8668.0 8682.0
085935 090026 8670.0 8690.0 8668.0 8679.0
085935 090027 8670.0 8690.0 8668.0 8681.0
085935 090029 8670.0 8690.0 8668.0 8680.0
085935 090030 8670.0 8690.0 8668.0 8677.0
085935 090031 8670.0 8690.0 8668.0 8677.0
085935 090033 8670.0 8690.0 8668.0 8675.0
085951 090036 8668.0 8690.0 8668.0 8674.0
085951 090037 8668.0 8690.0 8668.0 8673.0
085951 090043 8668.0 8690.0 8668.0 8679.0
085951 090044 8668.0 8690.0 8668.0 8680.0
085951 090045 8668.0 8690.0 8668.0 8681.0
085951 090046 8668.0 8690.0 8668.0 8682.0
085951 090047 8668.0 8692.0 8668.0 8692.0
085951 090048 8668.0 8692.0 8668.0 8684.0
085951 090049 8668.0 8692.0 8668.0 8685.0
085951 090050 8668.0 8692.0 8668.0 8687.0
085951 090051 8668.0 8692.0 8668.0 8688.0
090003 090052 8671.0 8692.0 8671.0 8688.0
090003 090055 8671.0 8692.0 8671.0 8690.0
090003 090058 8671.0 8692.0 8671.0 8691.0
090003 090059 8671.0 8692.0 8671.0 8692.0
090003 090101 8671.0 8693.0 8671.0 8693.0
090006 090105 8672.0 8693.0 8672.0 8693.0
090006 090106 8672.0 8697.0 8672.0 8697.0
090010 090108 8676.0 8697.0 8673.0 8695.0
090010 090109 8676.0 8697.0 8673.0 8695.0
090010 090110 8676.0 8697.0 8673.0 8695.0
090013 090113 8678.0 8697.0 8673.0 8697.0
090014 090114 8678.0 8698.0 8673.0 8698.0
090023 090121 8690.0 8698.0 8673.0 8698.0
090024 090124 8682.0 8698.0 8673.0 8698.0
090026 090125 8679.0 8698.0 8673.0 8697.0
090043 090140 8679.0 8700.0 8679.0 8700.0
090043 090142 8679.0 8702.0 8679.0 8702.0
090043 090143 8679.0 8702.0 8679.0 8698.0
090047 090147 8692.0 8702.0 8684.0 8696.0
090049 090149 8685.0 8702.0 8685.0 8697.0
090050 090150 8687.0 8702.0 8687.0 8696.0
090058 090157 8691.0 8702.0 8691.0 8698.0
090058 090158 8691.0 8702.0 8691.0 8699.0
090059 090159 8692.0 8702.0 8692.0 8700.0
090101 090200 8693.0 8702.0 8693.0 8699.0
090101 090201 8693.0 8702.0 8693.0 8699.0
090114 090214 8698.0 8702.0 8696.0 8698.0
090121 090221 8698.0 8702.0 8696.0 8698.0
090124 090222 8698.0 8702.0 8696.0 8698.0
090140 090238 8700.0 8702.0 8696.0 8698.0
090140 090239 8700.0 8702.0 8696.0 8697.0
090147 090244 8696.0 8700.0 8696.0 8696.0
090147 090245 8696.0 8700.0 8696.0 8696.0
090150 090250 8696.0 8700.0 8695.0 8695.0
090157 090252 8698.0 8700.0 8695.0 8695.0
090157 090254 8698.0 8700.0 8691.0 8691.0
090214 090303 8698.0 8698.0 8691.0 8693.0
090214 090314 8698.0 8698.0 8687.0 8687.0
090221 090319 8698.0 8698.0 8683.0 8683.0
090238 090324 8698.0 8698.0 8679.0 8679.0
090238 090331 8698.0 8698.0 8678.0 8678.0
090238 090334 8698.0 8698.0 8678.0 8678.0
090238 090335 8698.0 8698.0 8677.0 8677.0
090238 090338 8698.0 8698.0 8677.0 8677.0
090239 090339 8697.0 8697.0 8677.0 8677.0
090244 090341 8696.0 8696.0 8676.0 8676.0
090244 090343 8696.0 8696.0 8676.0 8676.0
090244 090344 8696.0 8696.0 8676.0 8676.0
090245 090345 8696.0 8696.0 8676.0 8676.0
090250 090348 8695.0 8695.0 8676.0 8676.0
090250 090349 8695.0 8695.0 8676.0 8676.0
090250 090350 8695.0 8695.0 8676.0 8676.0
090252 090351 8695.0 8695.0 8676.0 8677.0
090254 090354 8691.0 8693.0 8676.0 8676.0
090303 090356 8693.0 8693.0 8675.0 8675.0
090303 090402 8693.0 8693.0 8675.0 8676.0
090303 090403 8693.0 8693.0 8673.0 8673.0
090314 090404 8687.0 8687.0 8673.0 8674.0
090314 090406 8687.0 8687.0 8673.0 8673.0
090314 090409 8687.0 8687.0 8673.0 8674.0
090314 090414 8687.0 8687.0 8673.0 8675.0
090319 090416 8683.0 8683.0 8673.0 8675.0
090319 090418 8683.0 8683.0 8673.0 8675.0
090331 090428 8678.0 8678.0 8673.0 8676.0
090331 090429 8678.0 8678.0 8673.0 8677.0
090331 090430 8678.0 8678.0 8673.0 8675.0
090338 090436 8677.0 8677.0 8673.0 8677.0
090348 090446 8676.0 8677.0 8673.0 8677.0
090350 090450 8676.0 8677.0 8673.0 8677.0
090354 090453 8676.0 8677.0 8673.0 8677.0
090354 090454 8676.0 8679.0 8673.0 8679.0
090402 090501 8676.0 8682.0 8673.0 8682.0
090409 090507 8674.0 8682.0 8674.0 8682.0
090409 090509 8674.0 8684.0 8674.0 8684.0
090414 090510 8675.0 8686.0 8675.0 8686.0
090414 090512 8675.0 8686.0 8675.0 8684.0
090416 090515 8675.0 8686.0 8675.0 8685.0
090428 090525 8676.0 8688.0 8675.0 8688.0
090428 090526 8676.0 8688.0 8675.0 8688.0
090428 090528 8676.0 8690.0 8675.0 8690.0
090429 090529 8677.0 8690.0 8675.0 8690.0
090436 090533 8677.0 8690.0 8677.0 8689.0
090446 090539 8677.0 8693.0 8677.0 8693.0
090446 090540 8677.0 8693.0 8677.0 8693.0
090446 090543 8677.0 8697.0 8677.0 8697.0
090446 090544 8677.0 8697.0 8677.0 8696.0
090450 090548 8677.0 8697.0 8677.0 8694.0
090450 090550 8677.0 8697.0 8677.0 8695.0
090501 090559 8682.0 8697.0 8682.0 8695.0
090501 090600 8682.0 8697.0 8682.0 8695.0
090501 090601 8682.0 8697.0 8682.0 8697.0
090507 090602 8682.0 8697.0 8682.0 8697.0
090507 090605 8682.0 8697.0 8682.0 8695.0
090507 090607 8682.0 8697.0 8682.0 8696.0
090512 090611 8684.0 8697.0 8684.0 8697.0
090515 090614 8685.0 8699.0 8685.0 8699.0
090525 090621 8688.0 8699.0 8688.0 8699.0
090525 090622 8688.0 8700.0 8688.0 8700.0
090525 090623 8688.0 8705.0 8688.0 8705.0
090525 090625 8688.0 8705.0 8688.0 8704.0
090529 090629 8690.0 8705.0 8689.0 8703.0
090533 090631 8689.0 8705.0 8689.0 8702.0
090533 090633 8689.0 8709.0 8689.0 8709.0
090539 090636 8693.0 8709.0 8693.0 8706.0
090539 090637 8693.0 8709.0 8693.0 8707.0
090540 090640 8693.0 8709.0 8693.0 8707.0
090543 090643 8697.0 8709.0 8694.0 8707.0
090548 090645 8694.0 8709.0 8694.0 8709.0
090548 090646 8694.0 8709.0 8694.0 8709.0
090548 090647 8694.0 8711.0 8694.0 8711.0
090550 090649 8695.0 8713.0 8695.0 8713.0
090550 090650 8695.0 8714.0 8695.0 8714.0
090559 090652 8695.0 8714.0 8695.0 8711.0
090559 090655 8695.0 8714.0 8695.0 8712.0
090559 090656 8695.0 8714.0 8695.0 8713.0
090559 090657 8695.0 8714.0 8695.0 8712.0
090605 090704 8695.0 8714.0 8695.0 8712.0
090605 090705 8695.0 8714.0 8695.0 8710.0
090607 090706 8696.0 8714.0 8696.0 8712.0
090611 090710 8697.0 8714.0 8697.0 8712.0
090611 090711 8697.0 8714.0 8697.0 8712.0
090621 090716 8699.0 8714.0 8699.0 8707.0
090622 090722 8700.0 8714.0 8700.0 8707.0
090623 090723 8705.0 8714.0 8702.0 8704.0
090637 090737 8707.0 8714.0 8704.0 8708.0
090647 090747 8711.0 8714.0 8704.0 8709.0
090649 090748 8713.0 8714.0 8704.0 8710.0
090649 090749 8713.0 8714.0 8704.0 8709.0
090650 090750 8714.0 8714.0 8704.0 8710.0
090652 090751 8711.0 8713.0 8704.0 8711.0
090656 090756 8713.0 8715.0 8704.0 8715.0
090704 090758 8712.0 8715.0 8704.0 8709.0
090716 090816 8707.0 8715.0 8704.0 8707.0
090737 090824 8708.0 8715.0 8707.0 8710.0
090737 090827 8708.0 8715.0 8707.0 8712.0
090737 090828 8708.0 8715.0 8707.0 8712.0
090737 090829 8708.0 8715.0 8707.0 8713.0
090737 090836 8708.0 8715.0 8707.0 8714.0
090737 090837 8708.0 8716.0 8707.0 8716.0
090747 090843 8709.0 8717.0 8707.0 8717.0
090747 090847 8709.0 8720.0 8707.0 8720.0
090748 090848 8710.0 8720.0 8707.0 8720.0
090758 090858 8709.0 8720.0 8707.0 8719.0
090816 090900 8707.0 8732.0 8707.0 8732.0
090816 090901 8707.0 8732.0 8707.0 8721.0
090816 090902 8707.0 8732.0 8707.0 8721.0
090816 090904 8707.0 8732.0 8707.0 8723.0
090816 090905 8707.0 8732.0 8707.0 8723.0
090816 090906 8707.0 8732.0 8707.0 8722.0
090816 090907 8707.0 8732.0 8707.0 8724.0
090816 090908 8707.0 8732.0 8707.0 8723.0
090816 090911 8707.0 8732.0 8707.0 8726.0
090816 090913 8707.0 8732.0 8707.0 8725.0
090816 090915 8707.0 8732.0 8707.0 8728.0
090816 090916 8707.0 8732.0 8707.0 8728.0
090824 090923 8710.0 8732.0 8710.0 8727.0
090827 090925 8712.0 8732.0 8712.0 8725.0
090827 090926 8712.0 8732.0 8712.0 8724.0
090828 090928 8712.0 8732.0 8712.0 8725.0
090836 090934 8714.0 8732.0 8714.0 8724.0
090836 090936 8714.0 8732.0 8714.0 8723.0
090843 090939 8717.0 8732.0 8717.0 8722.0
090843 090940 8717.0 8732.0 8717.0 8723.0
090843 090941 8717.0 8732.0 8717.0 8721.0
090843 090943 8717.0 8732.0 8717.0 8719.0
090847 090944 8720.0 8732.0 8718.0 8718.0
090847 090946 8720.0 8732.0 8718.0 8718.0
090848 090948 8720.0 8732.0 8718.0 8719.0
090858 090950 8719.0 8732.0 8718.0 8720.0
090900 091000 8732.0 8732.0 8718.0 8722.0
090901 091001 8721.0 8728.0 8718.0 8724.0
090902 091002 8721.0 8728.0 8718.0 8726.0
090904 091003 8723.0 8728.0 8718.0 8728.0
090907 091007 8724.0 8730.0 8718.0 8730.0
090911 091011 8726.0 8730.0 8718.0 8723.0
090915 091014 8728.0 8730.0 8718.0 8722.0
090923 091019 8727.0 8730.0 8718.0 8719.0
090923 091020 8727.0 8730.0 8718.0 8718.0
090923 091021 8727.0 8730.0 8718.0 8718.0
090925 091024 8725.0 8730.0 8714.0 8714.0
090934 091030 8724.0 8730.0 8714.0 8718.0
090934 091034 8724.0 8730.0 8714.0 8723.0
090936 091035 8723.0 8730.0 8714.0 8723.0
090943 091042 8719.0 8730.0 8714.0 8724.0
091000 091059 8722.0 8730.0 8714.0 8722.0
091007 091105 8730.0 8730.0 8714.0 8726.0
091007 091107 8730.0 8730.0 8714.0 8726.0
091011 091108 8723.0 8728.0 8714.0 8728.0
091011 091109 8723.0 8728.0 8714.0 8728.0
091011 091110 8723.0 8728.0 8714.0 8727.0
091014 091113 8722.0 8728.0 8714.0 8727.0
091019 091115 8719.0 8728.0 8714.0 8727.0
091019 091119 8719.0 8728.0 8714.0 8728.0
091030 091129 8718.0 8730.0 8718.0 8730.0
091030 091130 8718.0 8730.0 8718.0 8730.0
091034 091131 8723.0 8732.0 8722.0 8732.0
091034 091132 8723.0 8732.0 8722.0 8732.0
091035 091135 8723.0 8732.0 8722.0 8732.0
091042 091136 8724.0 8733.0 8722.0 8733.0
091042 091137 8724.0 8733.0 8722.0 8733.0
091042 091138 8724.0 8733.0 8722.0 8733.0
091042 091139 8724.0 8733.0 8722.0 8733.0
091059 091147 8722.0 8734.0 8722.0 8734.0
091059 091150 8722.0 8734.0 8722.0 8730.0
091059 091151 8722.0 8734.0 8722.0 8733.0
091059 091153 8722.0 8736.0 8722.0 8736.0
091059 091154 8722.0 8737.0 8722.0 8737.0
091059 091156 8722.0 8738.0 8722.0 8738.0
091059 091159 8722.0 8738.0 8722.0 8738.0
091105 091200 8726.0 8738.0 8726.0 8738.0
091105 091201 8726.0 8740.0 8726.0 8740.0
091113 091211 8727.0 8747.0 8727.0 8747.0
091115 091214 8727.0 8747.0 8727.0 8738.0
091115 091215 8727.0 8747.0 8727.0 8739.0
091119 091216 8728.0 8747.0 8728.0 8742.0
091119 091218 8728.0 8747.0 8728.0 8738.0
091119 091219 8728.0 8747.0 8728.0 8735.0
091129 091221 8730.0 8747.0 8730.0 8733.0
091129 091227 8730.0 8747.0 8730.0 8735.0
091131 091231 8732.0 8747.0 8730.0 8734.0
091135 091235 8732.0 8747.0 8730.0 8734.0
091147 091241 8734.0 8747.0 8730.0 8733.0
091147 091242 8734.0 8747.0 8730.0 8733.0
091159 091258 8738.0 8747.0 8733.0 8734.0
091159 091259 8738.0 8747.0 8733.0 8734.0
091211 091304 8747.0 8747.0 8733.0 8735.0
091211 091306 8747.0 8747.0 8733.0 8735.0
091211 091307 8747.0 8747.0 8733.0 8736.0
091211 091308 8747.0 8747.0 8733.0 8735.0
091214 091314 8738.0 8742.0 8733.0 8733.0
091218 091318 8738.0 8738.0 8731.0 8731.0
091221 091320 8733.0 8736.0 8730.0 8730.0
091221 091321 8733.0 8736.0 8730.0 8730.0
091227 091322 8735.0 8736.0 8730.0 8730.0
091227 091323 8735.0 8736.0 8730.0 8730.0
091227 091325 8735.0 8736.0 8730.0 8731.0
091227 091326 8735.0 8736.0 8729.0 8729.0
091235 091335 8734.0 8736.0 8724.0 8724.0
091241 091336 8733.0 8736.0 8723.0 8723.0
091241 091340 8733.0 8736.0 8722.0 8722.0
091241 091341 8733.0 8736.0 8722.0 8722.0
091258 091347 8734.0 8736.0 8722.0 8725.0
091258 091350 8734.0 8736.0 8718.0 8718.0
091258 091352 8734.0 8736.0 8718.0 8718.0
091258 091353 8734.0 8736.0 8718.0 8718.0
091258 091354 8734.0 8736.0 8718.0 8720.0
091258 091355 8734.0 8736.0 8718.0 8731.0
091258 091356 8734.0 8736.0 8718.0 8720.0
091258 091357 8734.0 8736.0 8718.0 8722.0
091306 091406 8735.0 8736.0 8718.0 8727.0
091307 091407 8736.0 8736.0 8718.0 8728.0
091314 091412 8733.0 8733.0 8718.0 8731.0
091314 091414 8733.0 8733.0 8718.0 8733.0
091318 091415 8731.0 8733.0 8718.0 8733.0
091318 091416 8731.0 8733.0 8718.0 8733.0
091318 091418 8731.0 8733.0 8718.0 8733.0
091325 091425 8731.0 8733.0 8718.0 8732.0
091326 091426 8729.0 8733.0 8718.0 8731.0
091335 091427 8724.0 8733.0 8718.0 8733.0
091335 091428 8724.0 8733.0 8718.0 8733.0
091335 091432 8724.0 8733.0 8718.0 8732.0
091335 091434 8724.0 8733.0 8718.0 8733.0
091347 091444 8725.0 8733.0 8718.0 8730.0
091347 091445 8725.0 8735.0 8718.0 8735.0
091347 091447 8725.0 8735.0 8718.0 8731.0
091350 091450 8718.0 8735.0 8718.0 8732.0
091352 091452 8718.0 8735.0 8718.0 8733.0
091353 091453 8718.0 8735.0 8718.0 8734.0
091354 091454 8720.0 8737.0 8720.0 8737.0
091355 091455 8731.0 8738.0 8720.0 8738.0
091406 091500 8727.0 8740.0 8727.0 8740.0
091406 091503 8727.0 8741.0 8727.0 8741.0
091412 091511 8731.0 8741.0 8730.0 8740.0
091412 091512 8731.0 8741.0 8730.0 8740.0
091425 091519 8732.0 8741.0 8730.0 8737.0
091428 091528 8733.0 8741.0 8730.0 8740.0
091432 091529 8732.0 8741.0 8730.0 8740.0
091432 091530 8732.0 8741.0 8730.0 8741.0
091444 091538 8730.0 8741.0 8730.0 8738.0
091444 091539 8730.0 8741.0 8730.0 8739.0
091447 091546 8731.0 8741.0 8731.0 8737.0
091447 091547 8731.0 8741.0 8731.0 8736.0
091452 091552 8733.0 8741.0 8730.0 8730.0
091511 091609 8740.0 8741.0 8730.0 8733.0
091519 091615 8737.0 8741.0 8730.0 8732.0
091528 091624 8740.0 8741.0 8730.0 8731.0
091528 091628 8740.0 8741.0 8730.0 8733.0
091529 091629 8740.0 8741.0 8730.0 8734.0
091538 091631 8738.0 8739.0 8730.0 8735.0
091538 091633 8738.0 8739.0 8730.0 8734.0
091546 091640 8737.0 8737.0 8730.0 8734.0
091546 091642 8737.0 8737.0 8730.0 8732.0
091609 091655 8733.0 8735.0 8731.0 8731.0
091609 091700 8733.0 8735.0 8731.0 8733.0
091609 091703 8733.0 8735.0 8731.0 8734.0
091609 091704 8733.0 8735.0 8731.0 8734.0
091609 091705 8733.0 8735.0 8731.0 8735.0
091609 091706 8733.0 8735.0 8731.0 8734.0
091615 091714 8732.0 8735.0 8731.0 8733.0
091624 091719 8731.0 8735.0 8729.0 8729.0
091624 091723 8731.0 8735.0 8727.0 8727.0
091628 091725 8733.0 8735.0 8725.0 8725.0
091631 091731 8735.0 8735.0 8724.0 8724.0
091640 091734 8734.0 8735.0 8723.0 8723.0
091640 091738 8734.0 8735.0 8721.0 8721.0
091640 091739 8734.0 8735.0 8721.0 8723.0
091642 091742 8732.0 8735.0 8721.0 8721.0
091655 091743 8731.0 8735.0 8721.0 8721.0
091655 091744 8731.0 8735.0 8721.0 8721.0
091655 091745 8731.0 8735.0 8721.0 8723.0
091655 091746 8731.0 8735.0 8721.0 8721.0
091655 091747 8731.0 8735.0 8721.0 8725.0
091655 091750 8731.0 8735.0 8721.0 8721.0
091655 091755 8731.0 8735.0 8721.0 8722.0
091700 091800 8733.0 8735.0 8721.0 8722.0
091703 091802 8734.0 8735.0 8721.0 8725.0
091714 091813 8733.0 8733.0 8721.0 8726.0
091719 091817 8729.0 8729.0 8721.0 8726.0
091742 091840 8721.0 8726.0 8721.0 8722.0
091800 091900 8722.0 8726.0 8722.0 8725.0
091802 091902 8725.0 8726.0 8722.0 8724.0
091813 091903 8726.0 8726.0 8722.0 8726.0
091813 091904 8726.0 8726.0 8722.0 8726.0
091813 091907 8726.0 8726.0 8722.0 8724.0
091813 091910 8726.0 8726.0 8722.0 8726.0
091840 091926 8722.0 8730.0 8722.0 8730.0
091840 091928 8722.0 8730.0 8722.0 8729.0
091840 091929 8722.0 8730.0 8722.0 8730.0
091840 091934 8722.0 8730.0 8722.0 8726.0
091840 091938 8722.0 8730.0 8722.0 8726.0
091900 091945 8725.0 8730.0 8724.0 8729.0
091900 091948 8725.0 8730.0 8724.0 8728.0
091900 091958 8725.0 8730.0 8724.0 8725.0
091910 092008 8726.0 8730.0 8725.0 8729.0
091910 092009 8726.0 8731.0 8725.0 8731.0
091910 092010 8726.0 8733.0 8725.0 8733.0
091926 092016 8730.0 8735.0 8725.0 8735.0
091928 092027 8729.0 8735.0 8725.0 8730.0
091938 092037 8726.0 8735.0 8725.0 8726.0
092008 092100 8729.0 8735.0 8726.0 8727.0
092008 092102 8729.0 8735.0 8726.0 8731.0
092037 092131 8726.0 8731.0 8726.0 8728.0
092100 092138 8727.0 8731.0 8727.0 8731.0
092100 092142 8727.0 8731.0 8727.0 8731.0
092100 092144 8727.0 8732.0 8727.0 8732.0
092100 092147 8727.0 8732.0 8727.0 8730.0
092131 092203 8728.0 8733.0 8728.0 8733.0
092131 092205 8728.0 8734.0 8728.0 8734.0
092131 092222 8728.0 8734.0 8728.0 8730.0
092131 092223 8728.0 8734.0 8728.0 8728.0
092131 092228 8728.0 8734.0 8726.0 8726.0
092142 092242 8731.0 8734.0 8726.0 8729.0
092144 092244 8732.0 8734.0 8726.0 8730.0
092203 092248 8733.0 8734.0 8726.0 8729.0
092203 092255 8733.0 8734.0 8726.0 8734.0
092203 092256 8733.0 8734.0 8726.0 8734.0
092203 092259 8733.0 8736.0 8726.0 8736.0
092203 092300 8733.0 8738.0 8726.0 8738.0
092203 092303 8733.0 8739.0 8726.0 8739.0
092222 092306 8730.0 8739.0 8726.0 8739.0
092222 092307 8730.0 8740.0 8726.0 8740.0
092222 092308 8730.0 8740.0 8726.0 8740.0
092222 092309 8730.0 8740.0 8726.0 8740.0
092222 092310 8730.0 8740.0 8726.0 8740.0
092222 092311 8730.0 8741.0 8726.0 8741.0
092222 092314 8730.0 8742.0 8726.0 8742.0
092222 092317 8730.0 8742.0 8726.0 8741.0
092222 092318 8730.0 8743.0 8726.0 8743.0
092222 092319 8730.0 8744.0 8726.0 8744.0
092222 092320 8730.0 8747.0 8726.0 8747.0
092223 092323 8728.0 8747.0 8726.0 8742.0
092242 092331 8729.0 8747.0 8729.0 8740.0
092242 092341 8729.0 8747.0 8729.0 8734.0
092248 092348 8729.0 8747.0 8729.0 8735.0
092306 092404 8739.0 8747.0 8729.0 8729.0
092307 092407 8740.0 8747.0 8729.0 8729.0
092311 092411 8741.0 8747.0 8729.0 8731.0
092314 092413 8742.0 8747.0 8729.0 8734.0
092317 092415 8741.0 8747.0 8729.0 8735.0
092317 092416 8741.0 8747.0 8729.0 8734.0
092341 092432 8734.0 8738.0 8729.0 8738.0
092341 092434 8734.0 8738.0 8729.0 8736.0
092341 092438 8734.0 8738.0 8729.0 8736.0
092539 092539 8737.0 8737.0 8737.0 8737.0
092539 092558 8737.0 8737.0 8731.0 8731.0
092539 092602 8737.0 8737.0 8729.0 8729.0
092539 092604 8737.0 8737.0 8729.0 8729.0
092539 092635 8737.0 8737.0 8728.0 8728.0
092558 092640 8731.0 8731.0 8727.0 8727.0
092558 092647 8731.0 8731.0 8727.0 8730.0
092635 092710 8728.0 8730.0 8727.0 8727.0
092635 092715 8728.0 8730.0 8725.0 8725.0
092635 092716 8728.0 8730.0 8723.0 8723.0
092635 092718 8728.0 8730.0 8722.0 8722.0
092635 092719 8728.0 8730.0 8722.0 8722.0
092635 092720 8728.0 8730.0 8722.0 8722.0
092635 092722 8728.0 8730.0 8722.0 8722.0
092635 092723 8728.0 8730.0 8721.0 8721.0
092635 092724 8728.0 8730.0 8712.0 8712.0
092635 092725 8728.0 8730.0 8712.0 8712.0
092635 092728 8728.0 8730.0 8712.0 8713.0
092635 092733 8728.0 8730.0 8710.0 8710.0
092635 092735 8728.0 8730.0 8710.0 8710.0
092640 092737 8727.0 8730.0 8709.0 8709.0
092647 092742 8730.0 8730.0 8709.0 8710.0
092710 092758 8727.0 8727.0 8709.0 8712.0
092710 092800 8727.0 8727.0 8709.0 8711.0
092710 092804 8727.0 8727.0 8709.0 8712.0
092710 092805 8727.0 8727.0 8709.0 8714.0
092715 092811 8725.0 8725.0 8709.0 8710.0
092719 092819 8722.0 8722.0 8709.0 8711.0
092720 092820 8722.0 8722.0 8708.0 8708.0
092722 092821 8722.0 8722.0 8706.0 8706.0
092723 092823 8721.0 8721.0 8705.0 8705.0
092724 092824 8712.0 8714.0 8704.0 8704.0
092733 092832 8710.0 8714.0 8704.0 8713.0
092742 092838 8710.0 8714.0 8702.0 8702.0
092742 092840 8710.0 8714.0 8702.0 8710.0
092758 092848 8712.0 8714.0 8702.0 8706.0
092758 092849 8712.0 8714.0 8702.0 8707.0
092758 092851 8712.0 8714.0 8702.0 8706.0
092758 092852 8712.0 8714.0 8702.0 8706.0
092804 092901 8712.0 8714.0 8702.0 8708.0
092804 092904 8712.0 8714.0 8702.0 8705.0
092805 092905 8714.0 8714.0 8702.0 8704.0
092811 092908 8710.0 8713.0 8702.0 8706.0
092819 092919 8711.0 8713.0 8702.0 8704.0
092823 092922 8705.0 8713.0 8702.0 8704.0
092832 092928 8713.0 8713.0 8702.0 8702.0
092838 092935 8702.0 8710.0 8702.0 8702.0
092838 092938 8702.0 8710.0 8701.0 8701.0
092840 092939 8710.0 8710.0 8698.0 8698.0
092848 092945 8706.0 8708.0 8698.0 8701.0
092851 092950 8706.0 8708.0 8698.0 8698.0
092901 092959 8708.0 8708.0 8696.0 8696.0
092901 093001 8708.0 8708.0 8696.0 8697.0
092904 093003 8705.0 8706.0 8696.0 8699.0
092919 093011 8704.0 8704.0 8696.0 8702.0
092919 093014 8704.0 8704.0 8696.0 8703.0
092919 093015 8704.0 8704.0 8696.0 8704.0
092919 093018 8704.0 8705.0 8696.0 8705.0
092919 093019 8704.0 8707.0 8696.0 8707.0
092922 093022 8704.0 8707.0 8696.0 8707.0
092928 093024 8702.0 8710.0 8696.0 8710.0
092938 093036 8701.0 8710.0 8696.0 8708.0
093001 093101 8697.0 8713.0 8697.0 8713.0
093014 093114 8703.0 8715.0 8703.0 8715.0
093022 093122 8707.0 8715.0 8707.0 8709.0
093101 093142 8713.0 8715.0 8707.0 8707.0
093101 093145 8713.0 8715.0 8706.0 8706.0
093142 093223 8707.0 8710.0 8706.0 8710.0
093142 093227 8707.0 8710.0 8706.0 8710.0
093142 093237 8707.0 8710.0 8706.0 8710.0
093142 093238 8707.0 8711.0 8706.0 8711.0
093223 093250 8710.0 8711.0 8710.0 8710.0
093223 093253 8710.0 8711.0 8710.0 8711.0
093223 093258 8710.0 8711.0 8710.0 8711.0
093223 093300 8710.0 8712.0 8710.0 8712.0
093223 093302 8710.0 8714.0 8710.0 8714.0
093223 093307 8710.0 8718.0 8710.0 8718.0
093223 093321 8710.0 8720.0 8710.0 8720.0
093227 093324 8710.0 8721.0 8710.0 8721.0
093227 093326 8710.0 8722.0 8710.0 8722.0
093237 093328 8710.0 8722.0 8710.0 8721.0
093237 093329 8710.0 8722.0 8710.0 8722.0
093237 093331 8710.0 8724.0 8710.0 8724.0
093237 093335 8710.0 8724.0 8710.0 8724.0
093250 093341 8710.0 8724.0 8710.0 8724.0
093250 093345 8710.0 8728.0 8710.0 8728.0
093258 093355 8711.0 8728.0 8711.0 8724.0
093355 093454 8724.0 8724.0 8720.0 8720.0
093355 093455 8724.0 8730.0 8720.0 8730.0
093454 093503 8720.0 8730.0 8720.0 8724.0
093454 093526 8720.0 8730.0 8720.0 8724.0
093454 093529 8720.0 8730.0 8720.0 8722.0
093454 093532 8720.0 8730.0 8720.0 8723.0
093454 093552 8720.0 8730.0 8720.0 8721.0
093503 093559 8724.0 8724.0 8719.0 8719.0
093526 093617 8724.0 8724.0 8719.0 8724.0
093529 093627 8722.0 8724.0 8719.0 8719.0
093552 093633 8721.0 8724.0 8716.0 8716.0
093552 093636 8721.0 8724.0 8716.0 8716.0
093552 093639 8721.0 8724.0 8716.0 8716.0
093552 093649 8721.0 8724.0 8715.0 8715.0
093552 093650 8721.0 8724.0 8715.0 8723.0
093617 093717 8724.0 8724.0 8714.0 8714.0
093636 093736 8716.0 8723.0 8714.0 8715.0
093649 093744 8715.0 8723.0 8714.0 8715.0
093649 093747 8715.0 8723.0 8714.0 8716.0
093717 093752 8714.0 8718.0 8714.0 8718.0
093717 093813 8714.0 8719.0 8714.0 8719.0
093744 093841 8715.0 8722.0 8715.0 8722.0
093744 093842 8715.0 8722.0 8715.0 8722.0
093747 093845 8716.0 8722.0 8716.0 8721.0
093813 093855 8719.0 8723.0 8719.0 8723.0
093813 093901 8719.0 8723.0 8719.0 8723.0
093813 093905 8719.0 8723.0 8719.0 8723.0
093813 093906 8719.0 8724.0 8719.0 8724.0
093813 093907 8719.0 8725.0 8719.0 8725.0
093841 093928 8722.0 8725.0 8721.0 8724.0
093855 093948 8723.0 8725.0 8723.0 8723.0
093901 093957 8723.0 8727.0 8723.0 8727.0
093901 094001 8723.0 8729.0 8723.0 8729.0
093905 094004 8723.0 8730.0 8723.0 8730.0
093928 094008 8724.0 8730.0 8723.0 8730.0
093928 094014 8724.0 8730.0 8723.0 8729.0
093928 094018 8724.0 8730.0 8723.0 8728.0
093957 094056 8727.0 8730.0 8722.0 8722.0
094014 094112 8729.0 8729.0 8721.0 8721.0
094056 094125 8722.0 8722.0 8721.0 8722.0
094056 094129 8722.0 8723.0 8721.0 8723.0
094056 094146 8722.0 8723.0 8721.0 8721.0
094056 094154 8722.0 8724.0 8721.0 8724.0
094112 094200 8721.0 8729.0 8721.0 8729.0
094112 094202 8721.0 8729.0 8721.0 8729.0
094112 094204 8721.0 8730.0 8721.0 8730.0
094112 094212 8721.0 8730.0 8721.0 8726.0
094125 094216 8722.0 8730.0 8721.0 8728.0
094125 094218 8722.0 8730.0 8721.0 8729.0
094146 094230 8721.0 8730.0 8721.0 8727.0
094146 094241 8721.0 8730.0 8721.0 8725.0
094200 094255 8729.0 8730.0 8718.0 8718.0
094200 094257 8729.0 8730.0 8717.0 8717.0
094212 094305 8726.0 8729.0 8716.0 8716.0
094257 094356 8717.0 8718.0 8716.0 8718.0
094356 094416 8718.0 8719.0 8718.0 8719.0
094356 094424 8718.0 8722.0 8718.0 8722.0
094356 094453 8718.0 8722.0 8718.0 8718.0
094453 094534 8718.0 8721.0 8718.0 8721.0
094453 094541 8718.0 8724.0 8718.0 8724.0
094453 094542 8718.0 8724.0 8718.0 8724.0
094453 094545 8718.0 8727.0 8718.0 8727.0
094534 094611 8721.0 8727.0 8721.0 8724.0
094534 094626 8721.0 8727.0 8721.0 8721.0
094534 094633 8721.0 8727.0 8718.0 8718.0
094534 094634 8721.0 8727.0 8717.0 8717.0
094541 094637 8724.0 8727.0 8717.0 8717.0
094545 094643 8727.0 8727.0 8717.0 8719.0
094626 094717 8721.0 8721.0 8717.0 8717.0
094626 094718 8721.0 8721.0 8716.0 8716.0
094643 094741 8719.0 8725.0 8716.0 8725.0
094717 094750 8717.0 8725.0 8716.0 8719.0
094717 094800 8717.0 8725.0 8716.0 8717.0
094717 094806 8717.0 8725.0 8716.0 8716.0
094717 094808 8717.0 8725.0 8714.0 8714.0
094750 094848 8719.0 8719.0 8714.0 8719.0
094848 094909 8719.0 8719.0 8719.0 8719.0
094848 094941 8719.0 8719.0 8716.0 8716.0
094848 094944 8719.0 8719.0 8716.0 8717.0
094909 094950 8719.0 8720.0 8716.0 8720.0
094909 094956 8719.0 8720.0 8716.0 8720.0
094909 095001 8719.0 8722.0 8716.0 8722.0
094909 095002 8719.0 8722.0 8716.0 8722.0
094909 095007 8719.0 8722.0 8716.0 8720.0
094941 095010 8716.0 8722.0 8716.0 8720.0
094941 095017 8716.0 8722.0 8716.0 8716.0
094941 095018 8716.0 8722.0 8712.0 8712.0
094950 095046 8720.0 8722.0 8712.0 8712.0
094950 095047 8720.0 8722.0 8711.0 8711.0
094950 095050 8720.0 8722.0 8711.0 8716.0
094956 095054 8720.0 8722.0 8711.0 8714.0
095007 095103 8720.0 8720.0 8709.0 8709.0
095007 095104 8720.0 8720.0 8707.0 8707.0
095007 095107 8720.0 8720.0 8707.0 8712.0
095017 095115 8716.0 8716.0 8707.0 8708.0
095046 095125 8712.0 8716.0 8707.0 8709.0
095046 095126 8712.0 8716.0 8707.0 8707.0
095046 095129 8712.0 8716.0 8707.0 8709.0
095046 095130 8712.0 8716.0 8707.0 8709.0
095046 095136 8712.0 8716.0 8706.0 8706.0
095103 095155 8709.0 8712.0 8706.0 8708.0
095103 095158 8709.0 8712.0 8706.0 8709.0
095107 095205 8712.0 8712.0 8706.0 8708.0
095107 095207 8712.0 8712.0 8706.0 8706.0
095125 095216 8709.0 8709.0 8704.0 8704.0
095125 095219 8709.0 8709.0 8703.0 8703.0
095216 095310 8704.0 8705.0 8703.0 8705.0
095216 095311 8704.0 8705.0 8703.0 8704.0
095310 095332 8705.0 8705.0 8704.0 8704.0
095310 095333 8705.0 8705.0 8702.0 8702.0
095310 095334 8705.0 8705.0 8701.0 8701.0
095310 095338 8705.0 8705.0 8700.0 8700.0
095310 095342 8705.0 8705.0 8700.0 8701.0
095310 095343 8705.0 8705.0 8700.0 8703.0
095310 095346 8705.0 8708.0 8700.0 8708.0
095310 095347 8705.0 8708.0 8700.0 8708.0
095310 095351 8705.0 8708.0 8700.0 8704.0
095332 095413 8704.0 8708.0 8700.0 8708.0
095332 095414 8704.0 8708.0 8700.0 8706.0
095332 095429 8704.0 8708.0 8700.0 8702.0
095333 095433 8702.0 8708.0 8700.0 8701.0
095334 095434 8701.0 8708.0 8699.0 8699.0
095338 095435 8700.0 8708.0 8692.0 8692.0
095342 095439 8701.0 8708.0 8692.0 8695.0
095342 095440 8701.0 8708.0 8692.0 8694.0
095346 095446 8708.0 8708.0 8692.0 8693.0
095347 095447 8708.0 8708.0 8690.0 8690.0
095351 095451 8704.0 8708.0 8687.0 8687.0
095413 095452 8708.0 8708.0 8686.0 8686.0
095413 095453 8708.0 8708.0 8683.0 8683.0
095413 095454 8708.0 8708.0 8683.0 8686.0
095413 095457 8708.0 8708.0 8683.0 8685.0
095413 095502 8708.0 8708.0 8682.0 8682.0
095413 095503 8708.0 8708.0 8681.0 8681.0
095413 095506 8708.0 8708.0 8681.0 8686.0
095413 095511 8708.0 8708.0 8681.0 8686.0
095413 095513 8708.0 8708.0 8681.0 8687.0
095429 095518 8702.0 8702.0 8681.0 8688.0
095429 095519 8702.0 8702.0 8681.0 8688.0
095429 095520 8702.0 8702.0 8681.0 8688.0
095429 095521 8702.0 8702.0 8681.0 8686.0
095429 095527 8702.0 8702.0 8681.0 8692.0
095433 095532 8701.0 8701.0 8681.0 8683.0
095435 095535 8692.0 8695.0 8681.0 8683.0
095439 095538 8695.0 8695.0 8681.0 8682.0
095439 095539 8695.0 8695.0 8681.0 8682.0
095446 095542 8693.0 8693.0 8681.0 8684.0
095446 095543 8693.0 8693.0 8681.0 8684.0
095446 095544 8693.0 8693.0 8681.0 8683.0
095446 095545 8693.0 8693.0 8681.0 8683.0
095451 095548 8687.0 8692.0 8679.0 8679.0
095451 095550 8687.0 8692.0 8677.0 8677.0
095451 095551 8687.0 8692.0 8676.0 8676.0
095513 095613 8687.0 8692.0 8676.0 8677.0
095518 095615 8688.0 8692.0 8675.0 8675.0
095518 095617 8688.0 8692.0 8673.0 8673.0
095518 095618 8688.0 8692.0 8673.0 8673.0
095527 095623 8692.0 8692.0 8673.0 8676.0
095532 095630 8683.0 8684.0 8673.0 8675.0
095535 095633 8683.0 8684.0 8672.0 8672.0
095535 095634 8683.0 8684.0 8672.0 8672.0
095535 095635 8683.0 8684.0 8671.0 8671.0
095538 095636 8682.0 8684.0 8671.0 8671.0
095542 095640 8684.0 8684.0 8671.0 8680.0
095542 095642 8684.0 8684.0 8671.0 8677.0
095544 095644 8683.0 8683.0 8671.0 8677.0
095613 095654 8677.0 8680.0 8671.0 8676.0
095613 095702 8677.0 8680.0 8670.0 8670.0
095613 095711 8677.0 8680.0 8670.0 8673.0
095617 095716 8673.0 8680.0 8670.0 8672.0
095623 095719 8676.0 8680.0 8669.0 8669.0
095623 095720 8676.0 8680.0 8666.0 8666.0
095630 095727 8675.0 8680.0 8666.0 8666.0
095633 095731 8672.0 8680.0 8665.0 8665.0
095633 095733 8672.0 8680.0 8665.0 8665.0
095634 095734 8672.0 8680.0 8663.0 8663.0
095635 095735 8671.0 8680.0 8662.0 8662.0
095636 095736 8671.0 8680.0 8661.0 8661.0
095640 095737 8680.0 8680.0 8661.0 8663.0
095640 095740 8680.0 8680.0 8659.0 8659.0
095642 095741 8677.0 8677.0 8659.0 8660.0
095654 095745 8676.0 8676.0 8657.0 8657.0
095654 095746 8676.0 8676.0 8657.0 8657.0
095654 095749 8676.0 8676.0 8657.0 8657.0
095654 095753 8676.0 8676.0 8657.0 8657.0
095702 095755 8670.0 8673.0 8656.0 8656.0
095702 095759 8670.0 8673.0 8655.0 8655.0
095702 095800 8670.0 8673.0 8655.0 8655.0
095716 095815 8672.0 8672.0 8655.0 8660.0
095716 095816 8672.0 8672.0 8655.0 8658.0
095719 095817 8669.0 8669.0 8655.0 8660.0
095727 095822 8666.0 8666.0 8655.0 8665.0
095727 095825 8666.0 8666.0 8655.0 8661.0
095731 095828 8665.0 8665.0 8655.0 8665.0
095731 095830 8665.0 8665.0 8655.0 8665.0
095734 095834 8663.0 8666.0 8655.0 8666.0
095736 095836 8661.0 8666.0 8655.0 8662.0
095740 095839 8659.0 8666.0 8655.0 8665.0
095740 095840 8659.0 8666.0 8655.0 8665.0
095749 095849 8657.0 8669.0 8655.0 8669.0
095753 095851 8657.0 8669.0 8655.0 8669.0
095759 095856 8655.0 8669.0 8655.0 8668.0
095815 095901 8660.0 8670.0 8658.0 8670.0
095815 095902 8660.0 8670.0 8658.0 8670.0
095815 095907 8660.0 8672.0 8658.0 8672.0
095815 095908 8660.0 8675.0 8658.0 8675.0
095815 095909 8660.0 8676.0 8658.0 8676.0
095815 095910 8660.0 8676.0 8658.0 8674.0
095815 095912 8660.0 8676.0 8658.0 8674.0
095815 095913 8660.0 8676.0 8658.0 8674.0
095822 095918 8665.0 8676.0 8661.0 8672.0
095828 095928 8665.0 8676.0 8662.0 8672.0
095830 095929 8665.0 8676.0 8662.0 8670.0
095849 095941 8669.0 8676.0 8668.0 8674.0
095856 095956 8668.0 8676.0 8668.0 8672.0
095907 100003 8672.0 8681.0 8670.0 8681.0
095908 100008 8675.0 8681.0 8670.0 8672.0
095913 100013 8674.0 8681.0 8670.0 8671.0
095918 100017 8672.0 8681.0 8670.0 8672.0
100017 100117 8672.0 8673.0 8672.0 8673.0
100117 100151 8673.0 8673.0 8669.0 8669.0
100117 100152 8673.0 8673.0 8668.0 8668.0
100117 100153 8673.0 8673.0 8668.0 8669.0
100117 100154 8673.0 8673.0 8667.0 8667.0
100117 100155 8673.0 8673.0 8667.0 8667.0
100117 100156 8673.0 8673.0 8667.0 8670.0
100117 100158 8673.0 8673.0 8665.0 8665.0
100117 100200 8673.0 8673.0 8663.0 8663.0
100117 100202 8673.0 8673.0 8662.0 8662.0
100117 100203 8673.0 8673.0 8662.0 8662.0
100117 100209 8673.0 8673.0 8661.0 8661.0
100117 100211 8673.0 8673.0 8657.0 8657.0
100117 100212 8673.0 8673.0 8657.0 8657.0
100117 100213 8673.0 8673.0 8657.0 8657.0
100151 100225 8669.0 8670.0 8657.0 8661.0
100151 100239 8669.0 8670.0 8657.0 8663.0
100151 100247 8669.0 8670.0 8657.0 8665.0
100154 100254 8667.0 8670.0 8657.0 8668.0
100156 100256 8670.0 8670.0 8657.0 8670.0
100211 100311 8657.0 8670.0 8657.0 8666.0
100239 100329 8663.0 8670.0 8663.0 8668.0
100239 100334 8663.0 8670.0 8663.0 8665.0
100239 100336 8663.0 8670.0 8663.0 8664.0
100254 100353 8668.0 8670.0 8664.0 8668.0
100329 100415 8668.0 8675.0 8664.0 8675.0
100329 100422 8668.0 8675.0 8664.0 8667.0
100329 100423 8668.0 8675.0 8664.0 8669.0
100334 100431 8665.0 8675.0 8664.0 8671.0
100334 100432 8665.0 8675.0 8664.0 8671.0
100334 100433 8665.0 8675.0 8664.0 8673.0
100353 100442 8668.0 8675.0 8667.0 8672.0
100415 100459 8675.0 8675.0 8667.0 8669.0
100415 100500 8675.0 8675.0 8667.0 8669.0
100423 100523 8669.0 8673.0 8669.0 8669.0
100431 100531 8671.0 8673.0 8667.0 8667.0
100442 100539 8672.0 8672.0 8667.0 8671.0
100442 100541 8672.0 8672.0 8667.0 8672.0
100523 100602 8669.0 8673.0 8667.0 8673.0
100523 100603 8669.0 8673.0 8667.0 8672.0
100523 100606 8669.0 8673.0 8667.0 8673.0
100523 100621 8669.0 8673.0 8667.0 8672.0
100531 100626 8667.0 8673.0 8667.0 8673.0
100531 100630 8667.0 8673.0 8667.0 8671.0
100531 100631 8667.0 8673.0 8667.0 8670.0
100602 100644 8673.0 8673.0 8669.0 8669.0
100602 100648 8673.0 8673.0 8663.0 8663.0
100602 100649 8673.0 8673.0 8662.0 8662.0
100602 100654 8673.0 8673.0 8662.0 8666.0
100602 100657 8673.0 8673.0 8662.0 8666.0
100621 100710 8672.0 8673.0 8662.0 8665.0
100644 100733 8669.0 8669.0 8662.0 8665.0
100644 100737 8669.0 8669.0 8662.0 8666.0
100648 100747 8663.0 8666.0 8662.0 8665.0
100648 100748 8663.0 8667.0 8662.0 8667.0
100733 100827 8665.0 8669.0 8665.0 8669.0
100737 100834 8666.0 8669.0 8665.0 8667.0
100747 100838 8665.0 8669.0 8662.0 8662.0
100747 100840 8665.0 8669.0 8661.0 8661.0
100747 100842 8665.0 8669.0 8660.0 8660.0
100747 100844 8665.0 8669.0 8658.0 8658.0
100747 100845 8665.0 8669.0 8658.0 8658.0
100747 100847 8665.0 8669.0 8658.0 8659.0
100827 100851 8669.0 8669.0 8657.0 8657.0
100827 100852 8669.0 8669.0 8656.0 8656.0
100827 100911 8669.0 8669.0 8656.0 8659.0
100827 100913 8669.0 8669.0 8654.0 8654.0
100827 100914 8669.0 8669.0 8649.0 8649.0
100827 100915 8669.0 8669.0 8646.0 8646.0
100827 100916 8669.0 8669.0 8646.0 8650.0
100827 100921 8669.0 8669.0 8646.0 8647.0
100827 100924 8669.0 8669.0 8646.0 8647.0
100827 100927 8669.0 8669.0 8646.0 8649.0
100834 100931 8667.0 8667.0 8646.0 8650.0
100834 100933 8667.0 8667.0 8646.0 8648.0
100834 100934 8667.0 8667.0 8646.0 8647.0
100838 100938 8662.0 8662.0 8644.0 8644.0
100840 100939 8661.0 8661.0 8643.0 8643.0
100840 100940 8661.0 8661.0 8643.0 8647.0
100842 100942 8660.0 8660.0 8643.0 8645.0
100847 100946 8659.0 8659.0 8643.0 8643.0
100851 100948 8657.0 8659.0 8642.0 8642.0
100911 100953 8659.0 8659.0 8642.0 8644.0
100911 100954 8659.0 8659.0 8642.0 8643.0
100911 100955 8659.0 8659.0 8642.0 8643.0
100911 100956 8659.0 8659.0 8642.0 8643.0
100911 100957 8659.0 8659.0 8642.0 8643.0
100911 100959 8659.0 8659.0 8642.0 8644.0
100911 101000 8659.0 8659.0 8642.0 8644.0
100911 101001 8659.0 8659.0 8641.0 8641.0
100911 101004 8659.0 8659.0 8641.0 8646.0
100911 101006 8659.0 8659.0 8641.0 8646.0
100913 101012 8654.0 8654.0 8641.0 8648.0
100913 101013 8654.0 8654.0 8641.0 8647.0
100921 101017 8647.0 8650.0 8641.0 8648.0
100924 101024 8647.0 8650.0 8641.0 8650.0
100927 101027 8649.0 8652.0 8641.0 8652.0
100931 101028 8650.0 8652.0 8641.0 8651.0
100938 101036 8644.0 8655.0 8641.0 8655.0
100946 101043 8643.0 8656.0 8641.0 8656.0
100953 101052 8644.0 8656.0 8641.0 8651.0
101006 101106 8646.0 8656.0 8646.0 8648.0
101027 101125 8652.0 8656.0 8648.0 8650.0
101043 101140 8656.0 8656.0 8648.0 8652.0
101052 101146 8651.0 8652.0 8648.0 8650.0
101106 101154 8648.0 8652.0 8648.0 8649.0
101106 101158 8648.0 8652.0 8645.0 8645.0
101106 101201 8648.0 8652.0 8642.0 8642.0
101106 101203 8648.0 8652.0 8640.0 8640.0
101125 101212 8650.0 8652.0 8638.0 8638.0
101125 101213 8650.0 8652.0 8637.0 8637.0
101125 101215 8650.0 8652.0 8635.0 8635.0
101125 101216 8650.0 8652.0 8635.0 8637.0
101125 101222 8650.0 8652.0 8635.0 8636.0
101140 101229 8652.0 8652.0 8635.0 8638.0
101140 101240 8652.0 8652.0 8635.0 8640.0
101146 101241 8650.0 8650.0 8635.0 8636.0
101203 101302 8640.0 8640.0 8632.0 8632.0
101203 101303 8640.0 8640.0 8632.0 8632.0
101212 101312 8638.0 8640.0 8631.0 8631.0
101215 101314 8635.0 8640.0 8628.0 8628.0
101222 101319 8636.0 8640.0 8628.0 8630.0
101222 101321 8636.0 8640.0 8628.0 8629.0
101229 101323 8638.0 8640.0 8628.0 8632.0
101229 101327 8638.0 8640.0 8628.0 8631.0
101240 101331 8640.0 8640.0 8628.0 8629.0
101240 101332 8640.0 8640.0 8628.0 8629.0
101240 101334 8640.0 8640.0 8627.0 8627.0
101240 101337 8640.0 8640.0 8627.0 8635.0
101240 101340 8640.0 8640.0 8626.0 8626.0
101241 101341 8636.0 8636.0 8626.0 8627.0
101302 101402 8632.0 8635.0 8626.0 8632.0
101312 101405 8631.0 8635.0 8626.0 8635.0
101312 101407 8631.0 8643.0 8626.0 8643.0
101312 101410 8631.0 8643.0 8626.0 8640.0
101312 101411 8631.0 8643.0 8626.0 8639.0
101319 101415 8630.0 8643.0 8626.0 8642.0
101319 101416 8630.0 8643.0 8626.0 8643.0
101319 101417 8630.0 8643.0 8626.0 8642.0
101327 101426 8631.0 8643.0 8626.0 8638.0
101340 101439 8626.0 8643.0 8626.0 8635.0
101341 101441 8627.0 8643.0 8627.0 8632.0
101402 101442 8632.0 8643.0 8632.0 8632.0
101402 101443 8632.0 8643.0 8631.0 8631.0
101402 101444 8632.0 8643.0 8631.0 8631.0
101402 101445 8632.0 8643.0 8631.0 8637.0
101402 101446 8632.0 8643.0 8627.0 8627.0
101402 101452 8632.0 8643.0 8627.0 8629.0
101407 101507 8643.0 8643.0 8627.0 8633.0
101411 101511 8639.0 8643.0 8627.0 8633.0
101416 101516 8643.0 8643.0 8627.0 8634.0
101426 101521 8638.0 8638.0 8627.0 8637.0
101439 101530 8635.0 8646.0 8627.0 8646.0
101439 101532 8635.0 8646.0 8627.0 8638.0
101439 101534 8635.0 8646.0 8627.0 8639.0
101452 101552 8629.0 8646.0 8629.0 8642.0
101507 101557 8633.0 8646.0 8633.0 8642.0
101507 101601 8633.0 8646.0 8633.0 8641.0
101507 101604 8633.0 8646.0 8633.0 8640.0
101507 101606 8633.0 8646.0 8633.0 8640.0
101511 101608 8633.0 8646.0 8633.0 8640.0
101511 101609 8633.0 8646.0 8633.0 8640.0
101516 101613 8634.0 8646.0 8634.0 8638.0
101516 101614 8634.0 8646.0 8634.0 8636.0
101552 101636 8642.0 8642.0 8636.0 8636.0
101552 101648 8642.0 8642.0 8636.0 8638.0
101609 101709 8640.0 8641.0 8636.0 8641.0
101636 101723 8636.0 8643.0 8636.0 8643.0
101636 101724 8636.0 8643.0 8636.0 8643.0
101636 101725 8636.0 8643.0 8636.0 8641.0
101636 101727 8636.0 8643.0 8636.0 8642.0
101636 101733 8636.0 8643.0 8636.0 8643.0
101648 101737 8638.0 8643.0 8638.0 8642.0
101648 101739 8638.0 8643.0 8638.0 8640.0
101648 101746 8638.0 8643.0 8638.0 8639.0
101648 101747 8638.0 8643.0 8638.0 8639.0
101709 101750 8641.0 8643.0 8639.0 8639.0
101709 101754 8641.0 8643.0 8639.0 8641.0
101709 101757 8641.0 8643.0 8639.0 8639.0
101709 101758 8641.0 8643.0 8638.0 8638.0
101723 101812 8643.0 8643.0 8638.0 8639.0
101723 101816 8643.0 8643.0 8638.0 8638.0
101723 101817 8643.0 8643.0 8637.0 8637.0
101723 101818 8643.0 8643.0 8637.0 8638.0
101723 101822 8643.0 8643.0 8637.0 8637.0
101724 101824 8643.0 8643.0 8636.0 8636.0
101733 101832 8643.0 8643.0 8636.0 8636.0
101733 101833 8643.0 8643.0 8636.0 8636.0
101746 101844 8639.0 8641.0 8636.0 8639.0
101750 101849 8639.0 8641.0 8636.0 8638.0
101754 101854 8641.0 8641.0 8636.0 8636.0
101812 101903 8639.0 8639.0 8635.0 8635.0
101812 101904 8639.0 8639.0 8634.0 8634.0
101812 101907 8639.0 8639.0 8634.0 8634.0
101812 101910 8639.0 8639.0 8634.0 8635.0
101816 101916 8638.0 8639.0 8634.0 8635.0
101822 101919 8637.0 8639.0 8633.0 8633.0
101822 101920 8637.0 8639.0 8632.0 8632.0
101822 101921 8637.0 8639.0 8631.0 8631.0
101824 101924 8636.0 8639.0 8628.0 8628.0
101832 101928 8636.0 8639.0 8628.0 8629.0
101832 101932 8636.0 8639.0 8628.0 8630.0
101844 101938 8639.0 8639.0 8628.0 8634.0
101844 101944 8639.0 8639.0 8628.0 8638.0
101854 101951 8636.0 8646.0 8628.0 8646.0
101903 101957 8635.0 8646.0 8628.0 8638.0
101957 102057 8638.0 8642.0 8638.0 8642.0
102057 102058 8642.0 8645.0 8642.0 8645.0
102057 102106 8642.0 8650.0 8642.0 8650.0
102057 102107 8642.0 8651.0 8642.0 8651.0
102057 102108 8642.0 8651.0 8642.0 8651.0
102057 102115 8642.0 8655.0 8642.0 8655.0
102057 102118 8642.0 8657.0 8642.0 8657.0
102057 102119 8642.0 8657.0 8642.0 8655.0
102057 102128 8642.0 8657.0 8642.0 8657.0
102057 102132 8642.0 8657.0 8642.0 8657.0
102057 102137 8642.0 8660.0 8642.0 8660.0
102057 102142 8642.0 8660.0 8642.0 8655.0
102106 102200 8650.0 8660.0 8650.0 8656.0
102106 102202 8650.0 8660.0 8650.0 8656.0
102106 102203 8650.0 8662.0 8650.0 8662.0
102115 102210 8655.0 8663.0 8655.0 8663.0
102115 102213 8655.0 8663.0 8655.0 8659.0
102115 102214 8655.0 8663.0 8655.0 8660.0
102115 102215 8655.0 8663.0 8655.0 8661.0
102118 102217 8657.0 8664.0 8655.0 8664.0
102118 102218 8657.0 8664.0 8655.0 8664.0
102119 102219 8655.0 8665.0 8655.0 8665.0
102128 102221 8657.0 8665.0 8655.0 8665.0
102142 102242 8655.0 8665.0 8655.0 8664.0
102200 102244 8656.0 8665.0 8656.0 8664.0
102200 102247 8656.0 8665.0 8656.0 8665.0
102200 102253 8656.0 8671.0 8656.0 8671.0
102200 102255 8656.0 8671.0 8656.0 8668.0
102202 102301 8656.0 8671.0 8656.0 8671.0
102210 102306 8663.0 8671.0 8659.0 8670.0
102210 102307 8663.0 8671.0 8659.0 8671.0
102210 102310 8663.0 8671.0 8659.0 8667.0
102213 102312 8659.0 8671.0 8659.0 8669.0
102213 102313 8659.0 8671.0 8659.0 8669.0
102221 102321 8665.0 8671.0 8664.0 8666.0
102242 102322 8664.0 8671.0 8664.0 8665.0
102242 102329 8664.0 8671.0 8664.0 8666.0
102242 102330 8664.0 8671.0 8664.0 8666.0
102242 102339 8664.0 8671.0 8664.0 8667.0
102253 102352 8671.0 8671.0 8665.0 8665.0
102253 102353 8671.0 8671.0 8665.0 8667.0
102255 102355 8668.0 8671.0 8665.0 8668.0
102301 102358 8671.0 8671.0 8665.0 8669.0
102306 102402 8670.0 8671.0 8665.0 8669.0
102306 102406 8670.0 8671.0 8665.0 8668.0
102310 102409 8667.0 8669.0 8665.0 8669.0
102312 102411 8669.0 8669.0 8665.0 8669.0
102313 102413 8669.0 8669.0 8665.0 8668.0
102321 102418 8666.0 8669.0 8665.0 8669.0
102329 102428 8666.0 8671.0 8665.0 8671.0
102329 102429 8666.0 8671.0 8665.0 8671.0
102330 102430 8666.0 8674.0 8665.0 8674.0
102339 102431 8667.0 8674.0 8665.0 8674.0
102339 102432 8667.0 8674.0 8665.0 8673.0
102339 102436 8667.0 8674.0 8665.0 8673.0
102352 102444 8665.0 8674.0 8665.0 8673.0
102352 102445 8665.0 8674.0 8665.0 8673.0
102352 102446 8665.0 8674.0 8665.0 8673.0
102402 102500 8669.0 8674.0 8668.0 8672.0
102406 102504 8668.0 8674.0 8668.0 8668.0
102406 102505 8668.0 8674.0 8668.0 8668.0
102428 102528 8671.0 8674.0 8666.0 8666.0
102430 102530 8674.0 8674.0 8666.0 8667.0
102431 102531 8674.0 8674.0 8666.0 8669.0
102444 102537 8673.0 8673.0 8666.0 8670.0
102505 102605 8668.0 8670.0 8666.0 8670.0
102528 102608 8666.0 8670.0 8666.0 8670.0
102528 102616 8666.0 8671.0 8666.0 8671.0
102528 102618 8666.0 8672.0 8666.0 8672.0
102528 102627 8666.0 8673.0 8666.0 8673.0
102530 102629 8667.0 8673.0 8667.0 8673.0
102537 102636 8670.0 8673.0 8668.0 8668.0
102537 102637 8670.0 8673.0 8668.0 8668.0
102605 102642 8670.0 8673.0 8668.0 8669.0
102605 102646 8670.0 8676.0 8668.0 8676.0
102605 102654 8670.0 8676.0 8668.0 8669.0
102605 102704 8670.0 8676.0 8667.0 8667.0
102627 102721 8673.0 8676.0 8667.0 8667.0
102627 102722 8673.0 8676.0 8667.0 8667.0
102642 102740 8669.0 8676.0 8667.0 8667.0
102642 102741 8669.0 8676.0 8667.0 8667.0
102654 102754 8669.0 8669.0 8663.0 8663.0
102900 102900 8666.0 8666.0 8666.0 8666.0
102900 102914 8666.0 8668.0 8666.0 8668.0
102900 102915 8666.0 8673.0 8666.0 8673.0
102900 102916 8666.0 8675.0 8666.0 8675.0
102900 102917 8666.0 8675.0 8666.0 8673.0
102900 102918 8666.0 8677.0 8666.0 8677.0
102900 102921 8666.0 8677.0 8666.0 8677.0
102900 102922 8666.0 8677.0 8666.0 8677.0
102900 102942 8666.0 8677.0 8666.0 8674.0
102900 102947 8666.0 8677.0 8666.0 8674.0
102900 102948 8666.0 8677.0 8666.0 8674.0
102914 103001 8668.0 8677.0 8668.0 8674.0
102914 103003 8668.0 8677.0 8668.0 8674.0
102917 103017 8673.0 8677.0 8670.0 8670.0
102918 103018 8677.0 8677.0 8669.0 8669.0
102947 103045 8674.0 8674.0 8669.0 8670.0
103001 103052 8674.0 8674.0 8669.0 8669.0
103017 103111 8670.0 8672.0 8669.0 8672.0
103017 103113 8670.0 8672.0 8669.0 8672.0
103018 103118 8669.0 8672.0 8669.0 8670.0
103045 103125 8670.0 8672.0 8669.0 8670.0
103045 103140 8670.0 8673.0 8669.0 8673.0
103045 103142 8670.0 8677.0 8669.0 8677.0
103052 103147 8669.0 8677.0 8669.0 8676.0
103052 103152 8669.0 8677.0 8669.0 8670.0
103118 103218 8670.0 8677.0 8666.0 8666.0
103125 103225 8670.0 8677.0 8666.0 8666.0
103140 103236 8673.0 8677.0 8665.0 8665.0
103152 103249 8670.0 8670.0 8665.0 8668.0
103225 103325 8666.0 8669.0 8665.0 8669.0
103236 103333 8665.0 8669.0 8665.0 8669.0
103249 103342 8668.0 8670.0 8668.0 8670.0
103249 103343 8668.0 8671.0 8668.0 8671.0
103249 103344 8668.0 8671.0 8668.0 8670.0
103249 103346 8668.0 8671.0 8668.0 8670.0
103325 103358 8669.0 8671.0 8664.0 8664.0
103325 103400 8669.0 8672.0 8664.0 8672.0
103325 103402 8669.0 8672.0 8664.0 8666.0
103325 103412 8669.0 8672.0 8664.0 8667.0
103325 103418 8669.0 8672.0 8664.0 8669.0
103915 103915 8671.0 8671.0 8671.0 8671.0
103915 103917 8671.0 8672.0 8671.0 8672.0
103915 103919 8671.0 8673.0 8671.0 8673.0
103915 103921 8671.0 8674.0 8671.0 8674.0
103915 103922 8671.0 8675.0 8671.0 8675.0
103915 103945 8671.0 8678.0 8671.0 8678.0
103915 103954 8671.0 8680.0 8671.0 8680.0
103915 103955 8671.0 8681.0 8671.0 8681.0
103915 103956 8671.0 8683.0 8671.0 8683.0
103915 103957 8671.0 8683.0 8671.0 8683.0
103915 103959 8671.0 8683.0 8671.0 8682.0
103915 104000 8671.0 8686.0 8671.0 8686.0
103915 104015 8671.0 8686.0 8671.0 8675.0
103922 104022 8675.0 8686.0 8675.0 8676.0
103945 104023 8678.0 8686.0 8675.0 8676.0
103945 104025 8678.0 8686.0 8675.0 8675.0
103945 104028 8678.0 8686.0 8675.0 8676.0
103945 104036 8678.0 8686.0 8675.0 8675.0
103945 104038 8678.0 8686.0 8675.0 8676.0
104148 104148 8673.0 8673.0 8673.0 8673.0
104148 104154 8673.0 8673.0 8671.0 8671.0
104148 104157 8673.0 8673.0 8669.0 8669.0
104148 104210 8673.0 8673.0 8664.0 8664.0
104148 104211 8673.0 8673.0 8662.0 8662.0
104148 104212 8673.0 8673.0 8662.0 8662.0
104148 104213 8673.0 8673.0 8662.0 8662.0
104148 104214 8673.0 8673.0 8662.0 8662.0
104148 104215 8673.0 8673.0 8660.0 8660.0
104148 104216 8673.0 8673.0 8660.0 8664.0
104148 104218 8673.0 8673.0 8657.0 8657.0
104148 104223 8673.0 8673.0 8657.0 8662.0
104148 104235 8673.0 8673.0 8657.0 8661.0
104148 104242 8673.0 8673.0 8657.0 8658.0
104148 104243 8673.0 8673.0 8657.0 8657.0
104148 104244 8673.0 8673.0 8657.0 8657.0
104148 104245 8673.0 8673.0 8652.0 8652.0
104148 104247 8673.0 8673.0 8652.0 8652.0
104154 104249 8671.0 8671.0 8652.0 8652.0
104154 104252 8671.0 8671.0 8652.0 8652.0
104154 104253 8671.0 8671.0 8651.0 8651.0
104157 104256 8669.0 8669.0 8651.0 8654.0
104210 104258 8664.0 8664.0 8651.0 8655.0
104210 104300 8664.0 8664.0 8651.0 8655.0
104210 104307 8664.0 8664.0 8651.0 8658.0
104211 104311 8662.0 8664.0 8651.0 8658.0
104213 104313 8662.0 8664.0 8651.0 8659.0
104235 104326 8661.0 8662.0 8651.0 8662.0
104242 104338 8658.0 8662.0 8651.0 8661.0
104252 104352 8652.0 8662.0 8651.0 8659.0
104300 104359 8655.0 8662.0 8655.0 8658.0
104307 104403 8658.0 8662.0 8658.0 8660.0
104352 104442 8659.0 8660.0 8658.0 8659.0
104442 104504 8659.0 8659.0 8658.0 8658.0
104442 104506 8659.0 8659.0 8658.0 8659.0
104504 104551 8658.0 8659.0 8658.0 8658.0
104504 104603 8658.0 8659.0 8655.0 8655.0
104551 104607 8658.0 8658.0 8654.0 8654.0
104603 104659 8655.0 8659.0 8654.0 8659.0
104659 104716 8659.0 8659.0 8655.0 8655.0
104659 104719 8659.0 8659.0 8653.0 8653.0
104659 104723 8659.0 8659.0 8653.0 8654.0
104659 104728 8659.0 8659.0 8652.0 8652.0
104659 104729 8659.0 8659.0 8647.0 8647.0
104659 104739 8659.0 8659.0 8646.0 8646.0
104659 104743 8659.0 8659.0 8646.0 8646.0
104659 104750 8659.0 8659.0 8646.0 8649.0
104716 104807 8655.0 8655.0 8646.0 8652.0
104719 104817 8653.0 8655.0 8646.0 8655.0
104723 104821 8654.0 8655.0 8646.0 8653.0
104739 104832 8646.0 8655.0 8646.0 8653.0
104743 104840 8646.0 8655.0 8646.0 8651.0
104807 104858 8652.0 8655.0 8651.0 8652.0
104807 104900 8652.0 8655.0 8651.0 8652.0
104807 104903 8652.0 8655.0 8651.0 8652.0
104807 104904 8652.0 8655.0 8651.0 8651.0
104807 104905 8652.0 8655.0 8650.0 8650.0
104807 104906 8652.0 8655.0 8649.0 8649.0
104817 104913 8655.0 8655.0 8649.0 8650.0
104821 104921 8653.0 8653.0 8647.0 8647.0
104832 104927 8653.0 8653.0 8643.0 8643.0
104840 104934 8651.0 8652.0 8642.0 8642.0
104840 104935 8651.0 8652.0 8642.0 8642.0
104840 104936 8651.0 8652.0 8642.0 8642.0
104858 104943 8652.0 8652.0 8642.0 8644.0
104921 105017 8647.0 8647.0 8642.0 8643.0
104921 105019 8647.0 8647.0 8642.0 8642.0
104921 105020 8647.0 8647.0 8642.0 8642.0
104927 105025 8643.0 8644.0 8642.0 8643.0
104943 105037 8644.0 8644.0 8642.0 8642.0
105017 105058 8643.0 8643.0 8642.0 8642.0
105017 105100 8643.0 8643.0 8638.0 8638.0
105017 105102 8643.0 8643.0 8638.0 8638.0
105017 105104 8643.0 8643.0 8638.0 8641.0
105017 105105 8643.0 8643.0 8638.0 8642.0
105017 105107 8643.0 8643.0 8638.0 8642.0
105017 105112 8643.0 8644.0 8638.0 8644.0
105037 105137 8642.0 8644.0 8638.0 8644.0
105058 105145 8642.0 8644.0 8638.0 8643.0
105058 105148 8642.0 8644.0 8638.0 8642.0
105058 105155 8642.0 8644.0 8638.0 8644.0
105058 105158 8642.0 8644.0 8638.0 8641.0
105100 105200 8638.0 8644.0 8638.0 8642.0
105102 105201 8638.0 8644.0 8638.0 8638.0
105137 105218 8644.0 8644.0 8638.0 8638.0
105137 105219 8644.0 8644.0 8638.0 8639.0
105137 105222 8644.0 8644.0 8638.0 8638.0
105137 105230 8644.0 8644.0 8637.0 8637.0
105137 105231 8644.0 8644.0 8637.0 8638.0
105145 105238 8643.0 8644.0 8637.0 8639.0
105155 105255 8644.0 8644.0 8637.0 8638.0
105218 105302 8638.0 8639.0 8637.0 8638.0
105218 105303 8638.0 8639.0 8637.0 8638.0
105218 105305 8638.0 8639.0 8637.0 8637.0
105218 105306 8638.0 8639.0 8635.0 8635.0
105218 105307 8638.0 8639.0 8634.0 8634.0
105218 105308 8638.0 8639.0 8633.0 8633.0
105218 105310 8638.0 8639.0 8633.0 8634.0
105218 105313 8638.0 8639.0 8633.0 8635.0
105218 105315 8638.0 8639.0 8633.0 8635.0
105231 105331 8638.0 8639.0 8633.0 8636.0
105238 105333 8639.0 8639.0 8633.0 8635.0
105238 105334 8639.0 8639.0 8633.0 8635.0
105255 105345 8638.0 8638.0 8633.0 8635.0
105255 105353 8638.0 8638.0 8633.0 8635.0
105307 105407 8634.0 8636.0 8633.0 8635.0
105310 105409 8634.0 8636.0 8634.0 8634.0
105315 105415 8635.0 8636.0 8634.0 8635.0
105345 105442 8635.0 8635.0 8633.0 8633.0
105407 105458 8635.0 8638.0 8633.0 8638.0
105442 105532 8633.0 8638.0 8633.0 8638.0
105442 105535 8633.0 8642.0 8633.0 8642.0
105442 105539 8633.0 8645.0 8633.0 8645.0
105442 105541 8633.0 8648.0 8633.0 8648.0
105458 105544 8638.0 8648.0 8638.0 8648.0
105458 105546 8638.0 8648.0 8638.0 8647.0
105458 105550 8638.0 8648.0 8638.0 8648.0
105458 105553 8638.0 8650.0 8638.0 8650.0
105458 105557 8638.0 8650.0 8638.0 8650.0
105532 105559 8638.0 8650.0 8638.0 8650.0
105532 105611 8638.0 8652.0 8638.0 8652.0
105532 105632 8638.0 8652.0 8638.0 8651.0
105733 105733 8653.0 8653.0 8653.0 8653.0
105733 105808 8653.0 8653.0 8650.0 8650.0
105808 105848 8650.0 8651.0 8650.0 8651.0
105848 105914 8651.0 8653.0 8651.0 8653.0
105848 105917 8651.0 8655.0 8651.0 8655.0
105848 105918 8651.0 8655.0 8651.0 8655.0
105848 105919 8651.0 8656.0 8651.0 8656.0
105848 105930 8651.0 8658.0 8651.0 8658.0
105848 105932 8651.0 8660.0 8651.0 8660.0
105848 105934 8651.0 8660.0 8651.0 8660.0
105914 110001 8653.0 8660.0 8653.0 8656.0
105914 110006 8653.0 8662.0 8653.0 8662.0
105917 110017 8655.0 8662.0 8653.0 8653.0
110001 110101 8656.0 8662.0 8646.0 8646.0
110006 110103 8662.0 8662.0 8646.0 8650.0
110101 110122 8646.0 8650.0 8638.0 8638.0
110101 110125 8646.0 8650.0 8638.0 8638.0
110101 110126 8646.0 8650.0 8637.0 8637.0
110101 110134 8646.0 8650.0 8635.0 8635.0
110122 110212 8638.0 8640.0 8635.0 8640.0
110122 110213 8638.0 8640.0 8635.0 8640.0
110125 110223 8638.0 8640.0 8635.0 8638.0
110134 110228 8635.0 8640.0 8635.0 8639.0
110212 110243 8640.0 8641.0 8638.0 8641.0
110212 110255 8640.0 8641.0 8638.0 8639.0
110212 110256 8640.0 8641.0 8638.0 8640.0
110223 110314 8638.0 8641.0 8636.0 8636.0
110243 110338 8641.0 8641.0 8636.0 8640.0
110243 110340 8641.0 8641.0 8636.0 8641.0
110255 110350 8639.0 8641.0 8636.0 8639.0
110314 110408 8636.0 8641.0 8636.0 8636.0
110338 110418 8640.0 8641.0 8636.0 8636.0
110338 110421 8640.0 8641.0 8636.0 8637.0
110338 110432 8640.0 8641.0 8636.0 8636.0
110338 110433 8640.0 8641.0 8633.0 8633.0
110350 110446 8639.0 8639.0 8632.0 8632.0
110350 110447 8639.0 8639.0 8631.0 8631.0
110350 110448 8639.0 8639.0 8630.0 8630.0
110350 110449 8639.0 8639.0 8627.0 8627.0
110408 110502 8636.0 8637.0 8627.0 8627.0
110408 110503 8636.0 8637.0 8626.0 8626.0
110408 110504 8636.0 8637.0 8622.0 8622.0
110408 110505 8636.0 8637.0 8622.0 8625.0
110418 110516 8636.0 8637.0 8622.0 8623.0
110418 110517 8636.0 8637.0 8622.0 8622.0
110418 110518 8636.0 8637.0 8622.0 8623.0
110421 110519 8637.0 8637.0 8622.0 8622.0
110421 110520 8637.0 8637.0 8621.0 8621.0
110421 110521 8637.0 8637.0 8621.0 8621.0
110432 110524 8636.0 8636.0 8621.0 8621.0
110432 110526 8636.0 8636.0 8621.0 8628.0
110432 110527 8636.0 8636.0 8621.0 8621.0
110432 110532 8636.0 8636.0 8621.0 8621.0
110433 110533 8633.0 8633.0 8620.0 8620.0
110446 110534 8632.0 8632.0 8615.0 8615.0
110446 110535 8632.0 8632.0 8615.0 8618.0
110446 110536 8632.0 8632.0 8615.0 8616.0
110446 110537 8632.0 8632.0 8615.0 8618.0
110446 110540 8632.0 8632.0 8615.0 8617.0
110447 110547 8631.0 8631.0 8615.0 8618.0
110502 110601 8627.0 8628.0 8613.0 8613.0
110502 110602 8627.0 8628.0 8613.0 8613.0
110503 110603 8626.0 8628.0 8613.0 8613.0
110516 110607 8623.0 8628.0 8612.0 8612.0
110521 110621 8621.0 8628.0 8612.0 8612.0
110524 110622 8621.0 8628.0 8612.0 8612.0
110524 110623 8621.0 8628.0 8612.0 8612.0
110524 110624 8621.0 8628.0 8612.0 8613.0
110526 110625 8628.0 8628.0 8612.0 8613.0
110540 110638 8617.0 8618.0 8612.0 8616.0
110547 110644 8618.0 8618.0 8612.0 8617.0
110601 110648 8613.0 8617.0 8612.0 8617.0
110607 110704 8612.0 8620.0 8612.0 8620.0
110607 110705 8612.0 8620.0 8612.0 8620.0
110621 110710 8612.0 8621.0 8612.0 8621.0
110621 110712 8612.0 8625.0 8612.0 8625.0
110621 110721 8612.0 8625.0 8612.0 8621.0
110622 110722 8612.0 8625.0 8612.0 8622.0
110623 110723 8612.0 8625.0 8612.0 8622.0
110638 110731 8616.0 8625.0 8616.0 8622.0
110638 110732 8616.0 8625.0 8616.0 8620.0
110638 110735 8616.0 8625.0 8616.0 8618.0
110644 110740 8617.0 8625.0 8617.0 8617.0
110644 110741 8617.0 8625.0 8616.0 8616.0
110648 110747 8617.0 8625.0 8615.0 8615.0
110704 110749 8620.0 8625.0 8614.0 8614.0
110710 110809 8621.0 8625.0 8614.0 8614.0
110712 110811 8625.0 8625.0 8614.0 8614.0
110721 110815 8621.0 8622.0 8613.0 8613.0
110721 110816 8621.0 8622.0 8612.0 8612.0
110721 110817 8621.0 8622.0 8611.0 8611.0
110721 110818 8621.0 8622.0 8611.0 8611.0
110721 110819 8621.0 8622.0 8611.0 8611.0
110721 110821 8621.0 8622.0 8611.0 8611.0
110731 110830 8622.0 8622.0 8611.0 8614.0
110740 110837 8617.0 8617.0 8611.0 8612.0
110740 110840 8617.0 8617.0 8611.0 8614.0
110747 110843 8615.0 8615.0 8611.0 8613.0
110809 110855 8614.0 8614.0 8610.0 8610.0
110809 110856 8614.0 8614.0 8608.0 8608.0
110809 110858 8614.0 8614.0 8608.0 8610.0
110809 110902 8614.0 8614.0 8608.0 8610.0
110809 110905 8614.0 8614.0 8608.0 8610.0
110809 110907 8614.0 8614.0 8608.0 8608.0
110818 110918 8611.0 8614.0 8607.0 8607.0
110830 110924 8614.0 8614.0 8607.0 8608.0
110837 110931 8612.0 8614.0 8607.0 8608.0
110837 110933 8612.0 8614.0 8605.0 8605.0
110837 110934 8612.0 8614.0 8604.0 8604.0
110837 110935 8612.0 8614.0 8603.0 8603.0
110837 110936 8612.0 8614.0 8603.0 8603.0
110837 110937 8612.0 8614.0 8603.0 8603.0
110840 110938 8614.0 8614.0 8602.0 8602.0
110840 110939 8614.0 8614.0 8602.0 8602.0
110840 110940 8614.0 8614.0 8602.0 8602.0
110843 110941 8613.0 8613.0 8601.0 8601.0
110855 110952 8610.0 8610.0 8601.0 8603.0
110855 110954 8610.0 8610.0 8601.0 8601.0
110856 110956 8608.0 8610.0 8601.0 8602.0
110858 110958 8610.0 8610.0 8601.0 8602.0
110902 110959 8610.0 8610.0 8601.0 8602.0
110902 111000 8610.0 8610.0 8601.0 8601.0
110905 111005 8610.0 8610.0 8601.0 8608.0
110918 111008 8607.0 8611.0 8601.0 8611.0
110918 111012 8607.0 8613.0 8601.0 8613.0
110918 111013 8607.0 8613.0 8601.0 8613.0
110918 111018 8607.0 8613.0 8601.0 8611.0
110924 111021 8608.0 8613.0 8601.0 8612.0
110931 111031 8608.0 8616.0 8601.0 8616.0
110937 111037 8603.0 8616.0 8601.0 8615.0
110952 111043 8603.0 8616.0 8601.0 8616.0
111000 111100 8601.0 8618.0 8601.0 8618.0
111005 111103 8608.0 8618.0 8608.0 8617.0
111018 111115 8611.0 8621.0 8611.0 8621.0
111018 111116 8611.0 8629.0 8611.0 8629.0
111018 111117 8611.0 8629.0 8611.0 8620.0
111021 111120 8612.0 8629.0 8612.0 8621.0
111021 111121 8612.0 8629.0 8612.0 8620.0
111031 111126 8616.0 8629.0 8615.0 8617.0
111031 111127 8616.0 8629.0 8615.0 8616.0
111037 111133 8615.0 8629.0 8613.0 8613.0
111037 111134 8615.0 8629.0 8612.0 8612.0
111100 111147 8618.0 8629.0 8612.0 8616.0
111100 111148 8618.0 8629.0 8612.0 8615.0
111100 111150 8618.0 8629.0 8612.0 8616.0
111100 111151 8618.0 8629.0 8612.0 8617.0
111100 111152 8618.0 8629.0 8612.0 8616.0
111115 111213 8621.0 8629.0 8612.0 8615.0
111126 111223 8617.0 8622.0 8612.0 8622.0
111147 111239 8616.0 8622.0 8612.0 8612.0
111147 111242 8616.0 8622.0 8612.0 8612.0
111147 111243 8616.0 8622.0 8612.0 8612.0
111213 111254 8615.0 8622.0 8611.0 8611.0
111213 111259 8615.0 8622.0 8610.0 8610.0
111213 111301 8615.0 8622.0 8610.0 8611.0
111213 111306 8615.0 8622.0 8610.0 8617.0
111239 111332 8612.0 8617.0 8610.0 8615.0
111242 111341 8612.0 8617.0 8610.0 8616.0
111242 111342 8612.0 8617.0 8610.0 8615.0
111254 111348 8611.0 8617.0 8610.0 8617.0
111254 111349 8611.0 8618.0 8610.0 8618.0
111259 111359 8610.0 8618.0 8610.0 8617.0
111301 111401 8611.0 8618.0 8611.0 8617.0
111332 111420 8615.0 8618.0 8613.0 8613.0
111332 111422 8615.0 8618.0 8613.0 8614.0
111341 111437 8616.0 8618.0 8613.0 8616.0
111341 111439 8616.0 8618.0 8613.0 8618.0
111359 111455 8617.0 8618.0 8613.0 8616.0
111359 111456 8617.0 8618.0 8613.0 8614.0
111359 111457 8617.0 8618.0 8613.0 8615.0
111401 111500 8617.0 8618.0 8613.0 8614.0
111401 111501 8617.0 8618.0 8613.0 8613.0
111420 111502 8613.0 8618.0 8612.0 8612.0
111420 111505 8613.0 8618.0 8612.0 8612.0
111420 111518 8613.0 8618.0 8612.0 8617.0
111437 111523 8616.0 8618.0 8612.0 8617.0
111437 111532 8616.0 8620.0 8612.0 8620.0
111437 111534 8616.0 8621.0 8612.0 8621.0
111455 111542 8616.0 8621.0 8612.0 8619.0
111455 111543 8616.0 8621.0 8612.0 8621.0
111455 111545 8616.0 8621.0 8612.0 8621.0
111456 111556 8614.0 8621.0 8612.0 8620.0
111501 111601 8613.0 8621.0 8612.0 8619.0
111502 111602 8612.0 8621.0 8612.0 8617.0
111518 111608 8617.0 8621.0 8617.0 8617.0
111518 111610 8617.0 8621.0 8616.0 8616.0
111518 111614 8617.0 8621.0 8615.0 8615.0
111518 111615 8617.0 8621.0 8615.0 8616.0
111518 111617 8617.0 8621.0 8615.0 8616.0
111523 111620 8617.0 8621.0 8615.0 8615.0
111523 111621 8617.0 8621.0 8615.0 8615.0
111532 111625 8620.0 8621.0 8615.0 8615.0
111532 111629 8620.0 8621.0 8615.0 8621.0
111532 111630 8620.0 8621.0 8615.0 8615.0
111532 111631 8620.0 8621.0 8615.0 8616.0
111532 111632 8620.0 8621.0 8615.0 8616.0
111542 111637 8619.0 8621.0 8615.0 8618.0
111608 111704 8617.0 8621.0 8615.0 8619.0
111625 111725 8615.0 8623.0 8615.0 8623.0
111629 111726 8621.0 8623.0 8615.0 8623.0
111630 111730 8615.0 8623.0 8615.0 8623.0
111637 111733 8618.0 8626.0 8618.0 8626.0
111637 111736 8618.0 8628.0 8618.0 8628.0
111704 111739 8619.0 8628.0 8619.0 8627.0
111704 111748 8619.0 8628.0 8619.0 8628.0
111704 111754 8619.0 8629.0 8619.0 8629.0
111704 111758 8619.0 8629.0 8619.0 8628.0
111704 111803 8619.0 8629.0 8619.0 8629.0
111704 111804 8619.0 8629.0 8619.0 8627.0
111725 111810 8623.0 8629.0 8623.0 8629.0
111725 111812 8623.0 8630.0 8623.0 8630.0
111725 111817 8623.0 8630.0 8623.0 8630.0
111725 111818 8623.0 8630.0 8623.0 8630.0
111725 111822 8623.0 8630.0 8623.0 8630.0
111725 111823 8623.0 8631.0 8623.0 8631.0
111748 111845 8628.0 8631.0 8627.0 8629.0
111748 111848 8628.0 8631.0 8627.0 8629.0
111754 111850 8629.0 8635.0 8627.0 8635.0
111803 111901 8629.0 8635.0 8627.0 8631.0
111803 111902 8629.0 8639.0 8627.0 8639.0
111810 111907 8629.0 8639.0 8629.0 8637.0
111812 111912 8630.0 8639.0 8629.0 8629.0
111817 111913 8630.0 8639.0 8629.0 8635.0
111845 111935 8629.0 8639.0 8628.0 8628.0
111845 111939 8629.0 8639.0 8628.0 8628.0
111901 111951 8631.0 8639.0 8626.0 8626.0
111901 111952 8631.0 8639.0 8626.0 8626.0
111901 112000 8631.0 8639.0 8624.0 8624.0
111902 112002 8639.0 8639.0 8623.0 8623.0
111907 112003 8637.0 8637.0 8623.0 8623.0
112110 112110 8628.0 8628.0 8628.0 8628.0
112110 112145 8628.0 8635.0 8628.0 8635.0
112110 112147 8628.0 8635.0 8628.0 8628.0
112110 112148 8628.0 8635.0 8628.0 8628.0
112110 112149 8628.0 8635.0 8627.0 8627.0
112110 112150 8628.0 8635.0 8627.0 8628.0
112110 112154 8628.0 8635.0 8627.0 8630.0
112110 112209 8628.0 8635.0 8627.0 8628.0
112145 112219 8635.0 8635.0 8627.0 8628.0
112145 112233 8635.0 8635.0 8627.0 8635.0
112149 112249 8627.0 8635.0 8625.0 8625.0
112209 112258 8628.0 8635.0 8625.0 8625.0
112209 112301 8628.0 8635.0 8623.0 8623.0
112209 112302 8628.0 8635.0 8623.0 8623.0
112249 112339 8625.0 8625.0 8623.0 8623.0
112249 112343 8625.0 8628.0 8623.0 8628.0
112258 112351 8625.0 8628.0 8623.0 8628.0
112258 112353 8625.0 8628.0 8623.0 8623.0
112258 112357 8625.0 8628.0 8622.0 8622.0
112339 112403 8623.0 8628.0 8620.0 8620.0
112339 112404 8623.0 8628.0 8619.0 8619.0
112339 112411 8623.0 8628.0 8619.0 8619.0
112339 112418 8623.0 8628.0 8614.0 8614.0
112339 112422 8623.0 8628.0 8613.0 8613.0
112339 112433 8623.0 8628.0 8613.0 8613.0
112404 112504 8619.0 8619.0 8613.0 8618.0
112411 112506 8619.0 8619.0 8613.0 8618.0
112418 112513 8614.0 8623.0 8613.0 8623.0
112418 112514 8614.0 8625.0 8613.0 8625.0
112504 112544 8618.0 8625.0 8618.0 8625.0
112513 112607 8623.0 8628.0 8623.0 8628.0
112607 112659 8628.0 8628.0 8622.0 8622.0
112659 112720 8622.0 8625.0 8622.0 8625.0
112659 112721 8622.0 8625.0 8622.0 8625.0
112659 112754 8622.0 8625.0 8622.0 8625.0
112720 112813 8625.0 8628.0 8625.0 8628.0
112720 112816 8625.0 8628.0 8625.0 8628.0
112754 112854 8625.0 8630.0 8625.0 8630.0
112957 112957 8619.0 8619.0 8619.0 8619.0
112957 113016 8619.0 8620.0 8619.0 8620.0
112957 113017 8619.0 8620.0 8619.0 8620.0
113132 113132 8619.0 8619.0 8619.0 8619.0
113132 113140 8619.0 8619.0 8618.0 8618.0
113132 113157 8619.0 8619.0 8616.0 8616.0
113132 113230 8619.0 8621.0 8616.0 8621.0
113140 113233 8618.0 8621.0 8616.0 8621.0
113140 113235 8618.0 8621.0 8616.0 8621.0
113157 113242 8616.0 8621.0 8616.0 8621.0
113230 113300 8621.0 8621.0 8621.0 8621.0
113233 113333 8621.0 8624.0 8621.0 8624.0
113235 113334 8621.0 8625.0 8621.0 8625.0
113242 113340 8621.0 8625.0 8621.0 8625.0
113300 113352 8621.0 8625.0 8621.0 8624.0
113340 113440 8625.0 8625.0 8622.0 8622.0
113440 113509 8622.0 8622.0 8620.0 8620.0
113727 113727 8619.0 8619.0 8619.0 8619.0
113727 113732 8619.0 8619.0 8618.0 8618.0
113727 113735 8619.0 8619.0 8617.0 8617.0
113727 113736 8619.0 8623.0 8617.0 8623.0
113727 113737 8619.0 8623.0 8617.0 8623.0
113727 113740 8619.0 8623.0 8615.0 8615.0
113727 113741 8619.0 8623.0 8614.0 8614.0
113727 113747 8619.0 8623.0 8613.0 8613.0
113727 113750 8619.0 8623.0 8613.0 8613.0
113727 113751 8619.0 8623.0 8612.0 8612.0
113727 113752 8619.0 8623.0 8612.0 8618.0
113727 113754 8619.0 8623.0 8611.0 8611.0
113727 113755 8619.0 8623.0 8611.0 8611.0
113727 113756 8619.0 8623.0 8611.0 8611.0
113727 113757 8619.0 8623.0 8611.0 8611.0
113727 113804 8619.0 8623.0 8611.0 8614.0
113727 113808 8619.0 8623.0 8611.0 8615.0
113754 113854 8611.0 8624.0 8611.0 8624.0
113808 113906 8615.0 8624.0 8615.0 8620.0
114054 114054 8626.0 8626.0 8626.0 8626.0
114217 114217 8622.0 8622.0 8622.0 8622.0
114217 114306 8622.0 8622.0 8622.0 8622.0
114505 114505 8621.0 8621.0 8621.0 8621.0
114505 114507 8621.0 8621.0 8618.0 8618.0
114505 114515 8621.0 8622.0 8618.0 8622.0
114507 114607 8618.0 8624.0 8618.0 8624.0
114515 114611 8622.0 8624.0 8621.0 8621.0
114607 114619 8624.0 8624.0 8621.0 8622.0
114607 114637 8624.0 8624.0 8618.0 8618.0
114607 114639 8624.0 8624.0 8616.0 8616.0
114607 114641 8624.0 8624.0 8615.0 8615.0
114619 114713 8622.0 8622.0 8615.0 8619.0
114713 114802 8619.0 8619.0 8616.0 8616.0
114713 114805 8619.0 8619.0 8615.0 8615.0
114802 114816 8616.0 8621.0 8615.0 8621.0
114802 114834 8616.0 8621.0 8615.0 8619.0
114802 114854 8616.0 8621.0 8615.0 8619.0
114816 114909 8621.0 8621.0 8618.0 8618.0
114816 114911 8621.0 8621.0 8618.0 8618.0
115037 115037 8619.0 8619.0 8619.0 8619.0
115037 115046 8619.0 8620.0 8619.0 8620.0
115037 115107 8619.0 8620.0 8617.0 8617.0
115217 115217 8615.0 8615.0 8615.0 8615.0
115217 115219 8615.0 8615.0 8614.0 8614.0
115321 115321 8617.0 8617.0 8617.0 8617.0
115321 115332 8617.0 8617.0 8616.0 8616.0
115321 115406 8617.0 8617.0 8614.0 8614.0
115321 115410 8617.0 8617.0 8612.0 8612.0
115321 115412 8617.0 8617.0 8610.0 8610.0
115332 115424 8616.0 8616.0 8610.0 8614.0
115406 115454 8614.0 8615.0 8610.0 8615.0
115406 115504 8614.0 8616.0 8610.0 8616.0
115406 115506 8614.0 8617.0 8610.0 8617.0
115424 115520 8614.0 8619.0 8614.0 8619.0
115454 115535 8615.0 8619.0 8615.0 8618.0
115454 115537 8615.0 8619.0 8615.0 8618.0
115520 115609 8619.0 8619.0 8617.0 8617.0
115609 115648 8617.0 8618.0 8617.0 8618.0
115648 115722 8618.0 8620.0 8618.0 8620.0
115855 115855 8624.0 8624.0 8624.0 8624.0
115855 115942 8624.0 8630.0 8624.0 8630.0
115855 115953 8624.0 8630.0 8624.0 8624.0
115942 120001 8630.0 8630.0 8624.0 8625.0
115942 120010 8630.0 8630.0 8624.0 8628.0
115942 120015 8630.0 8630.0 8624.0 8629.0
115942 120017 8630.0 8630.0 8624.0 8629.0
115942 120028 8630.0 8630.0 8624.0 8629.0
115942 120030 8630.0 8631.0 8624.0 8631.0
115942 120031 8630.0 8631.0 8624.0 8631.0
115942 120036 8630.0 8632.0 8624.0 8632.0
115942 120037 8630.0 8634.0 8624.0 8634.0
115942 120040 8630.0 8634.0 8624.0 8634.0
115953 120045 8624.0 8635.0 8624.0 8635.0
115953 120050 8624.0 8636.0 8624.0 8636.0
115953 120053 8624.0 8638.0 8624.0 8638.0
120001 120054 8625.0 8638.0 8625.0 8638.0
120001 120058 8625.0 8638.0 8625.0 8637.0
120010 120106 8628.0 8639.0 8628.0 8639.0
120015 120111 8629.0 8640.0 8629.0 8640.0
120015 120112 8629.0 8644.0 8629.0 8644.0
120015 120113 8629.0 8646.0 8629.0 8646.0
120017 120117 8629.0 8646.0 8629.0 8642.0
120028 120120 8629.0 8646.0 8629.0 8642.0
120028 120121 8629.0 8646.0 8629.0 8641.0
120036 120132 8632.0 8652.0 8632.0 8652.0
120036 120133 8632.0 8652.0 8632.0 8644.0
120320 120320 8645.0 8645.0 8645.0 8645.0
120320 120321 8645.0 8646.0 8645.0 8646.0
120320 120323 8645.0 8646.0 8645.0 8646.0
120320 120326 8645.0 8647.0 8645.0 8647.0
120320 120415 8645.0 8649.0 8645.0 8649.0
120415 120429 8649.0 8649.0 8647.0 8647.0
120415 120440 8649.0 8654.0 8647.0 8654.0
120415 120441 8649.0 8654.0 8647.0 8647.0
120415 120510 8649.0 8654.0 8647.0 8649.0
120415 120515 8649.0 8654.0 8647.0 8652.0
120429 120520 8647.0 8654.0 8647.0 8651.0
120429 120521 8647.0 8654.0 8647.0 8651.0
120440 120530 8654.0 8654.0 8647.0 8651.0
120440 120532 8654.0 8654.0 8647.0 8653.0
120440 120539 8654.0 8656.0 8647.0 8656.0
120510 120549 8649.0 8656.0 8649.0 8651.0
120510 120557 8649.0 8656.0 8649.0 8651.0
120510 120609 8649.0 8656.0 8649.0 8650.0
120520 120617 8651.0 8656.0 8650.0 8650.0
120549 120641 8651.0 8651.0 8648.0 8648.0
120549 120649 8651.0 8651.0 8648.0 8648.0
120557 120651 8651.0 8651.0 8648.0 8648.0
120609 120659 8650.0 8650.0 8648.0 8648.0
120609 120704 8650.0 8650.0 8648.0 8650.0
120609 120705 8650.0 8650.0 8648.0 8649.0
120641 120727 8648.0 8656.0 8648.0 8656.0
120727 120826 8656.0 8656.0 8643.0 8643.0
120826 120909 8643.0 8649.0 8643.0 8649.0
120909 120941 8649.0 8656.0 8649.0 8656.0
121137 121137 8649.0 8649.0 8649.0 8649.0
121137 121146 8649.0 8652.0 8649.0 8652.0
121137 121147 8649.0 8652.0 8649.0 8652.0
121417 121417 8658.0 8658.0 8658.0 8658.0
121417 121448 8658.0 8658.0 8646.0 8646.0
121417 121505 8658.0 8658.0 8646.0 8650.0
121448 121523 8646.0 8652.0 8646.0 8652.0
121448 121536 8646.0 8653.0 8646.0 8653.0
121448 121543 8646.0 8654.0 8646.0 8654.0
121505 121559 8650.0 8654.0 8650.0 8652.0
121523 121609 8652.0 8654.0 8652.0 8652.0
121523 121621 8652.0 8654.0 8652.0 8652.0
121523 121623 8652.0 8658.0 8652.0 8658.0
121609 121705 8652.0 8658.0 8652.0 8657.0
121830 121830 8657.0 8657.0 8657.0 8657.0
121830 121833 8657.0 8657.0 8652.0 8652.0
121830 121905 8657.0 8657.0 8652.0 8654.0
121830 121906 8657.0 8657.0 8652.0 8656.0
121830 121913 8657.0 8657.0 8652.0 8654.0
121833 121931 8652.0 8656.0 8651.0 8651.0
121905 121941 8654.0 8656.0 8651.0 8651.0
121905 121942 8654.0 8656.0 8651.0 8651.0
121905 121949 8654.0 8656.0 8651.0 8651.0
121931 122021 8651.0 8651.0 8648.0 8648.0
121931 122023 8651.0 8658.0 8648.0 8658.0
122021 122113 8648.0 8658.0 8648.0 8653.0
122113 122153 8653.0 8655.0 8653.0 8655.0
122311 122311 8649.0 8649.0 8649.0 8649.0
122311 122402 8649.0 8652.0 8649.0 8652.0
122402 122425 8652.0 8654.0 8652.0 8654.0
122402 122443 8652.0 8656.0 8652.0 8656.0
122402 122447 8652.0 8658.0 8652.0 8658.0
122402 122448 8652.0 8658.0 8652.0 8658.0
122402 122450 8652.0 8658.0 8652.0 8658.0
122443 122534 8656.0 8658.0 8653.0 8653.0
122443 122535 8656.0 8658.0 8653.0 8653.0
122443 122537 8656.0 8658.0 8653.0 8653.0
122443 122539 8656.0 8658.0 8653.0 8653.0
122447 122547 8658.0 8658.0 8653.0 8653.0
122737 122737 8664.0 8664.0 8664.0 8664.0
122737 122814 8664.0 8664.0 8653.0 8653.0
122814 122902 8653.0 8653.0 8652.0 8652.0
122902 122951 8652.0 8664.0 8652.0 8664.0
123120 123120 8654.0 8654.0 8654.0 8654.0
123120 123211 8654.0 8656.0 8654.0 8656.0
123211 123259 8656.0 8666.0 8656.0 8666.0
123259 123331 8666.0 8667.0 8666.0 8667.0
123259 123339 8666.0 8667.0 8656.0 8656.0
123259 123342 8666.0 8667.0 8656.0 8657.0
123331 123420 8667.0 8667.0 8656.0 8661.0
123420 123447 8661.0 8661.0 8660.0 8660.0
123420 123510 8661.0 8661.0 8659.0 8659.0
123420 123512 8661.0 8661.0 8659.0 8659.0
123447 123524 8660.0 8660.0 8659.0 8660.0
123524 123618 8660.0 8660.0 8658.0 8658.0
123618 123626 8658.0 8659.0 8658.0 8659.0
123618 123713 8658.0 8664.0 8658.0 8664.0
123618 123714 8658.0 8665.0 8658.0 8665.0
123626 123721 8659.0 8665.0 8659.0 8663.0
123713 123731 8664.0 8665.0 8663.0 8664.0
123713 123734 8664.0 8671.0 8663.0 8671.0
123713 123741 8664.0 8671.0 8663.0 8665.0
123713 123748 8664.0 8671.0 8663.0 8665.0
123713 123800 8664.0 8671.0 8663.0 8665.0
123713 123803 8664.0 8671.0 8663.0 8664.0
123713 123808 8664.0 8671.0 8663.0 8664.0
123713 123813 8664.0 8671.0 8663.0 8671.0
123714 123814 8665.0 8671.0 8663.0 8671.0
123721 123816 8663.0 8671.0 8661.0 8661.0
123721 123817 8663.0 8671.0 8661.0 8661.0
123731 123824 8664.0 8671.0 8661.0 8671.0
123731 123831 8664.0 8671.0 8659.0 8659.0
123741 123839 8665.0 8671.0 8659.0 8671.0
123814 123914 8671.0 8671.0 8659.0 8669.0
123824 123922 8671.0 8671.0 8657.0 8657.0
123824 123924 8671.0 8671.0 8657.0 8657.0
123831 123926 8659.0 8671.0 8655.0 8655.0
123839 123938 8671.0 8671.0 8654.0 8654.0
123914 123950 8669.0 8669.0 8653.0 8653.0
123914 124009 8669.0 8669.0 8652.0 8652.0
123914 124010 8669.0 8669.0 8652.0 8652.0
123914 124011 8669.0 8669.0 8651.0 8651.0
123938 124029 8654.0 8654.0 8651.0 8651.0
123950 124041 8653.0 8653.0 8648.0 8648.0
123950 124044 8653.0 8653.0 8648.0 8649.0
123950 124050 8653.0 8653.0 8648.0 8650.0
124215 124215 8651.0 8651.0 8651.0 8651.0
124215 124216 8651.0 8657.0 8651.0 8657.0
124215 124241 8651.0 8657.0 8651.0 8651.0
124215 124250 8651.0 8657.0 8651.0 8654.0
124241 124332 8651.0 8654.0 8651.0 8651.0
124505 124505 8652.0 8652.0 8652.0 8652.0
124505 124523 8652.0 8652.0 8652.0 8652.0
124505 124536 8652.0 8654.0 8652.0 8654.0
124505 124542 8652.0 8654.0 8652.0 8654.0
124505 124552 8652.0 8654.0 8652.0 8654.0
124505 124555 8652.0 8654.0 8652.0 8653.0
124523 124606 8652.0 8654.0 8652.0 8654.0
124555 124655 8653.0 8654.0 8653.0 8653.0
124838 124838 8649.0 8649.0 8649.0 8649.0
124838 124840 8649.0 8649.0 8649.0 8649.0
125148 125148 8653.0 8653.0 8653.0 8653.0
125319 125319 8650.0 8650.0 8650.0 8650.0
125319 125410 8650.0 8652.0 8650.0 8652.0
125525 125525 8656.0 8656.0 8656.0 8656.0
125655 125655 8646.0 8646.0 8646.0 8646.0
125655 125656 8646.0 8646.0 8645.0 8645.0
125655 125657 8646.0 8646.0 8645.0 8646.0
125655 125742 8646.0 8652.0 8645.0 8652.0
125742 125832 8652.0 8652.0 8645.0 8645.0
125742 125833 8652.0 8652.0 8643.0 8643.0
125742 125834 8652.0 8652.0 8643.0 8643.0
125832 125905 8645.0 8645.0 8643.0 8643.0
125832 125910 8645.0 8645.0 8642.0 8642.0
125832 125911 8645.0 8645.0 8642.0 8642.0
125832 125912 8645.0 8645.0 8641.0 8641.0
125832 125916 8645.0 8645.0 8641.0 8641.0
125832 125917 8645.0 8645.0 8641.0 8641.0
130018 130018 8642.0 8642.0 8642.0 8642.0
130018 130032 8642.0 8645.0 8642.0 8645.0
130237 130237 8646.0 8646.0 8646.0 8646.0
130237 130305 8646.0 8654.0 8646.0 8654.0
130237 130317 8646.0 8654.0 8646.0 8647.0
130305 130338 8654.0 8654.0 8647.0 8648.0
130305 130353 8654.0 8654.0 8647.0 8649.0
130317 130408 8647.0 8650.0 8647.0 8650.0
130338 130429 8648.0 8654.0 8648.0 8654.0
130338 130430 8648.0 8654.0 8648.0 8654.0
130537 130537 8655.0 8655.0 8655.0 8655.0
130537 130543 8655.0 8658.0 8655.0 8658.0
130537 130601 8655.0 8658.0 8653.0 8653.0
130537 130625 8655.0 8658.0 8650.0 8650.0
130537 130626 8655.0 8658.0 8649.0 8649.0
130625 130703 8650.0 8650.0 8649.0 8650.0
130703 130759 8650.0 8650.0 8650.0 8650.0
130933 130933 8649.0 8649.0 8649.0 8649.0
130933 130956 8649.0 8649.0 8648.0 8648.0
130933 131033 8649.0 8649.0 8647.0 8647.0
130956 131044 8648.0 8648.0 8645.0 8645.0
131033 131117 8647.0 8647.0 8645.0 8645.0
131033 131121 8647.0 8647.0 8643.0 8643.0
131033 131122 8647.0 8647.0 8643.0 8643.0
131033 131123 8647.0 8647.0 8643.0 8643.0
131033 131132 8647.0 8647.0 8641.0 8641.0
131033 131133 8647.0 8647.0 8640.0 8640.0
131044 131135 8645.0 8645.0 8638.0 8638.0
131117 131153 8645.0 8645.0 8638.0 8641.0
131256 131256 8644.0 8644.0 8644.0 8644.0
131256 131343 8644.0 8644.0 8643.0 8643.0
131343 131358 8643.0 8645.0 8643.0 8645.0
131343 131427 8643.0 8645.0 8643.0 8645.0
131358 131454 8645.0 8652.0 8645.0 8652.0
131358 131458 8645.0 8652.0 8640.0 8640.0
131427 131511 8645.0 8652.0 8640.0 8641.0
131427 131513 8645.0 8652.0 8640.0 8640.0
131427 131524 8645.0 8652.0 8640.0 8640.0
131733 131733 8639.0 8639.0 8639.0 8639.0
131733 131802 8639.0 8639.0 8637.0 8637.0
131802 131839 8637.0 8637.0 8635.0 8635.0
131839 131920 8635.0 8638.0 8635.0 8638.0
131920 131943 8638.0 8638.0 8634.0 8634.0
131920 132000 8638.0 8638.0 8634.0 8634.0
131920 132001 8638.0 8638.0 8633.0 8633.0
132000 132059 8634.0 8638.0 8633.0 8638.0
132059 132124 8638.0 8638.0 8636.0 8636.0
132227 132227 8637.0 8637.0 8637.0 8637.0
132227 132245 8637.0 8640.0 8637.0 8640.0
132428 132428 8636.0 8636.0 8636.0 8636.0
132428 132438 8636.0 8636.0 8635.0 8635.0
132428 132448 8636.0 8636.0 8635.0 8635.0
132428 132500 8636.0 8636.0 8633.0 8633.0
132858 132858 8636.0 8636.0 8636.0 8636.0
133008 133008 8638.0 8638.0 8638.0 8638.0
133008 133014 8638.0 8645.0 8638.0 8645.0
133008 133016 8638.0 8645.0 8638.0 8645.0
133008 133028 8638.0 8645.0 8638.0 8638.0
133008 133039 8638.0 8645.0 8635.0 8635.0
133008 133041 8638.0 8645.0 8634.0 8634.0
133008 133049 8638.0 8645.0 8634.0 8641.0
133014 133113 8645.0 8645.0 8634.0 8636.0
133028 133127 8638.0 8641.0 8634.0 8636.0
133127 133225 8636.0 8636.0 8633.0 8633.0
133225 133228 8633.0 8633.0 8633.0 8633.0
133225 133238 8633.0 8633.0 8633.0 8633.0
133228 133326 8633.0 8633.0 8633.0 8633.0
133326 133409 8633.0 8633.0 8627.0 8627.0
133409 133439 8627.0 8636.0 8627.0 8636.0
133409 133441 8627.0 8643.0 8627.0 8643.0
133409 133502 8627.0 8643.0 8627.0 8643.0
133439 133515 8636.0 8643.0 8634.0 8634.0
133439 133524 8636.0 8643.0 8634.0 8634.0
133439 133537 8636.0 8643.0 8634.0 8635.0
133515 133613 8634.0 8640.0 8634.0 8640.0
133537 133628 8635.0 8640.0 8635.0 8640.0
133613 133639 8640.0 8640.0 8625.0 8625.0
133613 133640 8640.0 8640.0 8625.0 8631.0
133613 133641 8640.0 8640.0 8625.0 8631.0
133613 133642 8640.0 8640.0 8625.0 8631.0
133613 133643 8640.0 8640.0 8625.0 8630.0
133613 133644 8640.0 8640.0 8625.0 8630.0
133613 133645 8640.0 8640.0 8625.0 8630.0
133613 133646 8640.0 8640.0 8625.0 8629.0
133613 133647 8640.0 8640.0 8625.0 8628.0
133613 133649 8640.0 8640.0 8625.0 8628.0
133613 133651 8640.0 8640.0 8625.0 8640.0
133613 133705 8640.0 8640.0 8625.0 8628.0
133613 133706 8640.0 8640.0 8625.0 8627.0
133628 133716 8640.0 8640.0 8625.0 8626.0
133628 133725 8640.0 8640.0 8625.0 8626.0
133639 133732 8625.0 8640.0 8625.0 8626.0
133639 133733 8625.0 8640.0 8625.0 8625.0
133639 133734 8625.0 8640.0 8625.0 8625.0
133705 133759 8628.0 8628.0 8625.0 8628.0
133716 133811 8626.0 8629.0 8625.0 8629.0
133732 133826 8626.0 8629.0 8625.0 8628.0
133759 133840 8628.0 8635.0 8628.0 8635.0
133826 133923 8628.0 8635.0 8628.0 8634.0
133840 133934 8635.0 8635.0 8626.0 8626.0
133923 133945 8634.0 8634.0 8626.0 8626.0
133923 133959 8634.0 8634.0 8626.0 8627.0
133923 134021 8634.0 8634.0 8626.0 8633.0
133934 134028 8626.0 8633.0 8626.0 8627.0
133945 134043 8626.0 8633.0 8626.0 8632.0
134021 134103 8633.0 8633.0 8627.0 8627.0
134043 134135 8632.0 8632.0 8624.0 8624.0
134043 134136 8632.0 8632.0 8623.0 8623.0
134043 134137 8632.0 8632.0 8623.0 8623.0
134043 134142 8632.0 8632.0 8623.0 8629.0
134103 134145 8627.0 8629.0 8623.0 8623.0
134135 134212 8624.0 8629.0 8623.0 8624.0
134135 134213 8624.0 8629.0 8623.0 8626.0
134135 134214 8624.0 8629.0 8623.0 8626.0
134135 134217 8624.0 8629.0 8623.0 8626.0
134320 134320 8626.0 8626.0 8626.0 8626.0
134320 134331 8626.0 8626.0 8626.0 8626.0
134320 134339 8626.0 8626.0 8626.0 8626.0
134320 134343 8626.0 8627.0 8626.0 8627.0
134320 134344 8626.0 8627.0 8626.0 8626.0
134320 134350 8626.0 8627.0 8626.0 8626.0
134320 134351 8626.0 8627.0 8626.0 8626.0
134320 134407 8626.0 8628.0 8626.0 8628.0
134320 134411 8626.0 8632.0 8626.0 8632.0
134320 134414 8626.0 8632.0 8626.0 8627.0
134320 134416 8626.0 8632.0 8626.0 8628.0
134320 134419 8626.0 8632.0 8626.0 8627.0
134320 134420 8626.0 8632.0 8626.0 8628.0
134331 134422 8626.0 8632.0 8626.0 8627.0
134331 134424 8626.0 8632.0 8626.0 8628.0

