# Too few sequence #1
# Number of KBar units = 2051
084500 084501 8854.0 8854.0 8854.0 8854.0
084500 084503 8854.0 8854.0 8853.0 8853.0
084500 084510 8854.0 8858.0 8853.0 8858.0
084500 084511 8854.0 8858.0 8853.0 8856.0
084500 084512 8854.0 8858.0 8853.0 8855.0
084500 084513 8854.0 8858.0 8853.0 8853.0
084500 084514 8854.0 8858.0 8853.0 8853.0
084500 084515 8854.0 8858.0 8851.0 8851.0
084500 084516 8854.0 8858.0 8851.0 8851.0
084500 084517 8854.0 8858.0 8847.0 8847.0
084500 084519 8854.0 8858.0 8847.0 8850.0
084500 084524 8854.0 8858.0 8847.0 8852.0
084500 084526 8854.0 8858.0 8847.0 8852.0
084500 084528 8854.0 8858.0 8847.0 8854.0
084500 084530 8854.0 8858.0 8847.0 8852.0
084500 084531 8854.0 8858.0 8847.0 8853.0
084500 084533 8854.0 8858.0 8847.0 8850.0
084500 084534 8854.0 8858.0 8847.0 8849.0
084500 084535 8854.0 8858.0 8847.0 8850.0
084500 084536 8854.0 8858.0 8847.0 8848.0
084500 084538 8854.0 8858.0 8847.0 8848.0
084500 084539 8854.0 8858.0 8846.0 8846.0
084500 084540 8854.0 8858.0 8846.0 8847.0
084500 084546 8854.0 8858.0 8846.0 8848.0
084500 084547 8854.0 8858.0 8846.0 8850.0
084500 084551 8854.0 8858.0 8846.0 8849.0
084500 084559 8854.0 8858.0 8846.0 8850.0
084501 084601 8854.0 8858.0 8846.0 8850.0
084503 084603 8853.0 8858.0 8846.0 8849.0
084510 084604 8858.0 8858.0 8846.0 8850.0
084510 084605 8858.0 8858.0 8846.0 8850.0
084510 084608 8858.0 8858.0 8846.0 8850.0
084510 084609 8858.0 8858.0 8846.0 8849.0
084510 084610 8858.0 8858.0 8846.0 8850.0
084514 084614 8853.0 8854.0 8846.0 8851.0
084515 084615 8851.0 8854.0 8846.0 8849.0
084516 084616 8851.0 8854.0 8846.0 8849.0
084524 084623 8852.0 8854.0 8846.0 8851.0
084526 084626 8852.0 8854.0 8846.0 8851.0
084533 084632 8850.0 8853.0 8846.0 8853.0
084538 084637 8848.0 8853.0 8846.0 8853.0
084546 084643 8848.0 8854.0 8848.0 8854.0
084610 084710 8850.0 8855.0 8849.0 8855.0
084614 084711 8851.0 8855.0 8849.0 8855.0
084614 084713 8851.0 8855.0 8849.0 8855.0
084614 084714 8851.0 8855.0 8849.0 8854.0
084623 084719 8851.0 8855.0 8851.0 8852.0
084626 084725 8851.0 8855.0 8850.0 8850.0
084626 084726 8851.0 8855.0 8850.0 8850.0
084637 084735 8853.0 8855.0 8850.0 8852.0
084643 084741 8854.0 8855.0 8850.0 8852.0
084643 084743 8854.0 8855.0 8850.0 8852.0
084710 084744 8855.0 8855.0 8850.0 8852.0
084710 084751 8855.0 8855.0 8849.0 8849.0
084710 084752 8855.0 8855.0 8848.0 8848.0
084710 084753 8855.0 8855.0 8847.0 8847.0
084710 084801 8855.0 8855.0 8847.0 8849.0
084710 084803 8855.0 8855.0 8847.0 8848.0
084710 084807 8855.0 8855.0 8847.0 8848.0
084719 084816 8852.0 8852.0 8847.0 8847.0
084719 084817 8852.0 8852.0 8847.0 8848.0
084719 084818 8852.0 8852.0 8847.0 8848.0
084719 084819 8852.0 8852.0 8847.0 8847.0
084726 084826 8850.0 8852.0 8846.0 8846.0
084735 084830 8852.0 8852.0 8846.0 8848.0
084801 084856 8849.0 8849.0 8846.0 8846.0
084818 084918 8848.0 8849.0 8846.0 8849.0
084856 084946 8846.0 8851.0 8846.0 8851.0
084856 084949 8846.0 8851.0 8846.0 8851.0
084918 085002 8849.0 8851.0 8849.0 8850.0
084918 085003 8849.0 8860.0 8849.0 8860.0
084946 085036 8851.0 8860.0 8850.0 8851.0
084949 085048 8851.0 8860.0 8850.0 8850.0
085036 085110 8851.0 8851.0 8848.0 8848.0
085036 085117 8851.0 8851.0 8847.0 8847.0
085036 085119 8851.0 8851.0 8846.0 8846.0
085036 085122 8851.0 8851.0 8845.0 8845.0
085048 085146 8850.0 8850.0 8845.0 8849.0
085110 085150 8848.0 8849.0 8845.0 8849.0
085146 085230 8849.0 8850.0 8849.0 8850.0
085230 085300 8850.0 8851.0 8850.0 8851.0
085230 085315 8850.0 8853.0 8850.0 8853.0
085230 085327 8850.0 8853.0 8850.0 8853.0
085300 085334 8851.0 8853.0 8851.0 8853.0
085300 085341 8851.0 8853.0 8851.0 8853.0
085327 085421 8853.0 8861.0 8853.0 8861.0
085327 085427 8853.0 8861.0 8851.0 8851.0
085630 085630 8851.0 8851.0 8851.0 8851.0
085630 085711 8851.0 8851.0 8850.0 8850.0
085630 085714 8851.0 8851.0 8850.0 8851.0
085711 085806 8850.0 8851.0 8850.0 8850.0
085711 085807 8850.0 8851.0 8849.0 8849.0
085806 085858 8850.0 8852.0 8849.0 8852.0
085806 085901 8850.0 8854.0 8849.0 8854.0
085806 085905 8850.0 8854.0 8849.0 8853.0
085858 085930 8852.0 8854.0 8852.0 8852.0
085858 085933 8852.0 8854.0 8851.0 8851.0
085930 090014 8852.0 8852.0 8850.0 8850.0
085930 090015 8852.0 8852.0 8849.0 8849.0
085930 090018 8852.0 8852.0 8849.0 8849.0
085930 090030 8852.0 8856.0 8849.0 8856.0
090014 090039 8850.0 8856.0 8849.0 8849.0
090014 090043 8850.0 8856.0 8847.0 8847.0
090014 090045 8850.0 8856.0 8846.0 8846.0
090014 090051 8850.0 8856.0 8846.0 8850.0
090014 090059 8850.0 8856.0 8845.0 8845.0
090014 090100 8850.0 8856.0 8844.0 8844.0
090014 090101 8850.0 8856.0 8844.0 8844.0
090014 090102 8850.0 8856.0 8844.0 8844.0
090014 090104 8850.0 8856.0 8844.0 8844.0
090014 090106 8850.0 8856.0 8843.0 8843.0
090018 090117 8849.0 8856.0 8841.0 8841.0
090030 090119 8856.0 8856.0 8841.0 8841.0
090030 090120 8856.0 8856.0 8840.0 8840.0
090030 090121 8856.0 8856.0 8840.0 8840.0
090030 090122 8856.0 8856.0 8840.0 8840.0
090030 090123 8856.0 8856.0 8839.0 8839.0
090030 090124 8856.0 8856.0 8839.0 8839.0
090030 090125 8856.0 8856.0 8839.0 8839.0
090030 090130 8856.0 8856.0 8839.0 8839.0
090051 090149 8850.0 8850.0 8839.0 8847.0
090059 090157 8845.0 8847.0 8839.0 8845.0
090059 090159 8845.0 8847.0 8837.0 8837.0
090100 090200 8844.0 8847.0 8837.0 8845.0
090104 090204 8844.0 8847.0 8837.0 8844.0
090117 090207 8841.0 8847.0 8837.0 8842.0
090117 090214 8841.0 8847.0 8837.0 8840.0
090121 090221 8840.0 8847.0 8837.0 8840.0
090200 090300 8845.0 8845.0 8840.0 8842.0
090204 090301 8844.0 8844.0 8833.0 8833.0
090214 090309 8840.0 8843.0 8833.0 8843.0
090221 090315 8840.0 8843.0 8833.0 8835.0
090300 090337 8842.0 8844.0 8833.0 8844.0
090300 090352 8842.0 8844.0 8833.0 8840.0
090309 090402 8843.0 8846.0 8835.0 8846.0
090309 090406 8843.0 8846.0 8835.0 8841.0
090309 090407 8843.0 8846.0 8835.0 8840.0
090309 090409 8843.0 8846.0 8835.0 8839.0
090337 090435 8844.0 8846.0 8839.0 8841.0
090337 090437 8844.0 8851.0 8839.0 8851.0
090352 090446 8840.0 8851.0 8839.0 8840.0
090402 090456 8846.0 8851.0 8837.0 8837.0
090402 090457 8846.0 8851.0 8837.0 8837.0
090402 090458 8846.0 8851.0 8836.0 8836.0
090402 090459 8846.0 8851.0 8836.0 8837.0
090402 090500 8846.0 8851.0 8835.0 8835.0
090402 090501 8846.0 8851.0 8835.0 8835.0
090406 090503 8841.0 8851.0 8834.0 8834.0
090406 090504 8841.0 8851.0 8834.0 8837.0
090406 090505 8841.0 8851.0 8834.0 8837.0
090446 090545 8840.0 8840.0 8834.0 8840.0
090456 090547 8837.0 8841.0 8834.0 8841.0
090456 090549 8837.0 8841.0 8834.0 8841.0
090545 090622 8840.0 8841.0 8840.0 8841.0
090545 090623 8840.0 8842.0 8840.0 8842.0
090545 090631 8840.0 8842.0 8840.0 8841.0
090622 090720 8841.0 8847.0 8841.0 8847.0
090622 090721 8841.0 8848.0 8841.0 8848.0
090631 090726 8841.0 8848.0 8841.0 8848.0
090631 090727 8841.0 8848.0 8841.0 8848.0
090720 090737 8847.0 8848.0 8847.0 8847.0
090720 090755 8847.0 8848.0 8847.0 8847.0
090720 090756 8847.0 8848.0 8847.0 8848.0
090720 090804 8847.0 8848.0 8847.0 8847.0
090720 090812 8847.0 8848.0 8844.0 8844.0
090804 090903 8847.0 8847.0 8842.0 8842.0
090812 090909 8844.0 8844.0 8841.0 8841.0
090903 090959 8842.0 8842.0 8840.0 8840.0
090903 091000 8842.0 8842.0 8838.0 8838.0
090903 091001 8842.0 8842.0 8837.0 8837.0
090909 091008 8841.0 8841.0 8836.0 8836.0
090959 091014 8840.0 8840.0 8836.0 8838.0
090959 091026 8840.0 8840.0 8835.0 8835.0
090959 091039 8840.0 8844.0 8835.0 8844.0
090959 091041 8840.0 8845.0 8835.0 8845.0
091008 091103 8836.0 8845.0 8835.0 8841.0
091008 091108 8836.0 8845.0 8835.0 8839.0
091026 091125 8835.0 8845.0 8835.0 8836.0
091026 091126 8835.0 8845.0 8833.0 8833.0
091039 091127 8844.0 8845.0 8829.0 8829.0
091039 091128 8844.0 8845.0 8828.0 8828.0
091039 091130 8844.0 8845.0 8828.0 8832.0
091039 091132 8844.0 8845.0 8828.0 8828.0
091039 091135 8844.0 8845.0 8828.0 8829.0
091039 091139 8844.0 8845.0 8828.0 8829.0
091041 091140 8845.0 8845.0 8828.0 8828.0
091103 091146 8841.0 8841.0 8828.0 8830.0
091103 091155 8841.0 8841.0 8828.0 8830.0
091103 091159 8841.0 8841.0 8828.0 8829.0
091103 091200 8841.0 8841.0 8828.0 8828.0
091103 091201 8841.0 8841.0 8825.0 8825.0
091125 091225 8836.0 8836.0 8825.0 8830.0
091135 091234 8829.0 8831.0 8825.0 8831.0
091155 091247 8830.0 8832.0 8825.0 8832.0
091352 091352 8827.0 8827.0 8827.0 8827.0
091352 091353 8827.0 8827.0 8827.0 8827.0
091352 091400 8827.0 8827.0 8827.0 8827.0
091352 091436 8827.0 8827.0 8827.0 8827.0
091352 091438 8827.0 8827.0 8827.0 8827.0
091352 091439 8827.0 8827.0 8826.0 8826.0
091352 091440 8827.0 8827.0 8826.0 8827.0
091352 091441 8827.0 8827.0 8826.0 8827.0
091352 091449 8827.0 8827.0 8826.0 8826.0
091353 091453 8827.0 8827.0 8826.0 8826.0
091400 091500 8827.0 8827.0 8825.0 8825.0
091436 091501 8827.0 8827.0 8821.0 8821.0
091436 091502 8827.0 8827.0 8820.0 8820.0
091436 091503 8827.0 8827.0 8819.0 8819.0
091436 091504 8827.0 8827.0 8818.0 8818.0
091436 091505 8827.0 8827.0 8817.0 8817.0
091436 091506 8827.0 8827.0 8817.0 8818.0
091436 091511 8827.0 8827.0 8817.0 8817.0
091436 091513 8827.0 8827.0 8814.0 8814.0
091436 091517 8827.0 8827.0 8814.0 8816.0
091436 091525 8827.0 8827.0 8814.0 8819.0
091449 091542 8826.0 8826.0 8814.0 8815.0
091449 091543 8826.0 8826.0 8814.0 8815.0
091449 091544 8826.0 8826.0 8814.0 8814.0
091453 091552 8826.0 8826.0 8814.0 8816.0
091453 091553 8826.0 8826.0 8814.0 8815.0
091500 091554 8825.0 8825.0 8814.0 8816.0
091500 091600 8825.0 8825.0 8814.0 8816.0
091502 091602 8820.0 8820.0 8814.0 8814.0
091503 091603 8819.0 8819.0 8814.0 8814.0
091525 091620 8819.0 8819.0 8814.0 8819.0
091525 091622 8819.0 8819.0 8814.0 8817.0
091542 091627 8815.0 8819.0 8814.0 8816.0
091600 091656 8816.0 8819.0 8814.0 8815.0
091600 091658 8816.0 8819.0 8814.0 8814.0
091602 091702 8814.0 8819.0 8814.0 8814.0
091620 091709 8819.0 8819.0 8812.0 8812.0
091620 091712 8819.0 8819.0 8811.0 8811.0
091620 091714 8819.0 8819.0 8811.0 8813.0
091656 091728 8815.0 8816.0 8811.0 8816.0
091656 091733 8815.0 8816.0 8811.0 8816.0
091656 091747 8815.0 8817.0 8811.0 8817.0
091656 091752 8815.0 8817.0 8811.0 8816.0
091656 091753 8815.0 8817.0 8811.0 8816.0
091702 091800 8814.0 8817.0 8811.0 8816.0
091702 091801 8814.0 8817.0 8811.0 8816.0
091709 091806 8812.0 8817.0 8811.0 8814.0
091747 091846 8817.0 8818.0 8814.0 8818.0
091752 091849 8816.0 8818.0 8814.0 8817.0
091806 091906 8814.0 8818.0 8814.0 8815.0
091846 091915 8818.0 8818.0 8815.0 8816.0
091846 091944 8818.0 8820.0 8815.0 8820.0
091906 091952 8815.0 8820.0 8815.0 8819.0
091906 092000 8815.0 8820.0 8815.0 8817.0
091906 092002 8815.0 8820.0 8815.0 8815.0
091906 092005 8815.0 8820.0 8815.0 8815.0
091906 092006 8815.0 8820.0 8815.0 8816.0
091915 092007 8816.0 8820.0 8815.0 8816.0
091944 092025 8820.0 8820.0 8815.0 8817.0
091944 092032 8820.0 8820.0 8812.0 8812.0
091944 092033 8820.0 8820.0 8812.0 8812.0
091944 092034 8820.0 8820.0 8812.0 8813.0
091944 092039 8820.0 8820.0 8811.0 8811.0
091944 092040 8820.0 8820.0 8811.0 8811.0
091944 092041 8820.0 8820.0 8811.0 8811.0
091944 092042 8820.0 8820.0 8808.0 8808.0
091944 092043 8820.0 8820.0 8808.0 8809.0
091952 092045 8819.0 8819.0 8808.0 8811.0
092000 092053 8817.0 8817.0 8808.0 8815.0
092000 092056 8817.0 8817.0 8808.0 8817.0
092000 092059 8817.0 8817.0 8808.0 8817.0
092002 092101 8815.0 8817.0 8808.0 8813.0
092005 092105 8815.0 8817.0 8808.0 8814.0
092025 092113 8817.0 8817.0 8808.0 8812.0
092113 092208 8812.0 8813.0 8812.0 8813.0
092208 092223 8813.0 8813.0 8813.0 8813.0
092208 092243 8813.0 8814.0 8813.0 8814.0
092208 092244 8813.0 8815.0 8813.0 8815.0
092208 092254 8813.0 8815.0 8813.0 8813.0
092208 092302 8813.0 8815.0 8812.0 8812.0
092208 092303 8813.0 8815.0 8812.0 8812.0
092208 092305 8813.0 8815.0 8812.0 8814.0
092223 092312 8813.0 8815.0 8812.0 8813.0
092223 092313 8813.0 8815.0 8812.0 8813.0
092223 092315 8813.0 8815.0 8812.0 8812.0
092223 092317 8813.0 8815.0 8812.0 8813.0
092243 092333 8814.0 8815.0 8812.0 8815.0
092302 092358 8812.0 8816.0 8812.0 8816.0
092315 092415 8812.0 8816.0 8812.0 8815.0
092317 092417 8813.0 8816.0 8813.0 8816.0
092333 092419 8815.0 8816.0 8815.0 8816.0
092333 092427 8815.0 8816.0 8815.0 8815.0
092333 092431 8815.0 8816.0 8815.0 8815.0
092358 092436 8816.0 8818.0 8815.0 8818.0
092358 092439 8816.0 8818.0 8815.0 8818.0
092358 092447 8816.0 8820.0 8815.0 8820.0
092358 092448 8816.0 8820.0 8815.0 8819.0
092358 092455 8816.0 8820.0 8815.0 8819.0
092358 092456 8816.0 8820.0 8815.0 8819.0
092358 092458 8816.0 8820.0 8815.0 8819.0
092415 092504 8815.0 8820.0 8815.0 8817.0
092415 092506 8815.0 8820.0 8815.0 8817.0
092504 092601 8817.0 8820.0 8817.0 8820.0
092601 092608 8820.0 8820.0 8819.0 8819.0
092601 092628 8820.0 8820.0 8819.0 8819.0
092601 092632 8820.0 8820.0 8819.0 8819.0
092628 092725 8819.0 8820.0 8819.0 8820.0
092725 092733 8820.0 8820.0 8819.0 8819.0
092725 092735 8820.0 8820.0 8819.0 8819.0
092725 092738 8820.0 8820.0 8818.0 8818.0
092725 092743 8820.0 8820.0 8818.0 8818.0
092725 092752 8820.0 8820.0 8816.0 8816.0
092725 092753 8820.0 8820.0 8816.0 8817.0
092725 092756 8820.0 8820.0 8816.0 8816.0
092725 092757 8820.0 8820.0 8816.0 8816.0
092733 092826 8819.0 8821.0 8816.0 8821.0
092738 092836 8818.0 8824.0 8816.0 8824.0
092826 092859 8821.0 8825.0 8821.0 8825.0
092826 092912 8821.0 8825.0 8821.0 8823.0
092826 092914 8821.0 8825.0 8821.0 8822.0
092826 092922 8821.0 8825.0 8821.0 8822.0
092826 092923 8821.0 8825.0 8821.0 8822.0
092836 092933 8824.0 8825.0 8821.0 8821.0
092836 092936 8824.0 8825.0 8821.0 8822.0
092859 092944 8825.0 8825.0 8821.0 8822.0
092859 092947 8825.0 8825.0 8821.0 8822.0
092859 092950 8825.0 8825.0 8821.0 8822.0
092859 092951 8825.0 8825.0 8820.0 8820.0
092859 092952 8825.0 8825.0 8820.0 8820.0
092912 093000 8823.0 8823.0 8817.0 8817.0
092912 093002 8823.0 8823.0 8815.0 8815.0
092912 093003 8823.0 8823.0 8814.0 8814.0
092912 093005 8823.0 8823.0 8812.0 8812.0
092912 093006 8823.0 8823.0 8811.0 8811.0
092912 093011 8823.0 8823.0 8810.0 8810.0
092912 093012 8823.0 8823.0 8809.0 8809.0
092914 093013 8822.0 8822.0 8802.0 8802.0
092922 093015 8822.0 8822.0 8800.0 8800.0
092922 093019 8822.0 8822.0 8800.0 8801.0
092922 093020 8822.0 8822.0 8800.0 8801.0
092922 093022 8822.0 8822.0 8800.0 8800.0
092923 093023 8822.0 8822.0 8799.0 8799.0
092933 093025 8821.0 8822.0 8799.0 8801.0
092933 093026 8821.0 8822.0 8799.0 8800.0
092933 093027 8821.0 8822.0 8799.0 8802.0
092933 093028 8821.0 8822.0 8799.0 8801.0
092933 093029 8821.0 8822.0 8799.0 8800.0
092933 093031 8821.0 8822.0 8799.0 8806.0
092933 093033 8821.0 8822.0 8799.0 8801.0
092944 093038 8822.0 8822.0 8799.0 8806.0
092950 093049 8822.0 8822.0 8799.0 8803.0
092950 093050 8822.0 8822.0 8799.0 8803.0
093000 093056 8817.0 8817.0 8799.0 8802.0
093003 093103 8814.0 8814.0 8799.0 8801.0
093005 093104 8812.0 8812.0 8798.0 8798.0
093005 093105 8812.0 8812.0 8797.0 8797.0
093006 093106 8811.0 8811.0 8797.0 8798.0
093011 093107 8810.0 8810.0 8797.0 8797.0
093011 093108 8810.0 8810.0 8794.0 8794.0
093011 093109 8810.0 8810.0 8794.0 8794.0
093012 093112 8809.0 8809.0 8794.0 8794.0
093013 093113 8802.0 8806.0 8794.0 8794.0
093015 093114 8800.0 8806.0 8794.0 8795.0
093015 093115 8800.0 8806.0 8794.0 8794.0
093019 093116 8801.0 8806.0 8794.0 8794.0
093019 093117 8801.0 8806.0 8794.0 8795.0
093019 093118 8801.0 8806.0 8793.0 8793.0
093019 093119 8801.0 8806.0 8793.0 8793.0
093023 093123 8799.0 8806.0 8793.0 8793.0
093028 093128 8801.0 8806.0 8793.0 8795.0
093031 093130 8806.0 8806.0 8793.0 8795.0
093038 093137 8806.0 8806.0 8793.0 8793.0
093049 093139 8803.0 8803.0 8792.0 8792.0
093049 093140 8803.0 8803.0 8791.0 8791.0
093049 093141 8803.0 8803.0 8791.0 8791.0
093049 093144 8803.0 8803.0 8791.0 8792.0
093056 093151 8802.0 8802.0 8790.0 8790.0
093056 093152 8802.0 8802.0 8789.0 8789.0
093056 093153 8802.0 8802.0 8789.0 8789.0
093056 093154 8802.0 8802.0 8789.0 8789.0
093056 093156 8802.0 8802.0 8789.0 8789.0
093103 093157 8801.0 8801.0 8788.0 8788.0
093103 093200 8801.0 8801.0 8787.0 8787.0
093103 093201 8801.0 8801.0 8787.0 8787.0
093103 093202 8801.0 8801.0 8784.0 8784.0
093104 093204 8798.0 8798.0 8784.0 8787.0
093108 093208 8794.0 8795.0 8784.0 8786.0
093109 093209 8794.0 8795.0 8784.0 8784.0
093112 093211 8794.0 8795.0 8782.0 8782.0
093123 093220 8793.0 8795.0 8782.0 8786.0
093123 093221 8793.0 8795.0 8782.0 8786.0
093123 093223 8793.0 8795.0 8782.0 8786.0
093128 093224 8795.0 8795.0 8782.0 8784.0
093128 093225 8795.0 8795.0 8782.0 8785.0
093128 093226 8795.0 8795.0 8782.0 8784.0
093153 093253 8789.0 8789.0 8782.0 8786.0
093156 093256 8789.0 8789.0 8782.0 8787.0
093200 093300 8787.0 8787.0 8782.0 8786.0
093201 093301 8787.0 8787.0 8782.0 8784.0
093202 093302 8784.0 8787.0 8782.0 8782.0
093204 093304 8787.0 8787.0 8782.0 8782.0
093208 093308 8786.0 8787.0 8782.0 8782.0
093211 093310 8782.0 8787.0 8782.0 8782.0
093211 093311 8782.0 8787.0 8781.0 8781.0
093220 093318 8786.0 8787.0 8781.0 8782.0
093225 093325 8785.0 8787.0 8780.0 8780.0
093226 093326 8784.0 8787.0 8780.0 8780.0
093253 093337 8786.0 8787.0 8779.0 8779.0
093253 093339 8786.0 8787.0 8779.0 8779.0
093253 093342 8786.0 8787.0 8779.0 8780.0
093253 093343 8786.0 8787.0 8779.0 8779.0
093300 093358 8786.0 8786.0 8777.0 8777.0
093300 093359 8786.0 8786.0 8777.0 8777.0
093300 093400 8786.0 8786.0 8777.0 8777.0
093301 093401 8784.0 8784.0 8774.0 8774.0
093302 093402 8782.0 8782.0 8774.0 8774.0
093304 093403 8782.0 8782.0 8774.0 8774.0
093304 093404 8782.0 8782.0 8774.0 8774.0
093311 093411 8781.0 8782.0 8772.0 8772.0
093318 093417 8782.0 8782.0 8772.0 8774.0
093318 093418 8782.0 8782.0 8772.0 8775.0
093325 093425 8780.0 8780.0 8772.0 8776.0
093337 093427 8779.0 8780.0 8772.0 8778.0
093337 093431 8779.0 8780.0 8772.0 8779.0
093342 093440 8780.0 8782.0 8772.0 8782.0
093358 093444 8777.0 8783.0 8772.0 8783.0
093358 093446 8777.0 8784.0 8772.0 8784.0
093358 093448 8777.0 8784.0 8772.0 8782.0
093400 093500 8777.0 8784.0 8772.0 8780.0
093401 093501 8774.0 8784.0 8772.0 8781.0
093402 093502 8774.0 8784.0 8772.0 8780.0
093425 093523 8776.0 8784.0 8776.0 8781.0
093425 093525 8776.0 8784.0 8776.0 8781.0
093431 093528 8779.0 8784.0 8779.0 8780.0
093440 093535 8782.0 8784.0 8780.0 8781.0
093444 093542 8783.0 8784.0 8780.0 8781.0
093446 093546 8784.0 8784.0 8780.0 8781.0
093448 093548 8782.0 8782.0 8780.0 8780.0
093500 093559 8780.0 8781.0 8780.0 8781.0
093502 093602 8780.0 8781.0 8779.0 8779.0
093523 093604 8781.0 8781.0 8779.0 8779.0
093523 093608 8781.0 8781.0 8777.0 8777.0
093523 093615 8781.0 8781.0 8777.0 8777.0
093523 093620 8781.0 8781.0 8777.0 8777.0
093523 093621 8781.0 8781.0 8777.0 8779.0
093528 093627 8780.0 8781.0 8777.0 8779.0
093535 093632 8781.0 8781.0 8776.0 8776.0
093535 093635 8781.0 8781.0 8776.0 8777.0
093542 093638 8781.0 8781.0 8776.0 8777.0
093542 093639 8781.0 8781.0 8776.0 8777.0
093548 093648 8780.0 8781.0 8776.0 8776.0
093559 093651 8781.0 8781.0 8776.0 8777.0
093559 093652 8781.0 8781.0 8773.0 8773.0
093559 093657 8781.0 8781.0 8773.0 8774.0
093559 093658 8781.0 8781.0 8773.0 8774.0
093559 093659 8781.0 8781.0 8773.0 8774.0
093608 093706 8777.0 8779.0 8773.0 8773.0
093608 093707 8777.0 8779.0 8772.0 8772.0
093608 093708 8777.0 8779.0 8770.0 8770.0
093615 093709 8777.0 8779.0 8769.0 8769.0
093615 093710 8777.0 8779.0 8769.0 8769.0
093627 093724 8779.0 8779.0 8768.0 8768.0
093627 093725 8779.0 8779.0 8767.0 8767.0
093627 093726 8779.0 8779.0 8767.0 8767.0
093632 093728 8776.0 8777.0 8767.0 8768.0
093632 093729 8776.0 8777.0 8765.0 8765.0
093632 093731 8776.0 8777.0 8764.0 8764.0
093635 093733 8777.0 8777.0 8764.0 8767.0
093635 093734 8777.0 8777.0 8764.0 8767.0
093635 093735 8777.0 8777.0 8764.0 8766.0
093638 093736 8777.0 8777.0 8764.0 8764.0
093638 093737 8777.0 8777.0 8764.0 8766.0
093638 093738 8777.0 8777.0 8764.0 8766.0
093648 093743 8776.0 8777.0 8764.0 8764.0
093651 093749 8777.0 8777.0 8763.0 8763.0
093651 093750 8777.0 8777.0 8761.0 8761.0
093651 093751 8777.0 8777.0 8760.0 8760.0
093652 093752 8773.0 8774.0 8760.0 8760.0
093657 093753 8774.0 8774.0 8760.0 8762.0
093706 093800 8773.0 8773.0 8760.0 8760.0
093706 093801 8773.0 8773.0 8759.0 8759.0
093706 093802 8773.0 8773.0 8759.0 8759.0
093706 093804 8773.0 8773.0 8759.0 8760.0
093706 093805 8773.0 8773.0 8759.0 8761.0
093706 093806 8773.0 8773.0 8759.0 8760.0
093710 093810 8769.0 8769.0 8759.0 8760.0
093724 093814 8768.0 8768.0 8759.0 8759.0
093724 093822 8768.0 8768.0 8759.0 8759.0
093724 093823 8768.0 8768.0 8759.0 8759.0
093729 093829 8765.0 8767.0 8759.0 8764.0
093737 093837 8766.0 8767.0 8759.0 8767.0
093743 093839 8764.0 8769.0 8759.0 8769.0
093743 093840 8764.0 8769.0 8759.0 8766.0
093743 093841 8764.0 8772.0 8759.0 8772.0
093743 093843 8764.0 8772.0 8759.0 8767.0
093749 093844 8763.0 8772.0 8759.0 8771.0
093800 093900 8760.0 8772.0 8759.0 8769.0
093810 093908 8760.0 8772.0 8759.0 8768.0
093810 093910 8760.0 8772.0 8759.0 8766.0
093814 093912 8759.0 8772.0 8759.0 8766.0
093829 093924 8764.0 8772.0 8764.0 8768.0
093837 093936 8767.0 8772.0 8766.0 8770.0
093843 093943 8767.0 8771.0 8766.0 8770.0
093900 093948 8769.0 8771.0 8766.0 8771.0
093900 093954 8769.0 8771.0 8766.0 8771.0
093900 093956 8769.0 8773.0 8766.0 8773.0
093900 094000 8769.0 8773.0 8766.0 8771.0
093908 094001 8768.0 8773.0 8766.0 8769.0
093910 094009 8766.0 8773.0 8766.0 8770.0
093924 094013 8768.0 8773.0 8768.0 8769.0
093924 094014 8768.0 8773.0 8768.0 8769.0
093924 094015 8768.0 8773.0 8768.0 8769.0
093924 094020 8768.0 8773.0 8768.0 8769.0
093954 094049 8771.0 8773.0 8769.0 8769.0
093954 094052 8771.0 8773.0 8769.0 8769.0
094000 094100 8771.0 8771.0 8769.0 8769.0
094009 094102 8770.0 8770.0 8769.0 8769.0
094009 094104 8770.0 8770.0 8769.0 8769.0
094009 094105 8770.0 8770.0 8769.0 8769.0
094013 094112 8769.0 8769.0 8769.0 8769.0
094020 094116 8769.0 8769.0 8767.0 8767.0
094020 094118 8769.0 8769.0 8765.0 8765.0
094049 094121 8769.0 8769.0 8765.0 8767.0
094049 094125 8769.0 8769.0 8765.0 8768.0
094049 094127 8769.0 8769.0 8765.0 8768.0
094049 094128 8769.0 8769.0 8765.0 8766.0
094049 094129 8769.0 8769.0 8765.0 8765.0
094049 094130 8769.0 8769.0 8765.0 8765.0
094049 094131 8769.0 8769.0 8764.0 8764.0
094049 094132 8769.0 8769.0 8762.0 8762.0
094049 094133 8769.0 8769.0 8762.0 8762.0
094049 094134 8769.0 8769.0 8761.0 8761.0
094049 094135 8769.0 8769.0 8759.0 8759.0
094049 094139 8769.0 8769.0 8755.0 8755.0
094049 094142 8769.0 8769.0 8755.0 8758.0
094049 094149 8769.0 8769.0 8755.0 8759.0
094100 094155 8769.0 8769.0 8755.0 8758.0
094100 094156 8769.0 8769.0 8755.0 8759.0
094100 094158 8769.0 8769.0 8754.0 8754.0
094104 094203 8769.0 8769.0 8754.0 8756.0
094105 094205 8769.0 8769.0 8754.0 8757.0
094112 094207 8769.0 8769.0 8754.0 8757.0
094125 094222 8768.0 8768.0 8754.0 8761.0
094127 094226 8768.0 8768.0 8754.0 8762.0
094130 094230 8765.0 8765.0 8754.0 8762.0
094139 094236 8755.0 8764.0 8754.0 8764.0
094142 094241 8758.0 8764.0 8754.0 8764.0
094149 094244 8759.0 8766.0 8754.0 8766.0
094149 094247 8759.0 8766.0 8754.0 8766.0
094149 094249 8759.0 8766.0 8754.0 8766.0
094155 094252 8758.0 8766.0 8754.0 8764.0
094155 094253 8758.0 8766.0 8754.0 8765.0
094156 094256 8759.0 8766.0 8754.0 8765.0
094222 094310 8761.0 8766.0 8761.0 8765.0
094222 094311 8761.0 8766.0 8761.0 8765.0
094222 094322 8761.0 8766.0 8761.0 8765.0
094226 094323 8762.0 8766.0 8762.0 8765.0
094226 094326 8762.0 8766.0 8760.0 8760.0
094230 094330 8762.0 8766.0 8760.0 8762.0
094241 094338 8764.0 8766.0 8760.0 8764.0
094252 094352 8764.0 8765.0 8760.0 8762.0
094310 094359 8765.0 8765.0 8760.0 8761.0
094310 094400 8765.0 8765.0 8760.0 8760.0
094310 094404 8765.0 8765.0 8759.0 8759.0
094310 094406 8765.0 8765.0 8759.0 8759.0
094310 094409 8765.0 8765.0 8758.0 8758.0
094322 094413 8765.0 8765.0 8757.0 8757.0
094322 094418 8765.0 8765.0 8757.0 8761.0
094322 094421 8765.0 8765.0 8757.0 8763.0
094338 094435 8764.0 8768.0 8757.0 8768.0
094338 094437 8764.0 8770.0 8757.0 8770.0
094352 094441 8762.0 8772.0 8757.0 8772.0
094352 094443 8762.0 8774.0 8757.0 8774.0
094352 094444 8762.0 8775.0 8757.0 8775.0
094400 094500 8760.0 8775.0 8757.0 8771.0
094404 094501 8759.0 8775.0 8757.0 8772.0
094404 094502 8759.0 8775.0 8757.0 8774.0
094409 094509 8758.0 8777.0 8757.0 8777.0
094413 094510 8757.0 8777.0 8757.0 8777.0
094418 094516 8761.0 8777.0 8761.0 8776.0
094418 094517 8761.0 8777.0 8761.0 8776.0
094435 094522 8768.0 8777.0 8768.0 8775.0
094435 094525 8768.0 8777.0 8768.0 8775.0
094435 094526 8768.0 8777.0 8768.0 8775.0
094435 094533 8768.0 8777.0 8768.0 8771.0
094500 094551 8771.0 8777.0 8771.0 8773.0
094509 094607 8777.0 8777.0 8771.0 8773.0
094509 094608 8777.0 8777.0 8771.0 8771.0
094509 094609 8777.0 8777.0 8770.0 8770.0
094516 094613 8776.0 8776.0 8769.0 8769.0
094516 094614 8776.0 8776.0 8769.0 8769.0
094516 094615 8776.0 8776.0 8769.0 8769.0
094517 094617 8776.0 8776.0 8769.0 8769.0
094522 094622 8775.0 8775.0 8769.0 8769.0
094551 094641 8773.0 8776.0 8769.0 8776.0
094551 094644 8773.0 8776.0 8769.0 8775.0
094551 094649 8773.0 8776.0 8769.0 8775.0
094551 094651 8773.0 8776.0 8769.0 8776.0
094607 094658 8773.0 8785.0 8769.0 8785.0
094622 094718 8769.0 8785.0 8769.0 8775.0
094641 094734 8776.0 8785.0 8774.0 8774.0
094649 094748 8775.0 8785.0 8774.0 8775.0
094658 094755 8785.0 8785.0 8774.0 8777.0
094718 094811 8775.0 8777.0 8774.0 8774.0
094718 094812 8775.0 8777.0 8774.0 8774.0
094718 094813 8775.0 8777.0 8774.0 8774.0
094718 094814 8775.0 8777.0 8774.0 8775.0
094734 094819 8774.0 8777.0 8774.0 8774.0
094734 094821 8774.0 8777.0 8774.0 8774.0
094734 094823 8774.0 8777.0 8774.0 8774.0
094734 094826 8774.0 8777.0 8772.0 8772.0
094734 094828 8774.0 8777.0 8771.0 8771.0
094734 094829 8774.0 8777.0 8771.0 8771.0
094748 094839 8775.0 8777.0 8771.0 8774.0
094748 094843 8775.0 8777.0 8771.0 8773.0
094811 094858 8774.0 8775.0 8771.0 8773.0
094819 094919 8774.0 8775.0 8771.0 8775.0
094826 094925 8772.0 8775.0 8771.0 8775.0
094858 094952 8773.0 8776.0 8773.0 8776.0
094919 095002 8775.0 8776.0 8775.0 8775.0
094919 095014 8775.0 8776.0 8775.0 8775.0
094919 095016 8775.0 8776.0 8774.0 8774.0
094925 095021 8775.0 8776.0 8773.0 8773.0
094952 095026 8776.0 8776.0 8773.0 8774.0
094952 095040 8776.0 8776.0 8773.0 8773.0
094952 095042 8776.0 8776.0 8773.0 8773.0
094952 095044 8776.0 8776.0 8772.0 8772.0
094952 095045 8776.0 8776.0 8772.0 8772.0
094952 095046 8776.0 8776.0 8770.0 8770.0
094952 095049 8776.0 8776.0 8770.0 8770.0
095002 095102 8775.0 8775.0 8768.0 8768.0
095014 095106 8775.0 8775.0 8768.0 8770.0
095014 095113 8775.0 8775.0 8768.0 8770.0
095040 095128 8773.0 8773.0 8768.0 8772.0
095102 095154 8768.0 8772.0 8768.0 8771.0
095128 095223 8772.0 8772.0 8769.0 8769.0
095128 095227 8772.0 8772.0 8766.0 8766.0
095154 095229 8771.0 8771.0 8765.0 8765.0
095154 095230 8771.0 8771.0 8764.0 8764.0
095154 095231 8771.0 8771.0 8764.0 8768.0
095154 095237 8771.0 8771.0 8764.0 8764.0
095154 095240 8771.0 8771.0 8764.0 8765.0
095154 095241 8771.0 8771.0 8764.0 8764.0
095154 095242 8771.0 8771.0 8764.0 8764.0
095154 095243 8771.0 8771.0 8764.0 8764.0
095154 095245 8771.0 8771.0 8761.0 8761.0
095154 095246 8771.0 8771.0 8761.0 8763.0
095154 095247 8771.0 8771.0 8761.0 8761.0
095223 095256 8769.0 8769.0 8760.0 8760.0
095223 095257 8769.0 8769.0 8759.0 8759.0
095223 095258 8769.0 8769.0 8759.0 8760.0
095223 095306 8769.0 8769.0 8759.0 8762.0
095223 095311 8769.0 8769.0 8759.0 8762.0
095223 095313 8769.0 8769.0 8759.0 8762.0
095231 095331 8768.0 8768.0 8759.0 8765.0
095306 095406 8762.0 8765.0 8762.0 8763.0
095311 095411 8762.0 8765.0 8762.0 8762.0
095313 095412 8762.0 8765.0 8761.0 8761.0
095313 095413 8762.0 8765.0 8761.0 8762.0
095406 095440 8763.0 8769.0 8761.0 8769.0
095406 095456 8763.0 8769.0 8761.0 8768.0
095412 095512 8761.0 8769.0 8761.0 8763.0
095413 095513 8762.0 8769.0 8762.0 8762.0
095440 095514 8769.0 8769.0 8761.0 8761.0
095440 095524 8769.0 8769.0 8760.0 8760.0
095440 095529 8769.0 8769.0 8759.0 8759.0
095440 095530 8769.0 8769.0 8755.0 8755.0
095440 095531 8769.0 8769.0 8750.0 8750.0
095440 095532 8769.0 8769.0 8750.0 8750.0
095440 095533 8769.0 8769.0 8749.0 8749.0
095440 095536 8769.0 8769.0 8749.0 8752.0
095440 095537 8769.0 8769.0 8749.0 8752.0
095440 095540 8769.0 8769.0 8749.0 8754.0
095456 095541 8768.0 8768.0 8749.0 8755.0
095456 095543 8768.0 8768.0 8749.0 8755.0
095456 095544 8768.0 8768.0 8749.0 8752.0
095456 095556 8768.0 8768.0 8749.0 8757.0
095512 095558 8763.0 8763.0 8749.0 8757.0
095512 095600 8763.0 8763.0 8749.0 8757.0
095512 095610 8763.0 8763.0 8749.0 8757.0
095524 095616 8760.0 8760.0 8749.0 8756.0
095524 095623 8760.0 8760.0 8749.0 8752.0
095524 095624 8760.0 8760.0 8749.0 8752.0
095529 095625 8759.0 8759.0 8749.0 8753.0
095536 095634 8752.0 8757.0 8752.0 8754.0
095536 095636 8752.0 8757.0 8752.0 8753.0
095556 095649 8757.0 8757.0 8752.0 8754.0
095556 095650 8757.0 8757.0 8752.0 8755.0
095556 095655 8757.0 8757.0 8752.0 8753.0
095610 095709 8757.0 8762.0 8752.0 8762.0
095623 095721 8752.0 8762.0 8748.0 8748.0
095623 095722 8752.0 8762.0 8748.0 8748.0
095634 095726 8754.0 8762.0 8748.0 8751.0
095634 095732 8754.0 8762.0 8748.0 8748.0
095634 095733 8754.0 8762.0 8747.0 8747.0
095636 095736 8753.0 8762.0 8747.0 8747.0
095649 095739 8754.0 8762.0 8747.0 8747.0
095655 095752 8753.0 8762.0 8747.0 8753.0
095655 095754 8753.0 8762.0 8747.0 8753.0
095709 095805 8762.0 8762.0 8747.0 8754.0
095721 095810 8748.0 8754.0 8747.0 8753.0
095721 095817 8748.0 8754.0 8747.0 8752.0
095732 095831 8748.0 8757.0 8747.0 8757.0
095736 095835 8747.0 8757.0 8747.0 8753.0
095752 095844 8753.0 8759.0 8752.0 8759.0
095831 095919 8757.0 8762.0 8753.0 8762.0
095844 095942 8759.0 8762.0 8758.0 8758.0
095919 095956 8762.0 8775.0 8758.0 8775.0
095919 100010 8762.0 8775.0 8758.0 8763.0
095919 100011 8762.0 8775.0 8758.0 8763.0
095919 100012 8762.0 8775.0 8758.0 8763.0
095919 100014 8762.0 8775.0 8758.0 8760.0
095919 100015 8762.0 8775.0 8758.0 8758.0
095942 100028 8758.0 8775.0 8758.0 8763.0
095942 100039 8758.0 8775.0 8758.0 8763.0
100010 100108 8763.0 8764.0 8758.0 8764.0
100039 100130 8763.0 8764.0 8763.0 8764.0
100039 100137 8763.0 8764.0 8763.0 8764.0
100108 100153 8764.0 8764.0 8761.0 8761.0
100130 100209 8764.0 8764.0 8761.0 8762.0
100130 100222 8764.0 8764.0 8761.0 8763.0
100137 100234 8764.0 8764.0 8761.0 8761.0
100153 100242 8761.0 8766.0 8761.0 8766.0
100153 100243 8761.0 8766.0 8761.0 8766.0
100209 100300 8762.0 8766.0 8761.0 8765.0
100209 100302 8762.0 8766.0 8761.0 8762.0
100209 100303 8762.0 8766.0 8761.0 8761.0
100209 100307 8762.0 8766.0 8761.0 8762.0
100234 100327 8761.0 8766.0 8761.0 8762.0
100242 100342 8766.0 8766.0 8761.0 8764.0
100300 100349 8765.0 8765.0 8761.0 8763.0
100302 100401 8762.0 8764.0 8761.0 8763.0
100327 100424 8762.0 8765.0 8762.0 8765.0
100342 100429 8764.0 8765.0 8763.0 8763.0
100401 100452 8763.0 8765.0 8761.0 8761.0
100401 100456 8763.0 8765.0 8760.0 8760.0
100401 100459 8763.0 8765.0 8760.0 8760.0
100401 100500 8763.0 8765.0 8759.0 8759.0
100401 100501 8763.0 8765.0 8757.0 8757.0
100424 100502 8765.0 8765.0 8755.0 8755.0
100424 100524 8765.0 8765.0 8755.0 8756.0
100452 100536 8761.0 8761.0 8755.0 8756.0
100452 100538 8761.0 8761.0 8755.0 8756.0
100452 100548 8761.0 8761.0 8755.0 8755.0
100452 100549 8761.0 8761.0 8754.0 8754.0
100452 100550 8761.0 8761.0 8753.0 8753.0
100452 100552 8761.0 8761.0 8752.0 8752.0
100456 100555 8760.0 8760.0 8751.0 8751.0
100524 100606 8756.0 8756.0 8751.0 8754.0
100524 100618 8756.0 8757.0 8751.0 8757.0
100536 100626 8756.0 8757.0 8751.0 8757.0
100536 100627 8756.0 8757.0 8751.0 8757.0
100536 100630 8756.0 8759.0 8751.0 8759.0
100536 100631 8756.0 8759.0 8751.0 8759.0
100536 100635 8756.0 8759.0 8751.0 8759.0
100548 100641 8755.0 8761.0 8751.0 8761.0
100548 100645 8755.0 8762.0 8751.0 8762.0
100552 100651 8752.0 8762.0 8751.0 8762.0
100606 100657 8754.0 8763.0 8754.0 8763.0
100606 100659 8754.0 8763.0 8754.0 8763.0
100618 100710 8757.0 8763.0 8757.0 8761.0
100626 100725 8757.0 8763.0 8757.0 8760.0
100710 100801 8761.0 8766.0 8760.0 8766.0
100725 100824 8760.0 8766.0 8760.0 8766.0
100801 100828 8766.0 8766.0 8766.0 8766.0
100801 100838 8766.0 8766.0 8765.0 8765.0
100801 100851 8766.0 8766.0 8763.0 8763.0
100801 100858 8766.0 8766.0 8763.0 8765.0
100824 100914 8766.0 8766.0 8763.0 8764.0
100824 100916 8766.0 8766.0 8763.0 8764.0
100824 100919 8766.0 8766.0 8763.0 8764.0
100838 100929 8765.0 8768.0 8763.0 8768.0
100851 100945 8763.0 8768.0 8763.0 8768.0
100851 100947 8763.0 8768.0 8763.0 8768.0
100929 101025 8768.0 8768.0 8768.0 8768.0
100945 101030 8768.0 8768.0 8767.0 8767.0
101025 101107 8768.0 8768.0 8765.0 8765.0
101025 101113 8768.0 8768.0 8763.0 8763.0
101107 101154 8765.0 8767.0 8763.0 8767.0
101154 101215 8767.0 8769.0 8767.0 8769.0
101154 101242 8767.0 8769.0 8767.0 8768.0
101349 101349 8768.0 8768.0 8768.0 8768.0
101349 101359 8768.0 8769.0 8768.0 8769.0
101349 101406 8768.0 8769.0 8767.0 8767.0
101349 101408 8768.0 8769.0 8766.0 8766.0
101359 101453 8769.0 8769.0 8766.0 8769.0
101359 101456 8769.0 8769.0 8766.0 8767.0
101408 101507 8766.0 8769.0 8766.0 8766.0
101453 101522 8769.0 8769.0 8766.0 8766.0
101453 101529 8769.0 8769.0 8766.0 8767.0
101522 101620 8766.0 8772.0 8766.0 8772.0
101620 101703 8772.0 8772.0 8769.0 8769.0
101620 101707 8772.0 8772.0 8769.0 8769.0
101620 101710 8772.0 8772.0 8769.0 8770.0
101620 101713 8772.0 8772.0 8769.0 8769.0
101620 101714 8772.0 8772.0 8769.0 8770.0
101620 101716 8772.0 8772.0 8769.0 8769.0
101620 101717 8772.0 8772.0 8769.0 8769.0
101713 101812 8769.0 8770.0 8769.0 8770.0
101812 101835 8770.0 8771.0 8770.0 8771.0
101812 101901 8770.0 8771.0 8769.0 8769.0
101835 101920 8771.0 8771.0 8769.0 8771.0
102022 102022 8770.0 8770.0 8770.0 8770.0
102022 102048 8770.0 8770.0 8767.0 8767.0
102022 102059 8770.0 8770.0 8767.0 8767.0
102022 102102 8770.0 8770.0 8767.0 8767.0
102022 102106 8770.0 8770.0 8767.0 8767.0
102022 102117 8770.0 8770.0 8764.0 8764.0
102048 102128 8767.0 8767.0 8764.0 8764.0
102059 102150 8767.0 8767.0 8764.0 8765.0
102106 102206 8767.0 8767.0 8764.0 8767.0
102128 102225 8764.0 8768.0 8764.0 8768.0
102128 102228 8764.0 8768.0 8764.0 8768.0
102150 102243 8765.0 8768.0 8765.0 8766.0
102150 102247 8765.0 8768.0 8765.0 8765.0
102206 102306 8767.0 8768.0 8765.0 8768.0
102225 102307 8768.0 8769.0 8765.0 8769.0
102306 102354 8768.0 8769.0 8768.0 8769.0
102354 102421 8769.0 8770.0 8769.0 8770.0
102354 102422 8769.0 8773.0 8769.0 8773.0
102354 102430 8769.0 8774.0 8769.0 8774.0
102354 102431 8769.0 8776.0 8769.0 8776.0
102354 102432 8769.0 8779.0 8769.0 8779.0
102354 102435 8769.0 8779.0 8769.0 8774.0
102354 102454 8769.0 8779.0 8769.0 8779.0
102421 102455 8770.0 8779.0 8770.0 8779.0
102421 102501 8770.0 8782.0 8770.0 8782.0
102421 102502 8770.0 8782.0 8770.0 8781.0
102421 102503 8770.0 8784.0 8770.0 8784.0
102421 102504 8770.0 8785.0 8770.0 8785.0
102421 102511 8770.0 8785.0 8770.0 8782.0
102421 102514 8770.0 8785.0 8770.0 8783.0
102421 102519 8770.0 8785.0 8770.0 8782.0
102421 102521 8770.0 8785.0 8770.0 8782.0
102430 102525 8774.0 8785.0 8774.0 8783.0
102430 102527 8774.0 8785.0 8774.0 8782.0
102431 102531 8776.0 8785.0 8774.0 8782.0
102454 102541 8779.0 8785.0 8779.0 8783.0
102454 102543 8779.0 8785.0 8779.0 8784.0
102501 102600 8782.0 8785.0 8781.0 8785.0
102501 102601 8782.0 8787.0 8781.0 8787.0
102502 102602 8781.0 8787.0 8781.0 8787.0
102503 102603 8784.0 8787.0 8782.0 8787.0
102504 102604 8785.0 8787.0 8782.0 8786.0
102511 102610 8782.0 8787.0 8782.0 8784.0
102525 102622 8783.0 8787.0 8782.0 8784.0
102525 102625 8783.0 8787.0 8782.0 8784.0
102527 102626 8782.0 8787.0 8782.0 8784.0
102527 102627 8782.0 8787.0 8782.0 8784.0
102541 102632 8783.0 8787.0 8783.0 8784.0
102541 102634 8783.0 8787.0 8783.0 8784.0
102541 102636 8783.0 8787.0 8783.0 8784.0
102541 102637 8783.0 8787.0 8783.0 8783.0
102600 102648 8785.0 8787.0 8782.0 8782.0
102600 102650 8785.0 8787.0 8782.0 8783.0
102600 102652 8785.0 8787.0 8782.0 8782.0
102600 102658 8785.0 8787.0 8782.0 8782.0
102604 102704 8786.0 8786.0 8782.0 8782.0
102622 102712 8784.0 8784.0 8780.0 8780.0
102622 102721 8784.0 8784.0 8780.0 8780.0
102622 102722 8784.0 8784.0 8779.0 8779.0
102625 102723 8784.0 8784.0 8779.0 8779.0
102625 102724 8784.0 8784.0 8779.0 8779.0
102625 102725 8784.0 8784.0 8779.0 8779.0
102721 102813 8780.0 8780.0 8779.0 8779.0
102813 102843 8779.0 8779.0 8778.0 8778.0
102813 102846 8779.0 8779.0 8778.0 8779.0
102813 102849 8779.0 8779.0 8778.0 8779.0
102813 102903 8779.0 8779.0 8777.0 8777.0
102843 102916 8778.0 8779.0 8777.0 8778.0
102903 102950 8777.0 8780.0 8777.0 8780.0
102916 103007 8778.0 8780.0 8777.0 8777.0
102950 103018 8780.0 8780.0 8777.0 8777.0
102950 103026 8780.0 8780.0 8776.0 8776.0
102950 103046 8780.0 8780.0 8775.0 8775.0
102950 103049 8780.0 8780.0 8774.0 8774.0
103046 103145 8775.0 8777.0 8774.0 8777.0
103145 103242 8777.0 8777.0 8775.0 8775.0
103145 103244 8777.0 8777.0 8775.0 8775.0
103242 103304 8775.0 8775.0 8774.0 8774.0
103242 103305 8775.0 8775.0 8774.0 8774.0
103242 103309 8775.0 8775.0 8774.0 8774.0
103242 103328 8775.0 8775.0 8772.0 8772.0
103242 103329 8775.0 8775.0 8770.0 8770.0
103242 103331 8775.0 8775.0 8769.0 8769.0
103242 103332 8775.0 8775.0 8769.0 8769.0
103242 103337 8775.0 8775.0 8769.0 8769.0
103242 103340 8775.0 8775.0 8768.0 8768.0
103329 103429 8770.0 8770.0 8768.0 8768.0
103332 103432 8769.0 8769.0 8767.0 8767.0
103337 103433 8769.0 8769.0 8766.0 8766.0
103337 103434 8769.0 8769.0 8766.0 8766.0
103429 103451 8768.0 8768.0 8765.0 8765.0
103429 103452 8768.0 8768.0 8765.0 8765.0
103429 103453 8768.0 8768.0 8763.0 8763.0
103429 103455 8768.0 8768.0 8762.0 8762.0
103429 103456 8768.0 8768.0 8761.0 8761.0
103429 103508 8768.0 8768.0 8761.0 8764.0
103429 103524 8768.0 8768.0 8761.0 8764.0
103432 103531 8767.0 8767.0 8761.0 8767.0
103433 103533 8766.0 8767.0 8761.0 8767.0
103451 103535 8765.0 8767.0 8761.0 8765.0
103451 103547 8765.0 8767.0 8761.0 8767.0
103508 103557 8764.0 8767.0 8764.0 8767.0
103508 103601 8764.0 8769.0 8764.0 8769.0
103524 103609 8764.0 8769.0 8764.0 8765.0
103524 103610 8764.0 8769.0 8764.0 8765.0
103524 103612 8764.0 8769.0 8764.0 8764.0
103524 103613 8764.0 8769.0 8764.0 8765.0
103535 103635 8765.0 8769.0 8764.0 8764.0
103547 103646 8767.0 8769.0 8764.0 8765.0
103557 103655 8767.0 8769.0 8764.0 8764.0
103601 103700 8769.0 8769.0 8764.0 8764.0
103610 103710 8765.0 8765.0 8764.0 8765.0
103635 103715 8764.0 8765.0 8763.0 8763.0
103635 103721 8764.0 8765.0 8763.0 8763.0
103646 103740 8765.0 8765.0 8763.0 8765.0
103646 103746 8765.0 8765.0 8763.0 8763.0
103655 103749 8764.0 8765.0 8761.0 8761.0
103700 103757 8764.0 8765.0 8761.0 8763.0
103715 103811 8763.0 8765.0 8761.0 8764.0
103715 103813 8763.0 8765.0 8761.0 8763.0
103757 103851 8763.0 8765.0 8763.0 8765.0
103811 103858 8764.0 8765.0 8763.0 8763.0
103811 103900 8764.0 8765.0 8763.0 8764.0
103811 103901 8764.0 8765.0 8763.0 8763.0
103811 103906 8764.0 8765.0 8760.0 8760.0
103811 103907 8764.0 8765.0 8759.0 8759.0
103811 103908 8764.0 8765.0 8759.0 8759.0
103811 103909 8764.0 8765.0 8758.0 8758.0
103811 103910 8764.0 8765.0 8758.0 8758.0
103811 103911 8764.0 8765.0 8757.0 8757.0
103851 103927 8765.0 8765.0 8757.0 8757.0
103851 103932 8765.0 8765.0 8757.0 8757.0
103851 103937 8765.0 8765.0 8757.0 8758.0
103851 103940 8765.0 8765.0 8757.0 8758.0
103851 103942 8765.0 8765.0 8757.0 8758.0
103851 103943 8765.0 8765.0 8757.0 8760.0
103858 103958 8763.0 8764.0 8757.0 8758.0
103906 104002 8760.0 8760.0 8757.0 8757.0
103906 104003 8760.0 8760.0 8756.0 8756.0
103906 104005 8760.0 8760.0 8756.0 8757.0
103911 104011 8757.0 8760.0 8755.0 8755.0
103927 104014 8757.0 8760.0 8754.0 8754.0
103927 104015 8757.0 8760.0 8754.0 8754.0
103927 104016 8757.0 8760.0 8754.0 8754.0
103927 104019 8757.0 8760.0 8754.0 8754.0
103958 104045 8758.0 8759.0 8754.0 8759.0
103958 104050 8758.0 8759.0 8754.0 8757.0
103958 104054 8758.0 8759.0 8754.0 8756.0
104002 104059 8757.0 8759.0 8754.0 8757.0
104002 104100 8757.0 8759.0 8754.0 8755.0
104002 104101 8757.0 8759.0 8754.0 8756.0
104003 104103 8756.0 8759.0 8754.0 8755.0
104011 104108 8755.0 8759.0 8748.0 8748.0
104011 104111 8755.0 8759.0 8748.0 8751.0
104014 104112 8754.0 8759.0 8748.0 8751.0
104015 104115 8754.0 8759.0 8748.0 8751.0
104019 104117 8754.0 8759.0 8748.0 8751.0
104045 104126 8759.0 8762.0 8748.0 8762.0
104045 104141 8759.0 8762.0 8748.0 8750.0
104045 104142 8759.0 8762.0 8748.0 8750.0
104045 104143 8759.0 8762.0 8748.0 8748.0
104045 104144 8759.0 8762.0 8748.0 8748.0
104045 104145 8759.0 8762.0 8748.0 8748.0
104050 104146 8757.0 8762.0 8745.0 8745.0
104050 104147 8757.0 8762.0 8743.0 8743.0
104050 104149 8757.0 8762.0 8743.0 8743.0
104050 104150 8757.0 8762.0 8743.0 8745.0
104059 104157 8757.0 8762.0 8743.0 8744.0
104103 104202 8755.0 8762.0 8741.0 8741.0
104103 104203 8755.0 8762.0 8740.0 8740.0
104108 104205 8748.0 8762.0 8740.0 8741.0
104108 104206 8748.0 8762.0 8740.0 8741.0
104108 104208 8748.0 8762.0 8738.0 8738.0
104111 104209 8751.0 8762.0 8738.0 8738.0
104111 104210 8751.0 8762.0 8738.0 8738.0
104111 104211 8751.0 8762.0 8738.0 8738.0
104112 104212 8751.0 8762.0 8738.0 8738.0
104115 104213 8751.0 8762.0 8738.0 8738.0
104115 104214 8751.0 8762.0 8738.0 8738.0
104115 104215 8751.0 8762.0 8738.0 8738.0
104117 104216 8751.0 8762.0 8738.0 8738.0
104126 104223 8762.0 8762.0 8737.0 8737.0
104126 104224 8762.0 8762.0 8736.0 8736.0
104126 104225 8762.0 8762.0 8736.0 8736.0
104141 104228 8750.0 8750.0 8736.0 8737.0
104141 104229 8750.0 8750.0 8736.0 8736.0
104141 104238 8750.0 8750.0 8731.0 8731.0
104143 104243 8748.0 8748.0 8729.0 8729.0
104144 104244 8748.0 8748.0 8729.0 8734.0
104145 104245 8748.0 8748.0 8728.0 8728.0
104150 104250 8745.0 8745.0 8728.0 8733.0
104157 104251 8744.0 8744.0 8728.0 8733.0
104157 104252 8744.0 8744.0 8728.0 8733.0
104157 104253 8744.0 8744.0 8728.0 8733.0
104202 104259 8741.0 8741.0 8728.0 8733.0
104202 104300 8741.0 8741.0 8728.0 8731.0
104203 104303 8740.0 8741.0 8728.0 8729.0
104205 104305 8741.0 8741.0 8728.0 8728.0
104206 104306 8741.0 8741.0 8728.0 8729.0
104208 104307 8738.0 8738.0 8728.0 8728.0
104208 104308 8738.0 8738.0 8728.0 8729.0
104216 104316 8738.0 8738.0 8728.0 8732.0
104223 104318 8737.0 8737.0 8728.0 8731.0
104223 104322 8737.0 8737.0 8728.0 8730.0
104238 104335 8731.0 8734.0 8723.0 8723.0
104238 104336 8731.0 8734.0 8723.0 8731.0
104243 104340 8729.0 8734.0 8723.0 8733.0
104245 104345 8728.0 8733.0 8723.0 8732.0
104250 104349 8733.0 8733.0 8723.0 8729.0
104250 104350 8733.0 8733.0 8723.0 8730.0
104253 104353 8733.0 8733.0 8723.0 8729.0
104259 104356 8733.0 8733.0 8723.0 8728.0
104259 104357 8733.0 8733.0 8723.0 8728.0
104259 104358 8733.0 8733.0 8723.0 8726.0
104303 104402 8729.0 8733.0 8723.0 8725.0
104316 104409 8732.0 8733.0 8723.0 8727.0
104316 104410 8732.0 8733.0 8723.0 8726.0
104318 104418 8731.0 8733.0 8723.0 8723.0
104322 104422 8730.0 8733.0 8723.0 8723.0
104335 104425 8723.0 8733.0 8723.0 8723.0
104335 104431 8723.0 8733.0 8723.0 8723.0
104340 104438 8733.0 8733.0 8722.0 8722.0
104345 104441 8732.0 8732.0 8722.0 8722.0
104345 104443 8732.0 8732.0 8721.0 8721.0
104345 104445 8732.0 8732.0 8721.0 8721.0
104349 104446 8729.0 8730.0 8718.0 8718.0
104349 104449 8729.0 8730.0 8717.0 8717.0
104350 104450 8730.0 8730.0 8716.0 8716.0
104353 104452 8729.0 8729.0 8716.0 8717.0
104353 104453 8729.0 8729.0 8714.0 8714.0
104356 104454 8728.0 8728.0 8714.0 8716.0
104356 104455 8728.0 8728.0 8713.0 8713.0
104357 104457 8728.0 8728.0 8712.0 8712.0
104402 104500 8725.0 8727.0 8712.0 8712.0
104402 104501 8725.0 8727.0 8708.0 8708.0
104409 104503 8727.0 8727.0 8708.0 8709.0
104409 104505 8727.0 8727.0 8706.0 8706.0
104409 104509 8727.0 8727.0 8706.0 8708.0
104410 104510 8726.0 8726.0 8706.0 8708.0
104418 104511 8723.0 8723.0 8706.0 8709.0
104418 104514 8723.0 8723.0 8706.0 8711.0
104418 104515 8723.0 8723.0 8706.0 8712.0
104418 104516 8723.0 8723.0 8706.0 8711.0
104422 104521 8723.0 8723.0 8706.0 8712.0
104422 104522 8723.0 8723.0 8706.0 8714.0
104425 104524 8723.0 8723.0 8706.0 8716.0
104431 104531 8723.0 8723.0 8706.0 8717.0
104438 104537 8722.0 8722.0 8706.0 8717.0
104441 104540 8722.0 8722.0 8706.0 8716.0
104445 104544 8721.0 8726.0 8706.0 8726.0
104452 104551 8717.0 8726.0 8706.0 8717.0
104457 104556 8712.0 8726.0 8706.0 8716.0
104509 104609 8708.0 8726.0 8708.0 8714.0
104510 104610 8708.0 8726.0 8708.0 8721.0
104515 104615 8712.0 8726.0 8711.0 8721.0
104531 104625 8717.0 8733.0 8714.0 8733.0
104537 104635 8717.0 8733.0 8714.0 8724.0
104537 104637 8717.0 8733.0 8714.0 8733.0
104540 104640 8716.0 8733.0 8714.0 8723.0
104551 104650 8717.0 8733.0 8714.0 8733.0
104556 104653 8716.0 8733.0 8714.0 8724.0
104609 104702 8714.0 8733.0 8714.0 8724.0
104625 104717 8733.0 8737.0 8723.0 8737.0
104635 104727 8724.0 8737.0 8723.0 8736.0
104635 104728 8724.0 8737.0 8723.0 8723.0
104637 104736 8733.0 8737.0 8723.0 8723.0
104650 104741 8733.0 8737.0 8723.0 8724.0
104650 104744 8733.0 8737.0 8723.0 8723.0
104650 104745 8733.0 8737.0 8717.0 8717.0
104717 104805 8737.0 8737.0 8717.0 8724.0
104727 104819 8736.0 8736.0 8717.0 8719.0
104741 104841 8724.0 8736.0 8717.0 8736.0
104805 104847 8724.0 8736.0 8719.0 8723.0
104805 104848 8724.0 8736.0 8719.0 8725.0
104805 104858 8724.0 8736.0 8719.0 8721.0
104819 104907 8719.0 8736.0 8719.0 8722.0
104841 104924 8736.0 8736.0 8721.0 8722.0
104841 104928 8736.0 8736.0 8721.0 8722.0
104924 105008 8722.0 8725.0 8722.0 8725.0
104924 105014 8722.0 8725.0 8722.0 8725.0
104924 105015 8722.0 8725.0 8722.0 8725.0
104924 105016 8722.0 8725.0 8722.0 8725.0
105008 105037 8725.0 8725.0 8723.0 8723.0
105008 105038 8725.0 8725.0 8723.0 8723.0
105008 105043 8725.0 8725.0 8722.0 8722.0
105008 105051 8725.0 8725.0 8722.0 8722.0
105008 105055 8725.0 8725.0 8722.0 8722.0
105008 105058 8725.0 8725.0 8721.0 8721.0
105037 105119 8723.0 8725.0 8721.0 8725.0
105055 105152 8722.0 8725.0 8721.0 8725.0
105055 105153 8722.0 8725.0 8721.0 8724.0
105119 105215 8725.0 8726.0 8724.0 8726.0
105152 105229 8725.0 8726.0 8724.0 8725.0
105152 105230 8725.0 8726.0 8724.0 8726.0
105215 105300 8726.0 8726.0 8725.0 8725.0
105229 105321 8725.0 8726.0 8724.0 8724.0
105229 105325 8725.0 8726.0 8724.0 8725.0
105300 105333 8725.0 8725.0 8724.0 8725.0
105300 105341 8725.0 8736.0 8724.0 8736.0
105300 105347 8725.0 8736.0 8723.0 8723.0
105321 105407 8724.0 8736.0 8723.0 8724.0
105321 105416 8724.0 8736.0 8722.0 8722.0
105321 105418 8724.0 8736.0 8719.0 8719.0
105407 105453 8724.0 8724.0 8719.0 8719.0
105453 105520 8719.0 8724.0 8719.0 8724.0
105453 105545 8719.0 8724.0 8718.0 8718.0
105520 105600 8724.0 8727.0 8718.0 8727.0
105520 105619 8724.0 8727.0 8718.0 8722.0
105545 105624 8718.0 8727.0 8718.0 8721.0
105545 105633 8718.0 8727.0 8718.0 8722.0
105545 105637 8718.0 8727.0 8718.0 8722.0
105753 105753 8726.0 8726.0 8726.0 8726.0
105753 105807 8726.0 8726.0 8726.0 8726.0
105807 105857 8726.0 8729.0 8726.0 8729.0
105807 105905 8726.0 8729.0 8726.0 8726.0
105857 105908 8729.0 8729.0 8726.0 8727.0
105857 105917 8729.0 8736.0 8726.0 8736.0
105905 105959 8726.0 8736.0 8726.0 8731.0
105905 110001 8726.0 8736.0 8726.0 8732.0
105905 110004 8726.0 8736.0 8726.0 8732.0
105959 110029 8731.0 8732.0 8731.0 8732.0
110029 110112 8732.0 8732.0 8729.0 8729.0
110029 110129 8732.0 8732.0 8729.0 8730.0
110112 110139 8729.0 8730.0 8728.0 8728.0
110112 110142 8729.0 8730.0 8727.0 8727.0
110112 110148 8729.0 8730.0 8727.0 8729.0
110112 110158 8729.0 8730.0 8727.0 8729.0
110112 110207 8729.0 8730.0 8727.0 8728.0
110129 110214 8730.0 8730.0 8727.0 8727.0
110129 110215 8730.0 8730.0 8727.0 8727.0
110139 110237 8728.0 8729.0 8727.0 8729.0
110158 110250 8729.0 8730.0 8727.0 8730.0
110237 110316 8729.0 8730.0 8729.0 8729.0
110237 110326 8729.0 8730.0 8727.0 8727.0
110237 110336 8729.0 8730.0 8726.0 8726.0
110250 110339 8730.0 8730.0 8724.0 8724.0
110250 110341 8730.0 8730.0 8724.0 8724.0
110250 110345 8730.0 8730.0 8724.0 8724.0
110316 110403 8729.0 8729.0 8724.0 8725.0
110316 110405 8729.0 8729.0 8723.0 8723.0
110316 110416 8729.0 8729.0 8723.0 8724.0
110336 110436 8726.0 8726.0 8723.0 8723.0
110339 110437 8724.0 8725.0 8723.0 8724.0
110403 110501 8725.0 8725.0 8722.0 8722.0
110403 110503 8725.0 8725.0 8721.0 8721.0
110436 110518 8723.0 8724.0 8721.0 8724.0
110501 110558 8722.0 8724.0 8721.0 8722.0
110501 110559 8722.0 8724.0 8721.0 8721.0
110503 110602 8721.0 8724.0 8720.0 8720.0
110518 110608 8724.0 8724.0 8719.0 8719.0
110518 110612 8724.0 8724.0 8718.0 8718.0
110518 110613 8724.0 8724.0 8718.0 8718.0
110558 110619 8722.0 8722.0 8717.0 8717.0
110558 110620 8722.0 8722.0 8717.0 8717.0
110558 110631 8722.0 8722.0 8709.0 8709.0
110558 110651 8722.0 8722.0 8709.0 8717.0
110558 110655 8722.0 8722.0 8709.0 8716.0
110558 110656 8722.0 8722.0 8709.0 8717.0
110558 110657 8722.0 8722.0 8709.0 8717.0
110612 110710 8718.0 8718.0 8709.0 8716.0
110619 110715 8717.0 8717.0 8709.0 8715.0
110631 110725 8709.0 8717.0 8709.0 8714.0
110631 110726 8709.0 8717.0 8709.0 8712.0
110631 110729 8709.0 8717.0 8709.0 8713.0
110631 110731 8709.0 8717.0 8709.0 8711.0
110651 110737 8717.0 8717.0 8710.0 8710.0
110651 110741 8717.0 8717.0 8710.0 8710.0
110655 110754 8716.0 8717.0 8709.0 8709.0
110655 110755 8716.0 8717.0 8709.0 8709.0
110710 110759 8716.0 8716.0 8709.0 8709.0
110710 110801 8716.0 8716.0 8709.0 8709.0
110710 110802 8716.0 8716.0 8708.0 8708.0
110710 110803 8716.0 8716.0 8707.0 8707.0
110710 110805 8716.0 8716.0 8707.0 8707.0
110710 110806 8716.0 8716.0 8707.0 8709.0
110710 110808 8716.0 8716.0 8707.0 8711.0
110710 110809 8716.0 8716.0 8707.0 8711.0
110710 110810 8716.0 8716.0 8707.0 8714.0
110715 110812 8715.0 8717.0 8707.0 8717.0
110725 110818 8714.0 8719.0 8707.0 8719.0
110725 110820 8714.0 8721.0 8707.0 8721.0
110725 110821 8714.0 8721.0 8707.0 8721.0
110725 110825 8714.0 8721.0 8707.0 8719.0
110729 110829 8713.0 8723.0 8707.0 8723.0
110731 110830 8711.0 8723.0 8707.0 8719.0
110737 110836 8710.0 8723.0 8707.0 8718.0
110737 110837 8710.0 8723.0 8707.0 8720.0
110754 110843 8709.0 8723.0 8707.0 8720.0
110754 110847 8709.0 8723.0 8707.0 8721.0
110802 110902 8708.0 8723.0 8707.0 8719.0
110805 110904 8707.0 8723.0 8707.0 8719.0
110820 110920 8721.0 8723.0 8714.0 8714.0
110836 110934 8718.0 8721.0 8714.0 8721.0
110902 111002 8719.0 8721.0 8714.0 8717.0
110920 111016 8714.0 8721.0 8714.0 8719.0
111002 111038 8717.0 8722.0 8717.0 8722.0
111002 111043 8717.0 8722.0 8717.0 8722.0
111002 111056 8717.0 8723.0 8717.0 8723.0
111016 111103 8719.0 8723.0 8719.0 8722.0
111016 111106 8719.0 8725.0 8719.0 8725.0
111016 111115 8719.0 8726.0 8719.0 8726.0
111115 111211 8726.0 8726.0 8724.0 8724.0
111115 111215 8726.0 8726.0 8724.0 8724.0
111211 111228 8724.0 8728.0 8724.0 8728.0
111211 111309 8724.0 8728.0 8724.0 8724.0
111211 111310 8724.0 8728.0 8723.0 8723.0
111309 111346 8724.0 8724.0 8723.0 8724.0
111309 111347 8724.0 8724.0 8722.0 8722.0
111309 111353 8724.0 8724.0 8722.0 8724.0
111309 111358 8724.0 8724.0 8722.0 8722.0
111309 111403 8724.0 8724.0 8722.0 8723.0
111515 111515 8723.0 8723.0 8723.0 8723.0
111515 111610 8723.0 8724.0 8723.0 8724.0
111610 111659 8724.0 8724.0 8723.0 8723.0
111659 111724 8723.0 8723.0 8723.0 8723.0
111659 111725 8723.0 8723.0 8723.0 8723.0
111838 111838 8725.0 8725.0 8725.0 8725.0
111838 111847 8725.0 8726.0 8725.0 8726.0
111955 111955 8725.0 8725.0 8725.0 8725.0
111955 112015 8725.0 8725.0 8723.0 8723.0
111955 112044 8725.0 8725.0 8723.0 8724.0
112230 112230 8724.0 8724.0 8724.0 8724.0
112402 112402 8723.0 8723.0 8723.0 8723.0
112539 112539 8722.0 8722.0 8722.0 8722.0
112539 112543 8722.0 8722.0 8722.0 8722.0
112539 112548 8722.0 8722.0 8721.0 8721.0
112745 112745 8722.0 8722.0 8722.0 8722.0
112745 112839 8722.0 8722.0 8720.0 8720.0
112839 112859 8720.0 8720.0 8719.0 8719.0
112839 112902 8720.0 8720.0 8719.0 8719.0
112839 112903 8720.0 8720.0 8718.0 8718.0
112839 112904 8720.0 8720.0 8717.0 8717.0
112839 112905 8720.0 8720.0 8717.0 8717.0
113008 113008 8720.0 8720.0 8720.0 8720.0
113114 113114 8715.0 8715.0 8715.0 8715.0
113114 113115 8715.0 8715.0 8715.0 8715.0
113114 113117 8715.0 8715.0 8713.0 8713.0
113114 113123 8715.0 8715.0 8713.0 8715.0
113114 113136 8715.0 8716.0 8713.0 8716.0
113114 113137 8715.0 8716.0 8713.0 8716.0
113114 113143 8715.0 8716.0 8713.0 8716.0
113114 113155 8715.0 8716.0 8713.0 8715.0
113114 113202 8715.0 8716.0 8713.0 8715.0
113114 113204 8715.0 8716.0 8713.0 8715.0
113114 113214 8715.0 8716.0 8713.0 8713.0
113155 113255 8715.0 8715.0 8713.0 8715.0
113255 113341 8715.0 8716.0 8715.0 8716.0
113255 113347 8715.0 8716.0 8714.0 8714.0
113341 113413 8716.0 8716.0 8713.0 8713.0
113341 113414 8716.0 8716.0 8712.0 8712.0
113341 113415 8716.0 8716.0 8711.0 8711.0
113341 113416 8716.0 8716.0 8709.0 8709.0
113341 113418 8716.0 8716.0 8708.0 8708.0
113341 113419 8716.0 8716.0 8708.0 8708.0
113341 113431 8716.0 8716.0 8707.0 8707.0
113341 113433 8716.0 8716.0 8706.0 8706.0
113341 113435 8716.0 8716.0 8706.0 8706.0
113341 113437 8716.0 8716.0 8706.0 8706.0
113341 113439 8716.0 8716.0 8705.0 8705.0
113341 113440 8716.0 8716.0 8704.0 8704.0
113341 113441 8716.0 8716.0 8702.0 8702.0
113347 113446 8714.0 8714.0 8702.0 8705.0
113413 113501 8713.0 8713.0 8702.0 8711.0
113413 113502 8713.0 8713.0 8702.0 8711.0
113431 113523 8707.0 8715.0 8702.0 8715.0
113431 113524 8707.0 8715.0 8702.0 8715.0
113433 113532 8706.0 8715.0 8702.0 8715.0
113501 113548 8711.0 8715.0 8706.0 8706.0
113501 113550 8711.0 8715.0 8706.0 8713.0
113523 113608 8715.0 8716.0 8706.0 8716.0
113523 113618 8715.0 8717.0 8706.0 8717.0
113523 113620 8715.0 8719.0 8706.0 8719.0
113608 113654 8716.0 8719.0 8716.0 8718.0
113608 113656 8716.0 8719.0 8716.0 8718.0
113608 113705 8716.0 8719.0 8716.0 8718.0
113836 113836 8718.0 8718.0 8718.0 8718.0
113836 113905 8718.0 8718.0 8717.0 8717.0
113836 113910 8718.0 8718.0 8717.0 8717.0
113836 113911 8718.0 8718.0 8717.0 8717.0
113836 113915 8718.0 8718.0 8717.0 8717.0
113905 113945 8717.0 8717.0 8716.0 8716.0
113905 113955 8717.0 8717.0 8716.0 8717.0
113905 114002 8717.0 8717.0 8716.0 8716.0
113945 114036 8716.0 8727.0 8716.0 8727.0
114036 114104 8727.0 8727.0 8717.0 8717.0
114036 114106 8727.0 8728.0 8717.0 8728.0
114036 114122 8727.0 8728.0 8717.0 8718.0
114036 114131 8727.0 8728.0 8717.0 8717.0
114104 114144 8717.0 8728.0 8717.0 8717.0
114122 114214 8718.0 8718.0 8717.0 8717.0
114214 114246 8717.0 8717.0 8716.0 8716.0
114246 114320 8716.0 8716.0 8714.0 8714.0
114246 114328 8716.0 8716.0 8713.0 8713.0
114246 114333 8716.0 8716.0 8713.0 8713.0
114246 114343 8716.0 8716.0 8711.0 8711.0
114320 114349 8714.0 8714.0 8708.0 8708.0
114320 114350 8714.0 8714.0 8708.0 8708.0
114320 114351 8714.0 8714.0 8707.0 8707.0
114320 114357 8714.0 8714.0 8705.0 8705.0
114320 114410 8714.0 8714.0 8705.0 8710.0
114410 114502 8710.0 8710.0 8707.0 8707.0
114410 114504 8710.0 8710.0 8706.0 8706.0
114410 114505 8710.0 8710.0 8706.0 8706.0
114410 114506 8710.0 8710.0 8705.0 8705.0
114502 114517 8707.0 8707.0 8703.0 8703.0
114502 114518 8707.0 8707.0 8703.0 8703.0
114502 114519 8707.0 8707.0 8701.0 8701.0
114502 114531 8707.0 8707.0 8701.0 8704.0
114502 114552 8707.0 8707.0 8701.0 8702.0
114502 114553 8707.0 8707.0 8701.0 8702.0
114502 114554 8707.0 8707.0 8700.0 8700.0
114502 114558 8707.0 8707.0 8699.0 8699.0
114502 114559 8707.0 8707.0 8698.0 8698.0
114502 114600 8707.0 8707.0 8698.0 8698.0
114504 114603 8706.0 8706.0 8696.0 8696.0
114504 114604 8706.0 8706.0 8696.0 8697.0
114517 114609 8703.0 8704.0 8696.0 8698.0
114531 114626 8704.0 8704.0 8696.0 8702.0
114531 114628 8704.0 8704.0 8696.0 8700.0
114552 114633 8702.0 8702.0 8693.0 8693.0
114552 114637 8702.0 8702.0 8693.0 8697.0
114552 114638 8702.0 8702.0 8693.0 8696.0
114552 114639 8702.0 8702.0 8693.0 8695.0
114552 114640 8702.0 8702.0 8693.0 8693.0
114552 114641 8702.0 8702.0 8693.0 8693.0
114552 114644 8702.0 8702.0 8693.0 8695.0
114552 114646 8702.0 8702.0 8693.0 8694.0
114552 114647 8702.0 8702.0 8692.0 8692.0
114552 114649 8702.0 8702.0 8691.0 8691.0
114552 114650 8702.0 8702.0 8691.0 8691.0
114552 114652 8702.0 8702.0 8690.0 8690.0
114553 114653 8702.0 8702.0 8690.0 8690.0
114554 114654 8700.0 8702.0 8690.0 8690.0
114558 114655 8699.0 8702.0 8688.0 8688.0
114558 114656 8699.0 8702.0 8688.0 8688.0
114558 114657 8699.0 8702.0 8688.0 8688.0
114558 114658 8699.0 8702.0 8688.0 8688.0
114559 114659 8698.0 8702.0 8688.0 8688.0
114600 114700 8698.0 8702.0 8688.0 8688.0
114603 114701 8696.0 8702.0 8688.0 8688.0
114603 114702 8696.0 8702.0 8687.0 8687.0
114626 114711 8702.0 8702.0 8687.0 8691.0
114626 114717 8702.0 8702.0 8687.0 8687.0
114626 114723 8702.0 8702.0 8687.0 8692.0
114628 114728 8700.0 8700.0 8687.0 8687.0
114644 114743 8695.0 8695.0 8687.0 8693.0
114647 114747 8692.0 8695.0 8687.0 8695.0
114649 114748 8691.0 8696.0 8687.0 8696.0
114654 114754 8690.0 8696.0 8687.0 8696.0
114655 114755 8688.0 8697.0 8687.0 8697.0
114723 114819 8692.0 8699.0 8687.0 8699.0
114728 114825 8687.0 8699.0 8687.0 8698.0
114728 114826 8687.0 8699.0 8687.0 8698.0
114819 114919 8699.0 8701.0 8698.0 8701.0
114825 114923 8698.0 8704.0 8698.0 8704.0
114919 114943 8701.0 8704.0 8701.0 8704.0
114919 114946 8701.0 8704.0 8701.0 8704.0
114919 114948 8701.0 8704.0 8701.0 8704.0
114919 114950 8701.0 8704.0 8701.0 8704.0
114919 115006 8701.0 8706.0 8701.0 8706.0
114919 115009 8701.0 8706.0 8701.0 8706.0
114919 115012 8701.0 8707.0 8701.0 8707.0
114943 115030 8704.0 8707.0 8704.0 8705.0
114943 115035 8704.0 8707.0 8704.0 8704.0
114943 115040 8704.0 8707.0 8702.0 8702.0
115006 115101 8706.0 8707.0 8701.0 8701.0
115012 115111 8707.0 8707.0 8701.0 8701.0
115030 115119 8705.0 8705.0 8698.0 8698.0
115030 115121 8705.0 8705.0 8697.0 8697.0
115030 115130 8705.0 8705.0 8697.0 8701.0
115101 115146 8701.0 8703.0 8697.0 8703.0
115101 115147 8701.0 8703.0 8697.0 8699.0
115101 115154 8701.0 8703.0 8697.0 8700.0
115101 115159 8701.0 8703.0 8697.0 8700.0
115111 115204 8701.0 8703.0 8697.0 8700.0
115315 115315 8698.0 8698.0 8698.0 8698.0
115315 115317 8698.0 8698.0 8697.0 8697.0
115315 115359 8698.0 8699.0 8697.0 8699.0
115359 115444 8699.0 8699.0 8695.0 8695.0
115444 115501 8695.0 8695.0 8693.0 8693.0
115444 115502 8695.0 8695.0 8693.0 8693.0
115444 115513 8695.0 8695.0 8685.0 8685.0
115444 115516 8695.0 8695.0 8685.0 8693.0
115444 115522 8695.0 8695.0 8685.0 8692.0
115444 115535 8695.0 8695.0 8685.0 8690.0
115444 115539 8695.0 8695.0 8685.0 8690.0
115444 115540 8695.0 8695.0 8685.0 8689.0
115444 115542 8695.0 8695.0 8685.0 8689.0
115513 115610 8685.0 8693.0 8685.0 8691.0
115535 115629 8690.0 8694.0 8689.0 8694.0
115535 115632 8690.0 8696.0 8689.0 8696.0
115610 115649 8691.0 8699.0 8691.0 8699.0
115610 115704 8691.0 8699.0 8691.0 8696.0
115629 115728 8694.0 8699.0 8692.0 8692.0
115629 115729 8694.0 8699.0 8692.0 8692.0
115704 115750 8696.0 8696.0 8692.0 8696.0
115704 115755 8696.0 8696.0 8692.0 8696.0
115704 115756 8696.0 8697.0 8692.0 8697.0
115728 115816 8692.0 8697.0 8692.0 8694.0
115728 115824 8692.0 8697.0 8692.0 8694.0
115728 115826 8692.0 8697.0 8692.0 8693.0
115728 115828 8692.0 8697.0 8692.0 8693.0
115750 115834 8696.0 8697.0 8692.0 8692.0
115750 115838 8696.0 8697.0 8689.0 8689.0
115750 115839 8696.0 8697.0 8688.0 8688.0
115750 115840 8696.0 8697.0 8688.0 8688.0
115750 115842 8696.0 8697.0 8688.0 8688.0
115750 115843 8696.0 8697.0 8688.0 8688.0
115750 115849 8696.0 8697.0 8688.0 8690.0
115816 115904 8694.0 8694.0 8688.0 8690.0
115834 115931 8692.0 8692.0 8688.0 8690.0
115842 115942 8688.0 8690.0 8686.0 8686.0
115843 115943 8688.0 8690.0 8685.0 8685.0
115849 115949 8690.0 8690.0 8684.0 8684.0
115931 120007 8690.0 8690.0 8684.0 8690.0
115931 120008 8690.0 8690.0 8684.0 8690.0
115931 120024 8690.0 8691.0 8684.0 8691.0
115942 120036 8686.0 8691.0 8684.0 8690.0
120036 120129 8690.0 8690.0 8688.0 8688.0
120129 120214 8688.0 8688.0 8688.0 8688.0
120214 120235 8688.0 8688.0 8685.0 8685.0
120214 120308 8688.0 8688.0 8685.0 8687.0
120235 120325 8685.0 8689.0 8685.0 8689.0
120235 120329 8685.0 8689.0 8685.0 8689.0
120308 120337 8687.0 8690.0 8687.0 8690.0
120308 120338 8687.0 8691.0 8687.0 8691.0
120308 120340 8687.0 8692.0 8687.0 8692.0
120308 120343 8687.0 8692.0 8687.0 8692.0
120308 120356 8687.0 8694.0 8687.0 8694.0
120308 120357 8687.0 8694.0 8687.0 8694.0
120308 120403 8687.0 8695.0 8687.0 8695.0
120356 120447 8694.0 8695.0 8694.0 8695.0
120447 120515 8695.0 8695.0 8694.0 8694.0
120515 120606 8694.0 8694.0 8690.0 8690.0
120515 120610 8694.0 8694.0 8690.0 8691.0
120515 120614 8694.0 8694.0 8690.0 8690.0
120606 120620 8690.0 8691.0 8690.0 8691.0
120606 120632 8690.0 8691.0 8685.0 8685.0
120606 120633 8690.0 8691.0 8685.0 8689.0
120606 120635 8690.0 8691.0 8685.0 8689.0
120606 120638 8690.0 8691.0 8685.0 8688.0
120620 120717 8691.0 8691.0 8685.0 8691.0
120902 120902 8694.0 8694.0 8694.0 8694.0
120902 120913 8694.0 8694.0 8692.0 8692.0
120902 120956 8694.0 8694.0 8691.0 8691.0
120913 121009 8692.0 8692.0 8689.0 8689.0
120913 121012 8692.0 8692.0 8688.0 8688.0
120956 121014 8691.0 8691.0 8687.0 8687.0
120956 121015 8691.0 8691.0 8684.0 8684.0
120956 121016 8691.0 8691.0 8684.0 8684.0
120956 121018 8691.0 8691.0 8684.0 8685.0
120956 121021 8691.0 8691.0 8684.0 8685.0
120956 121047 8691.0 8691.0 8684.0 8687.0
121009 121057 8689.0 8689.0 8684.0 8687.0
121009 121101 8689.0 8689.0 8684.0 8687.0
121047 121128 8687.0 8687.0 8682.0 8682.0
121047 121129 8687.0 8687.0 8681.0 8681.0
121047 121131 8687.0 8687.0 8679.0 8679.0
121047 121132 8687.0 8687.0 8678.0 8678.0
121047 121136 8687.0 8687.0 8677.0 8677.0
121047 121142 8687.0 8687.0 8676.0 8676.0
121047 121143 8687.0 8687.0 8676.0 8676.0
121047 121146 8687.0 8687.0 8676.0 8676.0
121057 121152 8687.0 8687.0 8675.0 8675.0
121057 121154 8687.0 8687.0 8674.0 8674.0
121057 121155 8687.0 8687.0 8674.0 8674.0
121057 121156 8687.0 8687.0 8673.0 8673.0
121101 121159 8687.0 8687.0 8672.0 8672.0
121128 121203 8682.0 8682.0 8672.0 8674.0
121128 121211 8682.0 8682.0 8672.0 8672.0
121128 121220 8682.0 8682.0 8672.0 8675.0
121128 121222 8682.0 8682.0 8672.0 8675.0
121128 121223 8682.0 8682.0 8672.0 8679.0
121131 121230 8679.0 8681.0 8672.0 8681.0
121131 121231 8679.0 8681.0 8672.0 8680.0
121142 121241 8676.0 8682.0 8672.0 8682.0
121142 121242 8676.0 8682.0 8672.0 8682.0
121146 121246 8676.0 8682.0 8672.0 8681.0
121152 121247 8675.0 8682.0 8672.0 8681.0
121203 121300 8674.0 8682.0 8672.0 8675.0
121241 121340 8682.0 8682.0 8675.0 8678.0
121300 121358 8675.0 8678.0 8675.0 8677.0
121340 121401 8678.0 8678.0 8677.0 8678.0
121340 121415 8678.0 8678.0 8677.0 8677.0
121340 121427 8678.0 8678.0 8673.0 8673.0
121340 121438 8678.0 8678.0 8673.0 8676.0
121358 121450 8677.0 8678.0 8673.0 8678.0
121358 121454 8677.0 8679.0 8673.0 8679.0
121415 121506 8677.0 8679.0 8673.0 8679.0
121415 121507 8677.0 8680.0 8673.0 8680.0
121438 121534 8676.0 8681.0 8676.0 8681.0
121534 121614 8681.0 8681.0 8678.0 8678.0
121534 121629 8681.0 8681.0 8674.0 8674.0
121614 121638 8678.0 8678.0 8672.0 8672.0
121614 121639 8678.0 8678.0 8670.0 8670.0
121614 121640 8678.0 8678.0 8669.0 8669.0
121614 121641 8678.0 8678.0 8669.0 8676.0
121614 121642 8678.0 8678.0 8669.0 8674.0
121614 121643 8678.0 8678.0 8669.0 8671.0
121614 121704 8678.0 8678.0 8669.0 8676.0
121629 121718 8674.0 8678.0 8669.0 8678.0
121638 121736 8672.0 8678.0 8669.0 8675.0
121704 121759 8676.0 8678.0 8675.0 8676.0
121704 121802 8676.0 8678.0 8675.0 8675.0
121718 121810 8678.0 8678.0 8675.0 8675.0
121736 121825 8675.0 8677.0 8675.0 8677.0
121736 121826 8675.0 8677.0 8675.0 8677.0
121759 121850 8676.0 8677.0 8675.0 8676.0
121802 121901 8675.0 8677.0 8675.0 8675.0
121810 121903 8675.0 8677.0 8675.0 8675.0
121810 121908 8675.0 8677.0 8675.0 8675.0
121825 121916 8677.0 8677.0 8675.0 8675.0
121825 121920 8677.0 8677.0 8674.0 8674.0
121825 121921 8677.0 8677.0 8674.0 8674.0
121825 121922 8677.0 8677.0 8674.0 8675.0
121850 121934 8676.0 8676.0 8674.0 8674.0
121901 121957 8675.0 8675.0 8673.0 8673.0
121903 122002 8675.0 8675.0 8671.0 8671.0
121903 122003 8675.0 8675.0 8670.0 8670.0
121908 122006 8675.0 8675.0 8669.0 8669.0
121908 122007 8675.0 8675.0 8668.0 8668.0
121916 122009 8675.0 8675.0 8668.0 8668.0
121916 122016 8675.0 8675.0 8668.0 8670.0
121920 122019 8674.0 8675.0 8662.0 8662.0
121921 122021 8674.0 8675.0 8662.0 8670.0
121934 122026 8674.0 8674.0 8662.0 8667.0
121934 122028 8674.0 8674.0 8662.0 8667.0
121934 122029 8674.0 8674.0 8662.0 8667.0
121934 122031 8674.0 8674.0 8662.0 8667.0
121957 122041 8673.0 8673.0 8662.0 8668.0
121957 122044 8673.0 8673.0 8662.0 8666.0
121957 122045 8673.0 8673.0 8662.0 8664.0
121957 122046 8673.0 8673.0 8662.0 8662.0
121957 122048 8673.0 8673.0 8662.0 8664.0
121957 122049 8673.0 8673.0 8662.0 8663.0
121957 122051 8673.0 8673.0 8661.0 8661.0
121957 122052 8673.0 8673.0 8661.0 8661.0
121957 122053 8673.0 8673.0 8660.0 8660.0
121957 122054 8673.0 8673.0 8659.0 8659.0
121957 122055 8673.0 8673.0 8658.0 8658.0
122002 122101 8671.0 8671.0 8657.0 8657.0
122003 122103 8670.0 8670.0 8657.0 8659.0
122006 122104 8669.0 8670.0 8657.0 8658.0
122006 122106 8669.0 8670.0 8657.0 8660.0
122007 122107 8668.0 8670.0 8657.0 8662.0
122009 122109 8668.0 8670.0 8657.0 8662.0
122016 122112 8670.0 8670.0 8657.0 8664.0
122016 122115 8670.0 8670.0 8657.0 8661.0
122016 122116 8670.0 8670.0 8657.0 8661.0
122028 122127 8667.0 8668.0 8657.0 8660.0
122031 122131 8667.0 8668.0 8657.0 8660.0
122041 122133 8668.0 8668.0 8657.0 8660.0
122041 122137 8668.0 8668.0 8657.0 8660.0
122041 122139 8668.0 8668.0 8657.0 8659.0
122048 122147 8664.0 8664.0 8657.0 8658.0
122055 122155 8658.0 8664.0 8657.0 8661.0
122101 122156 8657.0 8664.0 8657.0 8662.0
122115 122215 8661.0 8662.0 8658.0 8662.0
122127 122219 8660.0 8664.0 8658.0 8664.0
122127 122221 8660.0 8664.0 8658.0 8663.0
122133 122232 8660.0 8664.0 8658.0 8663.0
122137 122236 8660.0 8664.0 8658.0 8662.0
122147 122244 8658.0 8664.0 8658.0 8659.0
122147 122245 8658.0 8664.0 8658.0 8659.0
122155 122248 8661.0 8664.0 8659.0 8661.0
122155 122252 8661.0 8664.0 8659.0 8662.0
122215 122310 8662.0 8664.0 8659.0 8659.0
122215 122313 8662.0 8664.0 8659.0 8660.0
122219 122319 8664.0 8664.0 8658.0 8658.0
122232 122328 8663.0 8663.0 8658.0 8659.0
122244 122339 8659.0 8662.0 8657.0 8657.0
122244 122341 8659.0 8662.0 8656.0 8656.0
122244 122342 8659.0 8662.0 8655.0 8655.0
122244 122343 8659.0 8662.0 8654.0 8654.0
122244 122344 8659.0 8662.0 8654.0 8654.0
122245 122345 8659.0 8662.0 8654.0 8654.0
122248 122346 8661.0 8662.0 8654.0 8654.0
122252 122351 8662.0 8662.0 8654.0 8656.0
122310 122407 8659.0 8660.0 8654.0 8654.0
122310 122409 8659.0 8660.0 8653.0 8653.0
122310 122410 8659.0 8660.0 8653.0 8654.0
122319 122416 8658.0 8659.0 8653.0 8654.0
122319 122417 8658.0 8659.0 8653.0 8654.0
122328 122421 8659.0 8659.0 8653.0 8653.0
122328 122425 8659.0 8659.0 8653.0 8653.0
122328 122427 8659.0 8659.0 8653.0 8654.0
122339 122433 8657.0 8657.0 8653.0 8654.0
122345 122445 8654.0 8656.0 8652.0 8652.0
122346 122446 8654.0 8656.0 8652.0 8652.0
122351 122449 8656.0 8656.0 8652.0 8652.0
122407 122453 8654.0 8654.0 8651.0 8651.0
122407 122456 8654.0 8654.0 8651.0 8652.0
122407 122502 8654.0 8654.0 8651.0 8651.0
122425 122522 8653.0 8654.0 8646.0 8646.0
122427 122527 8654.0 8654.0 8646.0 8654.0
122522 122607 8646.0 8654.0 8646.0 8654.0
122522 122619 8646.0 8654.0 8646.0 8654.0
122522 122622 8646.0 8657.0 8646.0 8657.0
122527 122623 8654.0 8658.0 8654.0 8658.0
122527 122626 8654.0 8658.0 8654.0 8658.0
122607 122629 8654.0 8670.0 8654.0 8670.0
122607 122631 8654.0 8670.0 8654.0 8660.0
122607 122639 8654.0 8670.0 8654.0 8662.0
122607 122640 8654.0 8670.0 8654.0 8655.0
122607 122641 8654.0 8670.0 8654.0 8655.0
122607 122653 8654.0 8672.0 8654.0 8672.0
122607 122656 8654.0 8672.0 8654.0 8672.0
122639 122733 8662.0 8672.0 8655.0 8665.0
122653 122753 8672.0 8672.0 8663.0 8663.0
122733 122806 8665.0 8665.0 8661.0 8661.0
122753 122836 8663.0 8665.0 8661.0 8665.0
122753 122837 8663.0 8665.0 8661.0 8665.0
122836 122910 8665.0 8665.0 8665.0 8665.0
122836 122929 8665.0 8665.0 8665.0 8665.0
122836 122936 8665.0 8667.0 8665.0 8667.0
122910 122938 8665.0 8667.0 8665.0 8665.0
122910 122941 8665.0 8667.0 8665.0 8666.0
122929 123011 8665.0 8667.0 8665.0 8665.0
122929 123023 8665.0 8669.0 8665.0 8669.0
122929 123029 8665.0 8671.0 8665.0 8671.0
122936 123031 8667.0 8672.0 8665.0 8672.0
123011 123059 8665.0 8675.0 8665.0 8675.0
123011 123104 8665.0 8676.0 8665.0 8676.0
123023 123115 8669.0 8676.0 8669.0 8674.0
123023 123117 8669.0 8676.0 8669.0 8674.0
123059 123142 8675.0 8676.0 8674.0 8674.0
123059 123146 8675.0 8676.0 8670.0 8670.0
123115 123215 8674.0 8679.0 8670.0 8679.0
123117 123217 8674.0 8680.0 8670.0 8680.0
123142 123219 8674.0 8680.0 8670.0 8680.0
123142 123225 8674.0 8680.0 8670.0 8679.0
123142 123234 8674.0 8682.0 8670.0 8682.0
123146 123244 8670.0 8683.0 8670.0 8683.0
123215 123247 8679.0 8683.0 8679.0 8683.0
123215 123254 8679.0 8683.0 8679.0 8682.0
123215 123305 8679.0 8683.0 8679.0 8683.0
123215 123306 8679.0 8683.0 8679.0 8683.0
123215 123307 8679.0 8683.0 8679.0 8683.0
123215 123309 8679.0 8683.0 8679.0 8683.0
123215 123314 8679.0 8683.0 8679.0 8679.0
123217 123316 8680.0 8683.0 8679.0 8679.0
123219 123318 8680.0 8683.0 8679.0 8680.0
123234 123333 8682.0 8683.0 8679.0 8683.0
123254 123348 8682.0 8683.0 8679.0 8680.0
123316 123415 8679.0 8683.0 8679.0 8681.0
123348 123436 8680.0 8681.0 8680.0 8680.0
123348 123442 8680.0 8681.0 8680.0 8680.0
123348 123443 8680.0 8681.0 8679.0 8679.0
123348 123444 8680.0 8681.0 8679.0 8679.0
123348 123445 8680.0 8681.0 8679.0 8680.0
123348 123446 8680.0 8681.0 8679.0 8679.0
123348 123447 8680.0 8681.0 8679.0 8679.0
123415 123449 8681.0 8681.0 8679.0 8680.0
123415 123459 8681.0 8681.0 8679.0 8680.0
123415 123503 8681.0 8681.0 8679.0 8679.0
123436 123527 8680.0 8682.0 8679.0 8682.0
123442 123541 8680.0 8682.0 8679.0 8682.0
123527 123616 8682.0 8683.0 8682.0 8683.0
123541 123640 8682.0 8683.0 8681.0 8681.0
123541 123641 8682.0 8683.0 8681.0 8681.0
123616 123648 8683.0 8690.0 8681.0 8690.0
123616 123659 8683.0 8690.0 8681.0 8681.0
123616 123714 8683.0 8690.0 8681.0 8681.0
123616 123716 8683.0 8690.0 8681.0 8681.0
123716 123815 8681.0 8681.0 8680.0 8680.0
123815 123839 8680.0 8681.0 8680.0 8681.0
123815 123842 8680.0 8682.0 8680.0 8682.0
123815 123912 8680.0 8683.0 8680.0 8683.0
123839 123923 8681.0 8683.0 8681.0 8682.0
123842 123940 8682.0 8683.0 8679.0 8679.0
123842 123941 8682.0 8683.0 8678.0 8678.0
123842 123942 8682.0 8683.0 8678.0 8678.0
123912 123945 8683.0 8683.0 8678.0 8678.0
123912 123957 8683.0 8683.0 8677.0 8677.0
123912 124001 8683.0 8683.0 8676.0 8676.0
123912 124007 8683.0 8683.0 8669.0 8669.0
123923 124014 8682.0 8682.0 8669.0 8677.0
123923 124021 8682.0 8682.0 8669.0 8674.0
123923 124022 8682.0 8682.0 8669.0 8673.0
123923 124023 8682.0 8682.0 8669.0 8673.0
123940 124032 8679.0 8679.0 8669.0 8674.0
124007 124102 8669.0 8677.0 8668.0 8668.0
124102 124138 8668.0 8671.0 8668.0 8671.0
124138 124209 8671.0 8676.0 8671.0 8676.0
124209 124255 8676.0 8682.0 8676.0 8682.0
124209 124257 8676.0 8682.0 8676.0 8682.0
124209 124258 8676.0 8682.0 8676.0 8682.0
124209 124300 8676.0 8684.0 8676.0 8684.0
124209 124304 8676.0 8684.0 8676.0 8682.0
124209 124305 8676.0 8684.0 8676.0 8684.0
124255 124324 8682.0 8684.0 8681.0 8681.0
124255 124337 8682.0 8684.0 8681.0 8682.0
124255 124343 8682.0 8684.0 8681.0 8682.0
124324 124421 8681.0 8682.0 8681.0 8681.0
124343 124441 8682.0 8682.0 8680.0 8680.0
124421 124452 8681.0 8681.0 8680.0 8680.0
124421 124510 8681.0 8681.0 8680.0 8680.0
124452 124548 8680.0 8680.0 8678.0 8678.0
124452 124549 8680.0 8680.0 8677.0 8677.0
124452 124551 8680.0 8680.0 8677.0 8677.0
124510 124554 8680.0 8680.0 8676.0 8676.0
124548 124634 8678.0 8678.0 8676.0 8677.0
124549 124649 8677.0 8677.0 8676.0 8676.0
124634 124709 8677.0 8677.0 8676.0 8677.0
124634 124720 8677.0 8677.0 8676.0 8676.0
124649 124737 8676.0 8677.0 8674.0 8674.0
124649 124741 8676.0 8677.0 8674.0 8674.0
124649 124743 8676.0 8677.0 8672.0 8672.0
124649 124744 8676.0 8677.0 8671.0 8671.0
124649 124746 8676.0 8677.0 8669.0 8669.0
124649 124747 8676.0 8677.0 8669.0 8669.0
124709 124754 8677.0 8677.0 8669.0 8669.0
124709 124802 8677.0 8677.0 8669.0 8672.0
124720 124819 8676.0 8676.0 8665.0 8665.0
124720 124820 8676.0 8676.0 8665.0 8665.0
124819 124914 8665.0 8665.0 8664.0 8664.0
124914 124931 8664.0 8671.0 8664.0 8671.0
124914 124932 8664.0 8672.0 8664.0 8672.0
124914 124935 8664.0 8672.0 8664.0 8669.0
124914 124958 8664.0 8672.0 8664.0 8672.0
124914 125010 8664.0 8672.0 8664.0 8672.0
124931 125016 8671.0 8672.0 8669.0 8671.0
124958 125047 8672.0 8672.0 8671.0 8672.0
125154 125154 8673.0 8673.0 8673.0 8673.0
125154 125219 8673.0 8677.0 8673.0 8677.0
125154 125221 8673.0 8677.0 8671.0 8671.0
125219 125300 8677.0 8678.0 8671.0 8678.0
125219 125306 8677.0 8680.0 8671.0 8680.0
125219 125308 8677.0 8680.0 8671.0 8680.0
125219 125314 8677.0 8680.0 8671.0 8679.0
125300 125335 8678.0 8682.0 8678.0 8682.0
125300 125336 8678.0 8685.0 8678.0 8685.0
125300 125352 8678.0 8690.0 8678.0 8690.0
125306 125405 8680.0 8691.0 8679.0 8691.0
125314 125411 8679.0 8691.0 8679.0 8690.0
125335 125417 8682.0 8691.0 8682.0 8690.0
125335 125435 8682.0 8698.0 8682.0 8698.0
125405 125454 8691.0 8698.0 8687.0 8687.0
125411 125511 8690.0 8698.0 8687.0 8689.0
125454 125542 8687.0 8689.0 8687.0 8688.0
125511 125558 8689.0 8690.0 8688.0 8690.0
125542 125625 8688.0 8692.0 8688.0 8692.0
125542 125626 8688.0 8692.0 8688.0 8692.0
125542 125631 8688.0 8692.0 8688.0 8692.0
125542 125635 8688.0 8692.0 8688.0 8692.0
125542 125637 8688.0 8693.0 8688.0 8693.0
125558 125655 8690.0 8693.0 8687.0 8687.0
125625 125701 8692.0 8693.0 8687.0 8687.0
125701 125758 8687.0 8691.0 8687.0 8691.0
125758 125803 8691.0 8692.0 8691.0 8692.0
125758 125805 8691.0 8694.0 8691.0 8694.0
125758 125826 8691.0 8694.0 8691.0 8693.0
125758 125832 8691.0 8694.0 8691.0 8693.0
125758 125839 8691.0 8694.0 8691.0 8693.0
125826 125922 8693.0 8696.0 8693.0 8696.0
125839 125938 8693.0 8696.0 8693.0 8696.0
125839 125939 8693.0 8699.0 8693.0 8699.0
125922 125950 8696.0 8700.0 8696.0 8700.0
125922 125953 8696.0 8701.0 8696.0 8701.0
125922 125959 8696.0 8702.0 8696.0 8702.0
125922 130000 8696.0 8702.0 8696.0 8702.0
125922 130002 8696.0 8703.0 8696.0 8703.0
125922 130007 8696.0 8704.0 8696.0 8704.0
125938 130025 8696.0 8704.0 8696.0 8703.0
125938 130033 8696.0 8705.0 8696.0 8705.0
125938 130035 8696.0 8706.0 8696.0 8706.0
125938 130036 8696.0 8706.0 8696.0 8706.0
125938 130037 8696.0 8706.0 8696.0 8706.0
125938 130038 8696.0 8706.0 8696.0 8706.0
125950 130048 8700.0 8706.0 8700.0 8700.0
125959 130055 8702.0 8706.0 8700.0 8700.0
130025 130112 8703.0 8706.0 8700.0 8702.0
130025 130119 8703.0 8706.0 8700.0 8702.0
130033 130133 8705.0 8706.0 8700.0 8700.0
130036 130136 8706.0 8706.0 8698.0 8698.0
130048 130144 8700.0 8702.0 8698.0 8700.0
130048 130148 8700.0 8702.0 8698.0 8698.0
130055 130149 8700.0 8702.0 8698.0 8699.0
130055 130155 8700.0 8702.0 8698.0 8699.0
130112 130200 8702.0 8702.0 8698.0 8702.0
130112 130208 8702.0 8702.0 8698.0 8701.0
130133 130221 8700.0 8702.0 8698.0 8701.0
130133 130228 8700.0 8702.0 8698.0 8701.0
130351 130351 8695.0 8695.0 8695.0 8695.0
130351 130421 8695.0 8702.0 8695.0 8702.0
130351 130423 8695.0 8702.0 8695.0 8702.0
130351 130433 8695.0 8702.0 8695.0 8699.0
130351 130438 8695.0 8702.0 8695.0 8698.0
130351 130442 8695.0 8702.0 8695.0 8698.0
130351 130448 8695.0 8702.0 8695.0 8697.0
130421 130456 8702.0 8702.0 8693.0 8693.0
130421 130519 8702.0 8702.0 8693.0 8701.0
130421 130520 8702.0 8702.0 8693.0 8699.0
130622 130622 8701.0 8701.0 8701.0 8701.0
130622 130632 8701.0 8702.0 8701.0 8702.0
130622 130638 8701.0 8702.0 8701.0 8702.0
130622 130708 8701.0 8702.0 8701.0 8702.0
130632 130729 8702.0 8702.0 8701.0 8701.0
130638 130737 8702.0 8702.0 8701.0 8701.0
130708 130807 8702.0 8702.0 8696.0 8696.0
130729 130817 8701.0 8701.0 8694.0 8694.0
130729 130818 8701.0 8701.0 8694.0 8696.0
130729 130825 8701.0 8701.0 8694.0 8694.0
130737 130831 8701.0 8701.0 8694.0 8697.0
130737 130833 8701.0 8701.0 8694.0 8698.0
130807 130852 8696.0 8698.0 8694.0 8695.0
130817 130916 8694.0 8698.0 8694.0 8694.0
130825 130923 8694.0 8698.0 8694.0 8694.0
130916 131013 8694.0 8702.0 8694.0 8702.0
130923 131021 8694.0 8702.0 8693.0 8693.0
131217 131217 8693.0 8693.0 8693.0 8693.0
131217 131221 8693.0 8693.0 8693.0 8693.0
131217 131223 8693.0 8693.0 8693.0 8693.0
131217 131231 8693.0 8693.0 8692.0 8692.0
131217 131234 8693.0 8693.0 8692.0 8692.0
131217 131241 8693.0 8693.0 8692.0 8692.0
131217 131247 8693.0 8693.0 8691.0 8691.0
131217 131248 8693.0 8693.0 8689.0 8689.0
131217 131252 8693.0 8693.0 8688.0 8688.0
131217 131307 8693.0 8693.0 8688.0 8691.0
131307 131357 8691.0 8692.0 8691.0 8692.0
131357 131415 8692.0 8692.0 8689.0 8689.0
131357 131429 8692.0 8692.0 8689.0 8690.0
131357 131452 8692.0 8692.0 8689.0 8690.0
131415 131500 8689.0 8692.0 8689.0 8692.0
131415 131505 8689.0 8697.0 8689.0 8697.0
131415 131511 8689.0 8698.0 8689.0 8698.0
131415 131513 8689.0 8699.0 8689.0 8699.0
131429 131520 8690.0 8701.0 8690.0 8701.0
131429 131521 8690.0 8701.0 8690.0 8700.0
131429 131522 8690.0 8702.0 8690.0 8702.0
131429 131526 8690.0 8702.0 8690.0 8702.0
131500 131559 8692.0 8702.0 8692.0 8699.0
131511 131607 8698.0 8702.0 8694.0 8694.0
131520 131620 8701.0 8702.0 8694.0 8696.0
131559 131629 8699.0 8699.0 8692.0 8692.0
131559 131632 8699.0 8699.0 8692.0 8693.0
131559 131638 8699.0 8699.0 8692.0 8693.0
131559 131652 8699.0 8699.0 8692.0 8692.0
131830 131830 8696.0 8696.0 8696.0 8696.0
131830 131833 8696.0 8696.0 8696.0 8696.0
131830 131900 8696.0 8696.0 8690.0 8690.0
131830 131916 8696.0 8698.0 8690.0 8698.0
131830 131920 8696.0 8698.0 8690.0 8697.0
131900 131945 8690.0 8698.0 8690.0 8698.0
131916 132001 8698.0 8702.0 8697.0 8702.0
131916 132002 8698.0 8703.0 8697.0 8703.0
131916 132003 8698.0 8709.0 8697.0 8709.0
131916 132007 8698.0 8709.0 8697.0 8707.0
131920 132017 8697.0 8709.0 8697.0 8705.0
131945 132025 8698.0 8709.0 8698.0 8706.0
131945 132035 8698.0 8709.0 8698.0 8707.0
131945 132043 8698.0 8709.0 8698.0 8709.0
132001 132047 8702.0 8709.0 8702.0 8708.0
132001 132049 8702.0 8710.0 8702.0 8710.0
132001 132052 8702.0 8710.0 8702.0 8703.0
132001 132053 8702.0 8710.0 8702.0 8709.0
132001 132056 8702.0 8710.0 8702.0 8710.0
132001 132058 8702.0 8710.0 8702.0 8710.0
132001 132059 8702.0 8712.0 8702.0 8712.0
132001 132100 8702.0 8712.0 8702.0 8712.0
132002 132102 8703.0 8712.0 8703.0 8711.0
132007 132104 8707.0 8712.0 8703.0 8712.0
132007 132105 8707.0 8712.0 8703.0 8712.0
132017 132108 8705.0 8712.0 8703.0 8711.0
132017 132117 8705.0 8712.0 8703.0 8712.0
132035 132128 8707.0 8714.0 8703.0 8714.0
132035 132130 8707.0 8714.0 8703.0 8714.0
132043 132140 8709.0 8715.0 8703.0 8715.0
132043 132143 8709.0 8715.0 8703.0 8715.0
132047 132144 8708.0 8717.0 8703.0 8717.0
132049 132148 8710.0 8717.0 8703.0 8716.0
132056 132154 8710.0 8720.0 8710.0 8720.0
132108 132208 8711.0 8720.0 8711.0 8715.0
132128 132228 8714.0 8720.0 8714.0 8715.0
132130 132230 8714.0 8720.0 8713.0 8713.0
132228 132325 8715.0 8715.0 8709.0 8709.0
132325 132332 8709.0 8709.0 8709.0 8709.0
132325 132335 8709.0 8719.0 8709.0 8719.0
132325 132342 8709.0 8719.0 8709.0 8710.0
132325 132402 8709.0 8719.0 8709.0 8713.0
132325 132414 8709.0 8719.0 8709.0 8712.0
132325 132416 8709.0 8719.0 8709.0 8712.0
132325 132421 8709.0 8719.0 8709.0 8709.0
132342 132438 8710.0 8713.0 8709.0 8710.0
132402 132454 8713.0 8713.0 8709.0 8712.0
132402 132501 8713.0 8714.0 8709.0 8714.0
132414 132508 8712.0 8714.0 8709.0 8709.0
132414 132513 8712.0 8714.0 8704.0 8704.0
132438 132525 8710.0 8714.0 8704.0 8709.0
132438 132530 8710.0 8714.0 8704.0 8705.0
132454 132548 8712.0 8714.0 8704.0 8704.0
132501 132557 8714.0 8714.0 8697.0 8697.0
132508 132608 8709.0 8709.0 8694.0 8694.0
132513 132611 8704.0 8709.0 8692.0 8692.0
132513 132613 8704.0 8709.0 8691.0 8691.0
132525 132617 8709.0 8709.0 8691.0 8693.0
132525 132620 8709.0 8709.0 8691.0 8695.0
132525 132625 8709.0 8709.0 8691.0 8698.0
132530 132627 8705.0 8705.0 8691.0 8697.0
132530 132630 8705.0 8705.0 8691.0 8702.0
132548 132631 8704.0 8704.0 8691.0 8703.0
132548 132636 8704.0 8704.0 8691.0 8702.0
132608 132700 8694.0 8708.0 8691.0 8708.0
132611 132710 8692.0 8708.0 8691.0 8708.0
132625 132722 8698.0 8708.0 8697.0 8708.0
132722 132816 8708.0 8712.0 8708.0 8712.0
132722 132822 8708.0 8712.0 8708.0 8711.0
132816 132835 8712.0 8712.0 8702.0 8702.0
132816 132905 8712.0 8712.0 8702.0 8710.0
132905 132937 8710.0 8710.0 8704.0 8704.0
132905 132941 8710.0 8710.0 8704.0 8704.0
132905 133000 8710.0 8710.0 8704.0 8709.0
132905 133002 8710.0 8713.0 8704.0 8713.0
132905 133003 8710.0 8713.0 8704.0 8711.0
132937 133012 8704.0 8713.0 8704.0 8705.0
132937 133024 8704.0 8713.0 8701.0 8701.0
132941 133040 8704.0 8713.0 8701.0 8704.0
133000 133047 8709.0 8713.0 8701.0 8701.0
133012 133110 8705.0 8705.0 8699.0 8699.0
133012 133111 8705.0 8705.0 8699.0 8699.0
133024 133115 8701.0 8704.0 8699.0 8699.0
133024 133116 8701.0 8704.0 8699.0 8699.0
133024 133117 8701.0 8704.0 8699.0 8699.0
133040 133132 8704.0 8704.0 8699.0 8699.0
133110 133158 8699.0 8699.0 8697.0 8697.0
133158 133256 8697.0 8699.0 8697.0 8699.0
133158 133258 8697.0 8699.0 8697.0 8699.0
133256 133300 8699.0 8701.0 8699.0 8701.0
133256 133301 8699.0 8702.0 8699.0 8702.0
133256 133302 8699.0 8702.0 8695.0 8695.0
133256 133307 8699.0 8702.0 8695.0 8701.0
133256 133308 8699.0 8702.0 8695.0 8702.0
133256 133316 8699.0 8702.0 8695.0 8700.0
133256 133326 8699.0 8702.0 8695.0 8700.0
133256 133345 8699.0 8702.0 8690.0 8690.0
133256 133346 8699.0 8702.0 8690.0 8693.0
133258 133358 8699.0 8702.0 8690.0 8695.0
133302 133402 8695.0 8702.0 8690.0 8698.0
133307 133406 8701.0 8702.0 8690.0 8697.0
133308 133408 8702.0 8702.0 8690.0 8697.0
133316 133411 8700.0 8700.0 8690.0 8697.0
133326 133426 8700.0 8700.0 8690.0 8697.0
133345 133434 8690.0 8698.0 8690.0 8696.0
133345 133440 8690.0 8698.0 8690.0 8696.0
133358 133453 8695.0 8698.0 8694.0 8694.0
133402 133501 8698.0 8698.0 8694.0 8697.0
133402 133502 8698.0 8698.0 8694.0 8698.0
133411 133511 8697.0 8698.0 8694.0 8697.0
133426 133512 8697.0 8698.0 8694.0 8697.0
133453 133550 8694.0 8698.0 8692.0 8692.0
133550 133642 8692.0 8694.0 8692.0 8694.0
133642 133707 8694.0 8694.0 8693.0 8693.0
133642 133715 8694.0 8695.0 8693.0 8695.0
133642 133719 8694.0 8695.0 8692.0 8692.0
133642 133739 8694.0 8695.0 8692.0 8692.0
133642 133740 8694.0 8695.0 8692.0 8692.0
133707 133748 8693.0 8701.0 8692.0 8701.0
133715 133813 8695.0 8701.0 8689.0 8689.0
133715 133815 8695.0 8701.0 8688.0 8688.0
133739 133826 8692.0 8701.0 8687.0 8687.0
133739 133829 8692.0 8701.0 8687.0 8687.0
133739 133830 8692.0 8701.0 8687.0 8687.0
133739 133833 8692.0 8701.0 8687.0 8687.0
133740 133840 8692.0 8701.0 8687.0 8687.0
133748 133845 8701.0 8701.0 8686.0 8686.0
133748 133848 8701.0 8701.0 8684.0 8684.0
133813 133851 8689.0 8689.0 8684.0 8684.0
133813 133853 8689.0 8689.0 8684.0 8684.0
133813 133855 8689.0 8689.0 8684.0 8684.0
133813 133901 8689.0 8689.0 8684.0 8689.0
133813 133902 8689.0 8690.0 8684.0 8690.0
133826 133920 8687.0 8691.0 8684.0 8691.0
133826 133924 8687.0 8691.0 8684.0 8688.0
133829 133927 8687.0 8691.0 8684.0 8684.0
133833 133932 8687.0 8691.0 8684.0 8688.0
133833 133933 8687.0 8691.0 8684.0 8688.0
133845 133941 8686.0 8691.0 8684.0 8686.0
133853 133953 8684.0 8691.0 8684.0 8686.0
133901 133956 8689.0 8691.0 8684.0 8684.0
133901 133957 8689.0 8691.0 8684.0 8684.0
133901 133959 8689.0 8691.0 8684.0 8686.0
133920 134006 8691.0 8691.0 8683.0 8683.0
133920 134011 8691.0 8691.0 8683.0 8684.0
133920 134018 8691.0 8691.0 8683.0 8683.0
133920 134019 8691.0 8691.0 8683.0 8683.0
133953 134049 8686.0 8686.0 8682.0 8682.0
133956 134056 8684.0 8686.0 8682.0 8682.0
134006 134101 8683.0 8684.0 8682.0 8683.0
134006 134102 8683.0 8684.0 8682.0 8683.0
134011 134108 8684.0 8684.0 8682.0 8683.0
134011 134109 8684.0 8684.0 8682.0 8683.0
134049 134138 8682.0 8690.0 8682.0 8690.0
134049 134146 8682.0 8690.0 8679.0 8679.0
134049 134147 8682.0 8692.0 8679.0 8692.0
134056 134150 8682.0 8692.0 8679.0 8680.0
134056 134152 8682.0 8692.0 8679.0 8679.0
134056 134154 8682.0 8692.0 8679.0 8680.0
134056 134155 8682.0 8692.0 8679.0 8679.0
134101 134157 8683.0 8692.0 8679.0 8679.0
134101 134158 8683.0 8692.0 8679.0 8679.0
134101 134159 8683.0 8692.0 8679.0 8679.0
134101 134200 8683.0 8692.0 8679.0 8679.0
134108 134203 8683.0 8692.0 8679.0 8683.0
134138 134221 8690.0 8692.0 8679.0 8681.0
134138 134225 8690.0 8692.0 8679.0 8691.0
134138 134238 8690.0 8692.0 8679.0 8682.0
134152 134252 8679.0 8691.0 8679.0 8681.0
134158 134258 8679.0 8691.0 8679.0 8682.0
134159 134259 8679.0 8691.0 8679.0 8682.0
134200 134300 8679.0 8691.0 8679.0 8683.0
134203 134301 8683.0 8691.0 8681.0 8683.0
134225 134322 8691.0 8691.0 8681.0 8681.0
134225 134324 8691.0 8691.0 8679.0 8679.0
134238 134332 8682.0 8683.0 8679.0 8682.0
134238 134333 8682.0 8683.0 8679.0 8683.0
134238 134334 8682.0 8683.0 8679.0 8682.0
134238 134336 8682.0 8683.0 8679.0 8683.0
134238 134337 8682.0 8683.0 8679.0 8682.0
134252 134339 8681.0 8683.0 8679.0 8683.0
134252 134341 8681.0 8683.0 8679.0 8682.0
134252 134343 8681.0 8685.0 8679.0 8685.0
134252 134346 8681.0 8686.0 8679.0 8686.0
134252 134347 8681.0 8686.0 8679.0 8685.0
134252 134349 8681.0 8687.0 8679.0 8687.0
134252 134350 8681.0 8687.0 8679.0 8687.0
134252 134351 8681.0 8687.0 8679.0 8687.0
134252 134352 8681.0 8687.0 8679.0 8687.0
134258 134353 8682.0 8688.0 8679.0 8688.0
134258 134354 8682.0 8688.0 8679.0 8687.0
134259 134359 8682.0 8688.0 8679.0 8688.0
134300 134400 8683.0 8690.0 8679.0 8690.0
134301 134401 8683.0 8691.0 8679.0 8691.0
134322 134403 8681.0 8691.0 8679.0 8689.0
134322 134409 8681.0 8691.0 8679.0 8688.0
134322 134419 8681.0 8691.0 8679.0 8688.0
134322 134420 8681.0 8691.0 8679.0 8688.0
134322 134421 8681.0 8691.0 8679.0 8688.0
134322 134422 8681.0 8691.0 8679.0 8688.0
134324 134424 8679.0 8691.0 8679.0 8687.0
134332 134428 8682.0 8691.0 8682.0 8688.0
134332 134429 8682.0 8691.0 8682.0 8688.0
134334 134434 8682.0 8691.0 8682.0 8689.0
134336 134436 8683.0 8691.0 8682.0 8690.0
134339 134438 8683.0 8691.0 8682.0 8690.0
134339 134439 8683.0 8691.0 8682.0 8689.0
134341 134440 8682.0 8691.0 8682.0 8689.0
134343 134443 8685.0 8691.0 8685.0 8690.0
134346 134444 8686.0 8691.0 8685.0 8689.0
134346 134445 8686.0 8691.0 8685.0 8689.0
134349 134448 8687.0 8691.0 8687.0 8690.0
134349 134449 8687.0 8691.0 8687.0 8691.0
134354 134454 8687.0 8691.0 8687.0 8690.0
134359 134457 8688.0 8691.0 8687.0 8691.0
134359 134458 8688.0 8691.0 8687.0 8689.0

