# Too few sequence #1
# Number of KBar units = 1506
084500 084501 8366.0 8369.0 8366.0 8369.0
084500 084503 8366.0 8373.0 8366.0 8373.0
084500 084505 8366.0 8373.0 8363.0 8363.0
084500 084507 8366.0 8373.0 8363.0 8364.0
084500 084508 8366.0 8373.0 8363.0 8364.0
084500 084511 8366.0 8373.0 8363.0 8364.0
084500 084518 8366.0 8373.0 8363.0 8366.0
084500 084521 8366.0 8373.0 8363.0 8367.0
084500 084523 8366.0 8373.0 8363.0 8367.0
084500 084525 8366.0 8373.0 8363.0 8369.0
084500 084526 8366.0 8373.0 8363.0 8368.0
084500 084527 8366.0 8376.0 8363.0 8376.0
084500 084528 8366.0 8376.0 8363.0 8369.0
084500 084530 8366.0 8376.0 8363.0 8376.0
084500 084531 8366.0 8376.0 8363.0 8369.0
084500 084532 8366.0 8376.0 8363.0 8364.0
084500 084536 8366.0 8376.0 8363.0 8363.0
084500 084538 8366.0 8376.0 8363.0 8364.0
084500 084539 8366.0 8376.0 8361.0 8361.0
084500 084541 8366.0 8377.0 8361.0 8377.0
084500 084543 8366.0 8377.0 8361.0 8362.0
084500 084547 8366.0 8377.0 8361.0 8363.0
084500 084548 8366.0 8377.0 8361.0 8364.0
084500 084553 8366.0 8377.0 8361.0 8365.0
084500 084558 8366.0 8377.0 8361.0 8366.0
084500 084600 8366.0 8377.0 8361.0 8367.0
084503 084602 8373.0 8377.0 8361.0 8370.0
084507 084606 8364.0 8377.0 8361.0 8365.0
084508 084608 8364.0 8377.0 8361.0 8366.0
084511 084611 8364.0 8377.0 8361.0 8369.0
084518 084614 8366.0 8377.0 8361.0 8370.0
084523 084623 8367.0 8381.0 8361.0 8381.0
084525 084624 8369.0 8381.0 8361.0 8373.0
084525 084625 8369.0 8381.0 8361.0 8372.0
084527 084627 8376.0 8381.0 8361.0 8374.0
084528 084628 8369.0 8381.0 8361.0 8374.0
084530 084630 8376.0 8390.0 8361.0 8390.0
084531 084631 8369.0 8390.0 8361.0 8374.0
084536 084633 8363.0 8390.0 8361.0 8373.0
084536 084635 8363.0 8390.0 8361.0 8374.0
084538 084638 8364.0 8390.0 8361.0 8373.0
084541 084641 8377.0 8390.0 8362.0 8390.0
084543 084643 8362.0 8390.0 8362.0 8375.0
084547 084645 8363.0 8390.0 8363.0 8377.0
084547 084646 8363.0 8390.0 8363.0 8377.0
084547 084647 8363.0 8390.0 8363.0 8376.0
084553 084650 8365.0 8390.0 8365.0 8378.0
084553 084651 8365.0 8390.0 8365.0 8379.0
084553 084652 8365.0 8390.0 8365.0 8378.0
084553 084653 8365.0 8390.0 8365.0 8379.0
084558 084658 8366.0 8390.0 8365.0 8378.0
084602 084702 8370.0 8390.0 8365.0 8379.0
084606 084704 8365.0 8390.0 8365.0 8379.0
084623 084716 8381.0 8390.0 8372.0 8379.0
084658 084754 8378.0 8379.0 8376.0 8376.0
084754 084817 8376.0 8376.0 8376.0 8376.0
084754 084823 8376.0 8376.0 8375.0 8375.0
084754 084827 8376.0 8376.0 8375.0 8375.0
084754 084834 8376.0 8376.0 8375.0 8375.0
084754 084837 8376.0 8388.0 8375.0 8388.0
084754 084838 8376.0 8388.0 8375.0 8388.0
084754 084845 8376.0 8388.0 8374.0 8374.0
084754 084849 8376.0 8388.0 8374.0 8374.0
084817 084858 8376.0 8388.0 8374.0 8376.0
084817 084859 8376.0 8388.0 8374.0 8376.0
084817 084900 8376.0 8388.0 8374.0 8386.0
084817 084901 8376.0 8388.0 8374.0 8376.0
084823 084922 8375.0 8388.0 8374.0 8384.0
084837 084936 8388.0 8388.0 8374.0 8374.0
084838 084938 8388.0 8388.0 8374.0 8375.0
084849 084948 8374.0 8386.0 8374.0 8376.0
084901 085001 8376.0 8384.0 8374.0 8377.0
084922 085002 8384.0 8384.0 8374.0 8377.0
084922 085004 8384.0 8384.0 8374.0 8377.0
084922 085009 8384.0 8384.0 8374.0 8377.0
084936 085024 8374.0 8377.0 8374.0 8377.0
084936 085026 8374.0 8377.0 8374.0 8377.0
084936 085033 8374.0 8377.0 8374.0 8377.0
085001 085054 8377.0 8377.0 8377.0 8377.0
085024 085113 8377.0 8377.0 8377.0 8377.0
085033 085129 8377.0 8377.0 8375.0 8375.0
085113 085158 8377.0 8377.0 8374.0 8374.0
085113 085210 8377.0 8377.0 8372.0 8372.0
085113 085213 8377.0 8385.0 8372.0 8385.0
085129 085216 8375.0 8385.0 8367.0 8367.0
085129 085220 8375.0 8385.0 8366.0 8366.0
085129 085221 8375.0 8385.0 8366.0 8366.0
085129 085225 8375.0 8385.0 8366.0 8367.0
085129 085227 8375.0 8385.0 8366.0 8368.0
085158 085233 8374.0 8385.0 8366.0 8369.0
085158 085237 8374.0 8385.0 8366.0 8370.0
085158 085242 8374.0 8385.0 8366.0 8380.0
085158 085250 8374.0 8385.0 8366.0 8370.0
085158 085255 8374.0 8385.0 8366.0 8369.0
085210 085300 8372.0 8385.0 8366.0 8369.0
085210 085305 8372.0 8385.0 8366.0 8369.0
085210 085310 8372.0 8385.0 8366.0 8369.0
085213 085313 8385.0 8385.0 8366.0 8369.0
085220 085318 8366.0 8380.0 8366.0 8370.0
085250 085344 8370.0 8372.0 8369.0 8372.0
085255 085351 8369.0 8373.0 8369.0 8373.0
085300 085358 8369.0 8373.0 8369.0 8372.0
085300 085359 8369.0 8373.0 8369.0 8372.0
085318 085414 8370.0 8374.0 8370.0 8374.0
085318 085418 8370.0 8374.0 8370.0 8374.0
085344 085443 8372.0 8374.0 8372.0 8373.0
085351 085446 8373.0 8383.0 8372.0 8383.0
085358 085458 8372.0 8389.0 8372.0 8389.0
085443 085529 8373.0 8389.0 8373.0 8374.0
085443 085534 8373.0 8389.0 8373.0 8373.0
085443 085542 8373.0 8389.0 8373.0 8374.0
085458 085547 8389.0 8389.0 8373.0 8376.0
085458 085549 8389.0 8389.0 8373.0 8376.0
085458 085554 8389.0 8389.0 8373.0 8376.0
085529 085602 8374.0 8376.0 8373.0 8376.0
085529 085612 8374.0 8377.0 8373.0 8377.0
085529 085616 8374.0 8377.0 8373.0 8376.0
085529 085629 8374.0 8388.0 8373.0 8388.0
085542 085640 8374.0 8388.0 8374.0 8377.0
085547 085646 8376.0 8388.0 8375.0 8375.0
085616 085716 8376.0 8388.0 8374.0 8374.0
085629 085717 8388.0 8388.0 8374.0 8374.0
085629 085718 8388.0 8388.0 8374.0 8374.0
085629 085725 8388.0 8388.0 8374.0 8375.0
085629 085728 8388.0 8388.0 8374.0 8375.0
085716 085757 8374.0 8375.0 8348.0 8348.0
085716 085809 8374.0 8375.0 8348.0 8375.0
085716 085812 8374.0 8375.0 8348.0 8375.0
085716 085816 8374.0 8375.0 8348.0 8375.0
085717 085817 8374.0 8375.0 8348.0 8375.0
085757 085838 8348.0 8375.0 8348.0 8374.0
085757 085843 8348.0 8375.0 8348.0 8375.0
085757 085854 8348.0 8375.0 8348.0 8374.0
085757 085856 8348.0 8375.0 8348.0 8374.0
085809 085904 8375.0 8375.0 8372.0 8372.0
085838 085927 8374.0 8375.0 8372.0 8373.0
085838 085930 8374.0 8375.0 8372.0 8374.0
085838 085932 8374.0 8375.0 8372.0 8373.0
085927 090007 8373.0 8375.0 8373.0 8375.0
085927 090017 8373.0 8377.0 8373.0 8377.0
085927 090022 8373.0 8379.0 8373.0 8379.0
085930 090030 8374.0 8379.0 8373.0 8375.0
090007 090044 8375.0 8379.0 8375.0 8379.0
090007 090046 8375.0 8380.0 8375.0 8380.0
090007 090047 8375.0 8380.0 8375.0 8380.0
090007 090048 8375.0 8390.0 8375.0 8390.0
090007 090049 8375.0 8390.0 8375.0 8390.0
090007 090054 8375.0 8390.0 8375.0 8390.0
090007 090055 8375.0 8390.0 8375.0 8382.0
090007 090056 8375.0 8390.0 8375.0 8381.0
090007 090057 8375.0 8390.0 8375.0 8381.0
090017 090111 8377.0 8390.0 8375.0 8380.0
090017 090116 8377.0 8390.0 8375.0 8379.0
090017 090117 8377.0 8390.0 8375.0 8377.0
090022 090120 8379.0 8390.0 8374.0 8374.0
090022 090122 8379.0 8390.0 8374.0 8374.0
090044 090141 8379.0 8390.0 8374.0 8387.0
090111 090158 8380.0 8387.0 8374.0 8385.0
090111 090201 8380.0 8387.0 8367.0 8367.0
090122 090222 8374.0 8387.0 8367.0 8368.0
090141 090223 8387.0 8387.0 8367.0 8367.0
090141 090228 8387.0 8387.0 8367.0 8368.0
090141 090233 8387.0 8387.0 8366.0 8366.0
090141 090234 8387.0 8387.0 8365.0 8365.0
090141 090235 8387.0 8387.0 8365.0 8365.0
090141 090239 8387.0 8387.0 8365.0 8366.0
090158 090244 8385.0 8385.0 8365.0 8366.0
090158 090249 8385.0 8385.0 8365.0 8366.0
090158 090253 8385.0 8385.0 8365.0 8383.0
090158 090255 8385.0 8385.0 8365.0 8366.0
090222 090304 8368.0 8383.0 8362.0 8362.0
090222 090306 8368.0 8383.0 8361.0 8361.0
090222 090307 8368.0 8383.0 8361.0 8361.0
090222 090310 8368.0 8383.0 8359.0 8359.0
090222 090318 8368.0 8383.0 8359.0 8378.0
090222 090319 8368.0 8383.0 8359.0 8379.0
090223 090323 8367.0 8383.0 8359.0 8359.0
090228 090326 8368.0 8383.0 8359.0 8359.0
090228 090327 8368.0 8383.0 8359.0 8378.0
090228 090328 8368.0 8383.0 8358.0 8358.0
090233 090329 8366.0 8383.0 8358.0 8360.0
090233 090332 8366.0 8383.0 8358.0 8358.0
090233 090333 8366.0 8383.0 8358.0 8358.0
090234 090334 8365.0 8383.0 8357.0 8357.0
090239 090336 8366.0 8383.0 8357.0 8357.0
090239 090337 8366.0 8383.0 8357.0 8357.0
090304 090359 8362.0 8379.0 8356.0 8356.0
090306 090405 8361.0 8379.0 8354.0 8354.0
090310 090408 8359.0 8379.0 8354.0 8355.0
090310 090409 8359.0 8379.0 8354.0 8356.0
090310 090410 8359.0 8379.0 8354.0 8358.0
090318 090411 8378.0 8379.0 8354.0 8375.0
090318 090413 8378.0 8379.0 8354.0 8362.0
090323 090420 8359.0 8378.0 8354.0 8359.0
090326 090424 8359.0 8378.0 8354.0 8355.0
090334 090434 8357.0 8375.0 8354.0 8359.0
090337 090437 8357.0 8378.0 8354.0 8378.0
090359 090441 8356.0 8378.0 8354.0 8360.0
090359 090449 8356.0 8378.0 8354.0 8361.0
090359 090450 8356.0 8378.0 8354.0 8360.0
090359 090451 8356.0 8378.0 8354.0 8360.0
090359 090456 8356.0 8378.0 8354.0 8358.0
090359 090457 8356.0 8378.0 8354.0 8376.0
090405 090505 8354.0 8378.0 8354.0 8357.0
090408 090508 8355.0 8378.0 8355.0 8358.0
090409 090509 8356.0 8378.0 8355.0 8357.0
090410 090510 8358.0 8378.0 8355.0 8359.0
090411 090511 8375.0 8378.0 8355.0 8360.0
090420 090514 8359.0 8378.0 8355.0 8362.0
090420 090515 8359.0 8378.0 8355.0 8378.0
090420 090516 8359.0 8378.0 8355.0 8364.0
090420 090519 8359.0 8378.0 8355.0 8365.0
090424 090521 8355.0 8378.0 8355.0 8365.0
090434 090527 8359.0 8378.0 8357.0 8362.0
090437 090536 8378.0 8378.0 8357.0 8362.0
090449 090545 8361.0 8378.0 8357.0 8360.0
090505 090603 8357.0 8378.0 8357.0 8361.0
090509 090609 8357.0 8378.0 8357.0 8378.0
090536 090632 8362.0 8378.0 8360.0 8365.0
090536 090633 8362.0 8378.0 8360.0 8366.0
090536 090634 8362.0 8378.0 8360.0 8366.0
090536 090635 8362.0 8378.0 8360.0 8378.0
090536 090636 8362.0 8378.0 8360.0 8363.0
090603 090650 8361.0 8378.0 8361.0 8378.0
090603 090654 8361.0 8378.0 8361.0 8368.0
090603 090655 8361.0 8378.0 8361.0 8368.0
090603 090657 8361.0 8378.0 8361.0 8368.0
090603 090700 8361.0 8378.0 8361.0 8368.0
090603 090701 8361.0 8384.0 8361.0 8384.0
090603 090703 8361.0 8384.0 8361.0 8373.0
090632 090715 8365.0 8384.0 8363.0 8378.0
090632 090716 8365.0 8390.0 8363.0 8390.0
090632 090717 8365.0 8395.0 8363.0 8395.0
090632 090719 8365.0 8395.0 8363.0 8380.0
090632 090726 8365.0 8395.0 8363.0 8377.0
090632 090732 8365.0 8395.0 8363.0 8392.0
090655 090755 8368.0 8395.0 8368.0 8378.0
090703 090803 8373.0 8395.0 8373.0 8378.0
090715 090809 8378.0 8395.0 8377.0 8380.0
090715 090813 8378.0 8395.0 8377.0 8381.0
090715 090814 8378.0 8395.0 8377.0 8381.0
090726 090825 8377.0 8392.0 8377.0 8380.0
090755 090833 8378.0 8381.0 8378.0 8380.0
090755 090840 8378.0 8395.0 8378.0 8395.0
090755 090849 8378.0 8395.0 8378.0 8393.0
090755 090852 8378.0 8395.0 8378.0 8395.0
090803 090857 8378.0 8395.0 8378.0 8390.0
090803 090858 8378.0 8395.0 8373.0 8373.0
090809 090905 8380.0 8395.0 8373.0 8375.0
090809 090908 8380.0 8395.0 8373.0 8375.0
090825 090919 8380.0 8395.0 8373.0 8393.0
090840 090936 8395.0 8401.0 8373.0 8401.0
090840 090937 8395.0 8401.0 8373.0 8384.0
090840 090938 8395.0 8401.0 8373.0 8384.0
090840 090940 8395.0 8401.0 8373.0 8383.0
090849 090943 8393.0 8401.0 8373.0 8394.0
090849 090947 8393.0 8401.0 8373.0 8382.0
090852 090950 8395.0 8401.0 8373.0 8382.0
090852 090951 8395.0 8401.0 8373.0 8378.0
090852 090952 8395.0 8401.0 8373.0 8378.0
090857 090953 8390.0 8401.0 8373.0 8398.0
090905 091001 8375.0 8401.0 8375.0 8383.0
090905 091002 8375.0 8401.0 8375.0 8385.0
090908 091006 8375.0 8401.0 8375.0 8401.0
090919 091010 8393.0 8401.0 8378.0 8378.0
090936 091022 8401.0 8401.0 8378.0 8380.0
090936 091028 8401.0 8401.0 8378.0 8378.0
090936 091030 8401.0 8401.0 8377.0 8377.0
090936 091035 8401.0 8401.0 8377.0 8377.0
090937 091037 8384.0 8401.0 8377.0 8394.0
090940 091039 8383.0 8401.0 8377.0 8381.0
090943 091043 8394.0 8401.0 8377.0 8383.0
090947 091044 8382.0 8401.0 8377.0 8383.0
090947 091045 8382.0 8401.0 8377.0 8384.0
090947 091046 8382.0 8401.0 8377.0 8383.0
090953 091053 8398.0 8401.0 8377.0 8384.0
091001 091057 8383.0 8401.0 8377.0 8383.0
091006 091105 8401.0 8401.0 8377.0 8384.0
091022 091118 8380.0 8394.0 8377.0 8380.0
091043 091140 8383.0 8384.0 8377.0 8377.0
091045 091145 8384.0 8393.0 8377.0 8393.0
091053 091148 8384.0 8393.0 8375.0 8375.0
091053 091149 8384.0 8393.0 8375.0 8393.0
091053 091152 8384.0 8393.0 8375.0 8377.0
091105 091158 8384.0 8393.0 8373.0 8373.0
091105 091159 8384.0 8393.0 8373.0 8387.0
091105 091200 8384.0 8393.0 8366.0 8366.0
091105 091202 8384.0 8393.0 8360.0 8360.0
091118 091207 8380.0 8393.0 8359.0 8359.0
091118 091208 8380.0 8393.0 8359.0 8380.0
091118 091215 8380.0 8393.0 8354.0 8354.0
091118 091216 8380.0 8393.0 8353.0 8353.0
091140 091219 8377.0 8393.0 8353.0 8358.0
091140 091221 8377.0 8393.0 8353.0 8356.0
091140 091223 8377.0 8393.0 8353.0 8356.0
091140 091225 8377.0 8393.0 8353.0 8355.0
091140 091226 8377.0 8393.0 8353.0 8374.0
091140 091227 8377.0 8393.0 8353.0 8354.0
091140 091228 8377.0 8393.0 8353.0 8355.0
091140 091234 8377.0 8393.0 8353.0 8359.0
091152 091250 8377.0 8387.0 8353.0 8358.0
091152 091251 8377.0 8387.0 8353.0 8358.0
091158 091254 8373.0 8387.0 8353.0 8359.0
091158 091255 8373.0 8387.0 8353.0 8358.0
091159 091259 8387.0 8387.0 8353.0 8359.0
091202 091301 8360.0 8380.0 8353.0 8357.0
091207 091303 8359.0 8380.0 8353.0 8356.0
091207 091304 8359.0 8380.0 8353.0 8357.0
091208 091308 8380.0 8380.0 8353.0 8356.0
091215 091309 8354.0 8374.0 8353.0 8355.0
091215 091314 8354.0 8374.0 8353.0 8374.0
091219 091317 8358.0 8374.0 8353.0 8353.0
091219 091319 8358.0 8374.0 8351.0 8351.0
091221 091320 8356.0 8374.0 8351.0 8368.0
091223 091322 8356.0 8374.0 8351.0 8352.0
091223 091323 8356.0 8374.0 8351.0 8354.0
091227 091327 8354.0 8374.0 8351.0 8358.0
091250 091337 8358.0 8374.0 8351.0 8359.0
091254 091354 8359.0 8374.0 8351.0 8357.0
091301 091400 8357.0 8374.0 8351.0 8356.0
091301 091401 8357.0 8374.0 8351.0 8355.0
091304 091404 8357.0 8374.0 8351.0 8354.0
091314 091414 8374.0 8374.0 8351.0 8370.0
091319 091418 8351.0 8370.0 8351.0 8352.0
091322 091422 8352.0 8370.0 8351.0 8351.0
091337 091437 8359.0 8370.0 8351.0 8351.0
091354 091439 8357.0 8370.0 8351.0 8353.0
091354 091442 8357.0 8370.0 8351.0 8357.0
091354 091446 8357.0 8370.0 8351.0 8354.0
091400 091456 8356.0 8370.0 8351.0 8356.0
091400 091457 8356.0 8370.0 8351.0 8357.0
091401 091501 8355.0 8371.0 8351.0 8371.0
091404 091504 8354.0 8372.0 8351.0 8372.0
091414 091505 8370.0 8372.0 8351.0 8359.0
091414 091511 8370.0 8372.0 8351.0 8353.0
091414 091512 8370.0 8372.0 8351.0 8351.0
091414 091513 8370.0 8372.0 8348.0 8348.0
091414 091514 8370.0 8372.0 8348.0 8348.0
091418 091515 8352.0 8372.0 8346.0 8346.0
091422 091521 8351.0 8372.0 8346.0 8351.0
091437 091523 8351.0 8372.0 8346.0 8352.0
091437 091530 8351.0 8372.0 8346.0 8362.0
091437 091535 8351.0 8372.0 8346.0 8349.0
091456 091549 8356.0 8372.0 8346.0 8363.0
091501 091558 8371.0 8372.0 8346.0 8347.0
091501 091559 8371.0 8372.0 8346.0 8363.0
091504 091604 8372.0 8372.0 8346.0 8348.0
091505 091605 8359.0 8363.0 8346.0 8349.0
091511 091608 8353.0 8363.0 8346.0 8350.0
091511 091609 8353.0 8363.0 8346.0 8351.0
091513 091613 8348.0 8363.0 8346.0 8351.0
091514 091614 8348.0 8363.0 8346.0 8350.0
091515 091615 8346.0 8363.0 8346.0 8350.0
091521 091621 8351.0 8363.0 8347.0 8347.0
091549 091636 8363.0 8363.0 8345.0 8345.0
091549 091637 8363.0 8363.0 8345.0 8345.0
091549 091638 8363.0 8363.0 8343.0 8343.0
091549 091639 8363.0 8363.0 8341.0 8341.0
091549 091648 8363.0 8363.0 8341.0 8354.0
091558 091651 8347.0 8363.0 8340.0 8340.0
091559 091659 8363.0 8363.0 8340.0 8354.0
091608 091706 8350.0 8354.0 8340.0 8340.0
091608 091707 8350.0 8354.0 8340.0 8343.0
091608 091708 8350.0 8354.0 8340.0 8344.0
091609 091709 8351.0 8354.0 8340.0 8344.0
091613 091711 8351.0 8354.0 8340.0 8345.0
091613 091713 8351.0 8359.0 8340.0 8359.0
091614 091714 8350.0 8359.0 8340.0 8347.0
091621 091716 8347.0 8359.0 8340.0 8358.0
091621 091719 8347.0 8359.0 8340.0 8344.0
091636 091722 8345.0 8359.0 8340.0 8358.0
091636 091726 8345.0 8359.0 8340.0 8346.0
091636 091729 8345.0 8359.0 8340.0 8345.0
091636 091731 8345.0 8359.0 8340.0 8346.0
091636 091733 8345.0 8359.0 8340.0 8346.0
091636 091734 8345.0 8359.0 8340.0 8346.0
091636 091735 8345.0 8359.0 8340.0 8358.0
091636 091736 8345.0 8359.0 8340.0 8358.0
091659 091754 8354.0 8359.0 8340.0 8349.0
091659 091757 8354.0 8359.0 8340.0 8348.0
091706 091800 8340.0 8359.0 8340.0 8349.0
091706 091805 8340.0 8359.0 8340.0 8346.0
091706 091806 8340.0 8359.0 8340.0 8346.0
091714 091814 8347.0 8358.0 8344.0 8344.0
091719 091819 8344.0 8358.0 8344.0 8346.0
091722 091822 8358.0 8358.0 8344.0 8358.0
091726 091825 8346.0 8358.0 8344.0 8347.0
091731 091830 8346.0 8358.0 8344.0 8349.0
091736 091836 8358.0 8358.0 8344.0 8350.0
091754 091846 8349.0 8365.0 8344.0 8365.0
091754 091847 8349.0 8365.0 8344.0 8354.0
091754 091848 8349.0 8365.0 8344.0 8354.0
091754 091849 8349.0 8367.0 8344.0 8367.0
091757 091857 8348.0 8367.0 8344.0 8352.0
091800 091859 8349.0 8367.0 8344.0 8352.0
091806 091906 8346.0 8367.0 8344.0 8350.0
091814 091907 8344.0 8367.0 8344.0 8351.0
091819 091918 8346.0 8367.0 8346.0 8347.0
091819 091919 8346.0 8367.0 8346.0 8349.0
091830 091929 8349.0 8367.0 8346.0 8346.0
091846 091942 8365.0 8367.0 8345.0 8345.0
091846 091944 8365.0 8367.0 8345.0 8345.0
091857 091951 8352.0 8356.0 8345.0 8356.0
091857 091954 8352.0 8361.0 8345.0 8361.0
091857 091956 8352.0 8361.0 8344.0 8344.0
091859 091958 8352.0 8361.0 8343.0 8343.0
091859 091959 8352.0 8361.0 8340.0 8340.0
091906 092000 8350.0 8361.0 8336.0 8336.0
091906 092001 8350.0 8361.0 8336.0 8353.0
091906 092005 8350.0 8361.0 8336.0 8339.0
091906 092006 8350.0 8361.0 8336.0 8353.0
091907 092007 8351.0 8361.0 8335.0 8335.0
091918 092008 8347.0 8361.0 8335.0 8335.0
091918 092010 8347.0 8361.0 8334.0 8334.0
091918 092014 8347.0 8361.0 8334.0 8338.0
091919 092019 8349.0 8361.0 8334.0 8341.0
091929 092021 8346.0 8361.0 8334.0 8343.0
091929 092022 8346.0 8361.0 8334.0 8343.0
091929 092029 8346.0 8361.0 8334.0 8342.0
091942 092031 8345.0 8361.0 8334.0 8342.0
091942 092034 8345.0 8361.0 8334.0 8342.0
091942 092041 8345.0 8361.0 8334.0 8341.0
091944 092043 8345.0 8361.0 8310.0 8310.0
091951 092049 8356.0 8361.0 8310.0 8341.0
091958 092057 8343.0 8353.0 8310.0 8341.0
092000 092100 8336.0 8353.0 8310.0 8343.0
092005 092105 8339.0 8353.0 8310.0 8344.0
092006 092106 8353.0 8353.0 8310.0 8344.0
092014 092114 8338.0 8344.0 8310.0 8341.0
092019 092115 8341.0 8344.0 8310.0 8341.0
092019 092117 8341.0 8353.0 8310.0 8353.0
092029 092123 8342.0 8353.0 8310.0 8343.0
092031 092131 8342.0 8353.0 8310.0 8310.0
092034 092133 8342.0 8353.0 8310.0 8341.0
092041 092137 8341.0 8353.0 8307.0 8307.0
092057 092152 8341.0 8353.0 8307.0 8341.0
092100 092158 8343.0 8353.0 8307.0 8340.0
092114 092209 8341.0 8353.0 8307.0 8341.0
092114 092210 8341.0 8353.0 8307.0 8342.0
092152 092242 8341.0 8344.0 8340.0 8344.0
092152 092245 8341.0 8345.0 8340.0 8345.0
092152 092246 8341.0 8346.0 8340.0 8346.0
092152 092247 8341.0 8346.0 8340.0 8346.0
092209 092305 8341.0 8346.0 8341.0 8345.0
092242 092312 8344.0 8346.0 8344.0 8344.0
092242 092324 8344.0 8346.0 8344.0 8344.0
092242 092325 8344.0 8347.0 8344.0 8347.0
092242 092326 8344.0 8348.0 8344.0 8348.0
092242 092329 8344.0 8361.0 8344.0 8361.0
092242 092330 8344.0 8361.0 8344.0 8349.0
092242 092332 8344.0 8362.0 8344.0 8362.0
092242 092333 8344.0 8365.0 8344.0 8365.0
092242 092342 8344.0 8365.0 8344.0 8353.0
092305 092348 8345.0 8365.0 8344.0 8354.0
092305 092349 8345.0 8368.0 8344.0 8368.0
092324 092420 8344.0 8368.0 8344.0 8353.0
092325 092425 8347.0 8368.0 8347.0 8353.0
092342 092436 8353.0 8368.0 8353.0 8365.0
092342 092437 8353.0 8368.0 8353.0 8365.0
092420 092451 8353.0 8365.0 8353.0 8353.0
092420 092504 8353.0 8365.0 8353.0 8353.0
092420 092508 8353.0 8365.0 8350.0 8350.0
092420 092513 8353.0 8365.0 8350.0 8351.0
092420 092519 8353.0 8365.0 8350.0 8365.0
092451 092538 8353.0 8365.0 8350.0 8352.0
092451 092539 8353.0 8365.0 8350.0 8351.0
092451 092542 8353.0 8368.0 8350.0 8368.0
092538 092636 8352.0 8368.0 8348.0 8348.0
092538 092638 8352.0 8368.0 8346.0 8346.0
092539 092639 8351.0 8368.0 8345.0 8345.0
092542 092640 8368.0 8368.0 8345.0 8362.0
092636 092715 8348.0 8362.0 8345.0 8346.0
092636 092733 8348.0 8362.0 8345.0 8360.0
092640 092740 8362.0 8362.0 8346.0 8348.0
092715 092804 8346.0 8360.0 8346.0 8352.0
092715 092806 8346.0 8360.0 8346.0 8354.0
092733 092824 8360.0 8360.0 8348.0 8354.0
092740 092837 8348.0 8368.0 8348.0 8368.0
092824 092912 8354.0 8371.0 8354.0 8371.0
092824 092914 8354.0 8371.0 8352.0 8352.0
092824 092919 8354.0 8371.0 8352.0 8352.0
092824 092921 8354.0 8371.0 8350.0 8350.0
092837 092932 8368.0 8371.0 8348.0 8348.0
092919 093015 8352.0 8353.0 8348.0 8353.0
092932 093030 8348.0 8353.0 8346.0 8346.0
093015 093047 8353.0 8361.0 8346.0 8361.0
093015 093048 8353.0 8361.0 8342.0 8342.0
093015 093051 8353.0 8361.0 8340.0 8340.0
093015 093052 8353.0 8361.0 8340.0 8353.0
093015 093053 8353.0 8361.0 8340.0 8350.0
093015 093057 8353.0 8361.0 8335.0 8335.0
093015 093058 8353.0 8361.0 8332.0 8332.0
093015 093101 8353.0 8361.0 8332.0 8333.0
093015 093103 8353.0 8361.0 8332.0 8334.0
093015 093110 8353.0 8361.0 8332.0 8335.0
093030 093119 8346.0 8361.0 8332.0 8335.0
093047 093139 8361.0 8361.0 8331.0 8331.0
093047 093140 8361.0 8361.0 8331.0 8331.0
093047 093141 8361.0 8361.0 8329.0 8329.0
093047 093142 8361.0 8361.0 8329.0 8345.0
093047 093144 8361.0 8361.0 8326.0 8326.0
093047 093145 8361.0 8361.0 8326.0 8327.0
093047 093146 8361.0 8361.0 8326.0 8342.0
093048 093148 8342.0 8353.0 8326.0 8329.0
093051 093150 8340.0 8353.0 8326.0 8329.0
093052 093152 8353.0 8353.0 8326.0 8330.0
093053 093153 8350.0 8350.0 8326.0 8332.0
093057 093156 8335.0 8345.0 8326.0 8330.0
093101 093200 8333.0 8345.0 8326.0 8331.0
093103 093203 8334.0 8345.0 8326.0 8331.0
093110 093204 8335.0 8345.0 8326.0 8328.0
093110 093208 8335.0 8345.0 8326.0 8326.0
093110 093210 8335.0 8345.0 8325.0 8325.0
093119 093216 8335.0 8345.0 8325.0 8326.0
093139 093223 8331.0 8345.0 8325.0 8327.0
093139 093226 8331.0 8345.0 8325.0 8327.0
093139 093227 8331.0 8345.0 8325.0 8330.0
093139 093230 8331.0 8345.0 8325.0 8328.0
093139 093234 8331.0 8345.0 8325.0 8329.0
093139 093235 8331.0 8345.0 8325.0 8326.0
093139 093237 8331.0 8345.0 8325.0 8342.0
093139 093238 8331.0 8345.0 8324.0 8324.0
093141 093241 8329.0 8345.0 8324.0 8325.0
093148 093247 8329.0 8342.0 8324.0 8326.0
093148 093248 8329.0 8342.0 8324.0 8326.0
093210 093309 8325.0 8347.0 8324.0 8347.0
093210 093310 8325.0 8347.0 8324.0 8334.0
093216 093312 8326.0 8347.0 8324.0 8332.0
093223 093318 8327.0 8347.0 8324.0 8330.0
093223 093320 8327.0 8347.0 8324.0 8329.0
093235 093335 8326.0 8347.0 8324.0 8329.0
093247 093346 8326.0 8347.0 8326.0 8327.0
093309 093358 8347.0 8347.0 8325.0 8325.0
093309 093407 8347.0 8347.0 8325.0 8327.0
093312 093411 8332.0 8332.0 8325.0 8329.0
093320 093419 8329.0 8329.0 8325.0 8329.0
093335 093421 8329.0 8329.0 8325.0 8328.0
093335 093431 8329.0 8329.0 8325.0 8328.0
093358 093448 8325.0 8329.0 8325.0 8329.0
093419 093515 8329.0 8330.0 8328.0 8330.0
093448 093535 8329.0 8330.0 8326.0 8326.0
093515 093610 8330.0 8345.0 8326.0 8345.0
093515 093611 8330.0 8345.0 8326.0 8334.0
093515 093612 8330.0 8345.0 8326.0 8335.0
093515 093613 8330.0 8345.0 8326.0 8337.0
093535 093633 8326.0 8345.0 8326.0 8328.0
093610 093639 8345.0 8345.0 8304.0 8304.0
093610 093656 8345.0 8345.0 8304.0 8332.0
093610 093702 8345.0 8345.0 8304.0 8336.0
093610 093704 8345.0 8345.0 8304.0 8336.0
093633 093717 8328.0 8337.0 8304.0 8337.0
093633 093720 8328.0 8350.0 8304.0 8350.0
093633 093726 8328.0 8350.0 8304.0 8340.0
093633 093727 8328.0 8350.0 8304.0 8345.0
093633 093728 8328.0 8357.0 8304.0 8357.0
093639 093736 8304.0 8357.0 8304.0 8341.0
093656 093740 8332.0 8357.0 8332.0 8341.0
093656 093741 8332.0 8357.0 8332.0 8357.0
093656 093751 8332.0 8357.0 8332.0 8336.0
093656 093752 8332.0 8357.0 8332.0 8340.0
093702 093802 8336.0 8357.0 8336.0 8336.0
093717 093813 8337.0 8357.0 8336.0 8343.0
093736 093832 8341.0 8360.0 8336.0 8360.0
093736 093834 8341.0 8360.0 8336.0 8347.0
093736 093835 8341.0 8360.0 8336.0 8348.0
093736 093836 8341.0 8365.0 8336.0 8365.0
093751 093846 8336.0 8365.0 8336.0 8345.0
093813 093905 8343.0 8365.0 8343.0 8347.0
093813 093907 8343.0 8365.0 8343.0 8348.0
093813 093910 8343.0 8365.0 8343.0 8348.0
093813 093911 8343.0 8365.0 8343.0 8348.0
093813 093913 8343.0 8365.0 8343.0 8349.0
093832 093916 8360.0 8365.0 8345.0 8348.0
093832 093917 8360.0 8365.0 8345.0 8348.0
093832 093921 8360.0 8365.0 8345.0 8348.0
093834 093933 8347.0 8365.0 8345.0 8345.0
093834 093934 8347.0 8365.0 8343.0 8343.0
093846 093945 8345.0 8349.0 8343.0 8343.0
093905 093947 8347.0 8349.0 8342.0 8342.0
093905 093959 8347.0 8349.0 8342.0 8343.0
093910 094008 8348.0 8349.0 8342.0 8347.0
093911 094011 8348.0 8349.0 8342.0 8348.0
093913 094012 8349.0 8365.0 8342.0 8365.0
093913 094013 8349.0 8365.0 8342.0 8356.0
093916 094015 8348.0 8365.0 8342.0 8354.0
093921 094021 8348.0 8365.0 8342.0 8357.0
093933 094022 8345.0 8365.0 8342.0 8355.0
093933 094024 8345.0 8365.0 8342.0 8358.0
093933 094027 8345.0 8365.0 8342.0 8358.0
093945 094036 8343.0 8365.0 8342.0 8357.0
093945 094037 8343.0 8365.0 8342.0 8356.0
093945 094039 8343.0 8365.0 8342.0 8356.0
094008 094108 8347.0 8365.0 8347.0 8354.0
094011 094109 8348.0 8365.0 8348.0 8357.0
094021 094117 8357.0 8358.0 8354.0 8355.0
094022 094122 8355.0 8368.0 8354.0 8368.0
094108 094141 8354.0 8368.0 8347.0 8347.0
094141 094224 8347.0 8351.0 8347.0 8351.0
094224 094244 8351.0 8365.0 8351.0 8365.0
094224 094313 8351.0 8365.0 8350.0 8350.0
094224 094321 8351.0 8365.0 8350.0 8350.0
094244 094333 8365.0 8365.0 8350.0 8353.0
094244 094335 8365.0 8365.0 8350.0 8354.0
094244 094336 8365.0 8365.0 8350.0 8354.0
094313 094400 8350.0 8354.0 8350.0 8354.0
094313 094401 8350.0 8355.0 8350.0 8355.0
094333 094423 8353.0 8355.0 8352.0 8352.0
094333 094426 8353.0 8355.0 8350.0 8350.0
094335 094434 8354.0 8355.0 8350.0 8351.0
094426 094524 8350.0 8351.0 8348.0 8348.0
094434 094533 8351.0 8351.0 8345.0 8345.0
094524 094559 8348.0 8348.0 8341.0 8341.0
094524 094600 8348.0 8348.0 8341.0 8343.0
094524 094603 8348.0 8362.0 8341.0 8362.0
094559 094645 8341.0 8362.0 8341.0 8344.0
094559 094654 8341.0 8362.0 8341.0 8343.0
094645 094706 8344.0 8348.0 8343.0 8348.0
094645 094727 8344.0 8348.0 8343.0 8348.0
094645 094732 8344.0 8348.0 8343.0 8348.0
094645 094739 8344.0 8352.0 8343.0 8352.0
094645 094742 8344.0 8352.0 8343.0 8351.0
094727 094807 8348.0 8353.0 8348.0 8353.0
094727 094808 8348.0 8356.0 8348.0 8356.0
094727 094810 8348.0 8356.0 8348.0 8356.0
094739 094839 8352.0 8362.0 8351.0 8362.0
094742 094841 8351.0 8362.0 8344.0 8344.0
094807 094848 8353.0 8362.0 8344.0 8345.0
094839 094914 8362.0 8362.0 8344.0 8353.0
094839 094917 8362.0 8362.0 8344.0 8353.0
094914 095010 8353.0 8354.0 8353.0 8354.0
094914 095012 8353.0 8355.0 8353.0 8355.0
094914 095013 8353.0 8355.0 8353.0 8355.0
094917 095015 8353.0 8355.0 8352.0 8352.0
095010 095057 8354.0 8355.0 8346.0 8346.0
095012 095112 8355.0 8355.0 8346.0 8352.0
095015 095114 8352.0 8355.0 8346.0 8355.0
095057 095121 8346.0 8355.0 8346.0 8354.0
095057 095124 8346.0 8356.0 8346.0 8356.0
095057 095125 8346.0 8358.0 8346.0 8358.0
095057 095126 8346.0 8375.0 8346.0 8375.0
095057 095127 8346.0 8375.0 8346.0 8375.0
095057 095139 8346.0 8375.0 8346.0 8361.0
095057 095150 8346.0 8375.0 8346.0 8362.0
095057 095152 8346.0 8380.0 8346.0 8380.0
095057 095153 8346.0 8380.0 8346.0 8367.0
095112 095158 8352.0 8380.0 8352.0 8367.0
095112 095200 8352.0 8380.0 8352.0 8369.0
095112 095201 8352.0 8380.0 8352.0 8369.0
095112 095202 8352.0 8380.0 8352.0 8370.0
095112 095203 8352.0 8380.0 8352.0 8369.0
095112 095208 8352.0 8380.0 8352.0 8370.0
095112 095210 8352.0 8389.0 8352.0 8389.0
095112 095211 8352.0 8389.0 8352.0 8372.0
095114 095214 8355.0 8389.0 8354.0 8369.0
095121 095218 8354.0 8389.0 8354.0 8370.0
095121 095219 8354.0 8389.0 8354.0 8369.0
095124 095223 8356.0 8389.0 8356.0 8369.0
095139 095234 8361.0 8389.0 8361.0 8369.0
095150 095241 8362.0 8389.0 8362.0 8369.0
095150 095249 8362.0 8389.0 8362.0 8370.0
095158 095257 8367.0 8389.0 8367.0 8371.0
095200 095259 8369.0 8389.0 8369.0 8372.0
095201 095301 8369.0 8389.0 8369.0 8374.0
095203 095303 8369.0 8389.0 8369.0 8372.0
095210 095310 8389.0 8389.0 8369.0 8371.0
095214 095313 8369.0 8374.0 8369.0 8372.0
095234 095332 8369.0 8374.0 8368.0 8368.0
095234 095333 8369.0 8374.0 8367.0 8367.0
095241 095340 8369.0 8374.0 8367.0 8369.0
095249 095343 8370.0 8374.0 8367.0 8370.0
095249 095344 8370.0 8374.0 8367.0 8370.0
095257 095353 8371.0 8387.0 8367.0 8387.0
095310 095408 8371.0 8387.0 8367.0 8369.0
095313 095411 8372.0 8387.0 8367.0 8370.0
095313 095412 8372.0 8387.0 8367.0 8370.0
095340 095434 8369.0 8387.0 8369.0 8370.0
095353 095445 8387.0 8387.0 8368.0 8368.0
095411 095509 8370.0 8370.0 8368.0 8369.0
095434 095513 8370.0 8372.0 8368.0 8372.0
095434 095514 8370.0 8373.0 8368.0 8373.0
095434 095515 8370.0 8374.0 8368.0 8374.0
095434 095517 8370.0 8375.0 8368.0 8375.0
095434 095519 8370.0 8375.0 8368.0 8375.0
095434 095520 8370.0 8378.0 8368.0 8378.0
095434 095521 8370.0 8396.0 8368.0 8396.0
095434 095524 8370.0 8396.0 8368.0 8374.0
095434 095529 8370.0 8396.0 8368.0 8379.0
095434 095530 8370.0 8396.0 8368.0 8380.0
095434 095531 8370.0 8400.0 8368.0 8400.0
095434 095532 8370.0 8400.0 8368.0 8399.0
095434 095533 8370.0 8400.0 8368.0 8384.0
095434 095534 8370.0 8400.0 8368.0 8382.0
095445 095536 8368.0 8400.0 8368.0 8384.0
095445 095538 8368.0 8400.0 8368.0 8387.0
095509 095546 8369.0 8400.0 8369.0 8382.0
095509 095554 8369.0 8400.0 8369.0 8385.0
095509 095555 8369.0 8400.0 8369.0 8387.0
095509 095600 8369.0 8400.0 8369.0 8387.0
095509 095604 8369.0 8400.0 8369.0 8388.0
095509 095605 8369.0 8400.0 8369.0 8389.0
095509 095606 8369.0 8400.0 8369.0 8389.0
095509 095608 8369.0 8400.0 8369.0 8390.0
095513 095613 8372.0 8400.0 8372.0 8392.0
095534 095634 8382.0 8392.0 8382.0 8390.0
095546 095643 8382.0 8392.0 8382.0 8387.0
095546 095645 8382.0 8392.0 8382.0 8389.0
095546 095646 8382.0 8392.0 8382.0 8388.0
095554 095647 8385.0 8392.0 8385.0 8386.0
095600 095658 8387.0 8392.0 8386.0 8388.0
095604 095702 8388.0 8392.0 8386.0 8389.0
095613 095712 8392.0 8392.0 8386.0 8387.0
095634 095717 8390.0 8390.0 8385.0 8385.0
095634 095720 8390.0 8390.0 8385.0 8387.0
095634 095723 8390.0 8390.0 8385.0 8386.0
095634 095724 8390.0 8390.0 8385.0 8385.0
095643 095743 8387.0 8389.0 8385.0 8387.0
095645 095745 8389.0 8389.0 8385.0 8388.0
095647 095747 8386.0 8389.0 8385.0 8389.0
095658 095750 8388.0 8389.0 8385.0 8388.0
095658 095756 8388.0 8389.0 8385.0 8388.0
095717 095816 8385.0 8389.0 8385.0 8386.0
095720 095818 8387.0 8389.0 8385.0 8385.0
095720 095819 8387.0 8389.0 8385.0 8388.0
095723 095823 8386.0 8389.0 8385.0 8388.0
095743 095826 8387.0 8405.0 8385.0 8405.0
095743 095827 8387.0 8405.0 8385.0 8389.0
095743 095828 8387.0 8405.0 8385.0 8389.0
095743 095839 8387.0 8405.0 8385.0 8388.0
095743 095840 8387.0 8405.0 8385.0 8388.0
095745 095844 8388.0 8405.0 8385.0 8387.0
095756 095854 8388.0 8405.0 8385.0 8388.0
095816 095900 8386.0 8405.0 8385.0 8387.0
095816 095908 8386.0 8405.0 8385.0 8386.0
095816 095910 8386.0 8405.0 8385.0 8386.0
095816 095911 8386.0 8405.0 8385.0 8387.0
095826 095924 8405.0 8405.0 8386.0 8386.0
095839 095938 8388.0 8388.0 8386.0 8388.0
095854 095945 8388.0 8388.0 8376.0 8376.0
095854 095946 8388.0 8388.0 8376.0 8381.0
095854 095947 8388.0 8398.0 8376.0 8398.0
095854 095948 8388.0 8398.0 8376.0 8398.0
095854 095950 8388.0 8398.0 8376.0 8378.0
095900 095959 8387.0 8398.0 8376.0 8382.0
095908 100001 8386.0 8398.0 8376.0 8384.0
095908 100008 8386.0 8398.0 8376.0 8377.0
095924 100016 8386.0 8398.0 8376.0 8379.0
095938 100032 8388.0 8398.0 8376.0 8379.0
095938 100033 8388.0 8398.0 8376.0 8379.0
095938 100034 8388.0 8398.0 8376.0 8379.0
095945 100041 8376.0 8398.0 8376.0 8379.0
095950 100049 8378.0 8384.0 8377.0 8382.0
095950 100050 8378.0 8384.0 8377.0 8383.0
095959 100051 8382.0 8384.0 8377.0 8383.0
100001 100100 8384.0 8384.0 8377.0 8380.0
100008 100105 8377.0 8394.0 8377.0 8394.0
100032 100124 8379.0 8394.0 8379.0 8382.0
100034 100134 8379.0 8398.0 8379.0 8398.0
100041 100139 8379.0 8398.0 8379.0 8387.0
100049 100145 8382.0 8398.0 8380.0 8386.0
100100 100157 8380.0 8398.0 8380.0 8386.0
100100 100158 8380.0 8398.0 8380.0 8386.0
100100 100200 8380.0 8398.0 8380.0 8385.0
100105 100201 8394.0 8398.0 8382.0 8385.0
100105 100203 8394.0 8398.0 8382.0 8385.0
100105 100205 8394.0 8400.0 8382.0 8400.0
100124 100208 8382.0 8400.0 8382.0 8387.0
100124 100211 8382.0 8400.0 8380.0 8380.0
100124 100213 8382.0 8400.0 8380.0 8386.0
100124 100217 8382.0 8400.0 8380.0 8384.0
100134 100230 8398.0 8400.0 8380.0 8386.0
100145 100240 8386.0 8400.0 8380.0 8384.0
100145 100243 8386.0 8401.0 8380.0 8401.0
100157 100252 8386.0 8401.0 8380.0 8386.0
100157 100256 8386.0 8401.0 8380.0 8387.0
100208 100306 8387.0 8401.0 8380.0 8386.0
100217 100317 8384.0 8401.0 8384.0 8386.0
100230 100330 8386.0 8401.0 8382.0 8382.0
100240 100331 8384.0 8401.0 8382.0 8382.0
100252 100352 8386.0 8387.0 8382.0 8384.0
100256 100353 8387.0 8387.0 8382.0 8385.0
100256 100354 8387.0 8387.0 8382.0 8384.0
100306 100401 8386.0 8386.0 8382.0 8386.0
100317 100408 8386.0 8388.0 8382.0 8388.0
100317 100411 8386.0 8388.0 8382.0 8387.0
100317 100414 8386.0 8388.0 8382.0 8388.0
100330 100427 8382.0 8388.0 8382.0 8386.0
100354 100454 8384.0 8388.0 8384.0 8386.0
100401 100501 8386.0 8388.0 8386.0 8388.0
100408 100502 8388.0 8388.0 8386.0 8388.0
100408 100503 8388.0 8389.0 8386.0 8389.0
100408 100505 8388.0 8390.0 8386.0 8390.0
100414 100512 8388.0 8401.0 8386.0 8401.0
100427 100516 8386.0 8401.0 8380.0 8380.0
100454 100550 8386.0 8401.0 8380.0 8390.0
100501 100555 8388.0 8401.0 8375.0 8375.0
100501 100556 8388.0 8401.0 8368.0 8368.0
100501 100557 8388.0 8401.0 8368.0 8375.0
100512 100608 8401.0 8401.0 8368.0 8375.0
100512 100612 8401.0 8401.0 8368.0 8375.0
100550 100622 8390.0 8390.0 8368.0 8380.0
100550 100629 8390.0 8390.0 8368.0 8381.0
100622 100716 8380.0 8381.0 8375.0 8375.0
100716 100759 8375.0 8378.0 8375.0 8378.0
100759 100836 8378.0 8378.0 8372.0 8372.0
100759 100837 8378.0 8378.0 8372.0 8378.0
100759 100846 8378.0 8379.0 8372.0 8379.0
100759 100848 8378.0 8381.0 8372.0 8381.0
100846 100945 8379.0 8381.0 8379.0 8381.0
100945 101010 8381.0 8385.0 8381.0 8385.0
100945 101017 8381.0 8385.0 8381.0 8385.0
100945 101022 8381.0 8385.0 8381.0 8384.0
100945 101038 8381.0 8386.0 8381.0 8386.0
100945 101045 8381.0 8386.0 8381.0 8386.0
101010 101052 8385.0 8386.0 8384.0 8384.0
101038 101131 8386.0 8386.0 8382.0 8382.0
101245 101245 8378.0 8378.0 8378.0 8378.0
101245 101246 8378.0 8378.0 8378.0 8378.0
101245 101248 8378.0 8379.0 8378.0 8379.0
101245 101249 8378.0 8379.0 8378.0 8379.0
101245 101254 8378.0 8381.0 8378.0 8381.0
101245 101320 8378.0 8387.0 8378.0 8387.0
101245 101321 8378.0 8389.0 8378.0 8389.0
101245 101322 8378.0 8390.0 8378.0 8390.0
101245 101323 8378.0 8405.0 8378.0 8405.0
101245 101324 8378.0 8405.0 8378.0 8396.0
101245 101325 8378.0 8405.0 8378.0 8398.0
101245 101327 8378.0 8405.0 8378.0 8394.0
101245 101329 8378.0 8405.0 8378.0 8398.0
101249 101349 8379.0 8405.0 8379.0 8398.0
101254 101354 8381.0 8405.0 8381.0 8398.0
101320 101403 8387.0 8405.0 8387.0 8389.0
101320 101409 8387.0 8408.0 8387.0 8408.0
101320 101410 8387.0 8408.0 8387.0 8408.0
101320 101414 8387.0 8408.0 8387.0 8392.0
101323 101423 8405.0 8408.0 8389.0 8407.0
101349 101435 8398.0 8408.0 8389.0 8391.0
101354 101452 8398.0 8408.0 8389.0 8393.0
101354 101454 8398.0 8408.0 8389.0 8393.0
101403 101500 8389.0 8409.0 8389.0 8409.0
101414 101512 8392.0 8409.0 8391.0 8393.0
101414 101513 8392.0 8409.0 8391.0 8394.0
101414 101514 8392.0 8409.0 8391.0 8394.0
101423 101516 8407.0 8409.0 8391.0 8394.0
101423 101520 8407.0 8409.0 8391.0 8405.0
101452 101547 8393.0 8409.0 8393.0 8394.0
101452 101552 8393.0 8409.0 8392.0 8392.0
101512 101601 8393.0 8405.0 8392.0 8393.0
101547 101646 8394.0 8394.0 8385.0 8385.0
101552 101650 8392.0 8393.0 8383.0 8383.0
101552 101651 8392.0 8393.0 8383.0 8383.0
101646 101719 8385.0 8385.0 8379.0 8379.0
101646 101729 8385.0 8385.0 8379.0 8385.0
101646 101732 8385.0 8385.0 8379.0 8383.0
101719 101806 8379.0 8386.0 8379.0 8386.0
101806 101836 8386.0 8387.0 8386.0 8387.0
101806 101842 8386.0 8387.0 8386.0 8387.0
101806 101844 8386.0 8388.0 8386.0 8388.0
101806 101846 8386.0 8388.0 8386.0 8388.0
101806 101850 8386.0 8388.0 8386.0 8386.0
101844 101943 8388.0 8388.0 8386.0 8387.0
101943 102004 8387.0 8387.0 8385.0 8385.0
102004 102054 8385.0 8385.0 8384.0 8384.0
102004 102059 8385.0 8400.0 8384.0 8400.0
102054 102110 8384.0 8400.0 8384.0 8386.0
102054 102147 8384.0 8400.0 8384.0 8396.0
102059 102156 8400.0 8400.0 8373.0 8373.0
102059 102157 8400.0 8400.0 8371.0 8371.0
102156 102255 8373.0 8375.0 8371.0 8375.0
102255 102333 8375.0 8375.0 8365.0 8365.0
102333 102406 8365.0 8365.0 8365.0 8365.0
102333 102410 8365.0 8385.0 8365.0 8385.0
102512 102512 8388.0 8388.0 8388.0 8388.0
102512 102517 8388.0 8388.0 8364.0 8364.0
102512 102551 8388.0 8388.0 8364.0 8376.0
102512 102557 8388.0 8388.0 8364.0 8378.0
102512 102558 8388.0 8388.0 8364.0 8379.0
102512 102559 8388.0 8388.0 8364.0 8379.0
102557 102652 8378.0 8379.0 8370.0 8370.0
102802 102802 8375.0 8375.0 8375.0 8375.0
102802 102827 8375.0 8378.0 8375.0 8378.0
102802 102830 8375.0 8379.0 8375.0 8379.0
102802 102900 8375.0 8379.0 8375.0 8375.0
102827 102915 8378.0 8379.0 8375.0 8375.0
102827 102916 8378.0 8379.0 8375.0 8375.0
102900 102949 8375.0 8375.0 8375.0 8375.0
103052 103052 8379.0 8379.0 8379.0 8379.0
103052 103100 8379.0 8392.0 8379.0 8392.0
103052 103129 8379.0 8392.0 8376.0 8376.0
103129 103219 8376.0 8376.0 8376.0 8376.0
103129 103222 8376.0 8376.0 8376.0 8376.0
103129 103224 8376.0 8376.0 8376.0 8376.0
103219 103242 8376.0 8376.0 8372.0 8372.0
103219 103250 8376.0 8385.0 8372.0 8385.0
103219 103317 8376.0 8385.0 8372.0 8376.0
103250 103343 8385.0 8385.0 8375.0 8375.0
103250 103344 8385.0 8385.0 8375.0 8375.0
103343 103429 8375.0 8375.0 8371.0 8371.0
103343 103435 8375.0 8375.0 8371.0 8371.0
103343 103436 8375.0 8375.0 8369.0 8369.0
103343 103437 8375.0 8383.0 8369.0 8383.0
103622 103622 8371.0 8371.0 8371.0 8371.0
103622 103626 8371.0 8372.0 8371.0 8372.0
103622 103638 8371.0 8373.0 8371.0 8373.0
103739 103739 8375.0 8375.0 8375.0 8375.0
103739 103743 8375.0 8375.0 8375.0 8375.0
103739 103748 8375.0 8375.0 8375.0 8375.0
103739 103831 8375.0 8385.0 8375.0 8385.0
103953 103953 8370.0 8370.0 8370.0 8370.0
103953 104013 8370.0 8371.0 8370.0 8371.0
103953 104029 8370.0 8371.0 8370.0 8371.0
103953 104031 8370.0 8371.0 8370.0 8371.0
104013 104104 8371.0 8371.0 8368.0 8368.0
104013 104109 8371.0 8371.0 8367.0 8367.0
104104 104149 8368.0 8368.0 8367.0 8368.0
104104 104151 8368.0 8368.0 8367.0 8368.0
104109 104207 8367.0 8368.0 8366.0 8366.0
104149 104221 8368.0 8368.0 8366.0 8367.0
104207 104252 8366.0 8378.0 8366.0 8378.0
104221 104318 8367.0 8378.0 8362.0 8362.0
104252 104349 8378.0 8378.0 8362.0 8377.0
104318 104356 8362.0 8377.0 8362.0 8367.0
104318 104403 8362.0 8377.0 8362.0 8365.0
104318 104404 8362.0 8377.0 8362.0 8364.0
104349 104431 8377.0 8377.0 8364.0 8373.0
104349 104439 8377.0 8377.0 8364.0 8365.0
104349 104446 8377.0 8377.0 8359.0 8359.0
104349 104447 8377.0 8377.0 8359.0 8365.0
104606 104606 8366.0 8366.0 8366.0 8366.0
104606 104647 8366.0 8371.0 8366.0 8371.0
104606 104649 8366.0 8372.0 8366.0 8372.0
104606 104650 8366.0 8373.0 8366.0 8373.0
104606 104659 8366.0 8375.0 8366.0 8375.0
104606 104704 8366.0 8375.0 8366.0 8375.0
104647 104727 8371.0 8375.0 8371.0 8372.0
104727 104808 8372.0 8372.0 8372.0 8372.0
104808 104830 8372.0 8373.0 8372.0 8373.0
104830 104929 8373.0 8375.0 8373.0 8375.0
104929 104932 8375.0 8378.0 8375.0 8378.0
104929 104935 8375.0 8378.0 8375.0 8378.0
104929 104956 8375.0 8380.0 8375.0 8380.0
104956 105042 8380.0 8380.0 8376.0 8376.0
105042 105106 8376.0 8380.0 8376.0 8380.0
105042 105120 8376.0 8382.0 8376.0 8382.0
105120 105220 8382.0 8382.0 8377.0 8377.0
105350 105350 8395.0 8395.0 8395.0 8395.0
105350 105356 8395.0 8395.0 8381.0 8381.0
105350 105357 8395.0 8395.0 8381.0 8381.0
105527 105527 8376.0 8376.0 8376.0 8376.0
105527 105529 8376.0 8376.0 8375.0 8375.0
105527 105533 8376.0 8378.0 8375.0 8378.0
105645 105645 8377.0 8377.0 8377.0 8377.0
105746 105746 8392.0 8392.0 8392.0 8392.0
105859 105859 8376.0 8376.0 8376.0 8376.0
110038 110038 8378.0 8378.0 8378.0 8378.0
110038 110045 8378.0 8379.0 8378.0 8379.0
110038 110111 8378.0 8381.0 8378.0 8381.0
110038 110112 8378.0 8381.0 8378.0 8381.0
110111 110148 8381.0 8381.0 8379.0 8379.0
110343 110343 8378.0 8378.0 8378.0 8378.0
110551 110551 8375.0 8375.0 8375.0 8375.0
110551 110614 8375.0 8375.0 8373.0 8373.0
110614 110705 8373.0 8378.0 8373.0 8378.0
110705 110733 8378.0 8381.0 8378.0 8381.0
110733 110807 8381.0 8392.0 8381.0 8392.0
110733 110810 8381.0 8392.0 8381.0 8392.0
110733 110816 8381.0 8392.0 8381.0 8392.0
110925 110925 8390.0 8390.0 8390.0 8390.0
110925 110926 8390.0 8390.0 8390.0 8390.0
111156 111156 8373.0 8373.0 8373.0 8373.0
111156 111158 8373.0 8373.0 8373.0 8373.0
111156 111236 8373.0 8374.0 8373.0 8374.0
111500 111500 8391.0 8391.0 8391.0 8391.0
111500 111551 8391.0 8391.0 8380.0 8380.0
111551 111623 8380.0 8380.0 8377.0 8377.0
111551 111625 8380.0 8380.0 8377.0 8378.0
111551 111638 8380.0 8380.0 8377.0 8378.0
111638 111736 8378.0 8378.0 8378.0 8378.0
111736 111755 8378.0 8381.0 8378.0 8381.0
111736 111808 8378.0 8395.0 8378.0 8395.0
111736 111815 8378.0 8395.0 8378.0 8380.0
111736 111831 8378.0 8395.0 8378.0 8381.0
112243 112243 8395.0 8395.0 8395.0 8395.0
112243 112257 8395.0 8395.0 8375.0 8375.0
112732 112732 8395.0 8395.0 8395.0 8395.0
112732 112733 8395.0 8395.0 8384.0 8384.0
112907 112907 8383.0 8383.0 8383.0 8383.0
112907 112913 8383.0 8384.0 8383.0 8384.0
112907 112914 8383.0 8385.0 8383.0 8385.0
112907 112915 8383.0 8385.0 8383.0 8385.0
112907 112916 8383.0 8388.0 8383.0 8388.0
112907 112930 8383.0 8403.0 8383.0 8403.0
112907 112942 8383.0 8403.0 8383.0 8388.0
112907 112943 8383.0 8403.0 8383.0 8388.0
112907 113000 8383.0 8403.0 8383.0 8388.0
112907 113001 8383.0 8403.0 8383.0 8389.0
112907 113002 8383.0 8403.0 8383.0 8390.0
112907 113003 8383.0 8403.0 8383.0 8390.0
112913 113010 8384.0 8403.0 8384.0 8384.0
112913 113011 8384.0 8403.0 8384.0 8402.0
112930 113027 8403.0 8403.0 8384.0 8390.0
112942 113036 8388.0 8402.0 8384.0 8389.0
113000 113055 8388.0 8402.0 8384.0 8389.0
113000 113056 8388.0 8407.0 8384.0 8407.0
113003 113103 8390.0 8407.0 8384.0 8387.0
113027 113126 8390.0 8407.0 8387.0 8390.0
113036 113134 8389.0 8407.0 8387.0 8389.0
113055 113139 8389.0 8407.0 8387.0 8392.0
113055 113140 8389.0 8407.0 8387.0 8393.0
113055 113144 8389.0 8407.0 8387.0 8392.0
113126 113215 8390.0 8393.0 8389.0 8390.0
113126 113216 8390.0 8393.0 8389.0 8390.0
113134 113228 8389.0 8393.0 8389.0 8389.0
113134 113234 8389.0 8393.0 8388.0 8388.0
113139 113236 8392.0 8393.0 8388.0 8389.0
113215 113245 8390.0 8391.0 8388.0 8391.0
113215 113246 8390.0 8393.0 8388.0 8393.0
113215 113247 8390.0 8394.0 8388.0 8394.0
113215 113300 8390.0 8394.0 8388.0 8391.0
113228 113322 8389.0 8394.0 8388.0 8394.0
113228 113325 8389.0 8395.0 8388.0 8395.0
113228 113327 8389.0 8395.0 8388.0 8393.0
113236 113335 8389.0 8395.0 8368.0 8368.0
113300 113348 8391.0 8395.0 8368.0 8395.0
113322 113402 8394.0 8395.0 8368.0 8391.0
113325 113424 8395.0 8395.0 8368.0 8391.0
113424 113509 8391.0 8391.0 8388.0 8388.0
113630 113630 8384.0 8384.0 8384.0 8384.0
113630 113631 8384.0 8384.0 8383.0 8383.0
113630 113632 8384.0 8384.0 8383.0 8383.0
113630 113634 8384.0 8384.0 8383.0 8383.0
113632 113732 8383.0 8383.0 8358.0 8358.0
113732 113737 8358.0 8386.0 8358.0 8386.0
113732 113807 8358.0 8390.0 8358.0 8390.0
113954 113954 8401.0 8401.0 8401.0 8401.0
113954 114000 8401.0 8401.0 8390.0 8390.0
113954 114043 8401.0 8401.0 8390.0 8390.0
114043 114104 8390.0 8392.0 8390.0 8392.0
114043 114138 8390.0 8392.0 8386.0 8386.0
114104 114156 8392.0 8392.0 8386.0 8390.0
114138 114217 8386.0 8393.0 8386.0 8393.0
114156 114249 8390.0 8393.0 8390.0 8392.0
114156 114251 8390.0 8393.0 8390.0 8393.0
114217 114258 8393.0 8393.0 8392.0 8392.0
114249 114339 8392.0 8393.0 8392.0 8393.0
114258 114353 8392.0 8393.0 8392.0 8393.0
114353 114451 8393.0 8393.0 8391.0 8391.0
114451 114501 8391.0 8395.0 8391.0 8395.0
114451 114502 8391.0 8396.0 8391.0 8396.0
114451 114503 8391.0 8410.0 8391.0 8410.0
114451 114510 8391.0 8410.0 8391.0 8396.0
114648 114648 8394.0 8394.0 8394.0 8394.0
114648 114705 8394.0 8394.0 8394.0 8394.0
114648 114728 8394.0 8394.0 8393.0 8393.0
114648 114737 8394.0 8394.0 8391.0 8391.0
114934 114934 8394.0 8394.0 8394.0 8394.0
114934 114941 8394.0 8395.0 8394.0 8395.0
114934 114947 8394.0 8410.0 8394.0 8410.0
114934 114948 8394.0 8410.0 8394.0 8400.0
114934 114949 8394.0 8415.0 8394.0 8415.0
114934 114952 8394.0 8415.0 8394.0 8401.0
114934 115002 8394.0 8415.0 8394.0 8405.0
114934 115003 8394.0 8415.0 8394.0 8405.0
114934 115011 8394.0 8415.0 8394.0 8404.0
114934 115029 8394.0 8415.0 8394.0 8402.0
114941 115037 8395.0 8415.0 8395.0 8403.0
114947 115044 8410.0 8415.0 8400.0 8403.0
114947 115046 8410.0 8415.0 8400.0 8404.0
114952 115051 8401.0 8405.0 8401.0 8404.0
114952 115052 8401.0 8405.0 8401.0 8405.0
115002 115053 8405.0 8405.0 8402.0 8405.0
115002 115058 8405.0 8405.0 8402.0 8404.0
115002 115059 8405.0 8405.0 8402.0 8405.0
115002 115100 8405.0 8405.0 8402.0 8405.0
115002 115101 8405.0 8407.0 8402.0 8407.0
115002 115102 8405.0 8407.0 8402.0 8407.0
115011 115106 8404.0 8408.0 8402.0 8408.0
115011 115107 8404.0 8408.0 8402.0 8408.0
115011 115109 8404.0 8408.0 8402.0 8408.0
115011 115110 8404.0 8408.0 8402.0 8408.0
115011 115111 8404.0 8408.0 8402.0 8408.0
115029 115117 8402.0 8408.0 8402.0 8405.0
115029 115121 8402.0 8408.0 8402.0 8404.0
115029 115123 8402.0 8408.0 8402.0 8405.0
115029 115128 8402.0 8408.0 8402.0 8404.0
115037 115137 8403.0 8408.0 8402.0 8402.0
115044 115140 8403.0 8408.0 8401.0 8401.0
115051 115147 8404.0 8408.0 8401.0 8401.0
115058 115157 8404.0 8415.0 8401.0 8415.0
115123 115223 8405.0 8415.0 8398.0 8398.0
115128 115225 8404.0 8415.0 8398.0 8398.0
115137 115233 8402.0 8415.0 8398.0 8415.0
115140 115238 8401.0 8415.0 8398.0 8398.0
115157 115251 8415.0 8415.0 8398.0 8401.0
115223 115259 8398.0 8415.0 8398.0 8401.0
115233 115331 8415.0 8415.0 8398.0 8412.0
115251 115350 8401.0 8412.0 8399.0 8399.0
115259 115355 8401.0 8412.0 8399.0 8399.0
115331 115401 8412.0 8412.0 8399.0 8402.0
115331 115403 8412.0 8412.0 8399.0 8403.0
115331 115424 8412.0 8412.0 8399.0 8403.0
115331 115429 8412.0 8412.0 8399.0 8401.0
115554 115554 8400.0 8400.0 8400.0 8400.0
115554 115604 8400.0 8401.0 8400.0 8401.0
115554 115625 8400.0 8402.0 8400.0 8402.0
115728 115728 8404.0 8404.0 8404.0 8404.0
115728 115741 8404.0 8404.0 8404.0 8404.0
115728 115745 8404.0 8405.0 8404.0 8405.0
115728 115747 8404.0 8406.0 8404.0 8406.0
115728 115750 8404.0 8408.0 8404.0 8408.0
115728 115815 8404.0 8408.0 8404.0 8408.0
115728 115816 8404.0 8421.0 8404.0 8421.0
115728 115828 8404.0 8421.0 8404.0 8405.0
115741 115837 8404.0 8421.0 8404.0 8410.0
115815 115853 8408.0 8421.0 8405.0 8412.0
115815 115854 8408.0 8421.0 8405.0 8412.0
115815 115855 8408.0 8428.0 8405.0 8428.0
115815 115859 8408.0 8428.0 8405.0 8412.0
115815 115900 8408.0 8428.0 8405.0 8415.0
115815 115907 8408.0 8428.0 8405.0 8413.0
115828 115919 8405.0 8428.0 8405.0 8428.0
115853 115940 8412.0 8428.0 8412.0 8412.0
115853 115941 8412.0 8428.0 8412.0 8412.0
115859 115956 8412.0 8428.0 8412.0 8415.0
115900 120000 8415.0 8428.0 8412.0 8415.0
115907 120001 8413.0 8428.0 8412.0 8428.0
115907 120007 8413.0 8428.0 8412.0 8418.0
115919 120008 8428.0 8428.0 8412.0 8418.0
115919 120013 8428.0 8428.0 8412.0 8415.0
115940 120021 8412.0 8428.0 8412.0 8416.0
115940 120037 8412.0 8428.0 8412.0 8416.0
115956 120044 8415.0 8428.0 8415.0 8418.0
115956 120049 8415.0 8428.0 8415.0 8418.0
115956 120053 8415.0 8430.0 8415.0 8430.0
115956 120056 8415.0 8430.0 8415.0 8419.0
120013 120110 8415.0 8430.0 8412.0 8412.0
120037 120132 8416.0 8430.0 8412.0 8414.0
120236 120236 8386.0 8386.0 8386.0 8386.0
120236 120240 8386.0 8414.0 8386.0 8414.0
120236 120252 8386.0 8414.0 8386.0 8412.0
120236 120324 8386.0 8416.0 8386.0 8416.0
120324 120403 8416.0 8416.0 8416.0 8416.0
120505 120505 8413.0 8413.0 8413.0 8413.0
120505 120514 8413.0 8413.0 8413.0 8413.0
120505 120531 8413.0 8413.0 8413.0 8413.0
120505 120550 8413.0 8413.0 8413.0 8413.0
120505 120604 8413.0 8413.0 8413.0 8413.0
120550 120649 8413.0 8421.0 8413.0 8421.0
120649 120734 8421.0 8421.0 8411.0 8411.0
120649 120749 8421.0 8421.0 8411.0 8411.0
120734 120817 8411.0 8411.0 8406.0 8406.0
120734 120819 8411.0 8412.0 8406.0 8412.0
120734 120821 8411.0 8412.0 8406.0 8412.0
121001 121001 8415.0 8415.0 8415.0 8415.0
121001 121007 8415.0 8415.0 8415.0 8415.0
121001 121028 8415.0 8415.0 8415.0 8415.0
121001 121056 8415.0 8415.0 8412.0 8412.0
121001 121100 8415.0 8415.0 8411.0 8411.0
121028 121123 8415.0 8415.0 8409.0 8409.0
121028 121125 8415.0 8415.0 8409.0 8410.0
121028 121126 8415.0 8415.0 8408.0 8408.0
121231 121231 8407.0 8407.0 8407.0 8407.0
121231 121241 8407.0 8409.0 8407.0 8409.0
121231 121309 8407.0 8409.0 8407.0 8409.0
121309 121408 8409.0 8409.0 8409.0 8409.0
121408 121438 8409.0 8412.0 8409.0 8412.0
121408 121507 8409.0 8412.0 8409.0 8411.0
121438 121519 8412.0 8414.0 8411.0 8414.0
121438 121534 8412.0 8422.0 8411.0 8422.0
121507 121545 8411.0 8422.0 8411.0 8414.0
121534 121627 8422.0 8422.0 8414.0 8415.0
121627 121715 8415.0 8415.0 8415.0 8415.0
121627 121716 8415.0 8416.0 8415.0 8416.0
121627 121717 8415.0 8416.0 8415.0 8416.0
121627 121724 8415.0 8417.0 8415.0 8417.0
121715 121730 8415.0 8428.0 8415.0 8428.0
121715 121736 8415.0 8428.0 8415.0 8416.0
121724 121821 8417.0 8428.0 8409.0 8409.0
121730 121827 8428.0 8428.0 8409.0 8417.0
121821 121907 8409.0 8417.0 8409.0 8416.0
121907 121930 8416.0 8430.0 8416.0 8430.0
121907 121931 8416.0 8430.0 8416.0 8430.0
121907 121939 8416.0 8430.0 8416.0 8419.0
121930 122022 8430.0 8430.0 8419.0 8419.0
122022 122055 8419.0 8419.0 8417.0 8417.0
122022 122101 8419.0 8419.0 8417.0 8419.0
122022 122116 8419.0 8419.0 8413.0 8413.0
122055 122138 8417.0 8419.0 8413.0 8419.0
122116 122202 8413.0 8419.0 8413.0 8418.0
122138 122228 8419.0 8419.0 8417.0 8417.0
122349 122349 8418.0 8418.0 8418.0 8418.0
122349 122410 8418.0 8418.0 8416.0 8416.0
122349 122418 8418.0 8418.0 8416.0 8417.0
122418 122517 8417.0 8417.0 8415.0 8415.0
122517 122524 8415.0 8417.0 8415.0 8417.0
122517 122535 8415.0 8417.0 8415.0 8417.0
122517 122540 8415.0 8419.0 8415.0 8419.0
122641 122641 8418.0 8418.0 8418.0 8418.0
122641 122658 8418.0 8418.0 8411.0 8411.0
122641 122703 8418.0 8418.0 8390.0 8390.0
122641 122717 8418.0 8418.0 8390.0 8416.0
122717 122810 8416.0 8418.0 8416.0 8418.0
122810 122827 8418.0 8418.0 8418.0 8418.0
122810 122854 8418.0 8419.0 8418.0 8419.0
122810 122907 8418.0 8420.0 8418.0 8420.0
122827 122912 8418.0 8421.0 8418.0 8421.0
122907 122956 8420.0 8421.0 8420.0 8420.0
122907 123000 8420.0 8423.0 8420.0 8423.0
122907 123001 8420.0 8435.0 8420.0 8435.0
122907 123006 8420.0 8435.0 8420.0 8421.0
122956 123015 8420.0 8435.0 8416.0 8416.0
122956 123026 8420.0 8435.0 8416.0 8416.0
122956 123031 8420.0 8435.0 8416.0 8430.0
123154 123154 8415.0 8415.0 8415.0 8415.0
123333 123333 8409.0 8409.0 8409.0 8409.0
123333 123338 8409.0 8409.0 8409.0 8409.0
123333 123416 8409.0 8416.0 8409.0 8416.0
123333 123418 8409.0 8417.0 8409.0 8417.0
123333 123432 8409.0 8417.0 8409.0 8413.0
123416 123449 8416.0 8417.0 8413.0 8413.0
123700 123700 8414.0 8414.0 8414.0 8414.0
123700 123744 8414.0 8414.0 8412.0 8412.0
123744 123815 8412.0 8414.0 8412.0 8414.0
123918 123918 8411.0 8411.0 8411.0 8411.0
123918 124017 8411.0 8411.0 8406.0 8406.0
124143 124143 8412.0 8412.0 8412.0 8412.0
124143 124221 8412.0 8412.0 8406.0 8406.0
124143 124237 8412.0 8412.0 8406.0 8409.0
124143 124238 8412.0 8412.0 8406.0 8409.0
124221 124245 8406.0 8426.0 8406.0 8426.0
124221 124305 8406.0 8426.0 8406.0 8413.0
124237 124334 8409.0 8426.0 8409.0 8413.0
124334 124431 8413.0 8422.0 8413.0 8422.0
124431 124519 8422.0 8422.0 8421.0 8421.0
124652 124652 8411.0 8411.0 8411.0 8411.0
124652 124711 8411.0 8411.0 8411.0 8411.0
124652 124736 8411.0 8423.0 8411.0 8423.0
124736 124823 8423.0 8423.0 8412.0 8412.0
124823 124904 8412.0 8424.0 8412.0 8424.0
124904 125002 8424.0 8424.0 8414.0 8414.0
125002 125025 8414.0 8414.0 8414.0 8414.0
125002 125046 8414.0 8416.0 8414.0 8416.0
125002 125057 8414.0 8416.0 8414.0 8416.0
125002 125101 8414.0 8417.0 8414.0 8417.0
125202 125202 8418.0 8418.0 8418.0 8418.0
125202 125218 8418.0 8418.0 8418.0 8418.0
125202 125221 8418.0 8419.0 8418.0 8419.0
125202 125236 8418.0 8419.0 8418.0 8419.0
125202 125241 8418.0 8419.0 8418.0 8419.0
125202 125247 8418.0 8419.0 8418.0 8419.0
125202 125302 8418.0 8419.0 8418.0 8419.0
125409 125409 8419.0 8419.0 8419.0 8419.0
125409 125420 8419.0 8419.0 8418.0 8418.0
125637 125637 8421.0 8421.0 8421.0 8421.0
125637 125639 8421.0 8421.0 8421.0 8421.0
125807 125807 8435.0 8435.0 8435.0 8435.0
125941 125941 8411.0 8411.0 8411.0 8411.0
125941 130031 8411.0 8417.0 8411.0 8417.0
130142 130142 8360.0 8360.0 8360.0 8360.0
130142 130154 8360.0 8386.0 8360.0 8386.0
130142 130222 8360.0 8414.0 8360.0 8414.0
130351 130351 8416.0 8416.0 8416.0 8416.0
130351 130417 8416.0 8416.0 8415.0 8415.0
130417 130505 8415.0 8415.0 8410.0 8410.0
130505 130552 8410.0 8415.0 8410.0 8415.0
130842 130842 8414.0 8414.0 8414.0 8414.0
130948 130948 8416.0 8416.0 8416.0 8416.0
130948 130951 8416.0 8417.0 8416.0 8417.0
130951 131049 8417.0 8417.0 8417.0 8417.0
131049 131059 8417.0 8418.0 8417.0 8418.0
131049 131100 8417.0 8419.0 8417.0 8419.0
131049 131125 8417.0 8419.0 8417.0 8418.0
131240 131240 8417.0 8417.0 8417.0 8417.0
131240 131313 8417.0 8418.0 8417.0 8418.0
131313 131354 8418.0 8419.0 8418.0 8419.0
131354 131433 8419.0 8419.0 8419.0 8419.0
131354 131436 8419.0 8419.0 8419.0 8419.0
131433 131505 8419.0 8420.0 8419.0 8420.0
131433 131506 8419.0 8436.0 8419.0 8436.0
131433 131507 8419.0 8436.0 8419.0 8420.0
131433 131523 8419.0 8436.0 8419.0 8420.0
131433 131524 8419.0 8436.0 8419.0 8436.0
131505 131559 8420.0 8436.0 8420.0 8420.0
131507 131607 8420.0 8436.0 8420.0 8420.0
131559 131655 8420.0 8421.0 8420.0 8421.0
131655 131734 8421.0 8423.0 8421.0 8423.0
131655 131740 8421.0 8423.0 8421.0 8422.0
131655 131743 8421.0 8423.0 8421.0 8423.0
131655 131747 8421.0 8423.0 8421.0 8423.0
131655 131752 8421.0 8423.0 8421.0 8423.0
131734 131756 8423.0 8423.0 8422.0 8423.0
131734 131757 8423.0 8424.0 8422.0 8424.0
131734 131759 8423.0 8424.0 8422.0 8424.0
131734 131812 8423.0 8424.0 8422.0 8423.0
131734 131817 8423.0 8424.0 8422.0 8424.0
131734 131818 8423.0 8424.0 8422.0 8424.0
131734 131820 8423.0 8425.0 8422.0 8425.0
131812 131910 8423.0 8426.0 8423.0 8426.0
131910 131927 8426.0 8427.0 8426.0 8427.0
131910 131931 8426.0 8427.0 8426.0 8427.0
131910 131933 8426.0 8427.0 8426.0 8427.0
131910 131942 8426.0 8427.0 8426.0 8427.0
131910 131949 8426.0 8427.0 8426.0 8427.0
131910 131951 8426.0 8428.0 8426.0 8428.0
131910 131952 8426.0 8428.0 8426.0 8428.0
131910 132000 8426.0 8428.0 8426.0 8428.0
131927 132014 8427.0 8429.0 8427.0 8429.0
131927 132015 8427.0 8429.0 8427.0 8429.0
131927 132018 8427.0 8429.0 8427.0 8429.0
131927 132020 8427.0 8429.0 8427.0 8429.0
131949 132045 8427.0 8430.0 8427.0 8430.0
131949 132046 8427.0 8430.0 8427.0 8429.0
131951 132050 8428.0 8431.0 8428.0 8431.0
131951 132051 8428.0 8431.0 8428.0 8431.0
131952 132052 8428.0 8431.0 8428.0 8431.0
132000 132053 8428.0 8432.0 8428.0 8432.0
132014 132106 8429.0 8432.0 8429.0 8432.0
132014 132107 8429.0 8432.0 8429.0 8431.0
132014 132108 8429.0 8432.0 8429.0 8431.0
132045 132145 8430.0 8432.0 8429.0 8430.0
132051 132151 8431.0 8446.0 8430.0 8446.0
132106 132159 8432.0 8446.0 8430.0 8433.0
132106 132200 8432.0 8446.0 8430.0 8432.0
132108 132208 8431.0 8446.0 8430.0 8434.0
132145 132212 8430.0 8446.0 8430.0 8434.0
132145 132216 8430.0 8446.0 8430.0 8435.0
132145 132217 8430.0 8446.0 8427.0 8427.0
132145 132221 8430.0 8446.0 8427.0 8435.0
132145 132224 8430.0 8446.0 8427.0 8436.0
132145 132240 8430.0 8446.0 8427.0 8435.0
132151 132246 8446.0 8446.0 8408.0 8408.0
132151 132247 8446.0 8446.0 8408.0 8435.0
132212 132312 8434.0 8450.0 8408.0 8450.0
132221 132318 8435.0 8450.0 8408.0 8450.0
132221 132321 8435.0 8450.0 8408.0 8433.0
132240 132328 8435.0 8450.0 8408.0 8433.0
132312 132349 8450.0 8450.0 8433.0 8433.0
132312 132407 8450.0 8450.0 8433.0 8433.0
132312 132411 8450.0 8450.0 8406.0 8406.0
132407 132502 8433.0 8435.0 8406.0 8435.0
132407 132507 8433.0 8436.0 8406.0 8436.0
132411 132508 8406.0 8437.0 8406.0 8437.0
132411 132510 8406.0 8438.0 8406.0 8438.0
132411 132511 8406.0 8439.0 8406.0 8439.0
132502 132512 8435.0 8439.0 8435.0 8439.0
132502 132515 8435.0 8439.0 8433.0 8433.0
132502 132516 8435.0 8440.0 8433.0 8440.0
132502 132529 8435.0 8441.0 8433.0 8441.0
132502 132530 8435.0 8442.0 8433.0 8442.0
132502 132531 8435.0 8442.0 8433.0 8441.0
132502 132532 8435.0 8443.0 8433.0 8443.0
132502 132536 8435.0 8443.0 8433.0 8442.0
132502 132539 8435.0 8445.0 8433.0 8445.0
132502 132542 8435.0 8446.0 8433.0 8446.0
132502 132547 8435.0 8447.0 8433.0 8447.0
132502 132548 8435.0 8447.0 8433.0 8447.0
132502 132557 8435.0 8447.0 8433.0 8443.0
132502 132558 8435.0 8447.0 8433.0 8442.0
132502 132600 8435.0 8447.0 8433.0 8442.0
132502 132601 8435.0 8447.0 8433.0 8441.0
132502 132602 8435.0 8447.0 8433.0 8442.0
132507 132603 8436.0 8447.0 8433.0 8444.0
132508 132608 8437.0 8447.0 8433.0 8445.0
132510 132610 8438.0 8447.0 8433.0 8443.0
132713 132713 8446.0 8446.0 8446.0 8446.0
132713 132716 8446.0 8447.0 8446.0 8447.0
132713 132721 8446.0 8447.0 8446.0 8446.0
132713 132726 8446.0 8448.0 8446.0 8448.0
132713 132739 8446.0 8448.0 8446.0 8448.0
132713 132756 8446.0 8449.0 8446.0 8449.0
132713 132801 8446.0 8462.0 8446.0 8462.0
132713 132806 8446.0 8462.0 8446.0 8446.0
132713 132807 8446.0 8462.0 8446.0 8460.0
132716 132815 8447.0 8462.0 8446.0 8460.0
132726 132825 8448.0 8462.0 8446.0 8446.0
132739 132838 8448.0 8462.0 8446.0 8446.0
132756 132840 8449.0 8462.0 8445.0 8445.0
132756 132849 8449.0 8462.0 8445.0 8448.0
132838 132927 8446.0 8463.0 8445.0 8463.0
132849 132943 8448.0 8463.0 8446.0 8446.0
132927 132956 8463.0 8463.0 8446.0 8447.0
132927 133001 8463.0 8463.0 8446.0 8448.0
132927 133004 8463.0 8463.0 8446.0 8448.0
132927 133005 8463.0 8463.0 8446.0 8449.0
132927 133007 8463.0 8463.0 8446.0 8450.0
132927 133008 8463.0 8463.0 8446.0 8463.0
132927 133011 8463.0 8463.0 8446.0 8453.0
132927 133012 8463.0 8463.0 8446.0 8453.0
132943 133036 8446.0 8463.0 8446.0 8453.0
132943 133040 8446.0 8463.0 8446.0 8453.0
132943 133042 8446.0 8463.0 8446.0 8454.0
132943 133043 8446.0 8463.0 8446.0 8454.0
132956 133044 8447.0 8463.0 8447.0 8454.0
132956 133047 8447.0 8463.0 8447.0 8453.0
133001 133100 8448.0 8463.0 8448.0 8455.0
133007 133107 8450.0 8463.0 8450.0 8456.0
133011 133111 8453.0 8456.0 8453.0 8454.0
133036 133118 8453.0 8456.0 8453.0 8454.0
133036 133134 8453.0 8456.0 8453.0 8453.0
133107 133202 8456.0 8456.0 8453.0 8454.0
133107 133203 8456.0 8456.0 8453.0 8453.0
133107 133205 8456.0 8456.0 8452.0 8452.0
133134 133226 8453.0 8454.0 8452.0 8452.0
133202 133239 8454.0 8454.0 8452.0 8452.0
133202 133246 8454.0 8454.0 8451.0 8451.0
133202 133248 8454.0 8454.0 8451.0 8451.0
133202 133251 8454.0 8454.0 8450.0 8450.0
133202 133256 8454.0 8454.0 8448.0 8448.0
133202 133257 8454.0 8454.0 8448.0 8448.0
133202 133301 8454.0 8454.0 8447.0 8447.0
133205 133305 8452.0 8452.0 8446.0 8446.0
133226 133308 8452.0 8452.0 8446.0 8448.0
133226 133317 8452.0 8452.0 8446.0 8448.0
133226 133324 8452.0 8452.0 8446.0 8450.0
133239 133330 8452.0 8452.0 8446.0 8451.0
133239 133333 8452.0 8452.0 8446.0 8451.0
133239 133335 8452.0 8452.0 8446.0 8450.0
133239 133336 8452.0 8452.0 8446.0 8452.0
133239 133338 8452.0 8452.0 8446.0 8452.0
133246 133340 8451.0 8453.0 8446.0 8453.0
133246 133343 8451.0 8453.0 8446.0 8453.0
133246 133346 8451.0 8454.0 8446.0 8454.0
133248 133347 8451.0 8454.0 8446.0 8454.0
133256 133353 8448.0 8455.0 8446.0 8455.0
133256 133354 8448.0 8456.0 8446.0 8456.0
133256 133355 8448.0 8465.0 8446.0 8465.0
133256 133356 8448.0 8465.0 8446.0 8456.0
133301 133358 8447.0 8465.0 8446.0 8455.0
133305 133402 8446.0 8465.0 8446.0 8453.0
133317 133411 8448.0 8465.0 8448.0 8453.0
133317 133414 8448.0 8465.0 8448.0 8454.0
133317 133417 8448.0 8465.0 8448.0 8455.0
133324 133422 8450.0 8465.0 8450.0 8457.0
133525 133525 8428.0 8428.0 8428.0 8428.0
133525 133539 8428.0 8450.0 8428.0 8450.0
133525 133541 8428.0 8456.0 8428.0 8456.0
133525 133543 8428.0 8456.0 8428.0 8456.0
133525 133551 8428.0 8457.0 8428.0 8457.0
133525 133553 8428.0 8457.0 8428.0 8456.0
133525 133554 8428.0 8457.0 8428.0 8456.0
133525 133559 8428.0 8458.0 8428.0 8458.0
133525 133600 8428.0 8459.0 8428.0 8459.0
133525 133601 8428.0 8459.0 8428.0 8459.0
133525 133603 8428.0 8459.0 8428.0 8432.0
133525 133621 8428.0 8460.0 8428.0 8460.0
133539 133636 8450.0 8460.0 8432.0 8457.0
133543 133643 8456.0 8460.0 8432.0 8457.0
133551 133644 8457.0 8460.0 8432.0 8457.0
133551 133647 8457.0 8460.0 8432.0 8457.0
133559 133655 8458.0 8460.0 8432.0 8457.0
133559 133658 8458.0 8460.0 8432.0 8457.0
133559 133659 8458.0 8460.0 8432.0 8457.0
133600 133700 8459.0 8460.0 8432.0 8457.0
133603 133703 8432.0 8460.0 8432.0 8457.0
133636 133724 8457.0 8459.0 8457.0 8459.0
133636 133730 8457.0 8459.0 8457.0 8458.0
133643 133738 8457.0 8459.0 8457.0 8458.0
133655 133750 8457.0 8459.0 8457.0 8458.0
133655 133753 8457.0 8459.0 8457.0 8458.0
133703 133801 8457.0 8459.0 8457.0 8457.0
133750 133846 8458.0 8458.0 8457.0 8458.0
133846 133904 8458.0 8458.0 8431.0 8431.0
133846 133937 8458.0 8458.0 8431.0 8456.0
133846 133939 8458.0 8458.0 8431.0 8457.0
133846 133941 8458.0 8458.0 8430.0 8430.0
133937 134007 8456.0 8457.0 8430.0 8455.0
133937 134009 8456.0 8457.0 8430.0 8456.0
133937 134010 8456.0 8457.0 8430.0 8457.0
133937 134011 8456.0 8468.0 8430.0 8468.0
133937 134013 8456.0 8468.0 8430.0 8467.0
133937 134037 8456.0 8468.0 8430.0 8456.0
134037 134131 8456.0 8457.0 8456.0 8457.0
134037 134134 8456.0 8457.0 8456.0 8457.0
134131 134138 8457.0 8457.0 8457.0 8457.0
134131 134200 8457.0 8458.0 8457.0 8458.0
134131 134202 8457.0 8458.0 8457.0 8458.0
134131 134210 8457.0 8458.0 8457.0 8458.0
134131 134211 8457.0 8458.0 8457.0 8458.0
134131 134217 8457.0 8458.0 8457.0 8458.0
134131 134229 8457.0 8459.0 8457.0 8459.0
134200 134239 8458.0 8468.0 8458.0 8468.0
134200 134243 8458.0 8468.0 8455.0 8455.0
134200 134244 8458.0 8468.0 8455.0 8455.0
134202 134301 8458.0 8468.0 8453.0 8453.0
134210 134303 8458.0 8468.0 8453.0 8453.0
134210 134307 8458.0 8468.0 8453.0 8467.0
134210 134308 8458.0 8468.0 8453.0 8467.0
134229 134327 8459.0 8468.0 8450.0 8450.0
134239 134336 8468.0 8468.0 8449.0 8449.0
134301 134349 8453.0 8467.0 8448.0 8448.0
134301 134350 8453.0 8467.0 8447.0 8447.0
134301 134352 8453.0 8467.0 8447.0 8447.0
134301 134358 8453.0 8467.0 8447.0 8447.0
134301 134400 8453.0 8467.0 8446.0 8446.0
134303 134402 8453.0 8467.0 8446.0 8446.0
134307 134406 8467.0 8467.0 8446.0 8448.0
134336 134434 8449.0 8449.0 8446.0 8449.0
134349 134437 8448.0 8449.0 8446.0 8449.0
134349 134439 8448.0 8449.0 8446.0 8448.0
134349 134440 8448.0 8458.0 8446.0 8458.0
134349 134441 8448.0 8458.0 8446.0 8447.0
134349 134444 8448.0 8458.0 8446.0 8448.0
134349 134445 8448.0 8458.0 8446.0 8456.0
134352 134451 8447.0 8458.0 8446.0 8446.0
134358 134457 8447.0 8458.0 8446.0 8446.0
134358 134458 8447.0 8458.0 8446.0 8446.0
134400 134459 8446.0 8458.0 8446.0 8458.0

