# Too few sequence #1
# Number of KBar units = 2106
084500 084501 8399.0 8403.0 8399.0 8403.0
084500 084503 8399.0 8408.0 8399.0 8408.0
084500 084505 8399.0 8408.0 8399.0 8408.0
084500 084507 8399.0 8408.0 8399.0 8407.0
084500 084509 8399.0 8408.0 8399.0 8405.0
084500 084511 8399.0 8408.0 8399.0 8406.0
084500 084515 8399.0 8408.0 8399.0 8404.0
084500 084516 8399.0 8408.0 8399.0 8402.0
084500 084518 8399.0 8408.0 8399.0 8399.0
084500 084519 8399.0 8408.0 8399.0 8399.0
084500 084521 8399.0 8408.0 8399.0 8400.0
084500 084526 8399.0 8408.0 8398.0 8398.0
084500 084535 8399.0 8408.0 8398.0 8399.0
084500 084536 8399.0 8408.0 8398.0 8400.0
084500 084538 8399.0 8408.0 8397.0 8397.0
084500 084539 8399.0 8408.0 8397.0 8397.0
084500 084540 8399.0 8408.0 8397.0 8399.0
084500 084543 8399.0 8408.0 8397.0 8401.0
084500 084544 8399.0 8408.0 8397.0 8402.0
084500 084547 8399.0 8408.0 8397.0 8401.0
084500 084554 8399.0 8408.0 8397.0 8402.0
084500 084556 8399.0 8408.0 8397.0 8402.0
084500 084558 8399.0 8408.0 8397.0 8401.0
084500 084600 8399.0 8408.0 8397.0 8401.0
084503 084602 8408.0 8408.0 8397.0 8402.0
084507 084607 8407.0 8407.0 8397.0 8401.0
084511 084610 8406.0 8406.0 8397.0 8401.0
084511 084611 8406.0 8406.0 8397.0 8402.0
084515 084612 8404.0 8404.0 8397.0 8402.0
084518 084617 8399.0 8402.0 8397.0 8402.0
084518 084618 8399.0 8402.0 8397.0 8400.0
084521 084621 8400.0 8402.0 8397.0 8398.0
084526 084623 8398.0 8402.0 8397.0 8398.0
084526 084625 8398.0 8402.0 8397.0 8397.0
084526 084626 8398.0 8402.0 8396.0 8396.0
084538 084637 8397.0 8402.0 8393.0 8393.0
084540 084640 8399.0 8402.0 8391.0 8391.0
084543 084641 8401.0 8402.0 8391.0 8391.0
084554 084648 8402.0 8402.0 8391.0 8393.0
084554 084649 8402.0 8402.0 8391.0 8394.0
084554 084650 8402.0 8402.0 8391.0 8394.0
084554 084651 8402.0 8402.0 8391.0 8394.0
084554 084652 8402.0 8402.0 8391.0 8394.0
084554 084653 8402.0 8402.0 8391.0 8395.0
084558 084657 8401.0 8402.0 8391.0 8394.0
084607 084707 8401.0 8402.0 8391.0 8397.0
084610 084709 8401.0 8402.0 8391.0 8398.0
084611 084711 8402.0 8402.0 8391.0 8399.0
084617 084713 8402.0 8402.0 8391.0 8398.0
084617 084715 8402.0 8402.0 8391.0 8398.0
084618 084718 8400.0 8400.0 8391.0 8399.0
084637 084728 8393.0 8399.0 8391.0 8398.0
084648 084743 8393.0 8399.0 8393.0 8396.0
084648 084747 8393.0 8399.0 8393.0 8396.0
084707 084759 8397.0 8399.0 8396.0 8396.0
084707 084801 8397.0 8399.0 8395.0 8395.0
084707 084802 8397.0 8399.0 8394.0 8394.0
084707 084806 8397.0 8399.0 8394.0 8394.0
084713 084813 8398.0 8399.0 8391.0 8391.0
084715 084814 8398.0 8399.0 8391.0 8391.0
084715 084815 8398.0 8399.0 8391.0 8391.0
084728 084820 8398.0 8398.0 8391.0 8394.0
084728 084825 8398.0 8398.0 8391.0 8396.0
084728 084827 8398.0 8398.0 8391.0 8396.0
084747 084845 8396.0 8396.0 8391.0 8395.0
084747 084846 8396.0 8397.0 8391.0 8397.0
084759 084848 8396.0 8398.0 8391.0 8398.0
084759 084849 8396.0 8398.0 8391.0 8398.0
084759 084850 8396.0 8400.0 8391.0 8400.0
084759 084851 8396.0 8402.0 8391.0 8402.0
084759 084854 8396.0 8402.0 8391.0 8401.0
084759 084856 8396.0 8403.0 8391.0 8403.0
084806 084903 8394.0 8403.0 8391.0 8402.0
084806 084905 8394.0 8405.0 8391.0 8405.0
084806 084906 8394.0 8406.0 8391.0 8406.0
084813 084907 8391.0 8407.0 8391.0 8407.0
084813 084908 8391.0 8407.0 8391.0 8406.0
084813 084913 8391.0 8410.0 8391.0 8410.0
084820 084916 8394.0 8411.0 8394.0 8411.0
084820 084917 8394.0 8412.0 8394.0 8412.0
084827 084927 8396.0 8413.0 8395.0 8413.0
084845 084942 8395.0 8413.0 8395.0 8411.0
084845 084944 8395.0 8413.0 8395.0 8410.0
084845 084945 8395.0 8413.0 8395.0 8411.0
084854 084954 8401.0 8413.0 8401.0 8412.0
084903 084959 8402.0 8413.0 8402.0 8413.0
084903 085002 8402.0 8413.0 8402.0 8413.0
084908 085008 8406.0 8413.0 8406.0 8411.0
084913 085009 8410.0 8413.0 8409.0 8409.0
084913 085010 8410.0 8413.0 8409.0 8409.0
084913 085011 8410.0 8413.0 8409.0 8409.0
084916 085015 8411.0 8413.0 8409.0 8409.0
084917 085017 8412.0 8413.0 8409.0 8409.0
084927 085026 8413.0 8413.0 8409.0 8409.0
084942 085036 8411.0 8413.0 8409.0 8411.0
084942 085039 8411.0 8413.0 8409.0 8412.0
084942 085041 8411.0 8413.0 8409.0 8412.0
084954 085048 8412.0 8413.0 8409.0 8412.0
084959 085056 8413.0 8413.0 8409.0 8413.0
084959 085058 8413.0 8414.0 8409.0 8414.0
084959 085059 8413.0 8415.0 8409.0 8415.0
085026 085123 8409.0 8416.0 8409.0 8416.0
085026 085124 8409.0 8416.0 8409.0 8411.0
085036 085127 8411.0 8416.0 8411.0 8416.0
085036 085128 8411.0 8416.0 8411.0 8414.0
085036 085133 8411.0 8416.0 8411.0 8414.0
085123 085201 8416.0 8416.0 8411.0 8412.0
085123 085202 8416.0 8416.0 8411.0 8412.0
085124 085224 8411.0 8416.0 8411.0 8412.0
085201 085238 8412.0 8412.0 8411.0 8411.0
085201 085253 8412.0 8412.0 8411.0 8412.0
085202 085302 8412.0 8412.0 8411.0 8411.0
085224 085321 8412.0 8412.0 8411.0 8412.0
085224 085324 8412.0 8412.0 8407.0 8407.0
085238 085328 8411.0 8412.0 8407.0 8407.0
085238 085332 8411.0 8412.0 8407.0 8411.0
085253 085339 8412.0 8412.0 8407.0 8411.0
085253 085346 8412.0 8412.0 8407.0 8410.0
085253 085351 8412.0 8412.0 8407.0 8410.0
085302 085358 8411.0 8412.0 8407.0 8411.0
085321 085405 8412.0 8412.0 8407.0 8410.0
085321 085419 8412.0 8412.0 8407.0 8410.0
085321 085421 8412.0 8412.0 8407.0 8410.0
085324 085424 8407.0 8411.0 8407.0 8410.0
085339 085434 8411.0 8411.0 8410.0 8411.0
085405 085503 8410.0 8411.0 8409.0 8409.0
085419 085514 8410.0 8411.0 8409.0 8409.0
085434 085534 8411.0 8411.0 8409.0 8409.0
085503 085547 8409.0 8409.0 8409.0 8409.0
085503 085548 8409.0 8409.0 8409.0 8409.0
085503 085551 8409.0 8409.0 8409.0 8409.0
085534 085619 8409.0 8410.0 8409.0 8410.0
085534 085628 8409.0 8411.0 8409.0 8411.0
085534 085631 8409.0 8411.0 8409.0 8411.0
085547 085639 8409.0 8412.0 8409.0 8412.0
085547 085640 8409.0 8412.0 8409.0 8412.0
085547 085642 8409.0 8413.0 8409.0 8413.0
085547 085643 8409.0 8413.0 8409.0 8413.0
085547 085647 8409.0 8414.0 8409.0 8414.0
085548 085648 8409.0 8414.0 8409.0 8414.0
085619 085652 8410.0 8414.0 8410.0 8414.0
085619 085653 8410.0 8414.0 8410.0 8414.0
085619 085658 8410.0 8414.0 8410.0 8414.0
085619 085714 8410.0 8414.0 8410.0 8412.0
085628 085722 8411.0 8414.0 8411.0 8412.0
085631 085731 8411.0 8414.0 8411.0 8412.0
085722 085819 8412.0 8412.0 8411.0 8411.0
085819 085853 8411.0 8413.0 8411.0 8413.0
085819 085855 8411.0 8414.0 8411.0 8414.0
085819 085857 8411.0 8416.0 8411.0 8416.0
085819 085859 8411.0 8416.0 8411.0 8416.0
085819 085900 8411.0 8416.0 8411.0 8416.0
085819 085901 8411.0 8417.0 8411.0 8417.0
085819 085902 8411.0 8419.0 8411.0 8419.0
085819 085909 8411.0 8419.0 8411.0 8419.0
085853 085921 8413.0 8419.0 8413.0 8418.0
085853 085950 8413.0 8422.0 8413.0 8422.0
085853 085951 8413.0 8422.0 8413.0 8422.0
085853 085953 8413.0 8422.0 8413.0 8422.0
085859 085959 8416.0 8422.0 8416.0 8422.0
085900 090000 8416.0 8423.0 8416.0 8423.0
085950 090029 8422.0 8423.0 8422.0 8423.0
085950 090030 8422.0 8424.0 8422.0 8424.0
085950 090031 8422.0 8424.0 8422.0 8423.0
085950 090032 8422.0 8425.0 8422.0 8425.0
085950 090033 8422.0 8426.0 8422.0 8426.0
085950 090037 8422.0 8426.0 8422.0 8426.0
085950 090043 8422.0 8426.0 8422.0 8426.0
085950 090044 8422.0 8427.0 8422.0 8427.0
085950 090045 8422.0 8428.0 8422.0 8428.0
085950 090046 8422.0 8428.0 8422.0 8428.0
085951 090051 8422.0 8429.0 8422.0 8429.0
090029 090105 8423.0 8429.0 8423.0 8427.0
090029 090106 8423.0 8429.0 8423.0 8428.0
090029 090107 8423.0 8429.0 8423.0 8428.0
090029 090108 8423.0 8429.0 8423.0 8427.0
090029 090110 8423.0 8429.0 8423.0 8427.0
090029 090113 8423.0 8429.0 8423.0 8425.0
090029 090114 8423.0 8429.0 8423.0 8425.0
090029 090115 8423.0 8429.0 8423.0 8425.0
090029 090116 8423.0 8429.0 8423.0 8425.0
090029 090117 8423.0 8429.0 8423.0 8426.0
090029 090120 8423.0 8429.0 8423.0 8427.0
090029 090121 8423.0 8429.0 8423.0 8428.0
090029 090123 8423.0 8429.0 8423.0 8429.0
090029 090129 8423.0 8429.0 8423.0 8428.0
090051 090149 8429.0 8429.0 8425.0 8425.0
090051 090150 8429.0 8429.0 8425.0 8425.0
090105 090152 8427.0 8429.0 8425.0 8426.0
090108 090208 8427.0 8429.0 8425.0 8426.0
090113 090213 8425.0 8429.0 8425.0 8425.0
090114 090214 8425.0 8429.0 8422.0 8422.0
090115 090215 8425.0 8429.0 8420.0 8420.0
090116 090216 8425.0 8429.0 8419.0 8419.0
090117 090217 8426.0 8429.0 8418.0 8418.0
090120 090218 8427.0 8429.0 8418.0 8418.0
090120 090219 8427.0 8429.0 8417.0 8417.0
090120 090220 8427.0 8429.0 8417.0 8417.0
090121 090221 8428.0 8429.0 8417.0 8417.0
090149 090231 8425.0 8426.0 8417.0 8419.0
090149 090236 8425.0 8426.0 8417.0 8421.0
090149 090240 8425.0 8426.0 8417.0 8420.0
090149 090245 8425.0 8426.0 8415.0 8415.0
090149 090246 8425.0 8426.0 8413.0 8413.0
090149 090247 8425.0 8426.0 8412.0 8412.0
090149 090248 8425.0 8426.0 8411.0 8411.0
090152 090251 8426.0 8426.0 8409.0 8409.0
090208 090253 8426.0 8426.0 8409.0 8410.0
090208 090254 8426.0 8426.0 8409.0 8409.0
090208 090256 8426.0 8426.0 8407.0 8407.0
090208 090302 8426.0 8426.0 8407.0 8413.0
090213 090309 8425.0 8425.0 8407.0 8410.0
090231 090323 8419.0 8421.0 8386.0 8386.0
090231 090324 8419.0 8421.0 8386.0 8407.0
090231 090326 8419.0 8421.0 8386.0 8406.0
090231 090327 8419.0 8421.0 8386.0 8404.0
090231 090329 8419.0 8421.0 8386.0 8404.0
090236 090336 8421.0 8421.0 8386.0 8402.0
090240 090337 8420.0 8420.0 8386.0 8402.0
090240 090338 8420.0 8420.0 8386.0 8402.0
090240 090339 8420.0 8420.0 8386.0 8401.0
090245 090341 8415.0 8415.0 8386.0 8400.0
090245 090344 8415.0 8415.0 8386.0 8397.0
090246 090346 8413.0 8413.0 8386.0 8398.0
090247 090347 8412.0 8413.0 8386.0 8399.0
090251 090350 8409.0 8413.0 8386.0 8400.0
090253 090352 8410.0 8413.0 8386.0 8400.0
090254 090354 8409.0 8413.0 8386.0 8400.0
090256 090355 8407.0 8413.0 8386.0 8400.0
090302 090400 8413.0 8413.0 8386.0 8405.0
090302 090402 8413.0 8413.0 8386.0 8403.0
090309 090403 8410.0 8410.0 8386.0 8405.0
090309 090407 8410.0 8410.0 8386.0 8407.0
090323 090410 8386.0 8409.0 8386.0 8409.0
090323 090411 8386.0 8410.0 8386.0 8410.0
090323 090412 8386.0 8412.0 8386.0 8412.0
090323 090413 8386.0 8413.0 8386.0 8413.0
090323 090414 8386.0 8416.0 8386.0 8416.0
090323 090416 8386.0 8416.0 8386.0 8414.0
090336 090432 8402.0 8416.0 8397.0 8413.0
090336 090434 8402.0 8416.0 8397.0 8415.0
090338 090438 8402.0 8416.0 8397.0 8413.0
090350 090449 8400.0 8416.0 8400.0 8413.0
090400 090458 8405.0 8416.0 8403.0 8414.0
090400 090459 8405.0 8416.0 8403.0 8413.0
090402 090501 8403.0 8417.0 8403.0 8417.0
090403 090503 8405.0 8417.0 8405.0 8417.0
090407 090505 8407.0 8420.0 8407.0 8420.0
090410 090509 8409.0 8425.0 8409.0 8425.0
090410 090510 8409.0 8426.0 8409.0 8426.0
090416 090515 8414.0 8426.0 8413.0 8424.0
090432 090518 8413.0 8426.0 8413.0 8424.0
090432 090520 8413.0 8426.0 8413.0 8423.0
090432 090524 8413.0 8426.0 8413.0 8424.0
090432 090532 8413.0 8426.0 8413.0 8420.0
090458 090551 8414.0 8426.0 8413.0 8418.0
090458 090555 8414.0 8426.0 8413.0 8415.0
090503 090603 8417.0 8426.0 8415.0 8416.0
090505 090604 8420.0 8426.0 8415.0 8418.0
090509 090606 8425.0 8426.0 8415.0 8417.0
090509 090609 8425.0 8426.0 8415.0 8418.0
090510 090610 8426.0 8426.0 8415.0 8421.0
090524 090621 8424.0 8424.0 8415.0 8421.0
090524 090623 8424.0 8424.0 8415.0 8419.0
090551 090637 8418.0 8421.0 8415.0 8419.0
090551 090639 8418.0 8421.0 8415.0 8421.0
090551 090640 8418.0 8421.0 8415.0 8421.0
090551 090642 8418.0 8423.0 8415.0 8423.0
090551 090643 8418.0 8425.0 8415.0 8425.0
090551 090644 8418.0 8425.0 8415.0 8425.0
090551 090645 8418.0 8425.0 8415.0 8425.0
090551 090648 8418.0 8425.0 8415.0 8423.0
090551 090649 8418.0 8425.0 8415.0 8423.0
090555 090655 8415.0 8425.0 8415.0 8422.0
090603 090703 8416.0 8425.0 8416.0 8423.0
090609 090709 8418.0 8425.0 8418.0 8425.0
090621 090717 8421.0 8425.0 8419.0 8425.0
090621 090720 8421.0 8425.0 8419.0 8425.0
090623 090723 8419.0 8427.0 8419.0 8427.0
090637 090724 8419.0 8428.0 8419.0 8428.0
090637 090725 8419.0 8428.0 8419.0 8428.0
090637 090726 8419.0 8428.0 8419.0 8428.0
090637 090727 8419.0 8432.0 8419.0 8432.0
090637 090734 8419.0 8432.0 8419.0 8427.0
090639 090739 8421.0 8432.0 8421.0 8426.0
090644 090744 8425.0 8432.0 8422.0 8424.0
090648 090748 8423.0 8432.0 8422.0 8424.0
090655 090754 8422.0 8432.0 8421.0 8421.0
090703 090756 8423.0 8432.0 8421.0 8422.0
090709 090805 8425.0 8432.0 8421.0 8427.0
090709 090808 8425.0 8432.0 8421.0 8428.0
090717 090812 8425.0 8432.0 8421.0 8429.0
090717 090816 8425.0 8432.0 8421.0 8430.0
090720 090820 8425.0 8432.0 8421.0 8430.0
090723 090822 8427.0 8432.0 8421.0 8429.0
090723 090823 8427.0 8432.0 8421.0 8430.0
090754 090849 8421.0 8430.0 8421.0 8424.0
090754 090850 8421.0 8430.0 8421.0 8425.0
090805 090858 8427.0 8430.0 8424.0 8426.0
090849 090929 8424.0 8426.0 8424.0 8426.0
090849 090936 8424.0 8428.0 8424.0 8428.0
090849 090942 8424.0 8429.0 8424.0 8429.0
090858 090951 8426.0 8429.0 8426.0 8428.0
090858 090952 8426.0 8429.0 8426.0 8429.0
090929 091003 8426.0 8429.0 8426.0 8429.0
090929 091025 8426.0 8431.0 8426.0 8431.0
090929 091028 8426.0 8431.0 8410.0 8410.0
090936 091032 8428.0 8431.0 8410.0 8429.0
090942 091039 8429.0 8431.0 8410.0 8429.0
091003 091055 8429.0 8431.0 8410.0 8425.0
091025 091107 8431.0 8431.0 8410.0 8428.0
091025 091116 8431.0 8432.0 8410.0 8432.0
091025 091120 8431.0 8435.0 8410.0 8435.0
091055 091141 8425.0 8435.0 8425.0 8433.0
091055 091142 8425.0 8435.0 8425.0 8433.0
091055 091143 8425.0 8435.0 8425.0 8433.0
091055 091149 8425.0 8435.0 8425.0 8433.0
091107 091201 8428.0 8437.0 8428.0 8437.0
091107 091205 8428.0 8437.0 8428.0 8434.0
091107 091207 8428.0 8437.0 8428.0 8434.0
091116 091212 8432.0 8437.0 8432.0 8433.0
091116 091213 8432.0 8437.0 8432.0 8432.0
091116 091214 8432.0 8437.0 8432.0 8432.0
091120 091218 8435.0 8437.0 8431.0 8431.0
091120 091219 8435.0 8437.0 8430.0 8430.0
091120 091220 8435.0 8437.0 8430.0 8430.0
091141 091221 8433.0 8437.0 8429.0 8429.0
091141 091222 8433.0 8437.0 8428.0 8428.0
091141 091224 8433.0 8437.0 8428.0 8429.0
091141 091228 8433.0 8437.0 8428.0 8429.0
091228 091327 8429.0 8434.0 8429.0 8434.0
091327 091339 8434.0 8434.0 8431.0 8431.0
091327 091341 8434.0 8434.0 8430.0 8430.0
091327 091344 8434.0 8434.0 8430.0 8432.0
091327 091357 8434.0 8434.0 8430.0 8431.0
091327 091358 8434.0 8434.0 8429.0 8429.0
091327 091400 8434.0 8434.0 8428.0 8428.0
091327 091401 8434.0 8434.0 8428.0 8429.0
091327 091406 8434.0 8434.0 8428.0 8429.0
091327 091409 8434.0 8434.0 8428.0 8429.0
091327 091419 8434.0 8434.0 8428.0 8432.0
091327 091425 8434.0 8434.0 8428.0 8433.0
091339 091429 8431.0 8433.0 8428.0 8433.0
091344 091443 8432.0 8433.0 8428.0 8430.0
091357 091446 8431.0 8433.0 8428.0 8430.0
091357 091447 8431.0 8433.0 8428.0 8432.0
091401 091501 8429.0 8433.0 8429.0 8433.0
091406 091502 8429.0 8435.0 8429.0 8435.0
091406 091504 8429.0 8436.0 8429.0 8436.0
091406 091505 8429.0 8441.0 8429.0 8441.0
091429 091528 8433.0 8441.0 8430.0 8430.0
091443 091532 8430.0 8441.0 8430.0 8439.0
091443 091533 8430.0 8441.0 8430.0 8440.0
091443 091535 8430.0 8441.0 8430.0 8438.0
091443 091542 8430.0 8441.0 8430.0 8441.0
091446 091544 8430.0 8441.0 8430.0 8440.0
091501 091550 8433.0 8441.0 8430.0 8441.0
091501 091551 8433.0 8442.0 8430.0 8442.0
091501 091553 8433.0 8443.0 8430.0 8443.0
091501 091555 8433.0 8443.0 8430.0 8443.0
091504 091603 8436.0 8444.0 8430.0 8444.0
091528 091606 8430.0 8444.0 8430.0 8443.0
091528 091613 8430.0 8445.0 8430.0 8445.0
091528 091615 8430.0 8446.0 8430.0 8446.0
091528 091618 8430.0 8447.0 8430.0 8447.0
091528 091625 8430.0 8447.0 8419.0 8419.0
091532 091631 8439.0 8447.0 8419.0 8443.0
091542 091640 8441.0 8447.0 8419.0 8445.0
091550 091646 8441.0 8447.0 8419.0 8419.0
091553 091653 8443.0 8447.0 8417.0 8417.0
091603 091700 8444.0 8447.0 8417.0 8447.0
091613 091710 8445.0 8447.0 8417.0 8445.0
091613 091712 8445.0 8447.0 8417.0 8444.0
091613 091713 8445.0 8447.0 8417.0 8443.0
091615 091715 8446.0 8447.0 8417.0 8441.0
091625 091723 8419.0 8447.0 8417.0 8443.0
091625 091725 8419.0 8447.0 8417.0 8442.0
091631 091729 8443.0 8447.0 8417.0 8442.0
091631 091731 8443.0 8447.0 8417.0 8441.0
091640 091732 8445.0 8447.0 8417.0 8441.0
091653 091748 8417.0 8447.0 8417.0 8441.0
091710 091804 8445.0 8445.0 8441.0 8441.0
091723 091821 8443.0 8447.0 8441.0 8447.0
091748 091838 8441.0 8447.0 8441.0 8445.0
091748 091841 8441.0 8447.0 8441.0 8441.0
091748 091842 8441.0 8447.0 8440.0 8440.0
091748 091845 8441.0 8447.0 8438.0 8438.0
091748 091846 8441.0 8447.0 8438.0 8438.0
091748 091847 8441.0 8447.0 8438.0 8439.0
091804 091901 8441.0 8447.0 8437.0 8437.0
091804 091904 8441.0 8447.0 8436.0 8436.0
091821 091907 8447.0 8447.0 8435.0 8435.0
091821 091908 8447.0 8447.0 8434.0 8434.0
091821 091911 8447.0 8447.0 8433.0 8433.0
091821 091918 8447.0 8447.0 8433.0 8435.0
091838 091931 8445.0 8445.0 8433.0 8434.0
091838 091935 8445.0 8445.0 8433.0 8435.0
091901 091957 8437.0 8437.0 8433.0 8433.0
091901 091958 8437.0 8437.0 8432.0 8432.0
091901 091959 8437.0 8437.0 8432.0 8432.0
091901 092001 8437.0 8437.0 8432.0 8432.0
091904 092004 8436.0 8436.0 8432.0 8432.0
091907 092005 8435.0 8435.0 8432.0 8432.0
091911 092011 8433.0 8435.0 8431.0 8431.0
091918 092012 8435.0 8435.0 8430.0 8430.0
091918 092017 8435.0 8435.0 8429.0 8429.0
091931 092019 8434.0 8435.0 8427.0 8427.0
091931 092020 8434.0 8435.0 8427.0 8427.0
091931 092022 8434.0 8435.0 8427.0 8427.0
091931 092026 8434.0 8435.0 8427.0 8429.0
091931 092028 8434.0 8435.0 8426.0 8426.0
091931 092029 8434.0 8435.0 8426.0 8428.0
091935 092034 8435.0 8435.0 8425.0 8425.0
091935 092035 8435.0 8435.0 8425.0 8425.0
091957 092036 8433.0 8433.0 8425.0 8425.0
091957 092044 8433.0 8433.0 8425.0 8426.0
091957 092045 8433.0 8433.0 8425.0 8426.0
091957 092046 8433.0 8433.0 8424.0 8424.0
091957 092049 8433.0 8433.0 8424.0 8425.0
091957 092053 8433.0 8433.0 8423.0 8423.0
091957 092054 8433.0 8433.0 8422.0 8422.0
091957 092055 8433.0 8433.0 8422.0 8423.0
091957 092056 8433.0 8433.0 8422.0 8422.0
092001 092100 8432.0 8432.0 8422.0 8423.0
092004 092102 8432.0 8432.0 8422.0 8423.0
092011 092107 8431.0 8431.0 8422.0 8424.0
092012 092112 8430.0 8430.0 8422.0 8426.0
092017 092116 8429.0 8429.0 8422.0 8425.0
092036 092136 8425.0 8426.0 8422.0 8425.0
092044 092139 8426.0 8427.0 8422.0 8427.0
092044 092140 8426.0 8427.0 8422.0 8426.0
092053 092150 8423.0 8428.0 8422.0 8428.0
092053 092151 8423.0 8429.0 8422.0 8429.0
092102 092201 8423.0 8429.0 8423.0 8429.0
092112 092210 8426.0 8429.0 8425.0 8426.0
092116 092214 8425.0 8429.0 8423.0 8423.0
092136 092224 8425.0 8429.0 8423.0 8426.0
092136 092226 8425.0 8429.0 8423.0 8427.0
092136 092227 8425.0 8429.0 8423.0 8428.0
092139 092239 8427.0 8429.0 8423.0 8426.0
092150 092242 8428.0 8429.0 8423.0 8425.0
092150 092245 8428.0 8429.0 8423.0 8426.0
092201 092252 8429.0 8429.0 8423.0 8426.0
092201 092254 8429.0 8429.0 8423.0 8425.0
092201 092301 8429.0 8429.0 8422.0 8422.0
092210 092304 8426.0 8428.0 8421.0 8421.0
092210 092305 8426.0 8428.0 8420.0 8420.0
092210 092306 8426.0 8428.0 8420.0 8422.0
092210 092307 8426.0 8428.0 8418.0 8418.0
092210 092308 8426.0 8428.0 8417.0 8417.0
092210 092309 8426.0 8428.0 8417.0 8417.0
092210 092310 8426.0 8428.0 8417.0 8417.0
092214 092312 8423.0 8428.0 8416.0 8416.0
092214 092313 8423.0 8428.0 8416.0 8416.0
092224 092315 8426.0 8428.0 8415.0 8415.0
092224 092316 8426.0 8428.0 8415.0 8415.0
092224 092324 8426.0 8428.0 8415.0 8417.0
092239 092339 8426.0 8426.0 8415.0 8419.0
092242 092341 8425.0 8426.0 8415.0 8420.0
092252 092350 8426.0 8426.0 8415.0 8416.0
092254 092354 8425.0 8425.0 8415.0 8417.0
092301 092359 8422.0 8422.0 8415.0 8416.0
092301 092401 8422.0 8422.0 8415.0 8415.0
092304 092402 8421.0 8422.0 8414.0 8414.0
092304 092404 8421.0 8422.0 8412.0 8412.0
092305 092405 8420.0 8422.0 8412.0 8413.0
092306 092406 8422.0 8422.0 8412.0 8412.0
092310 092410 8417.0 8420.0 8412.0 8413.0
092312 092411 8416.0 8420.0 8412.0 8412.0
092313 092413 8416.0 8420.0 8412.0 8414.0
092315 092415 8415.0 8420.0 8412.0 8414.0
092339 092428 8419.0 8420.0 8412.0 8415.0
092339 092430 8419.0 8420.0 8412.0 8416.0
092339 092434 8419.0 8420.0 8412.0 8418.0
092339 092435 8419.0 8420.0 8412.0 8417.0
092339 092436 8419.0 8420.0 8412.0 8416.0
092339 092439 8419.0 8420.0 8412.0 8416.0
092341 092441 8420.0 8420.0 8412.0 8415.0
092350 092449 8416.0 8418.0 8412.0 8414.0
092359 092456 8416.0 8418.0 8412.0 8412.0
092359 092459 8416.0 8418.0 8412.0 8412.0
092401 092501 8415.0 8418.0 8411.0 8411.0
092402 092502 8414.0 8418.0 8410.0 8410.0
092410 092509 8413.0 8418.0 8410.0 8411.0
092411 092511 8412.0 8418.0 8410.0 8412.0
092415 092515 8414.0 8418.0 8410.0 8412.0
092428 092518 8415.0 8418.0 8410.0 8412.0
092428 092519 8415.0 8418.0 8410.0 8413.0
092428 092522 8415.0 8418.0 8410.0 8414.0
092428 092528 8415.0 8418.0 8410.0 8416.0
092434 092531 8418.0 8418.0 8410.0 8416.0
092434 092532 8418.0 8419.0 8410.0 8419.0
092434 092534 8418.0 8419.0 8410.0 8418.0
092439 092538 8416.0 8421.0 8410.0 8421.0
092439 092539 8416.0 8422.0 8410.0 8422.0
092449 092547 8414.0 8422.0 8410.0 8420.0
092449 092548 8414.0 8422.0 8410.0 8420.0
092456 092556 8412.0 8422.0 8410.0 8419.0
092459 092558 8412.0 8422.0 8410.0 8420.0
092509 092604 8411.0 8422.0 8411.0 8417.0
092509 092605 8411.0 8422.0 8411.0 8417.0
092509 092606 8411.0 8422.0 8411.0 8417.0
092509 092608 8411.0 8422.0 8411.0 8417.0
092509 092609 8411.0 8422.0 8411.0 8420.0
092515 092613 8412.0 8422.0 8412.0 8418.0
092528 092628 8416.0 8422.0 8416.0 8419.0
092532 092632 8419.0 8422.0 8417.0 8422.0
092534 092633 8418.0 8423.0 8417.0 8423.0
092556 092656 8419.0 8423.0 8417.0 8421.0
092656 092752 8421.0 8421.0 8412.0 8412.0
092752 092758 8412.0 8423.0 8412.0 8423.0
092752 092808 8412.0 8423.0 8412.0 8417.0
092752 092810 8412.0 8423.0 8412.0 8416.0
092752 092811 8412.0 8423.0 8412.0 8416.0
092752 092812 8412.0 8423.0 8412.0 8416.0
092752 092815 8412.0 8423.0 8412.0 8418.0
092752 092824 8412.0 8423.0 8412.0 8415.0
092752 092826 8412.0 8423.0 8412.0 8415.0
092752 092836 8412.0 8423.0 8412.0 8423.0
092752 092852 8412.0 8423.0 8412.0 8423.0
092808 092902 8417.0 8423.0 8415.0 8423.0
092826 092925 8415.0 8423.0 8415.0 8421.0
092836 092930 8423.0 8423.0 8419.0 8419.0
092836 092932 8423.0 8423.0 8417.0 8417.0
092902 092953 8423.0 8423.0 8417.0 8418.0
092902 092959 8423.0 8423.0 8417.0 8420.0
092902 093000 8423.0 8423.0 8416.0 8416.0
092902 093001 8423.0 8423.0 8415.0 8415.0
092925 093003 8421.0 8421.0 8415.0 8415.0
092925 093004 8421.0 8421.0 8414.0 8414.0
092925 093005 8421.0 8421.0 8413.0 8413.0
092925 093006 8421.0 8421.0 8412.0 8412.0
092925 093007 8421.0 8421.0 8411.0 8411.0
092925 093009 8421.0 8421.0 8411.0 8412.0
092925 093013 8421.0 8421.0 8411.0 8413.0
092925 093019 8421.0 8421.0 8411.0 8418.0
092925 093021 8421.0 8421.0 8411.0 8418.0
092925 093022 8421.0 8421.0 8411.0 8420.0
092953 093049 8418.0 8420.0 8411.0 8418.0
092953 093050 8418.0 8420.0 8411.0 8418.0
092959 093055 8420.0 8420.0 8411.0 8418.0
093019 093115 8418.0 8420.0 8418.0 8418.0
093049 093135 8418.0 8418.0 8416.0 8416.0
093049 093136 8418.0 8418.0 8416.0 8416.0
093049 093138 8418.0 8418.0 8415.0 8415.0
093049 093143 8418.0 8418.0 8415.0 8415.0
093049 093144 8418.0 8418.0 8415.0 8415.0
093050 093150 8418.0 8418.0 8415.0 8417.0
093135 093232 8416.0 8417.0 8415.0 8417.0
093232 093311 8417.0 8419.0 8417.0 8419.0
093232 093317 8417.0 8421.0 8417.0 8421.0
093232 093318 8417.0 8421.0 8417.0 8421.0
093232 093319 8417.0 8423.0 8417.0 8423.0
093232 093320 8417.0 8425.0 8417.0 8425.0
093232 093321 8417.0 8425.0 8417.0 8425.0
093311 093355 8419.0 8425.0 8416.0 8416.0
093311 093356 8419.0 8425.0 8415.0 8415.0
093311 093357 8419.0 8425.0 8414.0 8414.0
093311 093401 8419.0 8425.0 8411.0 8411.0
093311 093402 8419.0 8425.0 8411.0 8411.0
093311 093403 8419.0 8425.0 8407.0 8407.0
093311 093408 8419.0 8425.0 8407.0 8413.0
093311 093410 8419.0 8425.0 8407.0 8412.0
093311 093411 8419.0 8425.0 8407.0 8413.0
093317 093414 8421.0 8425.0 8407.0 8411.0
093319 093419 8423.0 8425.0 8406.0 8406.0
093320 093420 8425.0 8425.0 8406.0 8406.0
093321 093421 8425.0 8425.0 8406.0 8406.0
093355 093422 8416.0 8416.0 8406.0 8406.0
093355 093423 8416.0 8416.0 8404.0 8404.0
093355 093430 8416.0 8416.0 8403.0 8403.0
093355 093431 8416.0 8416.0 8403.0 8403.0
093355 093433 8416.0 8416.0 8403.0 8404.0
093355 093437 8416.0 8416.0 8403.0 8405.0
093355 093438 8416.0 8416.0 8403.0 8405.0
093355 093444 8416.0 8416.0 8403.0 8405.0
093355 093452 8416.0 8416.0 8403.0 8407.0
093401 093458 8411.0 8413.0 8403.0 8405.0
093403 093503 8407.0 8413.0 8403.0 8403.0
093408 093504 8413.0 8413.0 8403.0 8403.0
093408 093507 8413.0 8413.0 8402.0 8402.0
093408 093508 8413.0 8413.0 8402.0 8402.0
093410 093509 8412.0 8413.0 8402.0 8403.0
093411 093511 8413.0 8413.0 8402.0 8405.0
093414 093512 8411.0 8411.0 8402.0 8405.0
093414 093513 8411.0 8411.0 8402.0 8404.0
093419 093519 8406.0 8407.0 8402.0 8405.0
093433 093533 8404.0 8407.0 8400.0 8400.0
093437 093534 8405.0 8407.0 8393.0 8393.0
093438 093538 8405.0 8407.0 8393.0 8400.0
093444 093539 8405.0 8407.0 8393.0 8399.0
093444 093540 8405.0 8407.0 8393.0 8398.0
093444 093542 8405.0 8407.0 8393.0 8398.0
093444 093543 8405.0 8407.0 8393.0 8396.0
093444 093544 8405.0 8407.0 8393.0 8398.0
093452 093545 8407.0 8407.0 8393.0 8396.0
093458 093557 8405.0 8405.0 8393.0 8401.0
093507 093605 8402.0 8405.0 8393.0 8405.0
093508 093608 8402.0 8406.0 8393.0 8406.0
093533 093620 8400.0 8407.0 8393.0 8407.0
093533 093622 8400.0 8407.0 8393.0 8405.0
093533 093625 8400.0 8408.0 8393.0 8408.0
093533 093626 8400.0 8408.0 8393.0 8408.0
093533 093627 8400.0 8411.0 8393.0 8411.0
093533 093632 8400.0 8411.0 8393.0 8410.0
093533 093633 8400.0 8411.0 8393.0 8409.0
093538 093637 8400.0 8411.0 8396.0 8408.0
093538 093638 8400.0 8411.0 8396.0 8409.0
093545 093645 8396.0 8411.0 8396.0 8409.0
093557 093646 8401.0 8411.0 8401.0 8408.0
093620 093709 8407.0 8411.0 8401.0 8401.0
093632 093728 8410.0 8410.0 8401.0 8405.0
093645 093740 8409.0 8409.0 8401.0 8408.0
093645 093742 8409.0 8411.0 8401.0 8411.0
093645 093743 8409.0 8411.0 8401.0 8411.0
093645 093744 8409.0 8411.0 8401.0 8411.0
093709 093754 8401.0 8411.0 8401.0 8411.0
093709 093800 8401.0 8413.0 8401.0 8413.0
093709 093803 8401.0 8414.0 8401.0 8414.0
093709 093805 8401.0 8415.0 8401.0 8415.0
093709 093806 8401.0 8416.0 8401.0 8416.0
093709 093809 8401.0 8416.0 8401.0 8414.0
093728 093813 8405.0 8416.0 8405.0 8412.0
093728 093820 8405.0 8416.0 8405.0 8413.0
093740 093829 8408.0 8416.0 8408.0 8408.0
093740 093832 8408.0 8416.0 8408.0 8408.0
093740 093838 8408.0 8416.0 8408.0 8409.0
093742 093841 8411.0 8416.0 8408.0 8410.0
093800 093855 8413.0 8416.0 8408.0 8410.0
093800 093856 8413.0 8416.0 8408.0 8411.0
093805 093905 8415.0 8416.0 8408.0 8410.0
093813 093913 8412.0 8413.0 8408.0 8410.0
093838 093934 8409.0 8411.0 8406.0 8406.0
093838 093935 8409.0 8411.0 8406.0 8406.0
093855 093944 8410.0 8411.0 8406.0 8408.0
093856 093956 8411.0 8411.0 8403.0 8403.0
093905 093957 8410.0 8410.0 8402.0 8402.0
093905 093958 8410.0 8410.0 8401.0 8401.0
093905 093959 8410.0 8410.0 8398.0 8398.0
093905 094000 8410.0 8410.0 8397.0 8397.0
093905 094003 8410.0 8410.0 8397.0 8399.0
093913 094006 8410.0 8410.0 8397.0 8397.0
093913 094007 8410.0 8410.0 8394.0 8394.0
093913 094009 8410.0 8410.0 8390.0 8390.0
093913 094010 8410.0 8410.0 8390.0 8392.0
093913 094013 8410.0 8410.0 8390.0 8393.0
093934 094022 8406.0 8408.0 8390.0 8395.0
093934 094024 8406.0 8408.0 8390.0 8395.0
093934 094025 8406.0 8408.0 8390.0 8398.0
093934 094026 8406.0 8408.0 8390.0 8398.0
093934 094029 8406.0 8408.0 8390.0 8401.0
093934 094030 8406.0 8408.0 8390.0 8401.0
093934 094034 8406.0 8408.0 8390.0 8403.0
093944 094038 8408.0 8408.0 8390.0 8405.0
093944 094039 8408.0 8408.0 8390.0 8405.0
093944 094040 8408.0 8410.0 8390.0 8410.0
093944 094041 8408.0 8410.0 8390.0 8407.0
093944 094042 8408.0 8410.0 8390.0 8409.0
093944 094043 8408.0 8410.0 8390.0 8410.0
093956 094045 8403.0 8413.0 8390.0 8413.0
093956 094048 8403.0 8413.0 8390.0 8409.0
093956 094054 8403.0 8413.0 8390.0 8410.0
093956 094056 8403.0 8413.0 8390.0 8407.0
094009 094108 8390.0 8413.0 8390.0 8407.0
094022 094116 8395.0 8413.0 8395.0 8406.0
094022 094120 8395.0 8413.0 8395.0 8406.0
094034 094132 8403.0 8413.0 8403.0 8408.0
094045 094144 8413.0 8413.0 8399.0 8399.0
094108 094201 8407.0 8408.0 8399.0 8405.0
094108 094202 8407.0 8408.0 8399.0 8408.0
094108 094204 8407.0 8408.0 8399.0 8407.0
094116 094211 8406.0 8408.0 8399.0 8407.0
094132 094230 8408.0 8409.0 8399.0 8409.0
094230 094313 8409.0 8411.0 8409.0 8411.0
094313 094353 8411.0 8411.0 8377.0 8377.0
094353 094432 8377.0 8405.0 8377.0 8405.0
094353 094435 8377.0 8405.0 8377.0 8403.0
094353 094440 8377.0 8405.0 8377.0 8399.0
094353 094445 8377.0 8405.0 8377.0 8402.0
094432 094457 8405.0 8405.0 8399.0 8404.0
094432 094501 8405.0 8405.0 8399.0 8402.0
094432 094508 8405.0 8407.0 8399.0 8407.0
094432 094511 8405.0 8409.0 8399.0 8409.0
094432 094515 8405.0 8410.0 8399.0 8410.0
094432 094516 8405.0 8411.0 8399.0 8411.0
094440 094540 8399.0 8411.0 8399.0 8408.0
094445 094544 8402.0 8411.0 8402.0 8408.0
094457 094548 8404.0 8411.0 8379.0 8379.0
094515 094612 8410.0 8411.0 8379.0 8404.0
094540 094617 8408.0 8408.0 8379.0 8404.0
094540 094623 8408.0 8408.0 8379.0 8402.0
094544 094641 8408.0 8408.0 8379.0 8404.0
094544 094644 8408.0 8408.0 8379.0 8404.0
094548 094647 8379.0 8404.0 8379.0 8404.0
094612 094655 8404.0 8406.0 8402.0 8406.0
094612 094658 8404.0 8407.0 8402.0 8407.0
094612 094701 8404.0 8407.0 8402.0 8407.0
094612 094706 8404.0 8407.0 8402.0 8406.0
094617 094713 8404.0 8407.0 8402.0 8403.0
094617 094714 8404.0 8407.0 8402.0 8402.0
094623 094721 8402.0 8407.0 8402.0 8406.0
094641 094726 8404.0 8407.0 8402.0 8407.0
094641 094729 8404.0 8407.0 8402.0 8407.0
094641 094730 8404.0 8407.0 8402.0 8407.0
094655 094751 8406.0 8409.0 8402.0 8409.0
094655 094753 8406.0 8410.0 8402.0 8410.0
094655 094754 8406.0 8411.0 8402.0 8411.0
094655 094755 8406.0 8411.0 8402.0 8411.0
094701 094759 8407.0 8411.0 8402.0 8409.0
094726 094823 8407.0 8411.0 8407.0 8410.0
094730 094830 8407.0 8413.0 8407.0 8413.0
094751 094831 8409.0 8415.0 8409.0 8415.0
094751 094832 8409.0 8416.0 8409.0 8416.0
094751 094833 8409.0 8416.0 8409.0 8416.0
094751 094843 8409.0 8416.0 8409.0 8412.0
094755 094855 8411.0 8417.0 8409.0 8417.0
094759 094859 8409.0 8417.0 8409.0 8414.0
094855 094948 8417.0 8418.0 8414.0 8418.0
094859 094959 8414.0 8418.0 8414.0 8415.0
094948 095002 8418.0 8418.0 8414.0 8414.0
094948 095011 8418.0 8420.0 8414.0 8420.0
094948 095013 8418.0 8422.0 8414.0 8422.0
094948 095040 8418.0 8422.0 8414.0 8422.0
094948 095042 8418.0 8422.0 8414.0 8422.0
094959 095050 8415.0 8423.0 8414.0 8423.0
094959 095051 8415.0 8424.0 8414.0 8424.0
094959 095052 8415.0 8426.0 8414.0 8426.0
094959 095057 8415.0 8426.0 8414.0 8426.0
095040 095124 8422.0 8426.0 8422.0 8423.0
095040 095137 8422.0 8426.0 8422.0 8422.0
095040 095139 8422.0 8426.0 8422.0 8422.0
095050 095144 8423.0 8426.0 8422.0 8423.0
095124 095212 8423.0 8423.0 8422.0 8422.0
095124 095224 8423.0 8423.0 8415.0 8415.0
095144 095241 8423.0 8426.0 8415.0 8426.0
095144 095243 8423.0 8429.0 8415.0 8429.0
095212 095252 8422.0 8431.0 8415.0 8431.0
095212 095308 8422.0 8431.0 8415.0 8431.0
095212 095311 8422.0 8431.0 8415.0 8430.0
095224 095322 8415.0 8431.0 8415.0 8431.0
095241 095327 8426.0 8431.0 8399.0 8399.0
095241 095328 8426.0 8431.0 8399.0 8429.0
095241 095332 8426.0 8431.0 8399.0 8421.0
095241 095336 8426.0 8431.0 8399.0 8430.0
095241 095339 8426.0 8431.0 8399.0 8430.0
095308 095402 8431.0 8431.0 8399.0 8431.0
095311 095410 8430.0 8431.0 8399.0 8430.0
095311 095411 8430.0 8431.0 8399.0 8428.0
095322 095413 8431.0 8431.0 8399.0 8427.0
095332 095429 8421.0 8431.0 8421.0 8430.0
095332 095430 8421.0 8431.0 8421.0 8430.0
095402 095446 8431.0 8431.0 8427.0 8427.0
095402 095457 8431.0 8431.0 8427.0 8428.0
095402 095500 8431.0 8431.0 8427.0 8430.0
095410 095504 8430.0 8432.0 8427.0 8432.0
095410 095505 8430.0 8432.0 8427.0 8432.0
095410 095506 8430.0 8433.0 8427.0 8433.0
095410 095508 8430.0 8433.0 8427.0 8433.0
095410 095510 8430.0 8435.0 8427.0 8435.0
095413 095512 8427.0 8435.0 8405.0 8405.0
095429 095520 8430.0 8435.0 8405.0 8433.0
095429 095521 8430.0 8435.0 8405.0 8431.0
095429 095527 8430.0 8435.0 8405.0 8431.0
095429 095529 8430.0 8435.0 8405.0 8430.0
095446 095532 8427.0 8435.0 8405.0 8430.0
095446 095538 8427.0 8435.0 8405.0 8430.0
095446 095541 8427.0 8435.0 8405.0 8430.0
095457 095547 8428.0 8435.0 8405.0 8432.0
095457 095549 8428.0 8435.0 8405.0 8434.0
095457 095550 8428.0 8435.0 8405.0 8434.0
095457 095552 8428.0 8437.0 8405.0 8437.0
095457 095553 8428.0 8437.0 8405.0 8435.0
095457 095556 8428.0 8437.0 8405.0 8433.0
095504 095601 8432.0 8437.0 8405.0 8433.0
095508 095607 8433.0 8437.0 8405.0 8436.0
095520 095619 8433.0 8437.0 8430.0 8434.0
095521 095621 8431.0 8437.0 8430.0 8434.0
095532 095632 8430.0 8437.0 8430.0 8432.0
095538 095638 8430.0 8437.0 8430.0 8435.0
095541 095639 8430.0 8437.0 8430.0 8434.0
095547 095644 8432.0 8437.0 8432.0 8433.0
095547 095647 8432.0 8437.0 8432.0 8434.0
095553 095653 8435.0 8436.0 8432.0 8435.0
095601 095700 8433.0 8436.0 8432.0 8432.0
095607 095702 8436.0 8436.0 8432.0 8432.0
095607 095707 8436.0 8436.0 8430.0 8430.0
095619 095708 8434.0 8435.0 8430.0 8431.0
095619 095710 8434.0 8435.0 8429.0 8429.0
095619 095711 8434.0 8435.0 8429.0 8430.0
095632 095727 8432.0 8435.0 8429.0 8431.0
095647 095745 8434.0 8435.0 8429.0 8430.0
095653 095753 8435.0 8435.0 8429.0 8430.0
095700 095800 8432.0 8432.0 8429.0 8431.0
095702 095801 8432.0 8432.0 8429.0 8429.0
095745 095831 8430.0 8431.0 8429.0 8429.0
095745 095833 8430.0 8431.0 8429.0 8429.0
095745 095839 8430.0 8431.0 8429.0 8429.0
095831 095905 8429.0 8429.0 8428.0 8428.0
095831 095906 8429.0 8429.0 8427.0 8427.0
095831 095908 8429.0 8429.0 8426.0 8426.0
095831 095909 8429.0 8429.0 8426.0 8426.0
095831 095910 8429.0 8429.0 8425.0 8425.0
095831 095911 8429.0 8429.0 8424.0 8424.0
095831 095912 8429.0 8429.0 8424.0 8424.0
095831 095914 8429.0 8429.0 8423.0 8423.0
095831 095915 8429.0 8429.0 8423.0 8423.0
095831 095916 8429.0 8429.0 8422.0 8422.0
095831 095917 8429.0 8429.0 8422.0 8422.0
095831 095930 8429.0 8429.0 8422.0 8426.0
095905 095944 8428.0 8428.0 8422.0 8423.0
100109 100109 8419.0 8419.0 8419.0 8419.0
100109 100110 8419.0 8419.0 8417.0 8417.0
100109 100114 8419.0 8420.0 8417.0 8420.0
100226 100226 8423.0 8423.0 8423.0 8423.0
100226 100234 8423.0 8425.0 8423.0 8425.0
100226 100301 8423.0 8425.0 8423.0 8425.0
100301 100342 8425.0 8425.0 8420.0 8420.0
100301 100356 8425.0 8425.0 8420.0 8421.0
100342 100411 8420.0 8421.0 8412.0 8412.0
100342 100429 8420.0 8424.0 8412.0 8424.0
100411 100505 8412.0 8426.0 8412.0 8426.0
100505 100535 8426.0 8427.0 8426.0 8427.0
100535 100614 8427.0 8427.0 8422.0 8422.0
100535 100618 8427.0 8427.0 8419.0 8419.0
100535 100619 8427.0 8427.0 8418.0 8418.0
100535 100621 8427.0 8427.0 8418.0 8418.0
100535 100627 8427.0 8427.0 8418.0 8418.0
100535 100628 8427.0 8427.0 8417.0 8417.0
100535 100630 8427.0 8427.0 8416.0 8416.0
100535 100634 8427.0 8427.0 8416.0 8416.0
100535 100635 8427.0 8427.0 8416.0 8416.0
100614 100647 8422.0 8422.0 8416.0 8420.0
100803 100803 8418.0 8418.0 8418.0 8418.0
100803 100804 8418.0 8418.0 8418.0 8418.0
100803 100842 8418.0 8418.0 8418.0 8418.0
100803 100844 8418.0 8418.0 8418.0 8418.0
100803 100848 8418.0 8418.0 8418.0 8418.0
100803 100852 8418.0 8418.0 8418.0 8418.0
100803 100854 8418.0 8418.0 8418.0 8418.0
100842 100923 8418.0 8418.0 8417.0 8417.0
100923 101022 8417.0 8417.0 8412.0 8412.0
100923 101023 8417.0 8417.0 8412.0 8412.0
101022 101025 8412.0 8412.0 8380.0 8380.0
101022 101037 8412.0 8412.0 8380.0 8412.0
101022 101100 8412.0 8412.0 8380.0 8408.0
101022 101101 8412.0 8412.0 8380.0 8409.0
101022 101102 8412.0 8412.0 8380.0 8408.0
101022 101103 8412.0 8412.0 8380.0 8408.0
101022 101111 8412.0 8412.0 8380.0 8407.0
101022 101114 8412.0 8412.0 8380.0 8405.0
101022 101115 8412.0 8412.0 8380.0 8404.0
101022 101116 8412.0 8412.0 8380.0 8405.0
101022 101122 8412.0 8412.0 8380.0 8404.0
101100 101140 8408.0 8409.0 8404.0 8404.0
101100 101142 8408.0 8409.0 8404.0 8405.0
101100 101155 8408.0 8409.0 8404.0 8407.0
101100 101157 8408.0 8409.0 8404.0 8408.0
101100 101158 8408.0 8409.0 8404.0 8407.0
101111 101210 8407.0 8408.0 8404.0 8406.0
101114 101213 8405.0 8408.0 8404.0 8407.0
101140 101225 8404.0 8408.0 8404.0 8407.0
101140 101239 8404.0 8410.0 8404.0 8410.0
101213 101313 8407.0 8410.0 8407.0 8407.0
101225 101314 8407.0 8410.0 8407.0 8408.0
101225 101315 8407.0 8410.0 8407.0 8410.0
101225 101324 8407.0 8412.0 8407.0 8412.0
101239 101326 8410.0 8414.0 8407.0 8414.0
101239 101331 8410.0 8415.0 8407.0 8415.0
101239 101333 8410.0 8415.0 8407.0 8413.0
101313 101342 8407.0 8415.0 8407.0 8415.0
101313 101343 8407.0 8415.0 8407.0 8414.0
101313 101346 8407.0 8415.0 8407.0 8413.0
101313 101352 8407.0 8415.0 8407.0 8413.0
101313 101404 8407.0 8415.0 8407.0 8411.0
101326 101425 8414.0 8415.0 8410.0 8410.0
101331 101427 8415.0 8415.0 8409.0 8409.0
101331 101431 8415.0 8415.0 8408.0 8408.0
101342 101438 8415.0 8415.0 8408.0 8409.0
101342 101439 8415.0 8415.0 8408.0 8409.0
101352 101450 8413.0 8414.0 8408.0 8414.0
101352 101451 8413.0 8414.0 8408.0 8414.0
101404 101459 8411.0 8414.0 8408.0 8412.0
101425 101505 8410.0 8414.0 8408.0 8409.0
101425 101520 8410.0 8414.0 8408.0 8411.0
101425 101525 8410.0 8414.0 8408.0 8413.0
101431 101529 8408.0 8415.0 8408.0 8415.0
101431 101531 8408.0 8416.0 8408.0 8416.0
101438 101532 8409.0 8416.0 8409.0 8415.0
101505 101602 8409.0 8416.0 8409.0 8414.0
101532 101632 8415.0 8415.0 8414.0 8415.0
101632 101726 8415.0 8415.0 8411.0 8411.0
101726 101741 8411.0 8411.0 8409.0 8409.0
101726 101817 8411.0 8411.0 8409.0 8409.0
101726 101826 8411.0 8411.0 8409.0 8411.0
101741 101827 8409.0 8411.0 8409.0 8410.0
101741 101828 8409.0 8411.0 8409.0 8411.0
101817 101853 8409.0 8413.0 8409.0 8413.0
101817 101856 8409.0 8413.0 8409.0 8411.0
101826 101919 8411.0 8413.0 8410.0 8411.0
101853 101949 8413.0 8413.0 8410.0 8410.0
101856 101956 8411.0 8411.0 8408.0 8408.0
101919 102002 8411.0 8411.0 8406.0 8406.0
101949 102029 8410.0 8411.0 8406.0 8411.0
101956 102052 8408.0 8413.0 8406.0 8413.0
102029 102121 8411.0 8413.0 8411.0 8411.0
102029 102125 8411.0 8413.0 8411.0 8411.0
102029 102129 8411.0 8413.0 8410.0 8410.0
102125 102224 8411.0 8411.0 8408.0 8408.0
102224 102234 8408.0 8411.0 8408.0 8411.0
102224 102249 8408.0 8411.0 8408.0 8409.0
102234 102326 8411.0 8411.0 8408.0 8408.0
102234 102330 8411.0 8411.0 8405.0 8405.0
102249 102337 8409.0 8409.0 8404.0 8404.0
102337 102432 8404.0 8410.0 8404.0 8410.0
102432 102438 8410.0 8411.0 8410.0 8411.0
102432 102439 8410.0 8411.0 8410.0 8411.0
102432 102449 8410.0 8411.0 8408.0 8408.0
102432 102528 8410.0 8411.0 8408.0 8411.0
102528 102604 8411.0 8411.0 8407.0 8407.0
102604 102701 8407.0 8407.0 8405.0 8405.0
102604 102702 8407.0 8407.0 8404.0 8404.0
102604 102703 8407.0 8407.0 8404.0 8404.0
102604 102704 8407.0 8407.0 8372.0 8372.0
102701 102712 8405.0 8405.0 8372.0 8405.0
102701 102714 8405.0 8405.0 8372.0 8404.0
102701 102716 8405.0 8405.0 8372.0 8404.0
102701 102758 8405.0 8405.0 8372.0 8405.0
102704 102804 8372.0 8405.0 8372.0 8404.0
102712 102806 8405.0 8405.0 8403.0 8403.0
102712 102807 8405.0 8405.0 8402.0 8402.0
102712 102808 8405.0 8405.0 8402.0 8402.0
102712 102809 8405.0 8405.0 8401.0 8401.0
102758 102826 8405.0 8406.0 8401.0 8406.0
102826 102910 8406.0 8406.0 8406.0 8406.0
102910 102931 8406.0 8406.0 8406.0 8406.0
102910 102935 8406.0 8406.0 8406.0 8406.0
102910 102945 8406.0 8406.0 8406.0 8406.0
102910 103005 8406.0 8406.0 8406.0 8406.0
102931 103016 8406.0 8406.0 8404.0 8404.0
102931 103017 8406.0 8406.0 8403.0 8403.0
102931 103019 8406.0 8406.0 8401.0 8401.0
102931 103020 8406.0 8406.0 8400.0 8400.0
102931 103025 8406.0 8406.0 8400.0 8402.0
102935 103032 8406.0 8406.0 8400.0 8403.0
102945 103039 8406.0 8406.0 8400.0 8401.0
103005 103049 8406.0 8406.0 8398.0 8398.0
103005 103050 8406.0 8406.0 8397.0 8397.0
103005 103057 8406.0 8406.0 8397.0 8397.0
103005 103059 8406.0 8406.0 8396.0 8396.0
103005 103101 8406.0 8406.0 8395.0 8395.0
103005 103102 8406.0 8406.0 8393.0 8393.0
103005 103103 8406.0 8406.0 8393.0 8394.0
103016 103108 8404.0 8404.0 8393.0 8394.0
103016 103110 8404.0 8404.0 8393.0 8394.0
103016 103112 8404.0 8404.0 8393.0 8393.0
103032 103127 8403.0 8403.0 8364.0 8364.0
103032 103131 8403.0 8403.0 8364.0 8398.0
103039 103137 8401.0 8401.0 8364.0 8394.0
103039 103138 8401.0 8401.0 8364.0 8394.0
103049 103141 8398.0 8398.0 8364.0 8394.0
103049 103144 8398.0 8398.0 8361.0 8361.0
103049 103148 8398.0 8398.0 8361.0 8394.0
103057 103151 8397.0 8398.0 8361.0 8393.0
103057 103152 8397.0 8398.0 8361.0 8393.0
103057 103153 8397.0 8398.0 8361.0 8391.0
103057 103154 8397.0 8398.0 8361.0 8390.0
103057 103155 8397.0 8398.0 8361.0 8384.0
103057 103156 8397.0 8398.0 8361.0 8382.0
103103 103203 8394.0 8398.0 8361.0 8383.0
103108 103204 8394.0 8398.0 8361.0 8383.0
103108 103207 8394.0 8398.0 8361.0 8383.0
103108 103208 8394.0 8398.0 8361.0 8382.0
103110 103209 8394.0 8398.0 8361.0 8382.0
103110 103210 8394.0 8398.0 8361.0 8381.0
103127 103217 8364.0 8398.0 8361.0 8380.0
103127 103218 8364.0 8398.0 8361.0 8379.0
103127 103219 8364.0 8398.0 8361.0 8381.0
103127 103222 8364.0 8398.0 8361.0 8382.0
103127 103227 8364.0 8398.0 8361.0 8383.0
103131 103230 8398.0 8398.0 8361.0 8380.0
103131 103231 8398.0 8398.0 8361.0 8379.0
103137 103233 8394.0 8394.0 8361.0 8379.0
103137 103234 8394.0 8394.0 8361.0 8377.0
103137 103235 8394.0 8394.0 8361.0 8370.0
103137 103236 8394.0 8394.0 8361.0 8373.0
103137 103237 8394.0 8394.0 8361.0 8375.0
103141 103239 8394.0 8394.0 8361.0 8374.0
103141 103240 8394.0 8394.0 8361.0 8373.0
103141 103241 8394.0 8394.0 8361.0 8374.0
103144 103244 8361.0 8394.0 8361.0 8373.0
103148 103245 8394.0 8394.0 8370.0 8373.0
103148 103246 8394.0 8394.0 8370.0 8376.0
103148 103247 8394.0 8394.0 8370.0 8376.0
103151 103249 8393.0 8393.0 8370.0 8374.0
103154 103254 8390.0 8390.0 8370.0 8373.0
103156 103256 8382.0 8383.0 8370.0 8373.0
103203 103258 8383.0 8383.0 8370.0 8373.0
103203 103300 8383.0 8383.0 8370.0 8372.0
103203 103301 8383.0 8383.0 8370.0 8371.0
103203 103302 8383.0 8383.0 8369.0 8369.0
103203 103303 8383.0 8383.0 8369.0 8369.0
103204 103304 8383.0 8383.0 8369.0 8373.0
103207 103305 8383.0 8383.0 8369.0 8373.0
103207 103306 8383.0 8383.0 8369.0 8372.0
103208 103308 8382.0 8383.0 8369.0 8375.0
103209 103309 8382.0 8383.0 8369.0 8375.0
103217 103312 8380.0 8383.0 8369.0 8377.0
103217 103313 8380.0 8383.0 8369.0 8374.0
103217 103314 8380.0 8383.0 8369.0 8376.0
103217 103316 8380.0 8383.0 8369.0 8377.0
103219 103319 8381.0 8383.0 8369.0 8380.0
103222 103321 8382.0 8383.0 8369.0 8381.0
103222 103322 8382.0 8383.0 8369.0 8382.0
103227 103323 8383.0 8383.0 8369.0 8382.0
103227 103326 8383.0 8383.0 8369.0 8380.0
103227 103327 8383.0 8383.0 8369.0 8379.0
103230 103328 8380.0 8382.0 8369.0 8381.0
103230 103329 8380.0 8382.0 8369.0 8380.0
103230 103330 8380.0 8382.0 8369.0 8380.0
103249 103348 8374.0 8382.0 8369.0 8379.0
103254 103350 8373.0 8382.0 8369.0 8379.0
103254 103351 8373.0 8382.0 8369.0 8378.0
103254 103352 8373.0 8382.0 8369.0 8379.0
103254 103353 8373.0 8382.0 8369.0 8379.0
103254 103354 8373.0 8382.0 8369.0 8378.0
103301 103401 8371.0 8382.0 8369.0 8377.0
103312 103410 8377.0 8382.0 8374.0 8377.0
103312 103412 8377.0 8382.0 8374.0 8376.0
103319 103417 8380.0 8382.0 8375.0 8375.0
103323 103423 8382.0 8382.0 8372.0 8372.0
103326 103424 8380.0 8381.0 8371.0 8371.0
103326 103425 8380.0 8381.0 8371.0 8372.0
103327 103427 8379.0 8381.0 8371.0 8372.0
103328 103428 8381.0 8381.0 8369.0 8369.0
103348 103431 8379.0 8379.0 8367.0 8367.0
103348 103432 8379.0 8379.0 8367.0 8369.0
103348 103435 8379.0 8379.0 8367.0 8367.0
103348 103436 8379.0 8379.0 8366.0 8366.0
103348 103438 8379.0 8379.0 8366.0 8366.0
103348 103440 8379.0 8379.0 8366.0 8366.0
103348 103442 8379.0 8379.0 8363.0 8363.0
103348 103443 8379.0 8379.0 8363.0 8365.0
103348 103447 8379.0 8379.0 8363.0 8365.0
103350 103449 8379.0 8379.0 8363.0 8367.0
103351 103451 8378.0 8379.0 8363.0 8366.0
103353 103453 8379.0 8379.0 8363.0 8367.0
103354 103454 8378.0 8378.0 8363.0 8371.0
103401 103459 8377.0 8377.0 8363.0 8372.0
103410 103504 8377.0 8377.0 8363.0 8369.0
103410 103510 8377.0 8377.0 8363.0 8372.0
103423 103522 8372.0 8376.0 8363.0 8376.0
103424 103524 8371.0 8376.0 8363.0 8376.0
103425 103525 8372.0 8378.0 8363.0 8378.0
103428 103528 8369.0 8380.0 8363.0 8380.0
103435 103533 8367.0 8380.0 8363.0 8376.0
103435 103534 8367.0 8380.0 8363.0 8373.0
103440 103539 8366.0 8380.0 8363.0 8370.0
103504 103601 8369.0 8380.0 8369.0 8377.0
103510 103609 8372.0 8380.0 8370.0 8376.0
103510 103610 8372.0 8380.0 8370.0 8376.0
103522 103611 8376.0 8380.0 8370.0 8375.0
103522 103614 8376.0 8380.0 8370.0 8375.0
103522 103619 8376.0 8380.0 8370.0 8377.0
103522 103621 8376.0 8380.0 8370.0 8377.0
103522 103622 8376.0 8380.0 8370.0 8378.0
103525 103625 8378.0 8380.0 8370.0 8378.0
103528 103627 8380.0 8380.0 8370.0 8378.0
103533 103632 8376.0 8380.0 8370.0 8380.0
103539 103635 8370.0 8380.0 8370.0 8380.0
103601 103646 8377.0 8384.0 8375.0 8384.0
103609 103702 8376.0 8384.0 8375.0 8382.0
103609 103703 8376.0 8384.0 8375.0 8382.0
103609 103708 8376.0 8384.0 8375.0 8380.0
103609 103709 8376.0 8384.0 8372.0 8372.0
103614 103712 8375.0 8384.0 8372.0 8372.0
103619 103715 8377.0 8384.0 8372.0 8372.0
103621 103721 8377.0 8384.0 8372.0 8384.0
103627 103727 8378.0 8388.0 8372.0 8388.0
103632 103729 8380.0 8388.0 8372.0 8388.0
103635 103733 8380.0 8388.0 8372.0 8386.0
103646 103744 8384.0 8388.0 8372.0 8385.0
103646 103746 8384.0 8388.0 8372.0 8384.0
103702 103757 8382.0 8388.0 8372.0 8384.0
103721 103820 8384.0 8388.0 8382.0 8382.0
103721 103821 8384.0 8388.0 8382.0 8382.0
103727 103823 8388.0 8388.0 8382.0 8382.0
103744 103835 8385.0 8385.0 8382.0 8382.0
103744 103836 8385.0 8385.0 8375.0 8375.0
103744 103840 8385.0 8385.0 8375.0 8384.0
103757 103856 8384.0 8384.0 8375.0 8384.0
103820 103910 8382.0 8384.0 8375.0 8384.0
103820 103912 8382.0 8384.0 8375.0 8375.0
103820 103915 8382.0 8384.0 8375.0 8375.0
103856 103948 8384.0 8387.0 8375.0 8387.0
103856 103950 8384.0 8387.0 8375.0 8386.0
103910 104007 8384.0 8387.0 8375.0 8375.0
103910 104009 8384.0 8387.0 8375.0 8375.0
103910 104010 8384.0 8387.0 8375.0 8383.0
103912 104012 8375.0 8387.0 8375.0 8384.0
103948 104019 8387.0 8387.0 8375.0 8384.0
103948 104023 8387.0 8387.0 8375.0 8375.0
103948 104025 8387.0 8387.0 8375.0 8383.0
104007 104101 8375.0 8384.0 8375.0 8381.0
104009 104109 8375.0 8384.0 8375.0 8382.0
104019 104116 8384.0 8385.0 8375.0 8385.0
104019 104118 8384.0 8387.0 8375.0 8387.0
104023 104122 8375.0 8387.0 8375.0 8378.0
104101 104136 8381.0 8389.0 8378.0 8389.0
104101 104144 8381.0 8389.0 8378.0 8389.0
104101 104155 8381.0 8390.0 8378.0 8390.0
104101 104156 8381.0 8390.0 8378.0 8390.0
104101 104200 8381.0 8392.0 8378.0 8392.0
104109 104202 8382.0 8392.0 8378.0 8392.0
104118 104218 8387.0 8392.0 8378.0 8390.0
104136 104230 8389.0 8392.0 8389.0 8390.0
104144 104241 8389.0 8392.0 8387.0 8387.0
104155 104246 8390.0 8392.0 8379.0 8379.0
104155 104250 8390.0 8392.0 8379.0 8390.0
104218 104309 8390.0 8390.0 8379.0 8380.0
104218 104310 8390.0 8390.0 8379.0 8388.0
104230 104329 8390.0 8390.0 8379.0 8388.0
104309 104405 8380.0 8388.0 8380.0 8388.0
104329 104418 8388.0 8388.0 8383.0 8383.0
104329 104421 8388.0 8388.0 8383.0 8383.0
104329 104422 8388.0 8388.0 8383.0 8383.0
104329 104427 8388.0 8388.0 8379.0 8379.0
104329 104428 8388.0 8388.0 8378.0 8378.0
104329 104429 8388.0 8388.0 8378.0 8378.0
104405 104431 8388.0 8388.0 8378.0 8378.0
104405 104432 8388.0 8388.0 8378.0 8379.0
104422 104522 8383.0 8383.0 8378.0 8383.0
104427 104525 8379.0 8383.0 8378.0 8382.0
104522 104534 8383.0 8383.0 8382.0 8382.0
104522 104555 8383.0 8383.0 8381.0 8381.0
104555 104646 8381.0 8384.0 8381.0 8384.0
104555 104653 8381.0 8384.0 8381.0 8384.0
104646 104720 8384.0 8384.0 8379.0 8379.0
104646 104721 8384.0 8384.0 8378.0 8378.0
104646 104740 8384.0 8384.0 8377.0 8377.0
104646 104746 8384.0 8384.0 8376.0 8376.0
104653 104752 8384.0 8384.0 8373.0 8373.0
104720 104758 8379.0 8379.0 8373.0 8375.0
104720 104759 8379.0 8379.0 8373.0 8376.0
104720 104802 8379.0 8379.0 8372.0 8372.0
104720 104804 8379.0 8379.0 8371.0 8371.0
104720 104805 8379.0 8379.0 8371.0 8371.0
104720 104806 8379.0 8379.0 8371.0 8371.0
104720 104809 8379.0 8379.0 8370.0 8370.0
104740 104828 8377.0 8377.0 8370.0 8376.0
104746 104845 8376.0 8379.0 8370.0 8379.0
104759 104859 8376.0 8379.0 8370.0 8378.0
104828 104920 8376.0 8379.0 8372.0 8372.0
104828 104922 8376.0 8379.0 8370.0 8370.0
104828 104923 8376.0 8379.0 8369.0 8369.0
104828 104924 8376.0 8379.0 8368.0 8368.0
104828 104925 8376.0 8379.0 8363.0 8363.0
104845 104937 8379.0 8379.0 8363.0 8367.0
104845 104939 8379.0 8379.0 8363.0 8365.0
104845 104941 8379.0 8379.0 8363.0 8364.0
104845 104943 8379.0 8379.0 8361.0 8361.0
104845 104945 8379.0 8379.0 8359.0 8359.0
104859 104946 8378.0 8378.0 8359.0 8359.0
104859 104949 8378.0 8378.0 8358.0 8358.0
104859 104951 8378.0 8378.0 8358.0 8358.0
104859 104954 8378.0 8378.0 8358.0 8359.0
104859 104957 8378.0 8378.0 8358.0 8361.0
104859 104959 8378.0 8378.0 8358.0 8362.0
104920 105002 8372.0 8372.0 8358.0 8364.0
104920 105006 8372.0 8372.0 8358.0 8364.0
104920 105010 8372.0 8372.0 8358.0 8367.0
104920 105017 8372.0 8372.0 8358.0 8365.0
104920 105018 8372.0 8372.0 8358.0 8365.0
104922 105021 8370.0 8370.0 8358.0 8365.0
104924 105024 8368.0 8368.0 8358.0 8367.0
104937 105029 8367.0 8367.0 8358.0 8366.0
104937 105030 8367.0 8367.0 8358.0 8366.0
104937 105037 8367.0 8367.0 8358.0 8362.0
104939 105039 8365.0 8367.0 8358.0 8361.0
104945 105044 8359.0 8367.0 8358.0 8358.0
104949 105047 8358.0 8367.0 8356.0 8356.0
104949 105048 8358.0 8367.0 8356.0 8358.0
104949 105049 8358.0 8367.0 8356.0 8358.0
104951 105050 8358.0 8367.0 8356.0 8359.0
105002 105100 8364.0 8367.0 8356.0 8359.0
105002 105101 8364.0 8367.0 8356.0 8361.0
105006 105103 8364.0 8367.0 8356.0 8361.0
105006 105104 8364.0 8367.0 8356.0 8361.0
105006 105105 8364.0 8367.0 8356.0 8360.0
105017 105113 8365.0 8367.0 8356.0 8360.0
105017 105115 8365.0 8367.0 8356.0 8362.0
105017 105116 8365.0 8367.0 8356.0 8362.0
105017 105117 8365.0 8367.0 8356.0 8362.0
105018 105118 8365.0 8367.0 8356.0 8364.0
105021 105119 8365.0 8367.0 8356.0 8363.0
105021 105120 8365.0 8367.0 8356.0 8364.0
105024 105124 8367.0 8367.0 8356.0 8365.0
105100 105159 8359.0 8365.0 8359.0 8363.0
105100 105200 8359.0 8365.0 8359.0 8362.0
105101 105201 8361.0 8365.0 8360.0 8361.0
105113 105206 8360.0 8365.0 8359.0 8359.0
105113 105207 8360.0 8365.0 8359.0 8359.0
105113 105208 8360.0 8365.0 8357.0 8357.0
105113 105210 8360.0 8365.0 8357.0 8358.0
105159 105226 8363.0 8363.0 8357.0 8362.0
105159 105228 8363.0 8363.0 8357.0 8362.0
105159 105240 8363.0 8363.0 8357.0 8358.0
105159 105242 8363.0 8363.0 8356.0 8356.0
105159 105243 8363.0 8363.0 8356.0 8356.0
105206 105303 8359.0 8362.0 8355.0 8355.0
105206 105306 8359.0 8362.0 8355.0 8355.0
105210 105309 8358.0 8362.0 8355.0 8357.0
105210 105310 8358.0 8362.0 8355.0 8358.0
105226 105312 8362.0 8362.0 8355.0 8360.0
105226 105315 8362.0 8362.0 8355.0 8356.0
105226 105318 8362.0 8362.0 8355.0 8356.0
105228 105328 8362.0 8362.0 8355.0 8358.0
105240 105331 8358.0 8360.0 8355.0 8359.0
105240 105332 8358.0 8361.0 8355.0 8361.0
105240 105333 8358.0 8361.0 8355.0 8361.0
105240 105334 8358.0 8361.0 8355.0 8361.0
105303 105344 8355.0 8361.0 8355.0 8359.0
105303 105349 8355.0 8361.0 8355.0 8361.0
105303 105357 8355.0 8361.0 8355.0 8359.0
105303 105401 8355.0 8361.0 8355.0 8358.0
105303 105402 8355.0 8361.0 8355.0 8358.0
105306 105406 8355.0 8361.0 8355.0 8358.0
105315 105413 8356.0 8361.0 8356.0 8360.0
105318 105417 8356.0 8361.0 8356.0 8360.0
105328 105428 8358.0 8363.0 8358.0 8363.0
105331 105431 8359.0 8364.0 8358.0 8364.0
105344 105438 8359.0 8364.0 8358.0 8361.0
105357 105455 8359.0 8364.0 8358.0 8363.0
105401 105500 8358.0 8364.0 8358.0 8363.0
105413 105508 8360.0 8365.0 8360.0 8365.0
105413 105509 8360.0 8366.0 8360.0 8366.0
105413 105510 8360.0 8369.0 8360.0 8369.0
105417 105514 8360.0 8369.0 8360.0 8368.0
105417 105516 8360.0 8371.0 8360.0 8371.0
105428 105518 8363.0 8371.0 8361.0 8371.0
105428 105519 8363.0 8371.0 8361.0 8370.0
105428 105524 8363.0 8371.0 8361.0 8371.0
105428 105528 8363.0 8371.0 8361.0 8369.0
105431 105529 8364.0 8371.0 8361.0 8371.0
105438 105538 8361.0 8375.0 8361.0 8375.0
105455 105539 8363.0 8375.0 8363.0 8373.0
105455 105541 8363.0 8375.0 8363.0 8372.0
105455 105546 8363.0 8375.0 8363.0 8373.0
105455 105554 8363.0 8375.0 8363.0 8372.0
105455 105555 8363.0 8375.0 8363.0 8372.0
105516 105616 8371.0 8375.0 8369.0 8369.0
105524 105622 8371.0 8375.0 8369.0 8369.0
105538 105630 8375.0 8375.0 8369.0 8369.0
105538 105635 8375.0 8375.0 8369.0 8370.0
105538 105636 8375.0 8375.0 8369.0 8370.0
105541 105641 8372.0 8373.0 8369.0 8369.0
105546 105646 8373.0 8373.0 8368.0 8368.0
105554 105652 8372.0 8372.0 8366.0 8366.0
105616 105715 8369.0 8370.0 8366.0 8367.0
105622 105717 8369.0 8370.0 8366.0 8368.0
105630 105723 8369.0 8371.0 8366.0 8371.0
105630 105725 8369.0 8373.0 8366.0 8373.0
105635 105731 8370.0 8373.0 8366.0 8372.0
105715 105754 8367.0 8373.0 8367.0 8372.0
105715 105807 8367.0 8373.0 8367.0 8371.0
105715 105815 8367.0 8373.0 8367.0 8373.0
105723 105820 8371.0 8373.0 8371.0 8373.0
105731 105826 8372.0 8373.0 8371.0 8373.0
105754 105833 8372.0 8373.0 8371.0 8373.0
105754 105837 8372.0 8374.0 8371.0 8374.0
105754 105850 8372.0 8374.0 8371.0 8373.0
105807 105906 8371.0 8375.0 8371.0 8375.0
105807 105907 8371.0 8377.0 8371.0 8377.0
105820 105920 8373.0 8377.0 8373.0 8375.0
105833 105933 8373.0 8377.0 8371.0 8371.0
105837 105934 8374.0 8377.0 8371.0 8371.0
105837 105936 8374.0 8377.0 8371.0 8371.0
105837 105937 8374.0 8377.0 8370.0 8370.0
105850 105938 8373.0 8377.0 8370.0 8370.0
105850 105940 8373.0 8377.0 8370.0 8371.0
105850 105945 8373.0 8377.0 8370.0 8371.0
105850 105949 8373.0 8377.0 8370.0 8371.0
105906 110004 8375.0 8377.0 8370.0 8372.0
105906 110006 8375.0 8377.0 8370.0 8372.0
105920 110009 8375.0 8375.0 8370.0 8372.0
105920 110016 8375.0 8375.0 8370.0 8371.0
105933 110021 8371.0 8372.0 8369.0 8369.0
105933 110025 8371.0 8372.0 8366.0 8366.0
110004 110052 8372.0 8372.0 8366.0 8371.0
110004 110058 8372.0 8372.0 8366.0 8371.0
110006 110106 8372.0 8377.0 8366.0 8377.0
110009 110107 8372.0 8377.0 8366.0 8377.0
110016 110110 8371.0 8377.0 8366.0 8377.0
110016 110115 8371.0 8378.0 8366.0 8378.0
110016 110116 8371.0 8378.0 8366.0 8378.0
110021 110117 8369.0 8378.0 8366.0 8378.0
110052 110126 8371.0 8379.0 8371.0 8379.0
110052 110127 8371.0 8379.0 8371.0 8379.0
110052 110146 8371.0 8381.0 8371.0 8381.0
110052 110150 8371.0 8381.0 8371.0 8381.0
110110 110208 8377.0 8381.0 8377.0 8377.0
110115 110214 8378.0 8381.0 8377.0 8378.0
110116 110216 8378.0 8381.0 8377.0 8377.0
110117 110217 8378.0 8381.0 8377.0 8378.0
110214 110313 8378.0 8379.0 8377.0 8379.0
110313 110350 8379.0 8379.0 8377.0 8377.0
110350 110416 8377.0 8377.0 8374.0 8374.0
110350 110439 8377.0 8377.0 8374.0 8375.0
110416 110505 8374.0 8377.0 8374.0 8377.0
110439 110531 8375.0 8381.0 8375.0 8381.0
110439 110532 8375.0 8383.0 8375.0 8383.0
110439 110536 8375.0 8385.0 8375.0 8385.0
110439 110537 8375.0 8386.0 8375.0 8386.0
110439 110538 8375.0 8387.0 8375.0 8387.0
110505 110541 8377.0 8387.0 8377.0 8387.0
110505 110544 8377.0 8387.0 8377.0 8384.0
110505 110549 8377.0 8387.0 8377.0 8383.0
110531 110612 8381.0 8387.0 8381.0 8386.0
110531 110613 8381.0 8387.0 8381.0 8386.0
110531 110614 8381.0 8387.0 8381.0 8387.0
110531 110615 8381.0 8387.0 8381.0 8387.0
110531 110624 8381.0 8387.0 8381.0 8386.0
110612 110659 8386.0 8387.0 8383.0 8383.0
110612 110700 8386.0 8387.0 8383.0 8383.0
110624 110722 8386.0 8386.0 8383.0 8383.0
110624 110724 8386.0 8386.0 8383.0 8383.0
110659 110728 8383.0 8383.0 8383.0 8383.0
110722 110808 8383.0 8386.0 8383.0 8386.0
110722 110814 8383.0 8387.0 8383.0 8387.0
110808 110835 8386.0 8387.0 8386.0 8386.0
110808 110851 8386.0 8387.0 8384.0 8384.0
110808 110855 8386.0 8387.0 8384.0 8384.0
110814 110912 8387.0 8387.0 8383.0 8383.0
110912 111012 8383.0 8383.0 8383.0 8383.0
111012 111102 8383.0 8385.0 8383.0 8385.0
111102 111126 8385.0 8385.0 8384.0 8384.0
111102 111139 8385.0 8385.0 8384.0 8384.0
111102 111158 8385.0 8386.0 8384.0 8386.0
111126 111212 8384.0 8386.0 8384.0 8385.0
111126 111213 8384.0 8386.0 8384.0 8385.0
111139 111231 8384.0 8386.0 8383.0 8383.0
111158 111240 8386.0 8386.0 8382.0 8382.0
111212 111310 8385.0 8385.0 8382.0 8382.0
111212 111312 8385.0 8385.0 8381.0 8381.0
111231 111319 8383.0 8383.0 8381.0 8383.0
111453 111453 8384.0 8384.0 8384.0 8384.0
111453 111454 8384.0 8386.0 8384.0 8386.0
111453 111455 8384.0 8387.0 8384.0 8387.0
111453 111501 8384.0 8389.0 8384.0 8389.0
111453 111502 8384.0 8392.0 8384.0 8392.0
111453 111503 8384.0 8392.0 8384.0 8390.0
111453 111504 8384.0 8392.0 8384.0 8392.0
111453 111507 8384.0 8395.0 8384.0 8395.0
111453 111513 8384.0 8395.0 8384.0 8394.0
111453 111515 8384.0 8395.0 8384.0 8395.0
111453 111516 8384.0 8395.0 8384.0 8393.0
111453 111517 8384.0 8395.0 8384.0 8393.0
111453 111519 8384.0 8395.0 8384.0 8394.0
111453 111521 8384.0 8395.0 8384.0 8393.0
111453 111522 8384.0 8395.0 8384.0 8395.0
111453 111547 8384.0 8395.0 8384.0 8393.0
111453 111552 8384.0 8395.0 8384.0 8392.0
111501 111557 8389.0 8395.0 8389.0 8393.0
111501 111600 8389.0 8395.0 8389.0 8393.0
111513 111611 8394.0 8396.0 8392.0 8396.0
111515 111614 8395.0 8396.0 8392.0 8396.0
111517 111617 8393.0 8396.0 8392.0 8396.0
111519 111618 8394.0 8396.0 8392.0 8396.0
111547 111631 8393.0 8396.0 8392.0 8394.0
111547 111643 8393.0 8396.0 8392.0 8393.0
111547 111645 8393.0 8396.0 8392.0 8392.0
111600 111659 8393.0 8396.0 8392.0 8393.0
111611 111703 8396.0 8396.0 8392.0 8395.0
111611 111705 8396.0 8396.0 8392.0 8395.0
111631 111722 8394.0 8395.0 8392.0 8394.0
111631 111731 8394.0 8395.0 8392.0 8393.0
111643 111732 8393.0 8395.0 8392.0 8393.0
111643 111733 8393.0 8395.0 8392.0 8392.0
111659 111758 8393.0 8395.0 8392.0 8393.0
111705 111804 8395.0 8395.0 8392.0 8395.0
111722 111807 8394.0 8396.0 8392.0 8396.0
111722 111820 8394.0 8396.0 8392.0 8394.0
111758 111838 8393.0 8396.0 8393.0 8395.0
111820 111912 8394.0 8395.0 8393.0 8393.0
111838 111928 8395.0 8395.0 8392.0 8392.0
111838 111929 8395.0 8395.0 8392.0 8392.0
111838 111930 8395.0 8395.0 8391.0 8391.0
111838 111931 8395.0 8395.0 8390.0 8390.0
111838 111932 8395.0 8395.0 8390.0 8391.0
111838 111933 8395.0 8395.0 8389.0 8389.0
111912 111942 8393.0 8393.0 8388.0 8388.0
111912 111943 8393.0 8393.0 8388.0 8388.0
111912 111956 8393.0 8393.0 8384.0 8384.0
111912 111957 8393.0 8393.0 8384.0 8385.0
111912 112012 8393.0 8393.0 8384.0 8386.0
111957 112057 8385.0 8386.0 8385.0 8385.0
112012 112058 8386.0 8386.0 8384.0 8384.0
112057 112113 8385.0 8389.0 8384.0 8389.0
112057 112114 8385.0 8389.0 8384.0 8388.0
112057 112127 8385.0 8389.0 8384.0 8386.0
112113 112159 8389.0 8389.0 8386.0 8387.0
112127 112220 8386.0 8389.0 8386.0 8389.0
112127 112222 8386.0 8390.0 8386.0 8390.0
112127 112226 8386.0 8390.0 8386.0 8390.0
112159 112253 8387.0 8394.0 8387.0 8394.0
112220 112306 8389.0 8394.0 8389.0 8392.0
112306 112357 8392.0 8392.0 8392.0 8392.0
112306 112400 8392.0 8392.0 8391.0 8391.0
112357 112409 8392.0 8392.0 8391.0 8391.0
112357 112415 8392.0 8392.0 8391.0 8391.0
112357 112418 8392.0 8392.0 8391.0 8391.0
112357 112421 8392.0 8392.0 8390.0 8390.0
112357 112449 8392.0 8392.0 8388.0 8388.0
112449 112525 8388.0 8389.0 8388.0 8389.0
112449 112531 8388.0 8390.0 8388.0 8390.0
112449 112535 8388.0 8391.0 8388.0 8391.0
112525 112550 8389.0 8391.0 8389.0 8391.0
112525 112551 8389.0 8391.0 8389.0 8391.0
112525 112554 8389.0 8391.0 8389.0 8391.0
112525 112600 8389.0 8391.0 8389.0 8391.0
112525 112607 8389.0 8395.0 8389.0 8395.0
112525 112609 8389.0 8397.0 8389.0 8397.0
112525 112611 8389.0 8397.0 8389.0 8397.0
112525 112613 8389.0 8398.0 8389.0 8398.0
112525 112620 8389.0 8398.0 8389.0 8395.0
112531 112631 8390.0 8398.0 8390.0 8395.0
112535 112635 8391.0 8398.0 8391.0 8395.0
112554 112654 8391.0 8398.0 8391.0 8392.0
112600 112659 8391.0 8398.0 8391.0 8392.0
112609 112708 8397.0 8398.0 8388.0 8388.0
112620 112714 8395.0 8395.0 8386.0 8386.0
112620 112715 8395.0 8395.0 8384.0 8384.0
112631 112726 8395.0 8395.0 8383.0 8383.0
112654 112743 8392.0 8392.0 8383.0 8385.0
112708 112801 8388.0 8388.0 8383.0 8386.0
112726 112825 8383.0 8386.0 8383.0 8384.0
112743 112831 8385.0 8386.0 8383.0 8383.0
112743 112840 8385.0 8386.0 8383.0 8383.0
112801 112844 8386.0 8386.0 8383.0 8384.0
113023 113023 8388.0 8388.0 8388.0 8388.0
113023 113058 8388.0 8388.0 8386.0 8386.0
113023 113107 8388.0 8388.0 8386.0 8388.0
113023 113121 8388.0 8390.0 8386.0 8390.0
113231 113231 8387.0 8387.0 8387.0 8387.0
113342 113342 8390.0 8390.0 8390.0 8390.0
113342 113351 8390.0 8395.0 8390.0 8395.0
113342 113352 8390.0 8396.0 8390.0 8396.0
113342 113355 8390.0 8396.0 8390.0 8396.0
113342 113356 8390.0 8396.0 8390.0 8394.0
113342 113406 8390.0 8396.0 8390.0 8392.0
113351 113444 8395.0 8396.0 8392.0 8392.0
113351 113449 8395.0 8396.0 8392.0 8392.0
113444 113544 8392.0 8394.0 8392.0 8394.0
113449 113546 8392.0 8394.0 8392.0 8394.0
113449 113549 8392.0 8395.0 8392.0 8395.0
113544 113552 8394.0 8395.0 8394.0 8395.0
113544 113621 8394.0 8395.0 8394.0 8394.0
113544 113628 8394.0 8395.0 8394.0 8395.0
113544 113630 8394.0 8395.0 8394.0 8395.0
113544 113636 8394.0 8395.0 8393.0 8393.0
113552 113650 8395.0 8395.0 8390.0 8390.0
113621 113712 8394.0 8395.0 8390.0 8392.0
113636 113735 8393.0 8393.0 8390.0 8393.0
113650 113737 8390.0 8393.0 8390.0 8393.0
113712 113812 8392.0 8394.0 8392.0 8394.0
113735 113816 8393.0 8394.0 8393.0 8394.0
113735 113817 8393.0 8396.0 8393.0 8396.0
113735 113818 8393.0 8398.0 8393.0 8398.0
113735 113819 8393.0 8398.0 8393.0 8398.0
113735 113821 8393.0 8398.0 8393.0 8398.0
113735 113822 8393.0 8401.0 8393.0 8401.0
113735 113823 8393.0 8402.0 8393.0 8402.0
113812 113849 8394.0 8403.0 8394.0 8403.0
113812 113851 8394.0 8403.0 8394.0 8402.0
113812 113902 8394.0 8403.0 8394.0 8403.0
113812 113905 8394.0 8405.0 8394.0 8405.0
113812 113906 8394.0 8405.0 8394.0 8405.0
113812 113909 8394.0 8406.0 8394.0 8406.0
113812 113910 8394.0 8406.0 8394.0 8406.0
113816 113913 8394.0 8406.0 8394.0 8406.0
113822 113922 8401.0 8406.0 8401.0 8404.0
113823 113923 8402.0 8406.0 8402.0 8404.0
113849 113924 8403.0 8406.0 8402.0 8404.0
113849 113934 8403.0 8406.0 8402.0 8404.0
113902 113958 8403.0 8406.0 8403.0 8404.0
113902 113959 8403.0 8406.0 8403.0 8405.0
113902 114000 8403.0 8406.0 8403.0 8406.0
113910 114010 8406.0 8406.0 8404.0 8404.0
113913 114012 8406.0 8406.0 8403.0 8403.0
113922 114016 8404.0 8406.0 8402.0 8402.0
113922 114019 8404.0 8406.0 8402.0 8404.0
113922 114020 8404.0 8406.0 8402.0 8403.0
113922 114022 8404.0 8406.0 8402.0 8405.0
113958 114044 8404.0 8406.0 8402.0 8404.0
113958 114050 8404.0 8406.0 8402.0 8405.0
114010 114110 8404.0 8405.0 8402.0 8404.0
114012 114112 8403.0 8405.0 8402.0 8403.0
114016 114113 8402.0 8405.0 8402.0 8404.0
114044 114135 8404.0 8405.0 8402.0 8402.0
114044 114138 8404.0 8405.0 8401.0 8401.0
114050 114148 8405.0 8405.0 8401.0 8401.0
114110 114158 8404.0 8404.0 8401.0 8402.0
114110 114203 8404.0 8404.0 8401.0 8403.0
114110 114204 8404.0 8404.0 8401.0 8404.0
114135 114223 8402.0 8408.0 8401.0 8408.0
114135 114224 8402.0 8410.0 8401.0 8410.0
114135 114233 8402.0 8410.0 8401.0 8407.0
114148 114241 8401.0 8410.0 8401.0 8407.0
114148 114242 8401.0 8410.0 8401.0 8407.0
114148 114246 8401.0 8410.0 8401.0 8409.0
114148 114248 8401.0 8410.0 8401.0 8410.0
114158 114249 8402.0 8410.0 8402.0 8410.0
114158 114250 8402.0 8410.0 8402.0 8410.0
114158 114252 8402.0 8410.0 8402.0 8410.0
114158 114255 8402.0 8410.0 8402.0 8410.0
114158 114256 8402.0 8410.0 8402.0 8410.0
114158 114257 8402.0 8410.0 8402.0 8410.0
114203 114300 8403.0 8410.0 8403.0 8410.0
114203 114301 8403.0 8412.0 8403.0 8412.0
114203 114302 8403.0 8412.0 8403.0 8412.0
114223 114310 8408.0 8412.0 8407.0 8411.0
114241 114338 8407.0 8412.0 8407.0 8410.0
114241 114341 8407.0 8412.0 8401.0 8401.0
114338 114411 8410.0 8410.0 8401.0 8408.0
114338 114413 8410.0 8410.0 8401.0 8408.0
114411 114455 8408.0 8410.0 8408.0 8410.0
114411 114458 8408.0 8410.0 8408.0 8410.0
114455 114520 8410.0 8414.0 8410.0 8414.0
114455 114533 8410.0 8414.0 8410.0 8414.0
114455 114535 8410.0 8415.0 8410.0 8415.0
114455 114536 8410.0 8420.0 8410.0 8420.0
114455 114538 8410.0 8420.0 8410.0 8420.0
114455 114539 8410.0 8420.0 8410.0 8420.0
114455 114543 8410.0 8421.0 8410.0 8421.0
114455 114544 8410.0 8422.0 8410.0 8422.0
114455 114547 8410.0 8423.0 8410.0 8423.0
114455 114551 8410.0 8423.0 8410.0 8421.0
114455 114553 8410.0 8423.0 8410.0 8421.0
114455 114554 8410.0 8423.0 8410.0 8414.0
114458 114558 8410.0 8425.0 8410.0 8425.0
114520 114600 8414.0 8425.0 8414.0 8423.0
114520 114601 8414.0 8425.0 8414.0 8424.0
114520 114603 8414.0 8425.0 8414.0 8425.0
114520 114604 8414.0 8425.0 8414.0 8425.0
114520 114607 8414.0 8425.0 8414.0 8424.0
114520 114610 8414.0 8425.0 8414.0 8423.0
114520 114612 8414.0 8425.0 8414.0 8422.0
114533 114625 8414.0 8425.0 8414.0 8421.0
114533 114627 8414.0 8425.0 8414.0 8421.0
114533 114629 8414.0 8425.0 8414.0 8419.0
114533 114630 8414.0 8425.0 8414.0 8420.0
114539 114639 8420.0 8425.0 8414.0 8421.0
114553 114652 8421.0 8425.0 8414.0 8421.0
114558 114656 8425.0 8425.0 8419.0 8421.0
114607 114705 8424.0 8424.0 8419.0 8421.0
114625 114717 8421.0 8421.0 8419.0 8419.0
114625 114718 8421.0 8421.0 8419.0 8421.0
114625 114722 8421.0 8421.0 8419.0 8419.0
114639 114731 8421.0 8421.0 8419.0 8419.0
114639 114733 8421.0 8421.0 8418.0 8418.0
114639 114738 8421.0 8421.0 8418.0 8419.0
114652 114745 8421.0 8421.0 8417.0 8417.0
114652 114746 8421.0 8421.0 8416.0 8416.0
114652 114750 8421.0 8421.0 8414.0 8414.0
114656 114754 8421.0 8421.0 8414.0 8415.0
114656 114756 8421.0 8421.0 8414.0 8416.0
114705 114758 8421.0 8421.0 8414.0 8417.0
114705 114759 8421.0 8421.0 8414.0 8418.0
114705 114802 8421.0 8421.0 8414.0 8420.0
114738 114834 8419.0 8420.0 8414.0 8417.0
114738 114835 8419.0 8420.0 8414.0 8416.0
114745 114841 8417.0 8420.0 8414.0 8415.0
114756 114855 8416.0 8420.0 8415.0 8418.0
114841 114938 8415.0 8418.0 8415.0 8415.0
114841 114939 8415.0 8418.0 8415.0 8415.0
114855 114943 8418.0 8418.0 8414.0 8414.0
114855 114947 8418.0 8418.0 8414.0 8415.0
114938 114956 8415.0 8415.0 8414.0 8414.0
114938 114959 8415.0 8415.0 8414.0 8414.0
114938 115002 8415.0 8415.0 8413.0 8413.0
114938 115009 8415.0 8415.0 8413.0 8415.0
114938 115014 8415.0 8415.0 8413.0 8415.0
114938 115017 8415.0 8415.0 8413.0 8415.0
114938 115018 8415.0 8416.0 8413.0 8416.0
114938 115022 8415.0 8416.0 8413.0 8416.0
114956 115054 8414.0 8416.0 8413.0 8415.0
114959 115057 8414.0 8416.0 8413.0 8415.0
115009 115104 8415.0 8416.0 8415.0 8416.0
115054 115137 8415.0 8416.0 8414.0 8414.0
115104 115201 8416.0 8416.0 8414.0 8415.0
115104 115202 8416.0 8416.0 8414.0 8415.0
115303 115303 8412.0 8412.0 8412.0 8412.0
115303 115308 8412.0 8412.0 8411.0 8411.0
115303 115309 8412.0 8412.0 8411.0 8411.0
115303 115312 8412.0 8412.0 8411.0 8411.0
115303 115320 8412.0 8412.0 8411.0 8412.0
115303 115337 8412.0 8412.0 8409.0 8409.0
115303 115343 8412.0 8412.0 8409.0 8409.0
115303 115352 8412.0 8412.0 8409.0 8409.0
115303 115400 8412.0 8412.0 8408.0 8408.0
115308 115406 8411.0 8412.0 8408.0 8408.0
115320 115413 8412.0 8412.0 8408.0 8409.0
115343 115442 8409.0 8409.0 8408.0 8409.0
115400 115455 8408.0 8410.0 8408.0 8410.0
115400 115458 8408.0 8411.0 8408.0 8411.0
115406 115502 8408.0 8412.0 8408.0 8412.0
115413 115510 8409.0 8414.0 8409.0 8414.0
115413 115513 8409.0 8415.0 8409.0 8415.0
115442 115516 8409.0 8416.0 8409.0 8416.0
115442 115523 8409.0 8416.0 8409.0 8415.0
115442 115527 8409.0 8416.0 8409.0 8416.0
115442 115528 8409.0 8416.0 8409.0 8416.0
115442 115529 8409.0 8416.0 8409.0 8415.0
115442 115530 8409.0 8416.0 8409.0 8416.0
115442 115531 8409.0 8416.0 8409.0 8416.0
115442 115532 8409.0 8416.0 8409.0 8416.0
115442 115542 8409.0 8417.0 8409.0 8417.0
115455 115543 8410.0 8417.0 8410.0 8415.0
115527 115626 8416.0 8417.0 8415.0 8415.0
115528 115628 8416.0 8417.0 8415.0 8415.0
115543 115643 8415.0 8415.0 8412.0 8412.0
115626 115650 8415.0 8415.0 8412.0 8412.0
115626 115651 8415.0 8415.0 8412.0 8413.0
115626 115654 8415.0 8415.0 8412.0 8413.0
115626 115658 8415.0 8415.0 8412.0 8412.0
115626 115720 8415.0 8415.0 8411.0 8411.0
115643 115733 8412.0 8413.0 8408.0 8408.0
115643 115734 8412.0 8413.0 8408.0 8408.0
115643 115740 8412.0 8413.0 8408.0 8409.0
115650 115746 8412.0 8413.0 8406.0 8406.0
115650 115747 8412.0 8413.0 8405.0 8405.0
115651 115751 8413.0 8413.0 8405.0 8405.0
115654 115753 8413.0 8413.0 8405.0 8406.0
115720 115809 8411.0 8411.0 8405.0 8406.0
115720 115813 8411.0 8411.0 8405.0 8405.0
115733 115832 8408.0 8409.0 8404.0 8404.0
115734 115834 8408.0 8409.0 8404.0 8404.0
115740 115839 8409.0 8409.0 8404.0 8404.0
115740 115840 8409.0 8409.0 8404.0 8404.0
115746 115843 8406.0 8406.0 8404.0 8404.0
115747 115847 8405.0 8406.0 8403.0 8403.0
115751 115849 8405.0 8406.0 8403.0 8403.0
115751 115850 8405.0 8406.0 8403.0 8403.0
115753 115853 8406.0 8406.0 8403.0 8403.0
115809 115904 8406.0 8406.0 8401.0 8401.0
115832 115915 8404.0 8404.0 8401.0 8404.0
115832 115922 8404.0 8405.0 8401.0 8405.0
115904 120000 8401.0 8406.0 8401.0 8406.0
115922 120016 8405.0 8406.0 8402.0 8402.0
115922 120017 8405.0 8406.0 8402.0 8402.0
120000 120034 8406.0 8406.0 8401.0 8401.0
120000 120037 8406.0 8406.0 8401.0 8401.0
120000 120038 8406.0 8406.0 8401.0 8401.0
120000 120048 8406.0 8406.0 8399.0 8399.0
120000 120049 8406.0 8406.0 8398.0 8398.0
120016 120108 8402.0 8402.0 8398.0 8402.0
120108 120152 8402.0 8402.0 8400.0 8400.0
120108 120154 8402.0 8402.0 8391.0 8391.0
120108 120156 8402.0 8402.0 8391.0 8400.0
120108 120158 8402.0 8402.0 8391.0 8400.0
120108 120205 8402.0 8402.0 8391.0 8398.0
120108 120207 8402.0 8402.0 8391.0 8398.0
120152 120211 8400.0 8400.0 8391.0 8400.0
120152 120215 8400.0 8401.0 8391.0 8401.0
120152 120216 8400.0 8401.0 8391.0 8401.0
120152 120226 8400.0 8401.0 8391.0 8401.0
120152 120231 8400.0 8401.0 8391.0 8400.0
120152 120242 8400.0 8402.0 8391.0 8402.0
120152 120243 8400.0 8402.0 8391.0 8402.0
120152 120244 8400.0 8402.0 8391.0 8401.0
120152 120245 8400.0 8402.0 8391.0 8401.0
120156 120255 8400.0 8402.0 8392.0 8392.0
120226 120319 8401.0 8402.0 8392.0 8400.0
120319 120408 8400.0 8400.0 8399.0 8399.0
120408 120506 8399.0 8400.0 8399.0 8400.0
120506 120515 8400.0 8402.0 8400.0 8402.0
120506 120516 8400.0 8403.0 8400.0 8403.0
120506 120523 8400.0 8403.0 8400.0 8403.0
120506 120533 8400.0 8404.0 8400.0 8404.0
120506 120537 8400.0 8405.0 8400.0 8405.0
120515 120608 8402.0 8405.0 8402.0 8402.0
120533 120631 8404.0 8405.0 8402.0 8403.0
120608 120641 8402.0 8404.0 8402.0 8404.0
120608 120655 8402.0 8405.0 8402.0 8405.0
120608 120705 8402.0 8405.0 8402.0 8405.0
120631 120721 8403.0 8405.0 8403.0 8403.0
120631 120731 8403.0 8405.0 8403.0 8404.0
120655 120748 8405.0 8405.0 8402.0 8402.0
120655 120751 8405.0 8405.0 8402.0 8402.0
120705 120758 8405.0 8405.0 8401.0 8401.0
120758 120857 8401.0 8405.0 8401.0 8405.0
120857 120938 8405.0 8405.0 8404.0 8404.0
120938 121006 8404.0 8404.0 8403.0 8403.0
121115 121115 8407.0 8407.0 8407.0 8407.0
121115 121121 8407.0 8408.0 8407.0 8408.0
121115 121126 8407.0 8408.0 8407.0 8407.0
121115 121144 8407.0 8409.0 8407.0 8409.0
121115 121158 8407.0 8409.0 8407.0 8409.0
121115 121207 8407.0 8409.0 8407.0 8408.0
121207 121302 8408.0 8408.0 8408.0 8408.0
121302 121333 8408.0 8409.0 8408.0 8409.0
121302 121351 8408.0 8409.0 8408.0 8409.0
121351 121440 8409.0 8413.0 8409.0 8413.0
121351 121445 8409.0 8415.0 8409.0 8415.0
121351 121446 8409.0 8415.0 8409.0 8415.0
121351 121450 8409.0 8417.0 8409.0 8417.0
121440 121452 8413.0 8417.0 8413.0 8417.0
121440 121458 8413.0 8417.0 8413.0 8414.0
121440 121501 8413.0 8417.0 8413.0 8414.0
121440 121510 8413.0 8417.0 8413.0 8414.0
121440 121535 8413.0 8417.0 8413.0 8414.0
121458 121555 8414.0 8414.0 8409.0 8409.0
121535 121613 8414.0 8414.0 8409.0 8411.0
121555 121637 8409.0 8411.0 8409.0 8409.0
121555 121642 8409.0 8411.0 8409.0 8411.0
121747 121747 8411.0 8411.0 8411.0 8411.0
121747 121750 8411.0 8411.0 8410.0 8410.0
121747 121802 8411.0 8411.0 8408.0 8408.0
121747 121804 8411.0 8411.0 8408.0 8408.0
121747 121814 8411.0 8411.0 8406.0 8406.0
121747 121818 8411.0 8411.0 8405.0 8405.0
121747 121821 8411.0 8411.0 8405.0 8405.0
121747 121825 8411.0 8411.0 8404.0 8404.0
121747 121826 8411.0 8411.0 8404.0 8405.0
121747 121827 8411.0 8411.0 8404.0 8404.0
121747 121833 8411.0 8411.0 8404.0 8404.0
121802 121852 8408.0 8408.0 8404.0 8406.0
121804 121904 8408.0 8408.0 8404.0 8407.0
121821 121921 8405.0 8408.0 8404.0 8408.0
121852 121935 8406.0 8410.0 8406.0 8410.0
121852 121949 8406.0 8410.0 8406.0 8410.0
121921 122019 8408.0 8410.0 8408.0 8410.0
122123 122123 8410.0 8410.0 8410.0 8410.0
122123 122158 8410.0 8411.0 8410.0 8411.0
122123 122200 8410.0 8411.0 8410.0 8411.0
122123 122205 8410.0 8413.0 8410.0 8413.0
122123 122211 8410.0 8413.0 8410.0 8412.0
122211 122310 8412.0 8412.0 8412.0 8412.0
122310 122350 8412.0 8412.0 8411.0 8411.0
122310 122408 8412.0 8412.0 8411.0 8412.0
122350 122443 8411.0 8414.0 8411.0 8414.0
122350 122444 8411.0 8415.0 8411.0 8415.0
122350 122445 8411.0 8416.0 8411.0 8416.0
122350 122446 8411.0 8416.0 8411.0 8416.0
122408 122455 8412.0 8418.0 8412.0 8418.0
122408 122456 8412.0 8418.0 8412.0 8418.0
122408 122459 8412.0 8419.0 8412.0 8419.0
122408 122501 8412.0 8419.0 8412.0 8419.0
122408 122502 8412.0 8419.0 8412.0 8418.0
122408 122504 8412.0 8420.0 8412.0 8420.0
122408 122506 8412.0 8420.0 8412.0 8420.0
122443 122513 8414.0 8421.0 8414.0 8421.0
122443 122520 8414.0 8421.0 8414.0 8419.0
122443 122532 8414.0 8421.0 8414.0 8417.0
122443 122540 8414.0 8421.0 8414.0 8416.0
122443 122541 8414.0 8421.0 8414.0 8416.0
122513 122609 8421.0 8421.0 8416.0 8416.0
122532 122623 8417.0 8417.0 8414.0 8414.0
122532 122628 8417.0 8417.0 8414.0 8415.0
122623 122715 8414.0 8415.0 8414.0 8415.0
122828 122828 8414.0 8414.0 8414.0 8414.0
122828 122922 8414.0 8414.0 8414.0 8414.0
122922 122932 8414.0 8414.0 8411.0 8411.0
122922 122945 8414.0 8414.0 8411.0 8412.0
122922 123001 8414.0 8414.0 8410.0 8410.0
122922 123002 8414.0 8414.0 8409.0 8409.0
122922 123004 8414.0 8414.0 8408.0 8408.0
122922 123006 8414.0 8414.0 8408.0 8408.0
122922 123009 8414.0 8414.0 8408.0 8408.0
122922 123010 8414.0 8414.0 8408.0 8408.0
123001 123049 8410.0 8410.0 8408.0 8408.0
123001 123052 8410.0 8410.0 8408.0 8408.0
123001 123053 8410.0 8410.0 8407.0 8407.0
123001 123054 8410.0 8410.0 8406.0 8406.0
123001 123058 8410.0 8410.0 8406.0 8408.0
123049 123144 8408.0 8408.0 8406.0 8408.0
123049 123145 8408.0 8409.0 8406.0 8409.0
123144 123209 8408.0 8410.0 8408.0 8410.0
123144 123241 8408.0 8413.0 8408.0 8413.0
123209 123259 8410.0 8413.0 8410.0 8413.0
123241 123318 8413.0 8414.0 8413.0 8414.0
123241 123325 8413.0 8414.0 8412.0 8412.0
123318 123415 8414.0 8414.0 8412.0 8413.0
123415 123448 8413.0 8413.0 8413.0 8413.0
123415 123502 8413.0 8413.0 8413.0 8413.0
123448 123519 8413.0 8413.0 8404.0 8404.0
123502 123602 8413.0 8413.0 8404.0 8413.0
123602 123634 8413.0 8415.0 8413.0 8415.0
123602 123636 8413.0 8416.0 8413.0 8416.0
123602 123637 8413.0 8417.0 8413.0 8417.0
123602 123641 8413.0 8418.0 8413.0 8418.0
123602 123700 8413.0 8418.0 8413.0 8418.0
123634 123716 8415.0 8418.0 8415.0 8418.0
123634 123717 8415.0 8418.0 8415.0 8418.0
123634 123725 8415.0 8418.0 8415.0 8418.0
123634 123733 8415.0 8418.0 8415.0 8417.0
123700 123749 8418.0 8418.0 8415.0 8415.0
123700 123759 8418.0 8418.0 8415.0 8415.0
123716 123814 8418.0 8418.0 8414.0 8414.0
124007 124007 8418.0 8418.0 8418.0 8418.0
124007 124104 8418.0 8418.0 8416.0 8416.0
124104 124110 8416.0 8417.0 8416.0 8417.0
124104 124127 8416.0 8417.0 8415.0 8415.0
124127 124220 8415.0 8415.0 8413.0 8413.0
124220 124229 8413.0 8414.0 8413.0 8414.0
124353 124353 8414.0 8414.0 8414.0 8414.0
124353 124400 8414.0 8417.0 8414.0 8417.0
124550 124550 8411.0 8411.0 8411.0 8411.0
124550 124552 8411.0 8411.0 8411.0 8411.0
124550 124553 8411.0 8411.0 8411.0 8411.0
124550 124554 8411.0 8411.0 8411.0 8411.0
124550 124555 8411.0 8411.0 8411.0 8411.0
124553 124653 8411.0 8411.0 8411.0 8411.0
124653 124701 8411.0 8411.0 8410.0 8410.0
124653 124702 8411.0 8411.0 8409.0 8409.0
124653 124750 8411.0 8414.0 8409.0 8414.0
124653 124751 8411.0 8414.0 8409.0 8414.0
124750 124847 8414.0 8414.0 8411.0 8411.0
124847 124912 8411.0 8414.0 8411.0 8414.0
124847 124919 8411.0 8414.0 8411.0 8413.0
124847 124939 8411.0 8414.0 8411.0 8412.0
124912 124955 8414.0 8414.0 8412.0 8412.0
124912 125009 8414.0 8414.0 8411.0 8411.0
124912 125010 8414.0 8414.0 8411.0 8411.0
124919 125014 8413.0 8413.0 8410.0 8410.0
124939 125020 8412.0 8412.0 8410.0 8410.0
124939 125024 8412.0 8412.0 8409.0 8409.0
124939 125025 8412.0 8412.0 8409.0 8409.0
124939 125035 8412.0 8412.0 8409.0 8409.0
124939 125036 8412.0 8412.0 8408.0 8408.0
124939 125037 8412.0 8412.0 8406.0 8406.0
124939 125039 8412.0 8412.0 8406.0 8406.0
124955 125048 8412.0 8412.0 8405.0 8405.0
124955 125049 8412.0 8412.0 8404.0 8404.0
124955 125054 8412.0 8412.0 8403.0 8403.0
125009 125059 8411.0 8411.0 8403.0 8403.0
125009 125101 8411.0 8411.0 8403.0 8403.0
125009 125103 8411.0 8411.0 8403.0 8404.0
125009 125109 8411.0 8411.0 8403.0 8406.0
125230 125230 8406.0 8406.0 8406.0 8406.0
125230 125256 8406.0 8407.0 8406.0 8407.0
125230 125315 8406.0 8407.0 8406.0 8406.0
125315 125359 8406.0 8406.0 8405.0 8405.0
125359 125459 8405.0 8405.0 8403.0 8403.0
125459 125500 8403.0 8403.0 8403.0 8403.0
125459 125503 8403.0 8403.0 8402.0 8402.0
125459 125508 8403.0 8403.0 8402.0 8402.0
125459 125514 8403.0 8403.0 8402.0 8403.0
125503 125601 8402.0 8405.0 8402.0 8405.0
125719 125719 8408.0 8408.0 8408.0 8408.0
125719 125722 8408.0 8409.0 8408.0 8409.0
125719 125730 8408.0 8410.0 8408.0 8410.0
125719 125814 8408.0 8410.0 8408.0 8408.0
125730 125823 8410.0 8410.0 8408.0 8410.0
125954 125954 8409.0 8409.0 8409.0 8409.0
125954 130001 8409.0 8409.0 8400.0 8400.0
125954 130018 8409.0 8409.0 8400.0 8408.0
125954 130024 8409.0 8409.0 8400.0 8407.0
125954 130028 8409.0 8409.0 8400.0 8406.0
125954 130029 8409.0 8409.0 8400.0 8406.0
125954 130037 8409.0 8409.0 8400.0 8405.0
125954 130040 8409.0 8409.0 8400.0 8406.0
130208 130208 8406.0 8406.0 8406.0 8406.0
130336 130336 8409.0 8409.0 8409.0 8409.0
130336 130422 8409.0 8411.0 8409.0 8411.0
130336 130425 8409.0 8411.0 8409.0 8410.0
130336 130435 8409.0 8412.0 8409.0 8412.0
130422 130442 8411.0 8414.0 8410.0 8414.0
130422 130509 8411.0 8414.0 8410.0 8413.0
130509 130552 8413.0 8415.0 8413.0 8415.0
130509 130557 8413.0 8417.0 8413.0 8417.0
130509 130558 8413.0 8417.0 8413.0 8417.0
130509 130559 8413.0 8417.0 8413.0 8417.0
130509 130600 8413.0 8418.0 8413.0 8418.0
130509 130601 8413.0 8418.0 8413.0 8418.0
130509 130605 8413.0 8419.0 8413.0 8419.0
130509 130606 8413.0 8419.0 8413.0 8419.0
130557 130654 8417.0 8419.0 8417.0 8419.0
130557 130655 8417.0 8419.0 8417.0 8419.0
130654 130736 8419.0 8419.0 8418.0 8418.0
130654 130738 8419.0 8419.0 8418.0 8418.0
130736 130802 8418.0 8420.0 8418.0 8420.0
130736 130810 8418.0 8420.0 8418.0 8419.0
130736 130813 8418.0 8420.0 8418.0 8419.0
130736 130819 8418.0 8420.0 8418.0 8419.0
130736 130821 8418.0 8420.0 8418.0 8418.0
130736 130824 8418.0 8420.0 8418.0 8418.0
130802 130841 8420.0 8420.0 8418.0 8419.0
130841 130931 8419.0 8419.0 8419.0 8419.0
130841 130932 8419.0 8419.0 8418.0 8418.0
130931 130943 8419.0 8420.0 8418.0 8420.0
130931 130948 8419.0 8420.0 8418.0 8420.0
130931 130951 8419.0 8420.0 8418.0 8420.0
130931 130959 8419.0 8420.0 8418.0 8420.0
130931 131006 8419.0 8420.0 8418.0 8419.0
130931 131009 8419.0 8420.0 8418.0 8420.0
130931 131016 8419.0 8421.0 8418.0 8421.0
130931 131017 8419.0 8422.0 8418.0 8422.0
130931 131020 8419.0 8422.0 8418.0 8422.0
130931 131025 8419.0 8423.0 8418.0 8423.0
130931 131030 8419.0 8423.0 8418.0 8423.0
131006 131104 8419.0 8424.0 8419.0 8424.0
131017 131117 8422.0 8425.0 8422.0 8425.0
131020 131118 8422.0 8425.0 8422.0 8425.0
131020 131119 8422.0 8425.0 8422.0 8425.0
131025 131124 8423.0 8426.0 8423.0 8426.0
131030 131128 8423.0 8426.0 8423.0 8424.0
131104 131136 8424.0 8429.0 8424.0 8429.0
131104 131137 8424.0 8429.0 8424.0 8429.0
131104 131138 8424.0 8429.0 8424.0 8428.0
131104 131139 8424.0 8430.0 8424.0 8430.0
131104 131142 8424.0 8430.0 8424.0 8429.0
131104 131143 8424.0 8430.0 8424.0 8428.0
131104 131145 8424.0 8430.0 8424.0 8429.0
131104 131152 8424.0 8430.0 8424.0 8430.0
131104 131158 8424.0 8430.0 8424.0 8429.0
131104 131200 8424.0 8430.0 8424.0 8429.0
131104 131204 8424.0 8430.0 8424.0 8429.0
131117 131206 8425.0 8430.0 8424.0 8429.0
131117 131208 8425.0 8430.0 8424.0 8428.0
131117 131210 8425.0 8430.0 8424.0 8425.0
131117 131213 8425.0 8430.0 8424.0 8427.0
131118 131218 8425.0 8430.0 8424.0 8426.0
131158 131256 8429.0 8429.0 8425.0 8425.0
131204 131301 8429.0 8429.0 8423.0 8423.0
131204 131304 8429.0 8429.0 8422.0 8422.0
131256 131326 8425.0 8425.0 8422.0 8424.0
131432 131432 8421.0 8421.0 8421.0 8421.0
131432 131433 8421.0 8421.0 8420.0 8420.0
131432 131505 8421.0 8422.0 8420.0 8422.0
131432 131506 8421.0 8422.0 8420.0 8422.0
131432 131507 8421.0 8422.0 8420.0 8422.0
131505 131600 8422.0 8425.0 8422.0 8425.0
131600 131613 8425.0 8426.0 8425.0 8426.0
131600 131614 8425.0 8426.0 8425.0 8426.0
131804 131804 8428.0 8428.0 8428.0 8428.0
131804 131811 8428.0 8428.0 8428.0 8428.0
131804 131822 8428.0 8429.0 8428.0 8429.0
131804 131835 8428.0 8429.0 8428.0 8429.0
131804 131855 8428.0 8429.0 8428.0 8428.0
131804 131901 8428.0 8429.0 8428.0 8429.0
131835 131927 8429.0 8429.0 8420.0 8420.0
131855 131945 8428.0 8429.0 8420.0 8429.0
131855 131948 8428.0 8429.0 8420.0 8427.0
131855 131952 8428.0 8429.0 8420.0 8423.0
131927 132004 8420.0 8429.0 8420.0 8423.0
131927 132023 8420.0 8429.0 8420.0 8424.0
131927 132024 8420.0 8429.0 8420.0 8425.0
131945 132032 8429.0 8429.0 8423.0 8424.0
131948 132048 8427.0 8427.0 8423.0 8424.0
132023 132105 8424.0 8425.0 8422.0 8422.0
132023 132111 8424.0 8425.0 8422.0 8423.0
132048 132144 8424.0 8424.0 8421.0 8421.0
132105 132149 8422.0 8423.0 8420.0 8420.0
132105 132150 8422.0 8423.0 8419.0 8419.0
132105 132151 8422.0 8423.0 8419.0 8419.0
132105 132155 8422.0 8423.0 8419.0 8419.0
132144 132215 8421.0 8422.0 8419.0 8422.0
132332 132332 8424.0 8424.0 8424.0 8424.0
132332 132409 8424.0 8426.0 8424.0 8426.0
132332 132410 8424.0 8426.0 8424.0 8426.0
132332 132411 8424.0 8426.0 8424.0 8426.0
132409 132434 8426.0 8426.0 8425.0 8425.0
132434 132522 8425.0 8427.0 8425.0 8427.0
132522 132540 8427.0 8427.0 8417.0 8417.0
132522 132609 8427.0 8427.0 8417.0 8425.0
132716 132716 8423.0 8423.0 8423.0 8423.0
132716 132746 8423.0 8424.0 8423.0 8424.0
132746 132830 8424.0 8424.0 8424.0 8424.0
132934 132934 8429.0 8429.0 8429.0 8429.0
132934 132952 8429.0 8429.0 8429.0 8429.0
132934 133008 8429.0 8429.0 8429.0 8429.0
132934 133024 8429.0 8429.0 8426.0 8426.0
133141 133141 8429.0 8429.0 8429.0 8429.0
133141 133145 8429.0 8430.0 8429.0 8430.0
133141 133146 8429.0 8431.0 8429.0 8431.0
133141 133147 8429.0 8431.0 8429.0 8431.0
133141 133148 8429.0 8431.0 8429.0 8431.0
133141 133149 8429.0 8431.0 8429.0 8431.0
133141 133150 8429.0 8431.0 8429.0 8431.0
133141 133151 8429.0 8431.0 8429.0 8431.0
133141 133153 8429.0 8432.0 8429.0 8432.0
133141 133156 8429.0 8432.0 8429.0 8431.0
133141 133158 8429.0 8432.0 8429.0 8431.0
133141 133203 8429.0 8433.0 8429.0 8433.0
133141 133207 8429.0 8433.0 8429.0 8433.0
133141 133212 8429.0 8433.0 8429.0 8433.0
133141 133224 8429.0 8433.0 8429.0 8431.0
133141 133240 8429.0 8433.0 8428.0 8428.0
133224 133323 8431.0 8431.0 8428.0 8430.0
133240 133325 8428.0 8430.0 8428.0 8429.0
133240 133328 8428.0 8430.0 8428.0 8430.0
133240 133333 8428.0 8430.0 8428.0 8430.0
133240 133336 8428.0 8431.0 8428.0 8431.0
133323 133411 8430.0 8433.0 8429.0 8433.0
133323 133414 8430.0 8434.0 8429.0 8434.0
133411 133457 8433.0 8434.0 8433.0 8434.0
133411 133500 8433.0 8435.0 8433.0 8435.0
133411 133501 8433.0 8435.0 8433.0 8435.0
133411 133502 8433.0 8435.0 8433.0 8435.0
133411 133506 8433.0 8436.0 8433.0 8436.0
133411 133507 8433.0 8436.0 8433.0 8436.0
133411 133509 8433.0 8436.0 8433.0 8435.0
133411 133510 8433.0 8436.0 8433.0 8436.0
133411 133511 8433.0 8436.0 8433.0 8435.0
133457 133526 8434.0 8437.0 8434.0 8437.0
133457 133530 8434.0 8438.0 8434.0 8438.0
133457 133531 8434.0 8439.0 8434.0 8439.0
133457 133532 8434.0 8439.0 8434.0 8439.0
133457 133533 8434.0 8439.0 8434.0 8439.0
133457 133543 8434.0 8440.0 8434.0 8440.0
133457 133546 8434.0 8443.0 8434.0 8443.0
133457 133547 8434.0 8443.0 8434.0 8443.0
133457 133549 8434.0 8444.0 8434.0 8444.0
133457 133550 8434.0 8444.0 8434.0 8444.0
133457 133554 8434.0 8444.0 8434.0 8444.0
133457 133555 8434.0 8445.0 8434.0 8445.0
133457 133556 8434.0 8446.0 8434.0 8446.0
133457 133557 8434.0 8449.0 8434.0 8449.0
133500 133558 8435.0 8449.0 8435.0 8447.0
133501 133601 8435.0 8449.0 8435.0 8447.0
133506 133604 8436.0 8449.0 8435.0 8449.0
133507 133607 8436.0 8450.0 8435.0 8450.0
133509 133608 8435.0 8451.0 8435.0 8451.0
133509 133609 8435.0 8452.0 8435.0 8452.0
133510 133610 8436.0 8453.0 8435.0 8453.0
133511 133611 8435.0 8454.0 8435.0 8454.0
133526 133615 8437.0 8454.0 8437.0 8454.0
133526 133616 8437.0 8454.0 8437.0 8454.0
133526 133618 8437.0 8454.0 8437.0 8454.0
133526 133622 8437.0 8454.0 8437.0 8453.0
133526 133623 8437.0 8454.0 8437.0 8454.0
133526 133624 8437.0 8454.0 8437.0 8453.0
133526 133626 8437.0 8454.0 8437.0 8454.0
133530 133627 8438.0 8454.0 8438.0 8444.0
133530 133630 8438.0 8454.0 8438.0 8453.0
133543 133638 8440.0 8456.0 8440.0 8456.0
133543 133639 8440.0 8457.0 8440.0 8457.0
133543 133640 8440.0 8457.0 8440.0 8457.0
133543 133641 8440.0 8457.0 8440.0 8457.0
133543 133642 8440.0 8457.0 8440.0 8457.0
133543 133643 8440.0 8457.0 8440.0 8457.0
133546 133645 8443.0 8458.0 8443.0 8458.0
133546 133646 8443.0 8459.0 8443.0 8459.0
133547 133647 8443.0 8459.0 8443.0 8459.0
133549 133649 8444.0 8459.0 8444.0 8459.0
133555 133655 8445.0 8459.0 8444.0 8457.0
133557 133657 8449.0 8459.0 8444.0 8457.0
133601 133700 8447.0 8459.0 8444.0 8459.0
133604 133703 8449.0 8459.0 8444.0 8457.0
133607 133706 8450.0 8459.0 8444.0 8457.0
133608 133708 8451.0 8459.0 8444.0 8457.0
133611 133711 8454.0 8459.0 8444.0 8457.0
133622 133721 8453.0 8459.0 8444.0 8457.0
133649 133749 8459.0 8459.0 8446.0 8446.0
133655 133755 8457.0 8459.0 8446.0 8455.0
133657 133757 8457.0 8459.0 8446.0 8455.0
133700 133758 8459.0 8459.0 8446.0 8455.0
133703 133801 8457.0 8457.0 8446.0 8454.0
133706 133804 8457.0 8457.0 8446.0 8454.0
133708 133807 8457.0 8457.0 8446.0 8454.0
133708 133808 8457.0 8457.0 8446.0 8454.0
133711 133809 8457.0 8457.0 8446.0 8454.0
133711 133810 8457.0 8457.0 8446.0 8453.0
133749 133839 8446.0 8455.0 8446.0 8453.0
133755 133852 8455.0 8455.0 8453.0 8454.0
133758 133858 8455.0 8455.0 8453.0 8453.0
133808 133908 8454.0 8454.0 8453.0 8453.0
133839 133913 8453.0 8454.0 8442.0 8442.0
133852 133943 8454.0 8456.0 8442.0 8456.0
133943 134015 8456.0 8456.0 8452.0 8452.0
133943 134016 8456.0 8456.0 8452.0 8452.0
133943 134025 8456.0 8456.0 8450.0 8450.0
133943 134027 8456.0 8456.0 8449.0 8449.0
133943 134028 8456.0 8456.0 8449.0 8449.0
133943 134031 8456.0 8456.0 8449.0 8449.0
133943 134034 8456.0 8456.0 8448.0 8448.0
133943 134035 8456.0 8456.0 8448.0 8448.0
134015 134044 8452.0 8452.0 8448.0 8451.0
134015 134101 8452.0 8452.0 8445.0 8445.0
134044 134143 8451.0 8457.0 8445.0 8457.0
134044 134144 8451.0 8457.0 8445.0 8457.0
134143 134202 8457.0 8457.0 8446.0 8446.0
134143 134209 8457.0 8457.0 8446.0 8455.0
134143 134227 8457.0 8458.0 8446.0 8458.0
134143 134228 8457.0 8458.0 8446.0 8458.0
134143 134233 8457.0 8459.0 8446.0 8459.0
134143 134238 8457.0 8459.0 8446.0 8458.0
134144 134244 8457.0 8459.0 8446.0 8459.0
134202 134247 8446.0 8460.0 8446.0 8460.0
134202 134249 8446.0 8460.0 8446.0 8460.0
134227 134321 8458.0 8460.0 8448.0 8448.0
134321 134411 8448.0 8450.0 8448.0 8450.0
134321 134419 8448.0 8460.0 8448.0 8460.0
134321 134420 8448.0 8460.0 8448.0 8460.0
134321 134421 8448.0 8460.0 8448.0 8460.0
134411 134422 8450.0 8460.0 8450.0 8460.0
134411 134430 8450.0 8460.0 8450.0 8460.0
134411 134433 8450.0 8460.0 8450.0 8460.0
134411 134435 8450.0 8460.0 8450.0 8460.0
134411 134436 8450.0 8460.0 8450.0 8460.0
134411 134441 8450.0 8460.0 8450.0 8452.0
134411 134442 8450.0 8460.0 8450.0 8460.0
134411 134444 8450.0 8460.0 8450.0 8460.0
134411 134445 8450.0 8460.0 8450.0 8460.0
134411 134456 8450.0 8460.0 8450.0 8459.0
134411 134459 8450.0 8461.0 8450.0 8461.0

