# Too few sequence #1
# Number of KBar units = 1989
084500 084501 8249.0 8249.0 8243.0 8243.0
084500 084502 8249.0 8249.0 8243.0 8244.0
084500 084503 8249.0 8249.0 8243.0 8243.0
084500 084504 8249.0 8249.0 8242.0 8242.0
084500 084505 8249.0 8249.0 8242.0 8245.0
084500 084506 8249.0 8249.0 8242.0 8247.0
084500 084507 8249.0 8249.0 8242.0 8246.0
084500 084509 8249.0 8249.0 8242.0 8247.0
084500 084510 8249.0 8249.0 8242.0 8245.0
084500 084511 8249.0 8249.0 8242.0 8244.0
084500 084512 8249.0 8249.0 8241.0 8241.0
084500 084513 8249.0 8249.0 8241.0 8242.0
084500 084514 8249.0 8249.0 8241.0 8244.0
084500 084516 8249.0 8249.0 8241.0 8241.0
084500 084518 8249.0 8249.0 8240.0 8240.0
084500 084521 8249.0 8249.0 8238.0 8238.0
084500 084524 8249.0 8249.0 8238.0 8241.0
084500 084525 8249.0 8249.0 8238.0 8244.0
084500 084526 8249.0 8249.0 8238.0 8244.0
084500 084527 8249.0 8249.0 8238.0 8245.0
084500 084528 8249.0 8249.0 8238.0 8244.0
084500 084529 8249.0 8249.0 8238.0 8245.0
084500 084530 8249.0 8249.0 8238.0 8247.0
084500 084533 8249.0 8249.0 8238.0 8246.0
084500 084534 8249.0 8249.0 8238.0 8247.0
084500 084535 8249.0 8249.0 8238.0 8245.0
084500 084536 8249.0 8249.0 8238.0 8245.0
084500 084537 8249.0 8249.0 8238.0 8245.0
084500 084538 8249.0 8249.0 8238.0 8245.0
084500 084539 8249.0 8249.0 8238.0 8246.0
084500 084541 8249.0 8249.0 8238.0 8245.0
084500 084544 8249.0 8249.0 8238.0 8245.0
084500 084552 8249.0 8249.0 8238.0 8245.0
084500 084556 8249.0 8249.0 8238.0 8246.0
084500 084558 8249.0 8249.0 8238.0 8246.0
084501 084601 8243.0 8247.0 8238.0 8246.0
084505 084605 8245.0 8247.0 8238.0 8242.0
084506 084606 8247.0 8247.0 8238.0 8242.0
084509 084608 8247.0 8247.0 8238.0 8241.0
084511 084611 8244.0 8247.0 8238.0 8241.0
084512 084612 8241.0 8247.0 8238.0 8241.0
084513 084613 8242.0 8247.0 8238.0 8241.0
084516 084615 8241.0 8247.0 8238.0 8240.0
084518 084617 8240.0 8247.0 8238.0 8240.0
084518 084618 8240.0 8247.0 8238.0 8239.0
084521 084619 8238.0 8247.0 8238.0 8240.0
084521 084620 8238.0 8247.0 8238.0 8240.0
084521 084621 8238.0 8247.0 8238.0 8240.0
084524 084624 8241.0 8247.0 8239.0 8241.0
084525 084625 8244.0 8247.0 8239.0 8241.0
084527 084627 8245.0 8247.0 8196.0 8196.0
084533 084633 8246.0 8247.0 8196.0 8243.0
084534 084634 8247.0 8247.0 8196.0 8240.0
084536 084636 8245.0 8246.0 8196.0 8244.0
084537 084637 8245.0 8246.0 8196.0 8242.0
084538 084638 8245.0 8246.0 8196.0 8244.0
084539 084639 8246.0 8246.0 8196.0 8244.0
084544 084642 8245.0 8246.0 8196.0 8244.0
084544 084644 8245.0 8246.0 8196.0 8243.0
084556 084654 8246.0 8246.0 8196.0 8244.0
084556 084655 8246.0 8246.0 8196.0 8244.0
084556 084656 8246.0 8246.0 8196.0 8244.0
084558 084658 8246.0 8246.0 8196.0 8241.0
084605 084702 8242.0 8247.0 8196.0 8247.0
084605 084703 8242.0 8247.0 8196.0 8243.0
084605 084704 8242.0 8248.0 8196.0 8248.0
084606 084706 8242.0 8248.0 8196.0 8248.0
084611 084709 8241.0 8249.0 8196.0 8249.0
084611 084711 8241.0 8250.0 8196.0 8250.0
084612 084712 8241.0 8253.0 8196.0 8253.0
084613 084713 8241.0 8253.0 8196.0 8253.0
084615 084714 8240.0 8255.0 8196.0 8255.0
084621 084721 8240.0 8255.0 8196.0 8254.0
084624 084722 8241.0 8255.0 8196.0 8250.0
084627 084727 8196.0 8257.0 8196.0 8257.0
084633 084728 8243.0 8257.0 8240.0 8256.0
084644 084743 8243.0 8258.0 8241.0 8258.0
084644 084744 8243.0 8258.0 8241.0 8258.0
084654 084746 8244.0 8258.0 8241.0 8258.0
084654 084747 8244.0 8258.0 8241.0 8257.0
084654 084748 8244.0 8258.0 8241.0 8257.0
084654 084750 8244.0 8258.0 8241.0 8257.0
084654 084752 8244.0 8258.0 8241.0 8257.0
084702 084759 8247.0 8258.0 8243.0 8258.0
084702 084801 8247.0 8262.0 8243.0 8262.0
084721 084816 8254.0 8263.0 8250.0 8263.0
084721 084819 8254.0 8263.0 8250.0 8262.0
084727 084823 8257.0 8263.0 8256.0 8262.0
084727 084824 8257.0 8263.0 8256.0 8261.0
084727 084825 8257.0 8263.0 8256.0 8261.0
084727 084827 8257.0 8263.0 8256.0 8260.0
084728 084828 8256.0 8263.0 8232.0 8232.0
084743 084829 8258.0 8263.0 8232.0 8260.0
084743 084831 8258.0 8263.0 8232.0 8259.0
084743 084834 8258.0 8263.0 8232.0 8260.0
084743 084835 8258.0 8263.0 8232.0 8260.0
084743 084836 8258.0 8263.0 8232.0 8260.0
084743 084837 8258.0 8263.0 8232.0 8259.0
084743 084838 8258.0 8263.0 8232.0 8260.0
084743 084840 8258.0 8263.0 8232.0 8259.0
084743 084841 8258.0 8263.0 8232.0 8258.0
084743 084842 8258.0 8263.0 8232.0 8254.0
084744 084844 8258.0 8263.0 8232.0 8258.0
084746 084845 8258.0 8263.0 8232.0 8260.0
084747 084847 8257.0 8263.0 8232.0 8259.0
084750 084850 8257.0 8263.0 8232.0 8259.0
084759 084855 8258.0 8263.0 8232.0 8259.0
084759 084857 8258.0 8263.0 8232.0 8260.0
084816 084904 8263.0 8263.0 8232.0 8259.0
084816 084909 8263.0 8263.0 8232.0 8260.0
084816 084913 8263.0 8263.0 8232.0 8258.0
084816 084914 8263.0 8263.0 8232.0 8258.0
084816 084915 8263.0 8263.0 8232.0 8258.0
084816 084916 8263.0 8263.0 8232.0 8258.0
084819 084917 8262.0 8262.0 8232.0 8258.0
084819 084918 8262.0 8262.0 8232.0 8257.0
084823 084920 8262.0 8262.0 8232.0 8258.0
084827 084926 8260.0 8260.0 8232.0 8256.0
084828 084928 8232.0 8260.0 8232.0 8254.0
084829 084929 8260.0 8260.0 8254.0 8254.0
084831 084931 8259.0 8260.0 8254.0 8255.0
084834 084932 8260.0 8260.0 8254.0 8255.0
084837 084937 8259.0 8260.0 8253.0 8253.0
084838 084938 8260.0 8260.0 8253.0 8253.0
084842 084942 8254.0 8260.0 8250.0 8250.0
084844 084944 8258.0 8260.0 8250.0 8250.0
084847 084946 8259.0 8260.0 8250.0 8252.0
084850 084950 8259.0 8260.0 8250.0 8253.0
084855 084951 8259.0 8260.0 8250.0 8253.0
084904 085000 8259.0 8260.0 8250.0 8251.0
084904 085001 8259.0 8260.0 8249.0 8249.0
084904 085003 8259.0 8260.0 8249.0 8253.0
084904 085004 8259.0 8260.0 8249.0 8253.0
084909 085008 8260.0 8260.0 8249.0 8251.0
084913 085011 8258.0 8258.0 8249.0 8252.0
084926 085022 8256.0 8256.0 8249.0 8253.0
084926 085023 8256.0 8256.0 8249.0 8253.0
084928 085027 8254.0 8255.0 8249.0 8251.0
084928 085028 8254.0 8255.0 8249.0 8252.0
084929 085029 8254.0 8255.0 8249.0 8252.0
084931 085031 8255.0 8255.0 8249.0 8252.0
084937 085033 8253.0 8253.0 8249.0 8250.0
084937 085034 8253.0 8253.0 8248.0 8248.0
084942 085042 8250.0 8253.0 8247.0 8247.0
084944 085044 8250.0 8253.0 8247.0 8248.0
084950 085047 8253.0 8253.0 8246.0 8246.0
085001 085101 8249.0 8253.0 8245.0 8245.0
085003 085102 8253.0 8253.0 8243.0 8243.0
085003 085103 8253.0 8253.0 8242.0 8242.0
085004 085104 8253.0 8253.0 8242.0 8242.0
085008 085105 8251.0 8253.0 8241.0 8241.0
085008 085106 8251.0 8253.0 8236.0 8236.0
085011 085110 8252.0 8253.0 8236.0 8246.0
085011 085111 8252.0 8253.0 8236.0 8246.0
085022 085112 8253.0 8253.0 8236.0 8247.0
085022 085116 8253.0 8253.0 8236.0 8246.0
085022 085117 8253.0 8253.0 8236.0 8243.0
085029 085129 8252.0 8252.0 8236.0 8246.0
085033 085133 8250.0 8250.0 8236.0 8246.0
085042 085135 8247.0 8248.0 8236.0 8248.0
085042 085140 8247.0 8248.0 8236.0 8245.0
085047 085147 8246.0 8249.0 8236.0 8249.0
085101 085150 8245.0 8250.0 8236.0 8250.0
085101 085159 8245.0 8252.0 8236.0 8252.0
085101 085200 8245.0 8253.0 8236.0 8253.0
085101 085201 8245.0 8254.0 8236.0 8254.0
085102 085202 8243.0 8255.0 8236.0 8255.0
085104 085204 8242.0 8255.0 8236.0 8252.0
085133 085231 8246.0 8255.0 8245.0 8253.0
085133 085232 8246.0 8255.0 8245.0 8253.0
085147 085247 8249.0 8256.0 8249.0 8256.0
085150 085248 8250.0 8256.0 8250.0 8256.0
085150 085249 8250.0 8256.0 8250.0 8256.0
085159 085255 8252.0 8256.0 8252.0 8256.0
085159 085256 8252.0 8256.0 8252.0 8256.0
085159 085258 8252.0 8256.0 8252.0 8254.0
085201 085301 8254.0 8256.0 8252.0 8254.0
085202 085302 8255.0 8256.0 8252.0 8253.0
085204 085303 8252.0 8256.0 8252.0 8253.0
085204 085304 8252.0 8256.0 8252.0 8254.0
085231 085305 8253.0 8256.0 8253.0 8254.0
085231 085317 8253.0 8257.0 8253.0 8257.0
085231 085318 8253.0 8257.0 8253.0 8257.0
085231 085319 8253.0 8257.0 8253.0 8257.0
085231 085320 8253.0 8258.0 8253.0 8258.0
085231 085321 8253.0 8258.0 8253.0 8258.0
085231 085322 8253.0 8258.0 8253.0 8258.0
085231 085323 8253.0 8258.0 8253.0 8258.0
085231 085325 8253.0 8259.0 8253.0 8259.0
085231 085327 8253.0 8259.0 8253.0 8258.0
085231 085331 8253.0 8261.0 8253.0 8261.0
085232 085332 8253.0 8261.0 8253.0 8261.0
085247 085338 8256.0 8261.0 8253.0 8258.0
085247 085345 8256.0 8262.0 8253.0 8262.0
085249 085349 8256.0 8266.0 8253.0 8266.0
085255 085350 8256.0 8266.0 8253.0 8266.0
085255 085351 8256.0 8266.0 8253.0 8266.0
085255 085352 8256.0 8266.0 8253.0 8263.0
085255 085355 8256.0 8266.0 8253.0 8262.0
085256 085356 8256.0 8266.0 8253.0 8261.0
085258 085358 8254.0 8266.0 8253.0 8259.0
085301 085359 8254.0 8266.0 8253.0 8259.0
085305 085405 8254.0 8266.0 8254.0 8264.0
085319 085419 8257.0 8266.0 8257.0 8263.0
085320 085420 8258.0 8266.0 8258.0 8262.0
085325 085425 8259.0 8266.0 8258.0 8260.0
085331 085429 8261.0 8266.0 8258.0 8260.0
085331 085430 8261.0 8266.0 8258.0 8260.0
085332 085432 8261.0 8266.0 8258.0 8260.0
085338 085436 8258.0 8266.0 8258.0 8262.0
085345 085442 8262.0 8266.0 8259.0 8259.0
085345 085445 8262.0 8266.0 8258.0 8258.0
085349 085446 8266.0 8266.0 8258.0 8258.0
085349 085448 8266.0 8266.0 8258.0 8258.0
085350 085450 8266.0 8266.0 8258.0 8259.0
085356 085456 8261.0 8264.0 8258.0 8259.0
085405 085500 8264.0 8264.0 8257.0 8257.0
085419 085513 8263.0 8263.0 8257.0 8259.0
085419 085515 8263.0 8263.0 8257.0 8258.0
085419 085516 8263.0 8263.0 8256.0 8256.0
085419 085517 8263.0 8263.0 8256.0 8257.0
085420 085520 8262.0 8262.0 8255.0 8255.0
085425 085523 8260.0 8262.0 8254.0 8254.0
085429 085526 8260.0 8262.0 8254.0 8257.0
085450 085549 8259.0 8259.0 8254.0 8257.0
085456 085554 8259.0 8259.0 8254.0 8257.0
085500 085557 8257.0 8259.0 8254.0 8256.0
085513 085601 8259.0 8259.0 8254.0 8256.0
085513 085603 8259.0 8259.0 8254.0 8255.0
085513 085611 8259.0 8259.0 8254.0 8255.0
085513 085612 8259.0 8259.0 8254.0 8254.0
085513 085613 8259.0 8259.0 8254.0 8255.0
085515 085615 8258.0 8258.0 8253.0 8253.0
085516 085616 8256.0 8257.0 8253.0 8253.0
085517 085617 8257.0 8257.0 8253.0 8253.0
085520 085619 8255.0 8257.0 8253.0 8253.0
085549 085634 8257.0 8257.0 8251.0 8251.0
085549 085635 8257.0 8257.0 8250.0 8250.0
085549 085636 8257.0 8257.0 8250.0 8251.0
085549 085637 8257.0 8257.0 8250.0 8252.0
085549 085638 8257.0 8257.0 8250.0 8251.0
085549 085640 8257.0 8257.0 8249.0 8249.0
085549 085643 8257.0 8257.0 8248.0 8248.0
085549 085645 8257.0 8257.0 8248.0 8248.0
085549 085646 8257.0 8257.0 8248.0 8248.0
085554 085651 8257.0 8257.0 8248.0 8248.0
085554 085652 8257.0 8257.0 8248.0 8248.0
085554 085654 8257.0 8257.0 8248.0 8250.0
085601 085700 8256.0 8256.0 8248.0 8253.0
085601 085701 8256.0 8256.0 8248.0 8255.0
085603 085702 8255.0 8256.0 8248.0 8256.0
085611 085706 8255.0 8256.0 8248.0 8250.0
085611 085707 8255.0 8256.0 8248.0 8249.0
085611 085708 8255.0 8256.0 8248.0 8251.0
085611 085710 8255.0 8256.0 8248.0 8251.0
085611 085711 8255.0 8256.0 8248.0 8250.0
085619 085718 8253.0 8256.0 8248.0 8250.0
085634 085722 8251.0 8256.0 8248.0 8252.0
085634 085727 8251.0 8256.0 8248.0 8254.0
085634 085728 8251.0 8256.0 8248.0 8253.0
085634 085729 8251.0 8256.0 8248.0 8255.0
085634 085731 8251.0 8256.0 8248.0 8256.0
085636 085736 8251.0 8256.0 8248.0 8255.0
085640 085740 8249.0 8256.0 8248.0 8255.0
085643 085741 8248.0 8256.0 8248.0 8255.0
085651 085749 8248.0 8256.0 8248.0 8256.0
085652 085752 8248.0 8256.0 8248.0 8256.0
085706 085803 8250.0 8256.0 8249.0 8254.0
085718 085813 8250.0 8258.0 8250.0 8258.0
085718 085817 8250.0 8258.0 8250.0 8257.0
085727 085826 8254.0 8258.0 8253.0 8257.0
085736 085834 8255.0 8258.0 8253.0 8253.0
085736 085836 8255.0 8258.0 8253.0 8253.0
085740 085837 8255.0 8258.0 8252.0 8252.0
085749 085846 8256.0 8258.0 8252.0 8254.0
085749 085847 8256.0 8258.0 8252.0 8253.0
085752 085851 8256.0 8258.0 8252.0 8255.0
085752 085852 8256.0 8258.0 8252.0 8256.0
085803 085855 8254.0 8258.0 8252.0 8255.0
085803 085902 8254.0 8258.0 8252.0 8256.0
085803 085903 8254.0 8258.0 8252.0 8258.0
085813 085904 8258.0 8259.0 8252.0 8259.0
085813 085905 8258.0 8262.0 8252.0 8262.0
085813 085906 8258.0 8262.0 8252.0 8262.0
085813 085907 8258.0 8262.0 8252.0 8258.0
085813 085908 8258.0 8262.0 8252.0 8261.0
085817 085914 8257.0 8262.0 8252.0 8259.0
085817 085915 8257.0 8262.0 8252.0 8260.0
085817 085916 8257.0 8262.0 8252.0 8259.0
085826 085918 8257.0 8262.0 8252.0 8259.0
085826 085920 8257.0 8262.0 8252.0 8261.0
085826 085926 8257.0 8262.0 8252.0 8262.0
085834 085927 8253.0 8262.0 8252.0 8262.0
085834 085931 8253.0 8262.0 8252.0 8260.0
085846 085943 8254.0 8262.0 8253.0 8259.0
085846 085945 8254.0 8262.0 8253.0 8261.0
085852 085952 8256.0 8263.0 8255.0 8263.0
085902 085958 8256.0 8264.0 8256.0 8264.0
085902 085959 8256.0 8264.0 8256.0 8261.0
085902 090001 8256.0 8264.0 8256.0 8261.0
085902 090002 8256.0 8264.0 8256.0 8259.0
085903 090003 8258.0 8264.0 8258.0 8262.0
085904 090004 8259.0 8264.0 8258.0 8260.0
085905 090005 8262.0 8264.0 8257.0 8257.0
085906 090006 8262.0 8264.0 8257.0 8257.0
085907 090007 8258.0 8264.0 8256.0 8256.0
085914 090011 8259.0 8264.0 8253.0 8253.0
085915 090015 8260.0 8264.0 8253.0 8260.0
085920 090019 8261.0 8264.0 8253.0 8263.0
085926 090022 8262.0 8264.0 8253.0 8260.0
085926 090023 8262.0 8264.0 8253.0 8262.0
085931 090028 8260.0 8264.0 8253.0 8259.0
085931 090029 8260.0 8264.0 8253.0 8257.0
085943 090032 8259.0 8264.0 8253.0 8257.0
085943 090034 8259.0 8264.0 8253.0 8254.0
085943 090036 8259.0 8264.0 8253.0 8253.0
085943 090037 8259.0 8264.0 8251.0 8251.0
085943 090038 8259.0 8264.0 8249.0 8249.0
085943 090039 8259.0 8264.0 8248.0 8248.0
085943 090040 8259.0 8264.0 8248.0 8248.0
085943 090041 8259.0 8264.0 8247.0 8247.0
085943 090042 8259.0 8264.0 8247.0 8248.0
085952 090048 8263.0 8264.0 8247.0 8248.0
085952 090049 8263.0 8264.0 8247.0 8249.0
085958 090056 8264.0 8264.0 8247.0 8252.0
085958 090058 8264.0 8264.0 8247.0 8255.0
085959 090059 8261.0 8263.0 8247.0 8254.0
090001 090101 8261.0 8263.0 8247.0 8254.0
090003 090103 8262.0 8263.0 8247.0 8254.0
090006 090106 8257.0 8263.0 8247.0 8258.0
090011 090108 8253.0 8263.0 8247.0 8259.0
090011 090109 8253.0 8263.0 8247.0 8260.0
090011 090110 8253.0 8263.0 8247.0 8262.0
090011 090111 8253.0 8263.0 8247.0 8263.0
090015 090113 8260.0 8263.0 8247.0 8261.0
090019 090116 8263.0 8264.0 8247.0 8264.0
090028 090124 8259.0 8264.0 8247.0 8256.0
090028 090125 8259.0 8264.0 8247.0 8257.0
090028 090127 8259.0 8264.0 8247.0 8255.0
090029 090129 8257.0 8264.0 8247.0 8252.0
090048 090148 8248.0 8264.0 8248.0 8256.0
090056 090150 8252.0 8264.0 8252.0 8257.0
090056 090153 8252.0 8264.0 8252.0 8257.0
090059 090159 8254.0 8264.0 8252.0 8260.0
090103 090202 8254.0 8264.0 8252.0 8262.0
090113 090212 8261.0 8264.0 8252.0 8262.0
090116 090214 8264.0 8264.0 8252.0 8264.0
090116 090215 8264.0 8265.0 8252.0 8265.0
090129 090229 8252.0 8265.0 8252.0 8260.0
090148 090230 8256.0 8265.0 8256.0 8259.0
090148 090231 8256.0 8265.0 8256.0 8257.0
090148 090233 8256.0 8265.0 8256.0 8257.0
090148 090241 8256.0 8265.0 8256.0 8260.0
090148 090244 8256.0 8265.0 8256.0 8264.0
090153 090253 8257.0 8265.0 8257.0 8263.0
090159 090254 8260.0 8265.0 8257.0 8263.0
090202 090301 8262.0 8265.0 8257.0 8264.0
090202 090302 8262.0 8266.0 8257.0 8266.0
090212 090303 8262.0 8269.0 8257.0 8269.0
090212 090304 8262.0 8269.0 8257.0 8262.0
090214 090313 8264.0 8269.0 8257.0 8266.0
090214 090314 8264.0 8269.0 8257.0 8266.0
090229 090318 8260.0 8269.0 8257.0 8266.0
090229 090320 8260.0 8269.0 8257.0 8264.0
090229 090323 8260.0 8269.0 8257.0 8262.0
090229 090324 8260.0 8269.0 8257.0 8259.0
090229 090325 8260.0 8269.0 8257.0 8257.0
090229 090326 8260.0 8269.0 8257.0 8257.0
090229 090327 8260.0 8269.0 8255.0 8255.0
090229 090328 8260.0 8269.0 8253.0 8253.0
090229 090329 8260.0 8269.0 8253.0 8254.0
090230 090330 8259.0 8269.0 8252.0 8252.0
090233 090332 8257.0 8269.0 8252.0 8255.0
090241 090334 8260.0 8269.0 8252.0 8255.0
090253 090345 8263.0 8269.0 8252.0 8256.0
090253 090346 8263.0 8269.0 8252.0 8256.0
090313 090408 8266.0 8266.0 8252.0 8256.0
090320 090420 8264.0 8264.0 8252.0 8257.0
090323 090423 8262.0 8262.0 8252.0 8259.0
090345 090440 8256.0 8259.0 8256.0 8258.0
090408 090452 8256.0 8259.0 8256.0 8258.0
090408 090456 8256.0 8260.0 8256.0 8260.0
090408 090501 8256.0 8260.0 8256.0 8258.0
090408 090502 8256.0 8260.0 8256.0 8256.0
090408 090503 8256.0 8260.0 8253.0 8253.0
090408 090505 8256.0 8260.0 8251.0 8251.0
090408 090506 8256.0 8260.0 8251.0 8253.0
090420 090511 8257.0 8260.0 8251.0 8253.0
090420 090515 8257.0 8260.0 8251.0 8257.0
090420 090517 8257.0 8261.0 8251.0 8261.0
090420 090518 8257.0 8262.0 8251.0 8262.0
090420 090520 8257.0 8262.0 8251.0 8260.0
090440 090526 8258.0 8262.0 8251.0 8256.0
090440 090531 8258.0 8262.0 8251.0 8259.0
090452 090541 8258.0 8262.0 8251.0 8258.0
090452 090546 8258.0 8262.0 8251.0 8258.0
090501 090600 8258.0 8262.0 8251.0 8259.0
090501 090601 8258.0 8262.0 8251.0 8257.0
090503 090603 8253.0 8262.0 8251.0 8255.0
090505 090604 8251.0 8262.0 8251.0 8254.0
090506 090606 8253.0 8262.0 8251.0 8251.0
090511 090607 8253.0 8262.0 8251.0 8251.0
090511 090608 8253.0 8262.0 8249.0 8249.0
090511 090609 8253.0 8262.0 8247.0 8247.0
090511 090610 8253.0 8262.0 8245.0 8245.0
090515 090615 8257.0 8262.0 8245.0 8251.0
090517 090617 8261.0 8262.0 8245.0 8253.0
090526 090626 8256.0 8259.0 8245.0 8255.0
090531 090627 8259.0 8259.0 8245.0 8255.0
090531 090628 8259.0 8259.0 8245.0 8255.0
090541 090632 8258.0 8259.0 8245.0 8257.0
090541 090634 8258.0 8260.0 8245.0 8260.0
090541 090640 8258.0 8260.0 8245.0 8256.0
090546 090643 8258.0 8260.0 8245.0 8257.0
090600 090650 8259.0 8260.0 8245.0 8255.0
090600 090651 8259.0 8260.0 8245.0 8255.0
090600 090652 8259.0 8260.0 8245.0 8256.0
090601 090701 8257.0 8260.0 8245.0 8252.0
090603 090702 8255.0 8260.0 8245.0 8252.0
090607 090707 8251.0 8260.0 8245.0 8252.0
090617 090716 8253.0 8260.0 8252.0 8255.0
090632 090730 8257.0 8260.0 8252.0 8258.0
090634 090733 8260.0 8260.0 8252.0 8258.0
090634 090734 8260.0 8260.0 8252.0 8258.0
090640 090735 8256.0 8262.0 8252.0 8262.0
090701 090759 8252.0 8262.0 8252.0 8259.0
090702 090802 8252.0 8262.0 8252.0 8260.0
090707 090803 8252.0 8262.0 8252.0 8261.0
090707 090804 8252.0 8262.0 8252.0 8261.0
090707 090806 8252.0 8262.0 8252.0 8259.0
090716 090808 8255.0 8262.0 8255.0 8262.0
090716 090809 8255.0 8263.0 8255.0 8263.0
090716 090810 8255.0 8264.0 8255.0 8264.0
090716 090811 8255.0 8268.0 8255.0 8268.0
090716 090812 8255.0 8269.0 8255.0 8269.0
090716 090813 8255.0 8269.0 8255.0 8268.0
090716 090814 8255.0 8271.0 8255.0 8271.0
090730 090822 8258.0 8271.0 8258.0 8268.0
090730 090824 8258.0 8271.0 8258.0 8269.0
090730 090825 8258.0 8271.0 8258.0 8271.0
090730 090826 8258.0 8272.0 8258.0 8272.0
090730 090827 8258.0 8273.0 8258.0 8273.0
090730 090830 8258.0 8273.0 8258.0 8271.0
090733 090831 8258.0 8273.0 8258.0 8271.0
090733 090832 8258.0 8273.0 8258.0 8273.0
090733 090833 8258.0 8273.0 8258.0 8273.0
090759 090836 8259.0 8274.0 8259.0 8274.0
090759 090838 8259.0 8275.0 8259.0 8275.0
090759 090843 8259.0 8275.0 8259.0 8275.0
090759 090844 8259.0 8277.0 8259.0 8277.0
090759 090848 8259.0 8277.0 8259.0 8276.0
090759 090849 8259.0 8277.0 8259.0 8276.0
090759 090851 8259.0 8277.0 8259.0 8277.0
090759 090852 8259.0 8278.0 8259.0 8278.0
090759 090853 8259.0 8280.0 8259.0 8280.0
090759 090855 8259.0 8286.0 8259.0 8286.0
090759 090858 8259.0 8286.0 8259.0 8283.0
090759 090859 8259.0 8286.0 8259.0 8284.0
090802 090900 8260.0 8286.0 8259.0 8283.0
090802 090901 8260.0 8286.0 8259.0 8285.0
090802 090902 8260.0 8288.0 8259.0 8288.0
090803 090903 8261.0 8288.0 8259.0 8286.0
090804 090904 8261.0 8291.0 8259.0 8291.0
090806 090905 8259.0 8292.0 8259.0 8292.0
090806 090906 8259.0 8293.0 8259.0 8293.0
090808 090907 8262.0 8294.0 8262.0 8294.0
090808 090908 8262.0 8296.0 8262.0 8296.0
090809 090909 8263.0 8296.0 8263.0 8294.0
090810 090910 8264.0 8296.0 8264.0 8295.0
090811 090911 8268.0 8296.0 8268.0 8293.0
090812 090912 8269.0 8296.0 8268.0 8291.0
090813 090913 8268.0 8296.0 8268.0 8290.0
090814 090914 8271.0 8296.0 8268.0 8288.0
090822 090915 8268.0 8296.0 8268.0 8289.0
090822 090916 8268.0 8296.0 8268.0 8289.0
090822 090917 8268.0 8296.0 8268.0 8288.0
090822 090919 8268.0 8296.0 8268.0 8288.0
090822 090920 8268.0 8296.0 8268.0 8289.0
090827 090927 8273.0 8296.0 8271.0 8287.0
090848 090948 8276.0 8296.0 8276.0 8288.0
090852 090952 8278.0 8296.0 8278.0 8288.0
090855 090954 8286.0 8296.0 8283.0 8288.0
090900 091000 8283.0 8296.0 8283.0 8291.0
090901 091001 8285.0 8296.0 8285.0 8293.0
090903 091003 8286.0 8296.0 8286.0 8294.0
090904 091004 8291.0 8296.0 8287.0 8295.0
090905 091005 8292.0 8298.0 8287.0 8298.0
090906 091006 8293.0 8298.0 8287.0 8297.0
090908 091008 8296.0 8298.0 8287.0 8293.0
090909 091009 8294.0 8298.0 8287.0 8296.0
090948 091030 8288.0 8298.0 8288.0 8290.0
090948 091031 8288.0 8298.0 8288.0 8289.0
090948 091032 8288.0 8298.0 8288.0 8289.0
090948 091033 8288.0 8298.0 8288.0 8290.0
090948 091035 8288.0 8298.0 8288.0 8289.0
090948 091036 8288.0 8298.0 8288.0 8289.0
090954 091053 8288.0 8298.0 8285.0 8285.0
091004 091104 8295.0 8298.0 8284.0 8284.0
091005 091105 8298.0 8298.0 8283.0 8283.0
091008 091107 8293.0 8296.0 8280.0 8280.0
091008 091108 8293.0 8296.0 8280.0 8280.0
091030 091113 8290.0 8290.0 8278.0 8278.0
091030 091115 8290.0 8290.0 8275.0 8275.0
091030 091116 8290.0 8290.0 8275.0 8278.0
091030 091125 8290.0 8290.0 8275.0 8283.0
091030 091129 8290.0 8290.0 8275.0 8284.0
091030 091130 8290.0 8290.0 8275.0 8285.0
091032 091132 8289.0 8290.0 8275.0 8285.0
091035 091134 8289.0 8289.0 8275.0 8287.0
091035 091135 8289.0 8289.0 8275.0 8288.0
091053 091137 8285.0 8288.0 8275.0 8285.0
091053 091141 8285.0 8288.0 8275.0 8287.0
091053 091145 8285.0 8288.0 8275.0 8288.0
091053 091149 8285.0 8288.0 8275.0 8288.0
091053 091150 8285.0 8288.0 8275.0 8288.0
091105 091205 8283.0 8288.0 8275.0 8284.0
091107 091206 8280.0 8288.0 8275.0 8283.0
091107 091207 8280.0 8288.0 8275.0 8284.0
091108 091208 8280.0 8288.0 8275.0 8282.0
091113 091210 8278.0 8288.0 8275.0 8283.0
091125 091223 8283.0 8288.0 8282.0 8285.0
091125 091225 8283.0 8288.0 8282.0 8287.0
091129 091227 8284.0 8288.0 8282.0 8288.0
091129 091228 8284.0 8293.0 8282.0 8293.0
091129 091229 8284.0 8298.0 8282.0 8298.0
091130 091230 8285.0 8302.0 8282.0 8302.0
091132 091232 8285.0 8302.0 8282.0 8299.0
091134 091234 8287.0 8302.0 8282.0 8297.0
091137 091237 8285.0 8302.0 8282.0 8297.0
091141 091239 8287.0 8302.0 8282.0 8292.0
091145 091243 8288.0 8302.0 8282.0 8294.0
091145 091244 8288.0 8302.0 8282.0 8294.0
091149 091246 8288.0 8302.0 8282.0 8291.0
091205 091300 8284.0 8302.0 8282.0 8296.0
091205 091303 8284.0 8302.0 8282.0 8297.0
091205 091304 8284.0 8302.0 8282.0 8297.0
091223 091316 8285.0 8302.0 8285.0 8298.0
091223 091318 8285.0 8302.0 8285.0 8298.0
091300 091347 8296.0 8298.0 8290.0 8290.0
091300 091348 8296.0 8298.0 8290.0 8291.0
091300 091357 8296.0 8298.0 8289.0 8289.0
091300 091358 8296.0 8298.0 8288.0 8288.0
091300 091359 8296.0 8298.0 8285.0 8285.0
091300 091400 8296.0 8298.0 8285.0 8292.0
091303 091401 8297.0 8298.0 8285.0 8294.0
091316 091406 8298.0 8298.0 8285.0 8292.0
091316 091408 8298.0 8298.0 8285.0 8292.0
091316 091411 8298.0 8298.0 8285.0 8295.0
091347 091431 8290.0 8295.0 8285.0 8292.0
091347 091433 8290.0 8295.0 8285.0 8294.0
091406 091502 8292.0 8295.0 8292.0 8293.0
091408 091507 8292.0 8295.0 8292.0 8295.0
091408 091508 8292.0 8298.0 8292.0 8298.0
091411 091510 8295.0 8302.0 8292.0 8302.0
091411 091511 8295.0 8304.0 8292.0 8304.0
091431 091512 8292.0 8304.0 8292.0 8303.0
091431 091514 8292.0 8304.0 8292.0 8301.0
091431 091520 8292.0 8304.0 8292.0 8299.0
091431 091524 8292.0 8304.0 8292.0 8300.0
091431 091526 8292.0 8304.0 8292.0 8298.0
091431 091528 8292.0 8304.0 8292.0 8296.0
091431 091530 8292.0 8304.0 8292.0 8292.0
091431 091531 8292.0 8304.0 8289.0 8289.0
091502 091534 8293.0 8304.0 8282.0 8282.0
091502 091537 8293.0 8304.0 8282.0 8284.0
091502 091538 8293.0 8304.0 8278.0 8278.0
091502 091544 8293.0 8304.0 8278.0 8280.0
091502 091547 8293.0 8304.0 8278.0 8281.0
091502 091549 8293.0 8304.0 8278.0 8280.0
091502 091551 8293.0 8304.0 8278.0 8279.0
091502 091600 8293.0 8304.0 8278.0 8280.0
091507 091603 8295.0 8304.0 8278.0 8283.0
091520 091620 8299.0 8300.0 8278.0 8278.0
091524 091621 8300.0 8300.0 8278.0 8278.0
091524 091622 8300.0 8300.0 8278.0 8278.0
091524 091623 8300.0 8300.0 8277.0 8277.0
091524 091624 8300.0 8300.0 8270.0 8270.0
091526 091625 8298.0 8298.0 8266.0 8266.0
091526 091626 8298.0 8298.0 8265.0 8265.0
091528 091627 8296.0 8296.0 8260.0 8260.0
091530 091630 8292.0 8292.0 8260.0 8264.0
091531 091631 8289.0 8289.0 8260.0 8265.0
091534 091632 8282.0 8284.0 8260.0 8264.0
091534 091634 8282.0 8284.0 8260.0 8266.0
091537 091635 8284.0 8284.0 8260.0 8265.0
091537 091637 8284.0 8284.0 8260.0 8265.0
091544 091639 8280.0 8283.0 8260.0 8267.0
091600 091655 8280.0 8283.0 8260.0 8269.0
091600 091658 8280.0 8283.0 8260.0 8268.0
091620 091705 8278.0 8278.0 8260.0 8269.0
091620 091712 8278.0 8278.0 8260.0 8271.0
091620 091713 8278.0 8278.0 8260.0 8270.0
091625 091725 8266.0 8271.0 8260.0 8269.0
091637 091736 8265.0 8271.0 8265.0 8271.0
091639 091738 8267.0 8272.0 8267.0 8272.0
091639 091739 8267.0 8272.0 8267.0 8271.0
091655 091746 8269.0 8272.0 8268.0 8269.0
091655 091748 8269.0 8272.0 8268.0 8270.0
091655 091751 8269.0 8272.0 8268.0 8269.0
091655 091752 8269.0 8272.0 8268.0 8269.0
091655 091754 8269.0 8272.0 8268.0 8269.0
091658 091757 8268.0 8272.0 8268.0 8269.0
091658 091758 8268.0 8272.0 8268.0 8269.0
091705 091801 8269.0 8272.0 8267.0 8267.0
091705 091802 8269.0 8272.0 8267.0 8267.0
091705 091804 8269.0 8272.0 8266.0 8266.0
091705 091805 8269.0 8272.0 8266.0 8266.0
091712 091806 8271.0 8272.0 8266.0 8266.0
091712 091809 8271.0 8272.0 8265.0 8265.0
091712 091810 8271.0 8272.0 8265.0 8265.0
091712 091812 8271.0 8272.0 8265.0 8266.0
091713 091813 8270.0 8272.0 8265.0 8266.0
091725 091816 8269.0 8272.0 8265.0 8265.0
091725 091817 8269.0 8272.0 8265.0 8265.0
091725 091822 8269.0 8272.0 8265.0 8266.0
091725 091824 8269.0 8272.0 8264.0 8264.0
091725 091825 8269.0 8272.0 8259.0 8259.0
091736 091827 8271.0 8272.0 8259.0 8262.0
091736 091830 8271.0 8272.0 8259.0 8264.0
091736 091832 8271.0 8272.0 8259.0 8266.0
091736 091833 8271.0 8272.0 8259.0 8269.0
091736 091835 8271.0 8272.0 8259.0 8267.0
091738 091838 8272.0 8272.0 8259.0 8268.0
091746 091842 8269.0 8270.0 8259.0 8263.0
091746 091843 8269.0 8270.0 8259.0 8264.0
091746 091845 8269.0 8270.0 8259.0 8265.0
091748 091848 8270.0 8270.0 8259.0 8267.0
091751 091849 8269.0 8269.0 8259.0 8267.0
091751 091850 8269.0 8269.0 8259.0 8268.0
091812 091911 8266.0 8269.0 8259.0 8265.0
091822 091918 8266.0 8269.0 8259.0 8266.0
091822 091920 8266.0 8269.0 8259.0 8267.0
091822 091922 8266.0 8269.0 8259.0 8269.0
091824 091923 8264.0 8269.0 8259.0 8269.0
091824 091924 8264.0 8269.0 8259.0 8267.0
091827 091927 8262.0 8269.0 8262.0 8268.0
091832 091931 8266.0 8270.0 8263.0 8270.0
091911 091959 8265.0 8270.0 8265.0 8265.0
091911 092000 8265.0 8270.0 8264.0 8264.0
091911 092006 8265.0 8270.0 8261.0 8261.0
091911 092007 8265.0 8270.0 8260.0 8260.0
091911 092008 8265.0 8270.0 8260.0 8260.0
091911 092009 8265.0 8270.0 8259.0 8259.0
091911 092010 8265.0 8270.0 8258.0 8258.0
091918 092014 8266.0 8270.0 8258.0 8262.0
091918 092017 8266.0 8270.0 8258.0 8266.0
091922 092021 8269.0 8270.0 8258.0 8263.0
091924 092024 8267.0 8270.0 8258.0 8262.0
091927 092026 8268.0 8270.0 8258.0 8262.0
091959 092042 8265.0 8266.0 8258.0 8263.0
091959 092048 8265.0 8266.0 8258.0 8262.0
091959 092049 8265.0 8266.0 8258.0 8259.0
091959 092051 8265.0 8266.0 8258.0 8258.0
091959 092058 8265.0 8266.0 8258.0 8263.0
092006 092103 8261.0 8266.0 8258.0 8259.0
092009 092109 8259.0 8266.0 8256.0 8256.0
092010 092110 8258.0 8266.0 8255.0 8255.0
092021 092119 8263.0 8263.0 8255.0 8255.0
092021 092121 8263.0 8263.0 8255.0 8255.0
092042 092130 8263.0 8263.0 8255.0 8259.0
092042 092134 8263.0 8263.0 8255.0 8256.0
092042 092136 8263.0 8263.0 8255.0 8255.0
092042 092139 8263.0 8263.0 8255.0 8257.0
092048 092144 8262.0 8263.0 8255.0 8258.0
092051 092151 8258.0 8263.0 8255.0 8257.0
092058 092152 8263.0 8263.0 8255.0 8256.0
092058 092158 8263.0 8263.0 8255.0 8258.0
092109 092205 8256.0 8259.0 8255.0 8258.0
092109 092207 8256.0 8259.0 8255.0 8258.0
092119 092214 8255.0 8260.0 8255.0 8260.0
092119 092216 8255.0 8261.0 8255.0 8261.0
092119 092218 8255.0 8261.0 8255.0 8261.0
092119 092219 8255.0 8262.0 8255.0 8262.0
092130 092222 8259.0 8263.0 8255.0 8263.0
092130 092224 8259.0 8263.0 8255.0 8263.0
092139 092238 8257.0 8266.0 8256.0 8266.0
092139 092239 8257.0 8267.0 8256.0 8267.0
092144 092240 8258.0 8274.0 8256.0 8274.0
092144 092241 8258.0 8277.0 8256.0 8277.0
092144 092242 8258.0 8282.0 8256.0 8282.0
092144 092243 8258.0 8282.0 8256.0 8282.0
092144 092244 8258.0 8282.0 8256.0 8279.0
092151 092245 8257.0 8282.0 8256.0 8279.0
092151 092247 8257.0 8282.0 8256.0 8278.0
092151 092250 8257.0 8282.0 8256.0 8277.0
092151 092251 8257.0 8282.0 8256.0 8276.0
092158 092256 8258.0 8282.0 8258.0 8277.0
092205 092259 8258.0 8282.0 8258.0 8276.0
092205 092300 8258.0 8282.0 8258.0 8275.0
092205 092303 8258.0 8282.0 8258.0 8277.0
092205 092305 8258.0 8282.0 8258.0 8279.0
092207 092306 8258.0 8282.0 8258.0 8279.0
092207 092307 8258.0 8282.0 8258.0 8280.0
092214 092308 8260.0 8282.0 8260.0 8280.0
092214 092311 8260.0 8282.0 8260.0 8280.0
092214 092312 8260.0 8282.0 8260.0 8280.0
092214 092313 8260.0 8282.0 8260.0 8280.0
092219 092319 8262.0 8282.0 8262.0 8279.0
092222 092321 8263.0 8282.0 8263.0 8279.0
092222 092322 8263.0 8282.0 8263.0 8280.0
092238 092325 8266.0 8282.0 8266.0 8278.0
092238 092326 8266.0 8282.0 8266.0 8275.0
092238 092328 8266.0 8282.0 8266.0 8276.0
092238 092331 8266.0 8282.0 8266.0 8278.0
092311 092409 8280.0 8280.0 8275.0 8275.0
092313 092413 8280.0 8280.0 8272.0 8272.0
092319 092414 8279.0 8280.0 8272.0 8273.0
092322 092422 8280.0 8280.0 8272.0 8276.0
092409 092432 8275.0 8277.0 8272.0 8277.0
092409 092445 8275.0 8277.0 8272.0 8275.0
092409 092508 8275.0 8279.0 8272.0 8279.0
092413 092512 8272.0 8279.0 8272.0 8275.0
092413 092513 8272.0 8279.0 8272.0 8273.0
092422 092521 8276.0 8279.0 8268.0 8268.0
092432 092524 8277.0 8279.0 8268.0 8269.0
092445 092535 8275.0 8279.0 8268.0 8277.0
092445 092541 8275.0 8279.0 8268.0 8276.0
092508 092547 8279.0 8279.0 8268.0 8273.0
092508 092552 8279.0 8279.0 8268.0 8271.0
092508 092554 8279.0 8279.0 8268.0 8269.0
092508 092559 8279.0 8279.0 8268.0 8271.0
092508 092602 8279.0 8279.0 8268.0 8270.0
092508 092604 8279.0 8279.0 8268.0 8271.0
092521 092614 8268.0 8277.0 8268.0 8273.0
092521 092615 8268.0 8277.0 8268.0 8273.0
092521 092621 8268.0 8277.0 8268.0 8273.0
092535 092625 8277.0 8277.0 8269.0 8270.0
092552 092650 8271.0 8273.0 8269.0 8271.0
092559 092656 8271.0 8273.0 8270.0 8271.0
092615 092715 8273.0 8273.0 8267.0 8267.0
092621 092716 8273.0 8273.0 8265.0 8265.0
092621 092717 8273.0 8273.0 8265.0 8265.0
092650 092727 8271.0 8271.0 8265.0 8268.0
092650 092730 8271.0 8271.0 8265.0 8268.0
092656 092753 8271.0 8271.0 8265.0 8267.0
092656 092755 8271.0 8271.0 8265.0 8266.0
092715 092810 8267.0 8271.0 8265.0 8271.0
092715 092811 8267.0 8273.0 8265.0 8273.0
092715 092812 8267.0 8273.0 8265.0 8273.0
092715 092813 8267.0 8274.0 8265.0 8274.0
092716 092816 8265.0 8274.0 8265.0 8270.0
092727 092824 8268.0 8274.0 8266.0 8270.0
092753 092837 8267.0 8274.0 8266.0 8270.0
092753 092847 8267.0 8274.0 8266.0 8269.0
092810 092900 8271.0 8274.0 8269.0 8269.0
092810 092903 8271.0 8274.0 8269.0 8269.0
092810 092904 8271.0 8274.0 8267.0 8267.0
092810 092905 8271.0 8274.0 8264.0 8264.0
092810 092906 8271.0 8274.0 8263.0 8263.0
092810 092908 8271.0 8274.0 8259.0 8259.0
092810 092909 8271.0 8274.0 8257.0 8257.0
092810 092910 8271.0 8274.0 8257.0 8261.0
092837 092931 8270.0 8270.0 8257.0 8263.0
092900 092949 8269.0 8269.0 8257.0 8264.0
092900 092951 8269.0 8269.0 8257.0 8263.0
092900 092952 8269.0 8269.0 8257.0 8263.0
092900 092959 8269.0 8269.0 8257.0 8263.0
092900 093000 8269.0 8269.0 8257.0 8263.0
092903 093002 8269.0 8269.0 8257.0 8263.0
092903 093003 8269.0 8269.0 8257.0 8261.0
092904 093004 8267.0 8267.0 8257.0 8261.0
092908 093007 8259.0 8264.0 8257.0 8258.0
092908 093008 8259.0 8264.0 8257.0 8257.0
092931 093011 8263.0 8264.0 8255.0 8255.0
092931 093012 8263.0 8264.0 8255.0 8255.0
092931 093013 8263.0 8264.0 8254.0 8254.0
092931 093014 8263.0 8264.0 8252.0 8252.0
092931 093015 8263.0 8264.0 8250.0 8250.0
092931 093016 8263.0 8264.0 8239.0 8239.0
092931 093017 8263.0 8264.0 8224.0 8224.0
092931 093018 8263.0 8264.0 8221.0 8221.0
092931 093019 8263.0 8264.0 8214.0 8214.0
092931 093020 8263.0 8264.0 8214.0 8216.0
092931 093021 8263.0 8264.0 8214.0 8218.0
092931 093022 8263.0 8264.0 8214.0 8219.0
092931 093023 8263.0 8264.0 8214.0 8217.0
092931 093024 8263.0 8264.0 8214.0 8215.0
092931 093026 8263.0 8264.0 8214.0 8223.0
092931 093027 8263.0 8264.0 8214.0 8223.0
092931 093028 8263.0 8264.0 8214.0 8224.0
092931 093030 8263.0 8264.0 8214.0 8224.0
092931 093031 8263.0 8264.0 8214.0 8225.0
092949 093034 8264.0 8264.0 8214.0 8224.0
092949 093036 8264.0 8264.0 8214.0 8226.0
092949 093037 8264.0 8264.0 8214.0 8226.0
092949 093039 8264.0 8264.0 8214.0 8225.0
092949 093041 8264.0 8264.0 8214.0 8225.0
092949 093042 8264.0 8264.0 8214.0 8227.0
092949 093043 8264.0 8264.0 8214.0 8227.0
092949 093044 8264.0 8264.0 8214.0 8226.0
092949 093045 8264.0 8264.0 8214.0 8227.0
092949 093047 8264.0 8264.0 8214.0 8228.0
092949 093048 8264.0 8264.0 8214.0 8230.0
092951 093050 8263.0 8263.0 8214.0 8228.0
092959 093053 8263.0 8263.0 8214.0 8228.0
092959 093054 8263.0 8263.0 8214.0 8232.0
092959 093056 8263.0 8263.0 8214.0 8228.0
092959 093057 8263.0 8263.0 8214.0 8227.0
092959 093058 8263.0 8263.0 8214.0 8227.0
092959 093059 8263.0 8263.0 8214.0 8226.0
093000 093100 8263.0 8263.0 8214.0 8224.0
093008 093108 8257.0 8257.0 8214.0 8225.0
093014 093114 8252.0 8252.0 8214.0 8229.0
093017 093117 8224.0 8232.0 8214.0 8228.0
093021 093121 8218.0 8232.0 8215.0 8229.0
093034 093132 8224.0 8232.0 8224.0 8228.0
093047 093147 8228.0 8235.0 8224.0 8235.0
093048 093148 8230.0 8237.0 8224.0 8237.0
093050 093149 8228.0 8237.0 8224.0 8235.0
093050 093150 8228.0 8237.0 8224.0 8235.0
093053 093151 8228.0 8237.0 8224.0 8233.0
093056 093155 8228.0 8237.0 8224.0 8232.0
093059 093159 8226.0 8237.0 8224.0 8231.0
093100 093200 8224.0 8237.0 8224.0 8231.0
093108 093202 8225.0 8237.0 8225.0 8228.0
093114 093210 8229.0 8237.0 8228.0 8232.0
093114 093211 8229.0 8237.0 8228.0 8230.0
093114 093212 8229.0 8237.0 8228.0 8229.0
093114 093213 8229.0 8237.0 8228.0 8228.0
093114 093214 8229.0 8237.0 8228.0 8228.0
093117 093215 8228.0 8237.0 8228.0 8228.0
093132 093222 8228.0 8237.0 8228.0 8231.0
093132 093223 8228.0 8237.0 8228.0 8231.0
093132 093224 8228.0 8237.0 8228.0 8234.0
093132 093230 8228.0 8237.0 8228.0 8236.0
093132 093231 8228.0 8238.0 8228.0 8238.0
093132 093232 8228.0 8241.0 8228.0 8241.0
093147 093233 8235.0 8243.0 8228.0 8243.0
093147 093234 8235.0 8245.0 8228.0 8245.0
093147 093238 8235.0 8245.0 8228.0 8242.0
093147 093239 8235.0 8245.0 8228.0 8239.0
093147 093242 8235.0 8245.0 8228.0 8242.0
093147 093243 8235.0 8245.0 8228.0 8241.0
093147 093244 8235.0 8245.0 8228.0 8242.0
093147 093246 8235.0 8245.0 8228.0 8240.0
093149 093249 8235.0 8245.0 8228.0 8240.0
093159 093256 8231.0 8245.0 8228.0 8244.0
093200 093300 8231.0 8245.0 8228.0 8241.0
093211 093311 8230.0 8245.0 8228.0 8238.0
093212 093312 8229.0 8245.0 8228.0 8236.0
093213 093313 8228.0 8245.0 8228.0 8236.0
093214 093314 8228.0 8245.0 8228.0 8235.0
093215 093315 8228.0 8245.0 8228.0 8235.0
093222 093317 8231.0 8245.0 8231.0 8231.0
093222 093318 8231.0 8245.0 8231.0 8231.0
093222 093320 8231.0 8245.0 8231.0 8231.0
093222 093321 8231.0 8245.0 8230.0 8230.0
093222 093322 8231.0 8245.0 8230.0 8230.0
093223 093323 8231.0 8245.0 8228.0 8228.0
093224 093324 8234.0 8245.0 8228.0 8228.0
093230 093325 8236.0 8245.0 8228.0 8229.0
093233 093333 8243.0 8245.0 8228.0 8233.0
093234 093334 8245.0 8245.0 8228.0 8234.0
093238 093335 8242.0 8244.0 8228.0 8232.0
093242 093342 8242.0 8244.0 8228.0 8234.0
093243 093343 8241.0 8244.0 8228.0 8234.0
093244 093344 8242.0 8244.0 8228.0 8234.0
093246 093345 8240.0 8244.0 8228.0 8235.0
093249 093349 8240.0 8244.0 8228.0 8229.0
093256 093350 8244.0 8244.0 8228.0 8229.0
093311 093401 8238.0 8238.0 8228.0 8228.0
093311 093407 8238.0 8238.0 8228.0 8229.0
093311 093408 8238.0 8238.0 8228.0 8230.0
093311 093409 8238.0 8238.0 8228.0 8230.0
093311 093411 8238.0 8238.0 8228.0 8231.0
093317 093416 8231.0 8235.0 8228.0 8230.0
093320 093419 8231.0 8235.0 8228.0 8231.0
093333 093427 8233.0 8235.0 8226.0 8226.0
093333 093428 8233.0 8235.0 8224.0 8224.0
093333 093429 8233.0 8235.0 8223.0 8223.0
093333 093430 8233.0 8235.0 8223.0 8223.0
093342 093438 8234.0 8235.0 8223.0 8227.0
093342 093439 8234.0 8235.0 8223.0 8227.0
093342 093442 8234.0 8235.0 8223.0 8227.0
093401 093452 8228.0 8231.0 8223.0 8226.0
093401 093500 8228.0 8231.0 8223.0 8227.0
093401 093501 8228.0 8231.0 8223.0 8223.0
093407 093502 8229.0 8231.0 8222.0 8222.0
093407 093503 8229.0 8231.0 8220.0 8220.0
093407 093504 8229.0 8231.0 8219.0 8219.0
093407 093505 8229.0 8231.0 8219.0 8219.0
093416 093514 8230.0 8231.0 8219.0 8219.0
093416 093515 8230.0 8231.0 8216.0 8216.0
093416 093516 8230.0 8231.0 8216.0 8216.0
093427 093520 8226.0 8227.0 8216.0 8218.0
093427 093522 8226.0 8227.0 8216.0 8218.0
093427 093523 8226.0 8227.0 8216.0 8219.0
093427 093524 8226.0 8227.0 8216.0 8217.0
093427 093526 8226.0 8227.0 8216.0 8219.0
093427 093527 8226.0 8227.0 8216.0 8218.0
093430 093530 8223.0 8227.0 8216.0 8218.0
093438 093531 8227.0 8227.0 8216.0 8217.0
093438 093532 8227.0 8227.0 8216.0 8219.0
093438 093533 8227.0 8227.0 8216.0 8222.0
093438 093536 8227.0 8227.0 8216.0 8223.0
093438 093537 8227.0 8227.0 8216.0 8222.0
093438 093538 8227.0 8227.0 8216.0 8222.0
093439 093539 8227.0 8227.0 8216.0 8220.0
093442 093542 8227.0 8227.0 8216.0 8216.0
093452 093547 8226.0 8227.0 8216.0 8221.0
093452 093548 8226.0 8227.0 8216.0 8221.0
093500 093555 8227.0 8227.0 8216.0 8221.0
093500 093556 8227.0 8227.0 8216.0 8222.0
093500 093600 8227.0 8227.0 8216.0 8222.0
093502 093602 8222.0 8223.0 8216.0 8221.0
093530 093629 8218.0 8223.0 8216.0 8222.0
093532 093632 8219.0 8223.0 8216.0 8221.0
093537 093637 8222.0 8222.0 8216.0 8222.0
093547 093644 8221.0 8222.0 8221.0 8221.0
093547 093645 8221.0 8222.0 8221.0 8222.0
093556 093656 8222.0 8222.0 8220.0 8220.0
093602 093701 8221.0 8222.0 8220.0 8220.0
093602 093702 8221.0 8222.0 8218.0 8218.0
093629 093703 8222.0 8222.0 8216.0 8216.0
093629 093704 8222.0 8222.0 8216.0 8216.0
093629 093710 8222.0 8222.0 8213.0 8213.0
093629 093718 8222.0 8222.0 8213.0 8220.0
093629 093720 8222.0 8222.0 8213.0 8219.0
093629 093726 8222.0 8222.0 8213.0 8219.0
093637 093733 8222.0 8222.0 8213.0 8220.0
093644 093744 8221.0 8222.0 8213.0 8221.0
093645 093745 8222.0 8223.0 8213.0 8223.0
093656 093746 8220.0 8224.0 8213.0 8224.0
093656 093749 8220.0 8224.0 8213.0 8221.0
093656 093755 8220.0 8224.0 8213.0 8221.0
093701 093758 8220.0 8224.0 8213.0 8223.0
093701 093759 8220.0 8224.0 8213.0 8224.0
093704 093804 8216.0 8224.0 8213.0 8221.0
093710 093809 8213.0 8224.0 8213.0 8221.0
093718 093814 8220.0 8225.0 8219.0 8225.0
093718 093815 8220.0 8226.0 8219.0 8226.0
093718 093816 8220.0 8226.0 8219.0 8226.0
093718 093817 8220.0 8228.0 8219.0 8228.0
093718 093818 8220.0 8229.0 8219.0 8229.0
093720 093819 8219.0 8231.0 8219.0 8231.0
093726 093825 8219.0 8231.0 8219.0 8230.0
093733 093827 8220.0 8231.0 8220.0 8230.0
093733 093833 8220.0 8231.0 8220.0 8231.0
093746 093846 8224.0 8232.0 8221.0 8232.0
093749 093847 8221.0 8233.0 8221.0 8233.0
093755 093850 8221.0 8235.0 8221.0 8235.0
093809 093907 8221.0 8235.0 8221.0 8230.0
093814 093912 8225.0 8235.0 8225.0 8231.0
093833 093932 8231.0 8235.0 8230.0 8231.0
093846 093941 8232.0 8235.0 8230.0 8232.0
093846 093944 8232.0 8235.0 8230.0 8234.0
093846 093945 8232.0 8235.0 8230.0 8234.0
093907 093959 8230.0 8234.0 8230.0 8231.0
093907 094000 8230.0 8234.0 8230.0 8231.0
093907 094001 8230.0 8234.0 8230.0 8230.0
093907 094006 8230.0 8234.0 8230.0 8230.0
093932 094013 8231.0 8234.0 8226.0 8226.0
093932 094015 8231.0 8234.0 8225.0 8225.0
093932 094016 8231.0 8234.0 8224.0 8224.0
093941 094033 8232.0 8234.0 8224.0 8229.0
093941 094039 8232.0 8234.0 8224.0 8231.0
093959 094052 8231.0 8231.0 8224.0 8231.0
093959 094056 8231.0 8233.0 8224.0 8233.0
094000 094100 8231.0 8235.0 8224.0 8235.0
094006 094103 8230.0 8236.0 8224.0 8236.0
094006 094105 8230.0 8236.0 8224.0 8236.0
094006 094106 8230.0 8236.0 8224.0 8236.0
094033 094117 8229.0 8236.0 8229.0 8232.0
094033 094123 8229.0 8236.0 8229.0 8233.0
094033 094129 8229.0 8236.0 8229.0 8234.0
094039 094134 8231.0 8239.0 8231.0 8239.0
094039 094135 8231.0 8239.0 8231.0 8239.0
094039 094138 8231.0 8241.0 8231.0 8241.0
094039 094139 8231.0 8243.0 8231.0 8243.0
094052 094145 8231.0 8243.0 8231.0 8239.0
094056 094153 8233.0 8243.0 8232.0 8238.0
094100 094159 8235.0 8243.0 8232.0 8238.0
094103 094202 8236.0 8243.0 8232.0 8241.0
094117 094210 8232.0 8243.0 8232.0 8238.0
094145 094241 8239.0 8241.0 8236.0 8236.0
094145 094242 8239.0 8241.0 8233.0 8233.0
094153 094248 8238.0 8241.0 8233.0 8236.0
094153 094251 8238.0 8241.0 8233.0 8239.0
094159 094255 8238.0 8241.0 8233.0 8239.0
094159 094258 8238.0 8241.0 8233.0 8241.0
094202 094300 8241.0 8242.0 8233.0 8242.0
094202 094302 8241.0 8242.0 8233.0 8240.0
094210 094303 8238.0 8242.0 8233.0 8239.0
094210 094308 8238.0 8242.0 8233.0 8240.0
094241 094316 8236.0 8242.0 8233.0 8239.0
094241 094325 8236.0 8242.0 8233.0 8239.0
094241 094331 8236.0 8242.0 8233.0 8242.0
094241 094334 8236.0 8243.0 8233.0 8243.0
094241 094335 8236.0 8243.0 8233.0 8243.0
094241 094336 8236.0 8248.0 8233.0 8248.0
094241 094337 8236.0 8248.0 8233.0 8248.0
094241 094338 8236.0 8248.0 8233.0 8246.0
094241 094340 8236.0 8248.0 8233.0 8244.0
094242 094342 8233.0 8248.0 8233.0 8244.0
094251 094349 8239.0 8248.0 8239.0 8241.0
094302 094402 8240.0 8248.0 8239.0 8241.0
094316 094415 8239.0 8248.0 8239.0 8243.0
094316 094416 8239.0 8248.0 8239.0 8244.0
094325 094420 8239.0 8248.0 8239.0 8243.0
094325 094421 8239.0 8248.0 8239.0 8243.0
094331 094428 8242.0 8248.0 8241.0 8242.0
094342 094441 8244.0 8244.0 8240.0 8240.0
094342 094442 8244.0 8244.0 8240.0 8240.0
094349 094448 8241.0 8244.0 8238.0 8238.0
094402 094450 8241.0 8244.0 8236.0 8236.0
094402 094451 8241.0 8244.0 8236.0 8236.0
094415 094503 8243.0 8244.0 8235.0 8235.0
094415 094504 8243.0 8244.0 8235.0 8235.0
094415 094505 8243.0 8244.0 8233.0 8233.0
094415 094506 8243.0 8244.0 8233.0 8233.0
094415 094509 8243.0 8244.0 8232.0 8232.0
094441 094538 8240.0 8240.0 8232.0 8236.0
094441 094539 8240.0 8240.0 8232.0 8239.0
094441 094540 8240.0 8240.0 8232.0 8240.0
094503 094603 8235.0 8240.0 8232.0 8236.0
094538 094614 8236.0 8240.0 8233.0 8233.0
094538 094625 8236.0 8240.0 8233.0 8240.0
094538 094627 8236.0 8240.0 8233.0 8239.0
094538 094628 8236.0 8241.0 8233.0 8241.0
094538 094630 8236.0 8241.0 8233.0 8241.0
094538 094631 8236.0 8243.0 8233.0 8243.0
094538 094637 8236.0 8243.0 8233.0 8240.0
094603 094702 8236.0 8243.0 8233.0 8243.0
094603 094703 8236.0 8245.0 8233.0 8245.0
094614 094710 8233.0 8245.0 8233.0 8242.0
094625 094724 8240.0 8245.0 8239.0 8241.0
094628 094728 8241.0 8245.0 8237.0 8237.0
094630 094729 8241.0 8245.0 8236.0 8236.0
094630 094730 8241.0 8245.0 8236.0 8238.0
094631 094731 8243.0 8245.0 8236.0 8238.0
094637 094735 8240.0 8245.0 8236.0 8238.0
094702 094752 8243.0 8245.0 8236.0 8238.0
094702 094756 8243.0 8245.0 8236.0 8238.0
094702 094802 8243.0 8245.0 8236.0 8238.0
094724 094811 8241.0 8241.0 8236.0 8239.0
094728 094826 8237.0 8239.0 8236.0 8236.0
094802 094859 8238.0 8239.0 8236.0 8237.0
094802 094901 8238.0 8239.0 8236.0 8236.0
094811 094906 8239.0 8239.0 8235.0 8235.0
094826 094913 8236.0 8237.0 8235.0 8236.0
094826 094917 8236.0 8237.0 8235.0 8235.0
094826 094920 8236.0 8237.0 8235.0 8235.0
094826 094926 8236.0 8237.0 8234.0 8234.0
094859 094929 8237.0 8237.0 8234.0 8235.0
094859 094931 8237.0 8237.0 8234.0 8235.0
094859 094933 8237.0 8237.0 8233.0 8233.0
094859 094934 8237.0 8237.0 8233.0 8234.0
094859 094935 8237.0 8237.0 8233.0 8233.0
094859 094936 8237.0 8237.0 8232.0 8232.0
094859 094940 8237.0 8237.0 8231.0 8231.0
094906 095006 8235.0 8236.0 8231.0 8236.0
094913 095007 8236.0 8236.0 8231.0 8236.0
094917 095014 8235.0 8239.0 8231.0 8239.0
094917 095015 8235.0 8240.0 8231.0 8240.0
094926 095021 8234.0 8241.0 8231.0 8241.0
094926 095024 8234.0 8244.0 8231.0 8244.0
094926 095026 8234.0 8244.0 8231.0 8244.0
094940 095038 8231.0 8244.0 8231.0 8242.0
094940 095040 8231.0 8244.0 8231.0 8241.0
095006 095042 8236.0 8244.0 8236.0 8244.0
095006 095043 8236.0 8245.0 8236.0 8245.0
095006 095044 8236.0 8246.0 8236.0 8246.0
095006 095053 8236.0 8246.0 8236.0 8241.0
095006 095054 8236.0 8246.0 8236.0 8241.0
095006 095057 8236.0 8246.0 8236.0 8239.0
095006 095058 8236.0 8246.0 8236.0 8238.0
095006 095104 8236.0 8246.0 8236.0 8237.0
095006 095106 8236.0 8246.0 8235.0 8235.0
095014 095110 8239.0 8246.0 8235.0 8238.0
095053 095148 8241.0 8241.0 8235.0 8237.0
095057 095155 8239.0 8239.0 8235.0 8239.0
095106 095206 8235.0 8239.0 8235.0 8237.0
095148 095230 8237.0 8239.0 8236.0 8236.0
095148 095245 8237.0 8242.0 8236.0 8242.0
095230 095318 8236.0 8243.0 8236.0 8243.0
095230 095321 8236.0 8243.0 8236.0 8243.0
095230 095329 8236.0 8245.0 8236.0 8245.0
095318 095349 8243.0 8245.0 8241.0 8241.0
095318 095357 8243.0 8245.0 8241.0 8245.0
095318 095407 8243.0 8245.0 8241.0 8244.0
095407 095503 8244.0 8245.0 8244.0 8245.0
095503 095510 8245.0 8245.0 8245.0 8245.0
095503 095529 8245.0 8245.0 8243.0 8243.0
095503 095538 8245.0 8246.0 8243.0 8246.0
095503 095539 8245.0 8246.0 8243.0 8246.0
095503 095542 8245.0 8246.0 8243.0 8246.0
095503 095546 8245.0 8247.0 8243.0 8247.0
095503 095547 8245.0 8247.0 8243.0 8247.0
095503 095553 8245.0 8247.0 8243.0 8246.0
095503 095555 8245.0 8247.0 8243.0 8244.0
095510 095604 8245.0 8247.0 8243.0 8244.0
095510 095608 8245.0 8247.0 8243.0 8244.0
095538 095631 8246.0 8247.0 8244.0 8245.0
095555 095655 8244.0 8245.0 8244.0 8244.0
095604 095657 8244.0 8245.0 8244.0 8245.0
095604 095701 8244.0 8246.0 8244.0 8246.0
095608 095705 8244.0 8246.0 8244.0 8246.0
095608 095707 8244.0 8247.0 8244.0 8247.0
095608 095708 8244.0 8247.0 8244.0 8247.0
095631 095709 8245.0 8248.0 8244.0 8248.0
095631 095710 8245.0 8248.0 8244.0 8248.0
095631 095712 8245.0 8248.0 8244.0 8246.0
095631 095727 8245.0 8248.0 8244.0 8244.0
095655 095733 8244.0 8248.0 8244.0 8245.0
095655 095739 8244.0 8248.0 8244.0 8246.0
095655 095740 8244.0 8248.0 8244.0 8247.0
095655 095741 8244.0 8248.0 8244.0 8248.0
095655 095742 8244.0 8249.0 8244.0 8249.0
095655 095743 8244.0 8253.0 8244.0 8253.0
095655 095745 8244.0 8253.0 8244.0 8253.0
095655 095746 8244.0 8253.0 8244.0 8253.0
095657 095757 8245.0 8256.0 8244.0 8256.0
095701 095758 8246.0 8256.0 8244.0 8256.0
095701 095759 8246.0 8257.0 8244.0 8257.0
095705 095804 8246.0 8257.0 8244.0 8256.0
095707 095807 8247.0 8259.0 8244.0 8259.0
095708 095808 8247.0 8260.0 8244.0 8260.0
095709 095809 8248.0 8260.0 8244.0 8260.0
095710 095810 8248.0 8260.0 8244.0 8259.0
095712 095811 8246.0 8260.0 8244.0 8260.0
095712 095812 8246.0 8261.0 8244.0 8261.0
095727 095813 8244.0 8262.0 8244.0 8262.0
095727 095814 8244.0 8262.0 8244.0 8262.0
095727 095815 8244.0 8267.0 8244.0 8267.0
095727 095816 8244.0 8267.0 8244.0 8261.0
095727 095817 8244.0 8267.0 8244.0 8263.0
095727 095818 8244.0 8267.0 8244.0 8264.0
095727 095821 8244.0 8267.0 8244.0 8261.0
095727 095824 8244.0 8267.0 8244.0 8258.0
095727 095827 8244.0 8267.0 8244.0 8258.0
095733 095829 8245.0 8267.0 8245.0 8258.0
095733 095830 8245.0 8267.0 8245.0 8258.0
095740 095840 8247.0 8267.0 8247.0 8256.0
095741 095841 8248.0 8267.0 8248.0 8254.0
095757 095851 8256.0 8267.0 8254.0 8255.0
095804 095900 8256.0 8267.0 8254.0 8260.0
095804 095902 8256.0 8267.0 8254.0 8260.0
095809 095909 8260.0 8267.0 8254.0 8258.0
095813 095913 8262.0 8267.0 8254.0 8258.0
095824 095922 8258.0 8260.0 8254.0 8256.0
095824 095924 8258.0 8260.0 8254.0 8256.0
095900 095958 8260.0 8260.0 8256.0 8258.0
095900 100000 8260.0 8260.0 8256.0 8260.0
095902 100001 8260.0 8261.0 8256.0 8261.0
095909 100003 8258.0 8261.0 8256.0 8261.0
095909 100008 8258.0 8261.0 8256.0 8261.0
095909 100009 8258.0 8262.0 8256.0 8262.0
095913 100010 8258.0 8262.0 8256.0 8262.0
095958 100025 8258.0 8262.0 8255.0 8255.0
095958 100029 8258.0 8262.0 8255.0 8257.0
095958 100055 8258.0 8262.0 8255.0 8258.0
100029 100129 8257.0 8258.0 8256.0 8256.0
100055 100133 8258.0 8258.0 8255.0 8255.0
100055 100143 8258.0 8258.0 8255.0 8257.0
100129 100159 8256.0 8257.0 8255.0 8256.0
100129 100212 8256.0 8260.0 8255.0 8260.0
100129 100213 8256.0 8262.0 8255.0 8262.0
100129 100214 8256.0 8262.0 8255.0 8261.0
100129 100216 8256.0 8262.0 8255.0 8261.0
100129 100217 8256.0 8263.0 8255.0 8263.0
100129 100218 8256.0 8263.0 8255.0 8263.0
100129 100221 8256.0 8263.0 8255.0 8262.0
100129 100222 8256.0 8263.0 8255.0 8262.0
100129 100225 8256.0 8264.0 8255.0 8264.0
100129 100226 8256.0 8264.0 8255.0 8264.0
100129 100228 8256.0 8265.0 8255.0 8265.0
100133 100230 8255.0 8265.0 8255.0 8264.0
100133 100231 8255.0 8265.0 8255.0 8264.0
100133 100233 8255.0 8265.0 8255.0 8264.0
100159 100251 8256.0 8265.0 8256.0 8259.0
100212 100311 8260.0 8265.0 8257.0 8257.0
100218 100318 8263.0 8265.0 8255.0 8255.0
100222 100322 8262.0 8265.0 8255.0 8257.0
100228 100327 8265.0 8265.0 8255.0 8258.0
100231 100331 8264.0 8264.0 8255.0 8258.0
100311 100359 8257.0 8263.0 8255.0 8263.0
100311 100401 8257.0 8264.0 8255.0 8264.0
100311 100409 8257.0 8264.0 8255.0 8259.0
100318 100417 8255.0 8264.0 8255.0 8257.0
100327 100423 8258.0 8264.0 8257.0 8257.0
100327 100424 8258.0 8264.0 8257.0 8257.0
100359 100448 8263.0 8264.0 8257.0 8257.0
100409 100507 8259.0 8262.0 8257.0 8262.0
100409 100509 8259.0 8263.0 8257.0 8263.0
100448 100533 8257.0 8264.0 8257.0 8264.0
100448 100548 8257.0 8264.0 8257.0 8261.0
100507 100554 8262.0 8264.0 8260.0 8260.0
100507 100604 8262.0 8264.0 8260.0 8264.0
100533 100632 8264.0 8264.0 8260.0 8264.0
100548 100637 8261.0 8264.0 8260.0 8264.0
100548 100639 8261.0 8264.0 8260.0 8264.0
100548 100646 8261.0 8266.0 8260.0 8266.0
100548 100647 8261.0 8267.0 8260.0 8267.0
100548 100648 8261.0 8270.0 8260.0 8270.0
100554 100649 8260.0 8279.0 8260.0 8279.0
100554 100650 8260.0 8285.0 8260.0 8285.0
100554 100651 8260.0 8285.0 8260.0 8284.0
100554 100653 8260.0 8285.0 8260.0 8280.0
100554 100654 8260.0 8285.0 8260.0 8283.0
100604 100655 8264.0 8285.0 8264.0 8283.0
100604 100658 8264.0 8285.0 8264.0 8284.0
100604 100701 8264.0 8285.0 8264.0 8282.0
100604 100703 8264.0 8285.0 8264.0 8281.0
100604 100704 8264.0 8285.0 8264.0 8282.0
100632 100705 8264.0 8285.0 8264.0 8283.0
100632 100706 8264.0 8285.0 8264.0 8281.0
100632 100711 8264.0 8285.0 8264.0 8280.0
100632 100716 8264.0 8285.0 8264.0 8279.0
100632 100720 8264.0 8285.0 8264.0 8279.0
100646 100740 8266.0 8285.0 8266.0 8277.0
100648 100748 8270.0 8285.0 8270.0 8278.0
100654 100754 8283.0 8284.0 8277.0 8278.0
100711 100807 8280.0 8280.0 8277.0 8279.0
100716 100813 8279.0 8279.0 8277.0 8277.0
100740 100836 8277.0 8279.0 8272.0 8272.0
100740 100837 8277.0 8279.0 8272.0 8274.0
100807 100857 8279.0 8279.0 8272.0 8274.0
100807 100903 8279.0 8279.0 8272.0 8277.0
100807 100907 8279.0 8279.0 8272.0 8278.0
100813 100913 8277.0 8278.0 8272.0 8278.0
100836 100922 8272.0 8278.0 8272.0 8277.0
100836 100928 8272.0 8278.0 8272.0 8275.0
100836 100929 8272.0 8278.0 8272.0 8275.0
100837 100937 8274.0 8278.0 8274.0 8277.0
100857 100938 8274.0 8278.0 8274.0 8277.0
100857 100939 8274.0 8278.0 8274.0 8278.0
100857 100940 8274.0 8278.0 8274.0 8278.0
100857 100956 8274.0 8278.0 8274.0 8278.0
100903 100958 8277.0 8278.0 8275.0 8278.0
100903 101003 8277.0 8279.0 8275.0 8279.0
100913 101008 8278.0 8281.0 8275.0 8281.0
100913 101009 8278.0 8281.0 8275.0 8280.0
100913 101012 8278.0 8281.0 8275.0 8280.0
100922 101015 8277.0 8281.0 8275.0 8281.0
100922 101016 8277.0 8281.0 8275.0 8281.0
100922 101017 8277.0 8282.0 8275.0 8282.0
100922 101018 8277.0 8282.0 8275.0 8282.0
100922 101019 8277.0 8282.0 8275.0 8282.0
100922 101021 8277.0 8282.0 8275.0 8282.0
100928 101023 8275.0 8282.0 8275.0 8282.0
100928 101027 8275.0 8282.0 8275.0 8280.0
100928 101028 8275.0 8282.0 8275.0 8280.0
100939 101039 8278.0 8282.0 8278.0 8279.0
100956 101042 8278.0 8282.0 8278.0 8280.0
100956 101046 8278.0 8282.0 8278.0 8280.0
100956 101047 8278.0 8282.0 8253.0 8253.0
100956 101051 8278.0 8282.0 8253.0 8280.0
101003 101102 8279.0 8282.0 8253.0 8282.0
101008 101107 8281.0 8282.0 8253.0 8282.0
101012 101110 8280.0 8282.0 8253.0 8282.0
101012 101111 8280.0 8283.0 8253.0 8283.0
101012 101112 8280.0 8284.0 8253.0 8284.0
101015 101113 8281.0 8284.0 8253.0 8284.0
101015 101114 8281.0 8286.0 8253.0 8286.0
101027 101125 8280.0 8286.0 8253.0 8277.0
101027 101126 8280.0 8286.0 8253.0 8277.0
101039 101133 8279.0 8286.0 8253.0 8282.0
101051 101148 8280.0 8286.0 8277.0 8279.0
101051 101149 8280.0 8286.0 8277.0 8280.0
101102 101154 8282.0 8286.0 8277.0 8279.0
101110 101209 8282.0 8286.0 8277.0 8280.0
101125 101225 8277.0 8282.0 8277.0 8277.0
101133 101228 8282.0 8282.0 8274.0 8274.0
101148 101238 8279.0 8280.0 8274.0 8274.0
101148 101239 8279.0 8280.0 8273.0 8273.0
101148 101240 8279.0 8280.0 8271.0 8271.0
101148 101241 8279.0 8280.0 8271.0 8271.0
101154 101251 8279.0 8280.0 8271.0 8273.0
101154 101253 8279.0 8280.0 8271.0 8273.0
101209 101305 8280.0 8280.0 8271.0 8274.0
101209 101308 8280.0 8280.0 8271.0 8276.0
101209 101309 8280.0 8280.0 8271.0 8277.0
101225 101317 8277.0 8277.0 8271.0 8276.0
101305 101354 8274.0 8277.0 8274.0 8276.0
101354 101431 8276.0 8276.0 8274.0 8274.0
101354 101448 8276.0 8276.0 8274.0 8275.0
101431 101500 8274.0 8276.0 8274.0 8276.0
101431 101505 8274.0 8276.0 8273.0 8273.0
101431 101511 8274.0 8276.0 8271.0 8271.0
101431 101521 8274.0 8276.0 8271.0 8271.0
101431 101526 8274.0 8276.0 8271.0 8271.0
101431 101529 8274.0 8276.0 8270.0 8270.0
101431 101530 8274.0 8276.0 8269.0 8269.0
101448 101544 8275.0 8276.0 8269.0 8269.0
101448 101545 8275.0 8276.0 8268.0 8268.0
101500 101550 8276.0 8276.0 8267.0 8267.0
101500 101551 8276.0 8276.0 8267.0 8267.0
101500 101552 8276.0 8276.0 8266.0 8266.0
101511 101609 8271.0 8271.0 8266.0 8267.0
101521 101618 8271.0 8271.0 8266.0 8269.0
101521 101621 8271.0 8271.0 8266.0 8269.0
101526 101623 8271.0 8271.0 8266.0 8271.0
101609 101700 8267.0 8271.0 8266.0 8266.0
101700 101728 8266.0 8266.0 8263.0 8263.0
101700 101729 8266.0 8266.0 8263.0 8263.0
101700 101735 8266.0 8266.0 8263.0 8263.0
101700 101736 8266.0 8266.0 8263.0 8263.0
101700 101743 8266.0 8266.0 8263.0 8263.0
101728 101813 8263.0 8263.0 8261.0 8261.0
101743 101843 8263.0 8263.0 8260.0 8260.0
101813 101844 8261.0 8261.0 8258.0 8258.0
101813 101850 8261.0 8261.0 8258.0 8261.0
101850 101948 8261.0 8261.0 8258.0 8258.0
101850 101949 8261.0 8261.0 8257.0 8257.0
101850 101950 8261.0 8261.0 8257.0 8257.0
101948 102006 8258.0 8260.0 8257.0 8260.0
101948 102014 8258.0 8261.0 8257.0 8261.0
102126 102126 8261.0 8261.0 8261.0 8261.0
102126 102137 8261.0 8261.0 8260.0 8260.0
102126 102202 8261.0 8261.0 8259.0 8259.0
102126 102215 8261.0 8261.0 8259.0 8260.0
102215 102310 8260.0 8261.0 8260.0 8261.0
102310 102319 8261.0 8261.0 8260.0 8260.0
102310 102401 8261.0 8264.0 8260.0 8264.0
102310 102402 8261.0 8264.0 8260.0 8262.0
102401 102439 8264.0 8264.0 8262.0 8263.0
102401 102456 8264.0 8264.0 8261.0 8261.0
102439 102508 8263.0 8263.0 8256.0 8256.0
102439 102509 8263.0 8263.0 8255.0 8255.0
102439 102510 8263.0 8263.0 8255.0 8255.0
102439 102511 8263.0 8263.0 8254.0 8254.0
102439 102515 8263.0 8263.0 8254.0 8257.0
102439 102526 8263.0 8263.0 8254.0 8254.0
102439 102528 8263.0 8263.0 8254.0 8254.0
102439 102531 8263.0 8263.0 8253.0 8253.0
102439 102532 8263.0 8263.0 8253.0 8253.0
102439 102533 8263.0 8263.0 8253.0 8253.0
102439 102534 8263.0 8263.0 8253.0 8253.0
102439 102536 8263.0 8263.0 8252.0 8252.0
102439 102539 8263.0 8263.0 8252.0 8253.0
102456 102540 8261.0 8261.0 8252.0 8253.0
102456 102548 8261.0 8261.0 8252.0 8255.0
102508 102557 8256.0 8257.0 8252.0 8253.0
102508 102606 8256.0 8257.0 8252.0 8253.0
102526 102620 8254.0 8255.0 8252.0 8254.0
102737 102737 8254.0 8254.0 8254.0 8254.0
102737 102827 8254.0 8256.0 8254.0 8256.0
102827 102838 8256.0 8256.0 8256.0 8256.0
102827 102917 8256.0 8256.0 8255.0 8255.0
102827 102919 8256.0 8256.0 8255.0 8255.0
102838 102928 8256.0 8256.0 8255.0 8255.0
102917 102952 8255.0 8255.0 8254.0 8254.0
102917 102956 8255.0 8255.0 8254.0 8254.0
102917 102959 8255.0 8255.0 8253.0 8253.0
102917 103001 8255.0 8255.0 8253.0 8253.0
102917 103002 8255.0 8255.0 8253.0 8253.0
102917 103003 8255.0 8255.0 8252.0 8252.0
102917 103005 8255.0 8255.0 8252.0 8252.0
102917 103007 8255.0 8255.0 8252.0 8254.0
102928 103028 8255.0 8256.0 8252.0 8256.0
102952 103030 8254.0 8256.0 8252.0 8256.0
102952 103031 8254.0 8258.0 8252.0 8258.0
102952 103032 8254.0 8259.0 8252.0 8259.0
102952 103033 8254.0 8260.0 8252.0 8260.0
102952 103034 8254.0 8261.0 8252.0 8261.0
102952 103037 8254.0 8263.0 8252.0 8263.0
102952 103047 8254.0 8263.0 8252.0 8263.0
102952 103048 8254.0 8264.0 8252.0 8264.0
102952 103049 8254.0 8264.0 8252.0 8264.0
102952 103050 8254.0 8265.0 8252.0 8265.0
102952 103051 8254.0 8266.0 8252.0 8266.0
102952 103052 8254.0 8266.0 8252.0 8266.0
103005 103105 8252.0 8266.0 8252.0 8263.0
103028 103108 8256.0 8266.0 8256.0 8263.0
103034 103134 8261.0 8266.0 8261.0 8261.0
103134 103233 8261.0 8265.0 8261.0 8265.0
103233 103239 8265.0 8267.0 8265.0 8267.0
103233 103241 8265.0 8267.0 8262.0 8262.0
103233 103243 8265.0 8267.0 8262.0 8267.0
103233 103248 8265.0 8270.0 8262.0 8270.0
103233 103249 8265.0 8270.0 8262.0 8270.0
103233 103315 8265.0 8270.0 8262.0 8269.0
103447 103447 8272.0 8272.0 8272.0 8272.0
103620 103620 8268.0 8268.0 8268.0 8268.0
103620 103624 8268.0 8268.0 8268.0 8268.0
103736 103736 8265.0 8265.0 8265.0 8265.0
103736 103756 8265.0 8265.0 8264.0 8264.0
103955 103955 8263.0 8263.0 8263.0 8263.0
103955 104004 8263.0 8263.0 8234.0 8234.0
103955 104014 8263.0 8263.0 8234.0 8261.0
103955 104018 8263.0 8263.0 8234.0 8261.0
103955 104019 8263.0 8263.0 8234.0 8260.0
103955 104026 8263.0 8263.0 8234.0 8260.0
103955 104027 8263.0 8263.0 8234.0 8258.0
103955 104031 8263.0 8263.0 8234.0 8257.0
103955 104036 8263.0 8263.0 8234.0 8253.0
103955 104040 8263.0 8263.0 8234.0 8259.0
103955 104047 8263.0 8263.0 8234.0 8256.0
104014 104109 8261.0 8261.0 8253.0 8257.0
104014 104114 8261.0 8261.0 8253.0 8257.0
104018 104116 8261.0 8261.0 8253.0 8257.0
104047 104141 8256.0 8257.0 8256.0 8257.0
104047 104144 8256.0 8257.0 8256.0 8257.0
104109 104206 8257.0 8257.0 8257.0 8257.0
104109 104207 8257.0 8257.0 8256.0 8256.0
104109 104209 8257.0 8257.0 8255.0 8255.0
104114 104212 8257.0 8257.0 8255.0 8255.0
104141 104220 8257.0 8260.0 8255.0 8260.0
104141 104236 8257.0 8262.0 8255.0 8262.0
104220 104317 8260.0 8264.0 8260.0 8264.0
104317 104339 8264.0 8266.0 8264.0 8266.0
104317 104342 8264.0 8267.0 8264.0 8267.0
104317 104343 8264.0 8268.0 8264.0 8268.0
104317 104347 8264.0 8269.0 8264.0 8269.0
104317 104348 8264.0 8269.0 8264.0 8269.0
104339 104427 8266.0 8269.0 8266.0 8267.0
104427 104506 8267.0 8267.0 8264.0 8264.0
104427 104507 8267.0 8267.0 8263.0 8263.0
104427 104514 8267.0 8267.0 8262.0 8262.0
104427 104515 8267.0 8267.0 8262.0 8262.0
104506 104558 8264.0 8266.0 8262.0 8266.0
104558 104618 8266.0 8266.0 8263.0 8263.0
104558 104638 8266.0 8266.0 8261.0 8261.0
104558 104639 8266.0 8266.0 8261.0 8264.0
104558 104642 8266.0 8266.0 8261.0 8265.0
104558 104644 8266.0 8267.0 8261.0 8267.0
104558 104645 8266.0 8267.0 8261.0 8264.0
104558 104647 8266.0 8267.0 8261.0 8263.0
104900 104900 8270.0 8270.0 8270.0 8270.0
104900 104901 8270.0 8271.0 8270.0 8271.0
104900 104902 8270.0 8272.0 8270.0 8272.0
104900 104905 8270.0 8272.0 8270.0 8272.0
104900 104906 8270.0 8273.0 8270.0 8273.0
104900 104912 8270.0 8273.0 8270.0 8273.0
104900 104913 8270.0 8275.0 8270.0 8275.0
104900 104916 8270.0 8276.0 8270.0 8276.0
104900 104917 8270.0 8276.0 8270.0 8275.0
105022 105022 8275.0 8275.0 8275.0 8275.0
105022 105024 8275.0 8277.0 8275.0 8277.0
105022 105027 8275.0 8277.0 8275.0 8277.0
105022 105056 8275.0 8277.0 8275.0 8276.0
105022 105102 8275.0 8277.0 8275.0 8277.0
105022 105103 8275.0 8278.0 8275.0 8278.0
105022 105116 8275.0 8278.0 8275.0 8277.0
105024 105124 8277.0 8278.0 8276.0 8278.0
105056 105130 8276.0 8279.0 8276.0 8279.0
105056 105134 8276.0 8279.0 8276.0 8278.0
105056 105142 8276.0 8279.0 8276.0 8279.0
105056 105144 8276.0 8279.0 8276.0 8279.0
105056 105145 8276.0 8279.0 8276.0 8279.0
105056 105146 8276.0 8281.0 8276.0 8281.0
105056 105147 8276.0 8281.0 8276.0 8279.0
105056 105151 8276.0 8281.0 8276.0 8280.0
105056 105154 8276.0 8281.0 8276.0 8281.0
105102 105157 8277.0 8281.0 8277.0 8281.0
105103 105203 8278.0 8282.0 8277.0 8282.0
105116 105205 8277.0 8282.0 8277.0 8282.0
105116 105206 8277.0 8282.0 8277.0 8282.0
105116 105213 8277.0 8282.0 8274.0 8274.0
105116 105214 8277.0 8282.0 8274.0 8277.0
105134 105231 8278.0 8282.0 8274.0 8278.0
105142 105235 8279.0 8282.0 8274.0 8278.0
105142 105241 8279.0 8282.0 8274.0 8278.0
105157 105255 8281.0 8282.0 8274.0 8278.0
105231 105320 8278.0 8278.0 8276.0 8276.0
105231 105322 8278.0 8278.0 8276.0 8276.0
105231 105331 8278.0 8278.0 8276.0 8278.0
105241 105338 8278.0 8278.0 8276.0 8277.0
105255 105345 8278.0 8278.0 8275.0 8275.0
105255 105347 8278.0 8278.0 8275.0 8276.0
105255 105349 8278.0 8278.0 8274.0 8274.0
105255 105353 8278.0 8278.0 8273.0 8273.0
105320 105356 8276.0 8278.0 8273.0 8273.0
105320 105359 8276.0 8278.0 8273.0 8274.0
105320 105411 8276.0 8278.0 8273.0 8277.0
105345 105439 8275.0 8281.0 8273.0 8281.0
105353 105451 8273.0 8281.0 8273.0 8280.0
105353 105452 8273.0 8281.0 8273.0 8281.0
105353 105453 8273.0 8281.0 8273.0 8280.0
105439 105515 8281.0 8281.0 8278.0 8278.0
105439 105521 8281.0 8281.0 8276.0 8276.0
105439 105523 8281.0 8281.0 8276.0 8276.0
105439 105526 8281.0 8281.0 8276.0 8277.0
105439 105529 8281.0 8281.0 8276.0 8276.0
105439 105536 8281.0 8281.0 8275.0 8275.0
105439 105538 8281.0 8281.0 8274.0 8274.0
105451 105540 8280.0 8281.0 8274.0 8274.0
105515 105556 8278.0 8278.0 8274.0 8275.0
105515 105557 8278.0 8278.0 8274.0 8274.0
105715 105715 8276.0 8276.0 8276.0 8276.0
105715 105720 8276.0 8276.0 8276.0 8276.0
105715 105734 8276.0 8278.0 8276.0 8278.0
105838 105838 8277.0 8277.0 8277.0 8277.0
105838 105846 8277.0 8277.0 8277.0 8277.0
105838 105852 8277.0 8277.0 8276.0 8276.0
105838 105854 8277.0 8277.0 8276.0 8276.0
105838 105900 8277.0 8277.0 8276.0 8276.0
105838 105907 8277.0 8277.0 8275.0 8275.0
105838 105910 8277.0 8277.0 8275.0 8276.0
105852 105948 8276.0 8276.0 8274.0 8274.0
105852 105949 8276.0 8276.0 8274.0 8274.0
110123 110123 8283.0 8283.0 8283.0 8283.0
110123 110124 8283.0 8283.0 8283.0 8283.0
110123 110206 8283.0 8285.0 8283.0 8285.0
110123 110207 8283.0 8286.0 8283.0 8286.0
110123 110208 8283.0 8288.0 8283.0 8288.0
110123 110209 8283.0 8288.0 8283.0 8288.0
110123 110213 8283.0 8288.0 8283.0 8288.0
110206 110238 8285.0 8288.0 8284.0 8284.0
110206 110254 8285.0 8288.0 8284.0 8284.0
110206 110255 8285.0 8288.0 8284.0 8284.0
110206 110304 8285.0 8288.0 8284.0 8285.0
110254 110347 8284.0 8288.0 8284.0 8288.0
110254 110348 8284.0 8288.0 8284.0 8288.0
110304 110357 8285.0 8289.0 8285.0 8289.0
110304 110400 8285.0 8289.0 8285.0 8289.0
110304 110401 8285.0 8290.0 8285.0 8290.0
110304 110402 8285.0 8291.0 8285.0 8291.0
110304 110403 8285.0 8294.0 8285.0 8294.0
110347 110411 8288.0 8294.0 8288.0 8291.0
110357 110450 8289.0 8294.0 8289.0 8293.0
110357 110456 8289.0 8294.0 8289.0 8293.0
110402 110502 8291.0 8295.0 8291.0 8295.0
110411 110504 8291.0 8295.0 8291.0 8294.0
110411 110505 8291.0 8296.0 8291.0 8296.0
110411 110506 8291.0 8296.0 8291.0 8296.0
110411 110507 8291.0 8296.0 8291.0 8296.0
110411 110510 8291.0 8296.0 8291.0 8296.0
110411 110511 8291.0 8297.0 8291.0 8297.0
110450 110514 8293.0 8298.0 8293.0 8298.0
110450 110515 8293.0 8298.0 8293.0 8296.0
110450 110517 8293.0 8298.0 8293.0 8298.0
110450 110521 8293.0 8298.0 8293.0 8294.0
110450 110525 8293.0 8298.0 8292.0 8292.0
110450 110526 8293.0 8298.0 8290.0 8290.0
110450 110528 8293.0 8298.0 8290.0 8290.0
110450 110535 8293.0 8298.0 8283.0 8283.0
110502 110559 8295.0 8298.0 8283.0 8285.0
110502 110600 8295.0 8298.0 8283.0 8293.0
110502 110601 8295.0 8298.0 8283.0 8294.0
110502 110602 8295.0 8298.0 8283.0 8294.0
110528 110627 8290.0 8294.0 8283.0 8293.0
110535 110629 8283.0 8294.0 8283.0 8292.0
110559 110639 8285.0 8294.0 8285.0 8293.0
110559 110649 8285.0 8294.0 8285.0 8292.0
110627 110703 8293.0 8293.0 8290.0 8290.0
110627 110722 8293.0 8293.0 8290.0 8291.0
110627 110723 8293.0 8293.0 8290.0 8292.0
110627 110724 8293.0 8294.0 8290.0 8294.0
110629 110729 8292.0 8294.0 8262.0 8262.0
110722 110807 8291.0 8299.0 8262.0 8299.0
110722 110808 8291.0 8299.0 8262.0 8299.0
110722 110814 8291.0 8299.0 8262.0 8295.0
110722 110819 8291.0 8299.0 8262.0 8293.0
110722 110820 8291.0 8299.0 8262.0 8293.0
110807 110846 8299.0 8299.0 8292.0 8292.0
110807 110855 8299.0 8299.0 8291.0 8291.0
110807 110856 8299.0 8299.0 8289.0 8289.0
110807 110859 8299.0 8299.0 8288.0 8288.0
110807 110900 8299.0 8299.0 8288.0 8288.0
110807 110904 8299.0 8299.0 8282.0 8282.0
110814 110909 8295.0 8295.0 8282.0 8290.0
110846 110931 8292.0 8292.0 8282.0 8286.0
110846 110932 8292.0 8292.0 8282.0 8286.0
110846 110933 8292.0 8292.0 8282.0 8286.0
110846 110934 8292.0 8292.0 8282.0 8286.0
110846 110941 8292.0 8292.0 8282.0 8288.0
110846 110944 8292.0 8292.0 8282.0 8289.0
110855 110947 8291.0 8291.0 8282.0 8289.0
110932 111032 8286.0 8289.0 8257.0 8257.0
110947 111046 8289.0 8293.0 8257.0 8293.0
111032 111054 8257.0 8294.0 8257.0 8294.0
111032 111112 8257.0 8294.0 8257.0 8293.0
111032 111127 8257.0 8294.0 8257.0 8291.0
111046 111137 8293.0 8294.0 8288.0 8288.0
111054 111150 8294.0 8294.0 8288.0 8289.0
111112 111201 8293.0 8293.0 8287.0 8287.0
111112 111207 8293.0 8293.0 8286.0 8286.0
111112 111208 8293.0 8293.0 8286.0 8286.0
111112 111209 8293.0 8293.0 8285.0 8285.0
111112 111210 8293.0 8293.0 8284.0 8284.0
111112 111211 8293.0 8293.0 8284.0 8284.0
111112 111212 8293.0 8293.0 8283.0 8283.0
111127 111215 8291.0 8291.0 8282.0 8282.0
111127 111217 8291.0 8291.0 8282.0 8282.0
111127 111220 8291.0 8291.0 8281.0 8281.0
111201 111301 8287.0 8287.0 8281.0 8285.0
111207 111305 8286.0 8286.0 8281.0 8285.0
111211 111311 8284.0 8285.0 8281.0 8285.0
111301 111344 8285.0 8285.0 8275.0 8275.0
111301 111354 8285.0 8285.0 8275.0 8283.0
111301 111400 8285.0 8285.0 8275.0 8283.0
111344 111427 8275.0 8283.0 8275.0 8281.0
111344 111434 8275.0 8283.0 8275.0 8277.0
111344 111435 8275.0 8283.0 8275.0 8277.0
111344 111437 8275.0 8283.0 8275.0 8276.0
111354 111449 8283.0 8283.0 8276.0 8278.0
111354 111454 8283.0 8283.0 8276.0 8278.0
111400 111455 8283.0 8283.0 8276.0 8279.0
111400 111459 8283.0 8283.0 8276.0 8279.0
111400 111500 8283.0 8283.0 8276.0 8278.0
111500 111600 8278.0 8278.0 8278.0 8278.0
111600 111652 8278.0 8281.0 8278.0 8281.0
111652 111736 8281.0 8281.0 8279.0 8279.0
111652 111741 8281.0 8281.0 8279.0 8279.0
111652 111749 8281.0 8281.0 8279.0 8279.0
111736 111757 8279.0 8279.0 8279.0 8279.0
111736 111758 8279.0 8279.0 8278.0 8278.0
111736 111802 8279.0 8279.0 8278.0 8278.0
111749 111845 8279.0 8279.0 8278.0 8278.0
111845 111920 8278.0 8278.0 8277.0 8277.0
111845 111942 8278.0 8278.0 8275.0 8275.0
111845 111944 8278.0 8278.0 8273.0 8273.0
111920 111954 8277.0 8277.0 8272.0 8272.0
111920 112000 8277.0 8277.0 8271.0 8271.0
111920 112002 8277.0 8277.0 8270.0 8270.0
111920 112003 8277.0 8277.0 8270.0 8270.0
111920 112006 8277.0 8277.0 8270.0 8270.0
111920 112013 8277.0 8277.0 8270.0 8272.0
111920 112014 8277.0 8277.0 8270.0 8272.0
111942 112021 8275.0 8275.0 8270.0 8274.0
112000 112056 8271.0 8276.0 8270.0 8276.0
112002 112102 8270.0 8277.0 8270.0 8277.0
112003 112103 8270.0 8278.0 8270.0 8278.0
112013 112109 8272.0 8278.0 8272.0 8277.0
112056 112124 8276.0 8278.0 8276.0 8277.0
112124 112212 8277.0 8280.0 8277.0 8280.0
112124 112215 8277.0 8280.0 8277.0 8279.0
112124 112220 8277.0 8281.0 8277.0 8281.0
112124 112223 8277.0 8281.0 8277.0 8280.0
112212 112244 8280.0 8282.0 8279.0 8282.0
112212 112248 8280.0 8282.0 8279.0 8281.0
112212 112251 8280.0 8283.0 8279.0 8283.0
112212 112252 8280.0 8283.0 8279.0 8283.0
112212 112300 8280.0 8283.0 8279.0 8283.0
112244 112329 8282.0 8283.0 8279.0 8279.0
112329 112403 8279.0 8279.0 8279.0 8279.0
112403 112437 8279.0 8279.0 8277.0 8277.0
112437 112527 8277.0 8277.0 8276.0 8276.0
112437 112536 8277.0 8277.0 8272.0 8272.0
112527 112627 8276.0 8276.0 8272.0 8272.0
112845 112845 8276.0 8276.0 8276.0 8276.0
112845 112903 8276.0 8276.0 8268.0 8268.0
112845 112913 8276.0 8279.0 8268.0 8279.0
112845 112914 8276.0 8279.0 8268.0 8279.0
112845 112919 8276.0 8279.0 8268.0 8279.0
112845 112921 8276.0 8279.0 8268.0 8279.0
112903 112959 8268.0 8279.0 8268.0 8271.0
112913 113013 8279.0 8279.0 8271.0 8276.0
112959 113037 8271.0 8276.0 8271.0 8276.0
113223 113223 8270.0 8270.0 8270.0 8270.0
113223 113239 8270.0 8278.0 8270.0 8278.0
113223 113240 8270.0 8280.0 8270.0 8280.0
113223 113245 8270.0 8280.0 8270.0 8280.0
113223 113321 8270.0 8280.0 8270.0 8276.0
113245 113342 8280.0 8280.0 8276.0 8276.0
113342 113422 8276.0 8276.0 8276.0 8276.0
113422 113509 8276.0 8277.0 8276.0 8277.0
113422 113510 8276.0 8278.0 8276.0 8278.0
113846 113846 8282.0 8282.0 8282.0 8282.0
113846 113848 8282.0 8283.0 8282.0 8283.0
114152 114152 8283.0 8283.0 8283.0 8283.0
114152 114153 8283.0 8284.0 8283.0 8284.0
114152 114217 8283.0 8285.0 8283.0 8285.0
114152 114229 8283.0 8285.0 8283.0 8285.0
114713 114713 8285.0 8285.0 8285.0 8285.0
114713 114719 8285.0 8285.0 8284.0 8284.0
114713 114737 8285.0 8286.0 8284.0 8286.0
114713 114738 8285.0 8288.0 8284.0 8288.0
114713 114742 8285.0 8288.0 8284.0 8288.0
114713 114744 8285.0 8289.0 8284.0 8289.0
114713 114745 8285.0 8289.0 8284.0 8289.0
114713 114746 8285.0 8289.0 8284.0 8289.0
114713 114748 8285.0 8290.0 8284.0 8290.0
114713 114750 8285.0 8291.0 8284.0 8291.0
114713 114810 8285.0 8291.0 8284.0 8286.0
114737 114821 8286.0 8291.0 8286.0 8287.0
114737 114831 8286.0 8291.0 8286.0 8287.0
114737 114834 8286.0 8291.0 8286.0 8287.0
114742 114839 8288.0 8291.0 8286.0 8289.0
114821 114920 8287.0 8289.0 8287.0 8289.0
114920 115018 8289.0 8291.0 8289.0 8291.0
115018 115021 8291.0 8291.0 8291.0 8291.0
115018 115024 8291.0 8291.0 8291.0 8291.0
115018 115046 8291.0 8292.0 8291.0 8292.0
115223 115223 8288.0 8288.0 8288.0 8288.0
115223 115235 8288.0 8288.0 8282.0 8282.0
115223 115236 8288.0 8288.0 8282.0 8282.0
115223 115251 8288.0 8288.0 8282.0 8284.0
115235 115331 8282.0 8284.0 8280.0 8280.0
115235 115334 8282.0 8284.0 8279.0 8279.0
115331 115401 8280.0 8280.0 8279.0 8279.0
115331 115408 8280.0 8280.0 8278.0 8278.0
115331 115410 8280.0 8280.0 8277.0 8277.0
115331 115413 8280.0 8280.0 8277.0 8277.0
115331 115414 8280.0 8280.0 8277.0 8277.0
115331 115427 8280.0 8280.0 8277.0 8277.0
115427 115526 8277.0 8277.0 8274.0 8274.0
115736 115736 8284.0 8284.0 8284.0 8284.0
115736 115811 8284.0 8284.0 8284.0 8284.0
115736 115814 8284.0 8285.0 8284.0 8285.0
115736 115815 8284.0 8286.0 8284.0 8286.0
115736 115819 8284.0 8286.0 8284.0 8286.0
115736 115821 8284.0 8286.0 8284.0 8286.0
115811 115845 8284.0 8286.0 8284.0 8286.0
115811 115849 8284.0 8286.0 8284.0 8286.0
115811 115850 8284.0 8287.0 8284.0 8287.0
115811 115851 8284.0 8287.0 8284.0 8287.0
115811 115853 8284.0 8287.0 8284.0 8286.0
115814 115913 8285.0 8287.0 8285.0 8287.0
120028 120028 8283.0 8283.0 8283.0 8283.0
120028 120046 8283.0 8283.0 8283.0 8283.0
120028 120056 8283.0 8283.0 8281.0 8281.0
120028 120100 8283.0 8283.0 8281.0 8281.0
120056 120152 8281.0 8281.0 8278.0 8278.0
120152 120205 8278.0 8278.0 8277.0 8277.0
120152 120209 8278.0 8278.0 8277.0 8277.0
120152 120211 8278.0 8278.0 8276.0 8276.0
120152 120213 8278.0 8278.0 8276.0 8276.0
120152 120215 8278.0 8278.0 8276.0 8276.0
120152 120216 8278.0 8278.0 8276.0 8276.0
120152 120228 8278.0 8281.0 8276.0 8281.0
120152 120236 8278.0 8281.0 8276.0 8276.0
120228 120327 8281.0 8282.0 8276.0 8282.0
120327 120342 8282.0 8282.0 8282.0 8282.0
120327 120426 8282.0 8282.0 8277.0 8277.0
120601 120601 8284.0 8284.0 8284.0 8284.0
120740 120740 8282.0 8282.0 8282.0 8282.0
121057 121057 8285.0 8285.0 8285.0 8285.0
121057 121059 8285.0 8286.0 8285.0 8286.0
121208 121208 8289.0 8289.0 8289.0 8289.0
121208 121211 8289.0 8289.0 8287.0 8287.0
121208 121232 8289.0 8290.0 8287.0 8290.0
121208 121233 8289.0 8290.0 8287.0 8290.0
121208 121234 8289.0 8292.0 8287.0 8292.0
121208 121235 8289.0 8294.0 8287.0 8294.0
121208 121237 8289.0 8295.0 8287.0 8295.0
121208 121238 8289.0 8295.0 8287.0 8295.0
121208 121240 8289.0 8295.0 8287.0 8294.0
121208 121243 8289.0 8295.0 8287.0 8293.0
121208 121249 8289.0 8295.0 8287.0 8290.0
121208 121300 8289.0 8295.0 8287.0 8291.0
121208 121303 8289.0 8295.0 8287.0 8291.0
121232 121319 8290.0 8295.0 8289.0 8289.0
121234 121334 8292.0 8295.0 8286.0 8286.0
121303 121403 8291.0 8291.0 8284.0 8284.0
121403 121443 8284.0 8285.0 8284.0 8285.0
121443 121515 8285.0 8285.0 8285.0 8285.0
121701 121701 8288.0 8288.0 8288.0 8288.0
121701 121736 8288.0 8288.0 8283.0 8283.0
121843 121843 8289.0 8289.0 8289.0 8289.0
121843 121923 8289.0 8292.0 8289.0 8292.0
121843 121924 8289.0 8293.0 8289.0 8293.0
121843 121943 8289.0 8293.0 8289.0 8290.0
122209 122209 8288.0 8288.0 8288.0 8288.0
122209 122229 8288.0 8288.0 8288.0 8288.0
122209 122236 8288.0 8288.0 8286.0 8286.0
122621 122621 8285.0 8285.0 8285.0 8285.0
122621 122622 8285.0 8285.0 8283.0 8283.0
122621 122623 8285.0 8285.0 8283.0 8283.0
122621 122631 8285.0 8285.0 8283.0 8283.0
122621 122633 8285.0 8285.0 8283.0 8283.0
122621 122637 8285.0 8285.0 8283.0 8283.0
122621 122639 8285.0 8285.0 8283.0 8284.0
122621 122645 8285.0 8285.0 8282.0 8282.0
122621 122650 8285.0 8285.0 8282.0 8282.0
122621 122707 8285.0 8285.0 8282.0 8284.0
122621 122720 8285.0 8285.0 8282.0 8284.0
122622 122722 8283.0 8284.0 8282.0 8284.0
122633 122733 8283.0 8284.0 8282.0 8282.0
122639 122738 8284.0 8284.0 8282.0 8282.0
122645 122744 8282.0 8284.0 8282.0 8282.0
122650 122747 8282.0 8284.0 8281.0 8281.0
122650 122748 8282.0 8284.0 8281.0 8281.0
122650 122749 8282.0 8284.0 8281.0 8281.0
122650 122750 8282.0 8284.0 8281.0 8281.0
122707 122751 8284.0 8284.0 8281.0 8281.0
122707 122752 8284.0 8284.0 8281.0 8281.0
122707 122755 8284.0 8284.0 8281.0 8281.0
122707 122758 8284.0 8284.0 8280.0 8280.0
122707 122800 8284.0 8284.0 8279.0 8279.0
122738 122834 8282.0 8282.0 8279.0 8282.0
122834 122928 8282.0 8283.0 8282.0 8283.0
122928 122937 8283.0 8283.0 8278.0 8278.0
122928 122947 8283.0 8283.0 8278.0 8279.0
122928 122954 8283.0 8283.0 8278.0 8278.0
122928 123021 8283.0 8283.0 8278.0 8279.0
122937 123037 8278.0 8281.0 8278.0 8281.0
122947 123041 8279.0 8281.0 8278.0 8281.0
123021 123059 8279.0 8281.0 8279.0 8280.0
123021 123100 8279.0 8281.0 8279.0 8279.0
123021 123101 8279.0 8281.0 8278.0 8278.0
123021 123102 8279.0 8281.0 8278.0 8280.0
123021 123111 8279.0 8281.0 8278.0 8278.0
123021 123112 8279.0 8281.0 8278.0 8278.0
123317 123317 8277.0 8277.0 8277.0 8277.0
123317 123342 8277.0 8278.0 8277.0 8278.0
123317 123411 8277.0 8278.0 8249.0 8249.0
123342 123425 8278.0 8281.0 8249.0 8281.0
123342 123439 8278.0 8281.0 8249.0 8280.0
123411 123445 8249.0 8281.0 8249.0 8279.0
123715 123715 8281.0 8281.0 8281.0 8281.0
123715 123719 8281.0 8281.0 8281.0 8281.0
123715 123736 8281.0 8281.0 8278.0 8278.0
123715 123744 8281.0 8281.0 8278.0 8281.0
123719 123818 8281.0 8282.0 8278.0 8282.0
124017 124017 8281.0 8281.0 8281.0 8281.0
124216 124216 8278.0 8278.0 8278.0 8278.0
124216 124218 8278.0 8278.0 8278.0 8278.0
124216 124301 8278.0 8278.0 8278.0 8278.0
124216 124304 8278.0 8278.0 8277.0 8277.0
124216 124305 8278.0 8278.0 8277.0 8277.0
124216 124306 8278.0 8278.0 8277.0 8277.0
124301 124324 8278.0 8278.0 8275.0 8275.0
124301 124325 8278.0 8278.0 8274.0 8274.0
124301 124329 8278.0 8278.0 8274.0 8274.0
124301 124330 8278.0 8278.0 8274.0 8274.0
124450 124450 8278.0 8278.0 8278.0 8278.0
124450 124530 8278.0 8278.0 8278.0 8278.0
124450 124540 8278.0 8280.0 8278.0 8280.0
124450 124543 8278.0 8281.0 8278.0 8281.0
124450 124548 8278.0 8281.0 8278.0 8281.0
124543 124643 8281.0 8281.0 8279.0 8279.0
124548 124644 8281.0 8281.0 8278.0 8278.0
124643 124710 8279.0 8279.0 8278.0 8278.0
124710 124747 8278.0 8279.0 8278.0 8279.0
124747 124833 8279.0 8280.0 8279.0 8280.0
124747 124834 8279.0 8281.0 8279.0 8281.0
124833 124850 8280.0 8281.0 8280.0 8281.0
124850 124944 8281.0 8282.0 8281.0 8282.0
124850 124946 8281.0 8282.0 8281.0 8282.0
124850 124948 8281.0 8282.0 8281.0 8282.0
124850 124950 8281.0 8282.0 8281.0 8282.0
124944 124955 8282.0 8283.0 8282.0 8283.0
124944 124959 8282.0 8283.0 8282.0 8283.0
124944 125004 8282.0 8284.0 8282.0 8284.0
124944 125009 8282.0 8284.0 8282.0 8284.0
124944 125015 8282.0 8284.0 8282.0 8283.0
125151 125151 8284.0 8284.0 8284.0 8284.0
125538 125538 8284.0 8284.0 8284.0 8284.0
125538 125558 8284.0 8286.0 8284.0 8286.0
125538 125559 8284.0 8286.0 8284.0 8286.0
125538 125600 8284.0 8286.0 8284.0 8286.0
125538 125603 8284.0 8286.0 8284.0 8286.0
125538 125607 8284.0 8286.0 8284.0 8286.0
125919 125919 8284.0 8284.0 8284.0 8284.0
130026 130026 8282.0 8282.0 8282.0 8282.0
130026 130034 8282.0 8282.0 8282.0 8282.0
130026 130053 8282.0 8285.0 8282.0 8285.0
130026 130103 8282.0 8286.0 8282.0 8286.0
130026 130105 8282.0 8288.0 8282.0 8288.0
130034 130129 8282.0 8288.0 8282.0 8286.0
130053 130140 8285.0 8288.0 8285.0 8287.0
130053 130147 8285.0 8288.0 8285.0 8288.0
130053 130150 8285.0 8288.0 8285.0 8287.0
130103 130159 8286.0 8289.0 8286.0 8289.0
130103 130201 8286.0 8289.0 8286.0 8289.0
130105 130204 8288.0 8289.0 8286.0 8288.0
130105 130205 8288.0 8289.0 8286.0 8288.0
130129 130206 8286.0 8289.0 8286.0 8289.0
130129 130207 8286.0 8289.0 8286.0 8289.0
130129 130226 8286.0 8289.0 8286.0 8287.0
130336 130336 8286.0 8286.0 8286.0 8286.0
130438 130438 8286.0 8286.0 8286.0 8286.0
130802 130802 8287.0 8287.0 8287.0 8287.0
130802 130814 8287.0 8287.0 8285.0 8285.0
130814 130908 8285.0 8285.0 8284.0 8284.0
130908 130934 8284.0 8285.0 8284.0 8285.0
130934 131011 8285.0 8289.0 8285.0 8289.0
130934 131025 8285.0 8289.0 8285.0 8289.0
131011 131048 8289.0 8289.0 8289.0 8289.0
131011 131050 8289.0 8289.0 8289.0 8289.0
131011 131056 8289.0 8290.0 8289.0 8290.0
131224 131224 8288.0 8288.0 8288.0 8288.0
131224 131316 8288.0 8290.0 8288.0 8290.0
131224 131321 8288.0 8291.0 8288.0 8291.0
131316 131330 8290.0 8291.0 8290.0 8290.0
131316 131358 8290.0 8291.0 8259.0 8259.0
131316 131411 8290.0 8294.0 8259.0 8294.0
131316 131414 8290.0 8294.0 8259.0 8294.0
131316 131415 8290.0 8294.0 8259.0 8294.0
131321 131421 8291.0 8296.0 8259.0 8296.0
131330 131422 8290.0 8296.0 8259.0 8296.0
131330 131425 8290.0 8296.0 8259.0 8296.0
131411 131500 8294.0 8297.0 8294.0 8297.0
131500 131549 8297.0 8299.0 8297.0 8299.0
131549 131615 8299.0 8299.0 8295.0 8295.0
131549 131633 8299.0 8299.0 8295.0 8296.0
131735 131735 8296.0 8296.0 8296.0 8296.0
131735 131803 8296.0 8296.0 8296.0 8296.0
131735 131819 8296.0 8298.0 8296.0 8298.0
131735 131828 8296.0 8298.0 8295.0 8295.0
131803 131841 8296.0 8298.0 8295.0 8298.0
131803 131847 8296.0 8298.0 8295.0 8298.0
131803 131853 8296.0 8298.0 8295.0 8298.0
131803 131857 8296.0 8298.0 8295.0 8298.0
131803 131859 8296.0 8298.0 8295.0 8298.0
132006 132006 8296.0 8296.0 8296.0 8296.0
132006 132009 8296.0 8296.0 8295.0 8295.0
132006 132010 8296.0 8296.0 8295.0 8295.0
132006 132014 8296.0 8296.0 8294.0 8294.0
132006 132023 8296.0 8296.0 8294.0 8296.0
132006 132034 8296.0 8296.0 8291.0 8291.0
132009 132107 8295.0 8296.0 8291.0 8293.0
132009 132108 8295.0 8296.0 8291.0 8293.0
132010 132110 8295.0 8296.0 8291.0 8293.0
132107 132137 8293.0 8294.0 8293.0 8294.0
132458 132458 8296.0 8296.0 8296.0 8296.0
132458 132536 8296.0 8296.0 8295.0 8295.0
132458 132540 8296.0 8296.0 8295.0 8295.0
132458 132542 8296.0 8296.0 8295.0 8295.0
132536 132620 8295.0 8295.0 8291.0 8291.0
132620 132644 8291.0 8292.0 8291.0 8292.0
132620 132647 8291.0 8292.0 8291.0 8292.0
132620 132648 8291.0 8292.0 8291.0 8291.0
132620 132650 8291.0 8292.0 8290.0 8290.0
132620 132651 8291.0 8292.0 8290.0 8290.0
132620 132653 8291.0 8292.0 8290.0 8290.0
132644 132721 8292.0 8292.0 8290.0 8290.0
132644 132726 8292.0 8292.0 8289.0 8289.0
132644 132727 8292.0 8292.0 8289.0 8289.0
132644 132728 8292.0 8292.0 8289.0 8290.0
132644 132730 8292.0 8292.0 8289.0 8289.0
132721 132811 8290.0 8291.0 8289.0 8291.0
132726 132822 8289.0 8292.0 8289.0 8292.0
132811 132844 8291.0 8292.0 8290.0 8290.0
132811 132910 8291.0 8292.0 8288.0 8288.0
132822 132921 8292.0 8292.0 8287.0 8287.0
132822 132922 8292.0 8292.0 8287.0 8288.0
132844 132923 8290.0 8290.0 8287.0 8288.0
132844 132932 8290.0 8290.0 8287.0 8288.0
132910 132945 8288.0 8288.0 8287.0 8288.0
132910 132951 8288.0 8288.0 8287.0 8288.0
132910 132952 8288.0 8288.0 8287.0 8288.0
132910 132954 8288.0 8288.0 8287.0 8287.0
132910 132955 8288.0 8288.0 8287.0 8287.0
132910 132956 8288.0 8288.0 8287.0 8287.0
132910 133001 8288.0 8288.0 8286.0 8286.0
132910 133005 8288.0 8288.0 8286.0 8287.0
132932 133030 8288.0 8288.0 8286.0 8288.0
132954 133053 8287.0 8293.0 8286.0 8293.0
133030 133114 8288.0 8293.0 8288.0 8292.0
133321 133321 8288.0 8288.0 8288.0 8288.0
133321 133324 8288.0 8289.0 8288.0 8289.0
133321 133329 8288.0 8289.0 8288.0 8288.0
133321 133331 8288.0 8289.0 8288.0 8288.0
133321 133332 8288.0 8289.0 8288.0 8288.0
133321 133359 8288.0 8289.0 8287.0 8287.0
133321 133403 8288.0 8289.0 8287.0 8287.0
133321 133413 8288.0 8289.0 8287.0 8287.0
133321 133417 8288.0 8289.0 8285.0 8285.0
133359 133455 8287.0 8287.0 8285.0 8287.0
133359 133456 8287.0 8288.0 8285.0 8288.0
133403 133500 8287.0 8289.0 8285.0 8289.0
133413 133504 8287.0 8290.0 8285.0 8290.0
133413 133507 8287.0 8290.0 8285.0 8289.0
133413 133508 8287.0 8290.0 8285.0 8289.0
133417 133517 8285.0 8290.0 8285.0 8289.0
133455 133527 8287.0 8290.0 8287.0 8289.0
133455 133544 8287.0 8290.0 8287.0 8288.0
133455 133553 8287.0 8290.0 8287.0 8288.0
133456 133556 8288.0 8290.0 8288.0 8288.0
133500 133600 8289.0 8290.0 8288.0 8288.0
133507 133605 8289.0 8289.0 8288.0 8288.0
133527 133624 8289.0 8289.0 8287.0 8287.0
133544 133636 8288.0 8288.0 8285.0 8285.0
133553 133651 8288.0 8288.0 8285.0 8286.0
133553 133652 8288.0 8288.0 8285.0 8286.0
133556 133654 8288.0 8288.0 8285.0 8286.0
133651 133742 8286.0 8289.0 8286.0 8289.0
133651 133748 8286.0 8289.0 8286.0 8289.0
133742 133756 8289.0 8289.0 8287.0 8287.0
133742 133758 8289.0 8289.0 8287.0 8289.0
133742 133815 8289.0 8289.0 8287.0 8288.0
133742 133824 8289.0 8289.0 8286.0 8286.0
133742 133835 8289.0 8289.0 8286.0 8286.0
133758 133857 8289.0 8289.0 8286.0 8286.0
133815 133902 8288.0 8288.0 8286.0 8287.0
133815 133903 8288.0 8288.0 8286.0 8288.0
133815 133910 8288.0 8288.0 8285.0 8285.0
133824 133916 8286.0 8288.0 8285.0 8286.0
133824 133918 8286.0 8289.0 8285.0 8289.0
133857 133942 8286.0 8289.0 8285.0 8287.0
133857 133949 8286.0 8289.0 8285.0 8287.0
133902 133958 8287.0 8289.0 8285.0 8287.0
133942 134037 8287.0 8287.0 8287.0 8287.0
134037 134101 8287.0 8287.0 8287.0 8287.0
134037 134108 8287.0 8287.0 8287.0 8287.0
134037 134115 8287.0 8287.0 8287.0 8287.0
134108 134208 8287.0 8287.0 8285.0 8285.0
134115 134214 8287.0 8287.0 8285.0 8286.0
134208 134247 8285.0 8286.0 8283.0 8283.0
134214 134309 8286.0 8286.0 8283.0 8283.0
134214 134312 8286.0 8286.0 8283.0 8286.0
134247 134315 8283.0 8286.0 8283.0 8286.0
134247 134317 8283.0 8286.0 8283.0 8286.0
134247 134319 8283.0 8286.0 8283.0 8286.0
134309 134353 8283.0 8288.0 8283.0 8288.0
134309 134402 8283.0 8289.0 8283.0 8289.0

