# Output=[dateStart dateEnd start high low end upperBound lowerBound prediction earning]
084500 084500 8581.0 8582.0 8581.0 8582.0 0.0 0.0 0 0
084500 084501 8581.0 8582.0 8579.0 8579.0 0.0 0.0 -1 24
084500 084501 8581.0 8582.0 8579.0 8580.0 0.0 0.0 -1 -26
084500 084503 8581.0 8582.0 8575.0 8575.0 0.0 0.0 -1 224
084500 084503 8581.0 8582.0 8575.0 8575.0 0.0 0.0 -1 224
084500 084504 8581.0 8582.0 8574.0 8574.0 0.0 0.0 -1 274
084500 084504 8581.0 8582.0 8574.0 8575.0 0.0 0.0 -1 224
084500 084504 8581.0 8582.0 8574.0 8577.0 0.0 0.0 -1 124
084500 084505 8581.0 8582.0 8573.0 8573.0 0.0 0.0 -1 324
084500 084505 8581.0 8582.0 8573.0 8573.0 0.0 0.0 -1 324
084500 084505 8581.0 8582.0 8573.0 8573.0 0.0 0.0 -1 324
084500 084505 8581.0 8582.0 8573.0 8573.0 0.0 0.0 -1 324
084500 084505 8581.0 8582.0 8573.0 8573.0 0.0 0.0 -1 324
084500 084505 8581.0 8582.0 8573.0 8573.0 0.0 0.0 -1 324
084500 084505 8581.0 8582.0 8573.0 8573.0 0.0 0.0 -1 324
084500 084505 8581.0 8582.0 8573.0 8573.0 0.0 0.0 -1 324
084500 084506 8581.0 8582.0 8573.0 8573.0 0.0 0.0 -1 324
084500 084506 8581.0 8582.0 8573.0 8573.0 0.0 0.0 -1 324
084500 084506 8581.0 8582.0 8573.0 8573.0 0.0 0.0 -1 324
084500 084506 8581.0 8582.0 8573.0 8573.0 0.0 0.0 -1 324
084500 084506 8581.0 8582.0 8573.0 8573.0 8580.197646817396 8569.34780772806 -1 324
084500 084506 8581.0 8582.0 8573.0 8573.0 8578.817254077787 8569.910018649485 0 324
084500 084510 8581.0 8582.0 8573.0 8573.0 8577.209956019306 8570.426407617058 -1 324
084500 084510 8581.0 8582.0 8573.0 8574.0 8575.610512125744 8571.480396965164 -1 274
084500 084514 8581.0 8582.0 8567.0 8567.0 8576.519556318306 8569.84408004533 -1 624
084500 084514 8581.0 8582.0 8567.0 8568.0 8576.738752997444 8568.988519729828 -1 574
084500 084514 8581.0 8582.0 8567.0 8568.0 8576.925089978567 8568.256728203252 -1 574
084500 084514 8581.0 8582.0 8567.0 8568.0 8576.872403869336 8567.67305067612 -1 574
084500 084516 8581.0 8582.0 8567.0 8572.0 8576.156516019852 8567.934393071057 -1 374
084500 084519 8581.0 8582.0 8565.0 8565.0 8576.704905375833 8566.658730987803 -1 724
084500 084520 8581.0 8582.0 8557.0 8557.0 8578.828028517155 8563.081062391937 -1 1124
084500 084520 8581.0 8582.0 8557.0 8564.0 8578.873441811344 8562.217467279565 -1 774
084500 084520 8581.0 8582.0 8557.0 8564.0 8578.818538783713 8561.454188489015 -1 774
084500 084520 8581.0 8582.0 8557.0 8565.0 8578.613373447832 8560.932081097624 -1 724
084500 084520 8581.0 8582.0 8557.0 8565.0 8578.346430169622 8560.471751648558 -1 724
084500 084520 8581.0 8582.0 8557.0 8565.0 8578.01970605088 8560.071203040028 -1 724
084500 084520 8581.0 8582.0 8557.0 8565.0 8577.633940604337 8559.729695759299 -1 724
084500 084520 8581.0 8582.0 8557.0 8565.0 8577.188691973366 8559.447671662998 -1 724
084500 084520 8581.0 8582.0 8557.0 8565.0 8576.682291653824 8559.226799255268 -1 724
084500 084525 8581.0 8582.0 8557.0 8563.0 8576.170744961179 8558.829255038821 -1 824
084500 084525 8581.0 8582.0 8557.0 8564.0 8575.531268646135 8558.650549535685 -1 774
084500 084527 8581.0 8582.0 8557.0 8574.0 8575.713191923736 8558.559535348992 -1 274
084500 084527 8581.0 8582.0 8557.0 8574.0 8575.892028776003 8558.471607587633 -1 274
084500 084527 8581.0 8582.0 8557.0 8574.0 8576.067918902376 8558.386626552168 -1 274
084500 084528 8581.0 8582.0 8557.0 8567.0 8575.428618699178 8558.480472209914 -1 624
084500 084530 8581.0 8582.0 8557.0 8568.0 8574.599264134473 8558.764372229163 -1 574
084500 084530 8581.0 8582.0 8557.0 8568.0 8574.662964670106 8558.791580784438 -1 574
084500 084530 8581.0 8582.0 8557.0 8568.0 8574.662964670106 8558.791580784438 -1 574
084500 084530 8581.0 8582.0 8557.0 8568.0 8574.662964670106 8558.791580784438 -1 574
084500 084531 8581.0 8582.0 8557.0 8566.0 8574.55746214938 8558.715265123348 -1 674
084500 084531 8581.0 8582.0 8557.0 8567.0 8573.980786789962 8558.837395028218 -1 624
084500 084531 8581.0 8582.0 8557.0 8568.0 8574.118787490785 8558.972121600124 -1 574
084500 084531 8581.0 8582.0 8557.0 8568.0 8573.383715641292 8560.707193449616 -1 574
084500 084531 8581.0 8582.0 8557.0 8568.0 8573.433774250436 8561.020771204108 -1 574
084500 084531 8581.0 8582.0 8557.0 8568.0 8573.459157502535 8561.359024315645 -1 574
084500 084532 8581.0 8582.0 8557.0 8566.0 8573.446275292104 8561.462815616987 -1 674
084500 084532 8581.0 8582.0 8557.0 8567.0 8573.445447541668 8561.64546154924 -1 624
084500 084532 8581.0 8582.0 8557.0 8569.0 8573.548294761302 8561.906250693242 -1 524
084500 084532 8581.0 8582.0 8557.0 8569.0 8573.626976434005 8562.191205384175 -1 524
084500 084532 8581.0 8582.0 8557.0 8569.0 8573.680154963251 8562.501663218569 -1 524
084500 084532 8581.0 8582.0 8557.0 8569.0 8573.706019199086 8562.83943534637 -1 524
084500 084535 8581.0 8582.0 8557.0 8565.0 8573.499798869754 8563.227473857518 -1 724
084500 084535 8581.0 8582.0 8557.0 8566.0 8573.343392603545 8563.565698305547 -1 674
084500 084535 8581.0 8582.0 8557.0 8567.0 8572.412957631397 8563.85976964133 -1 624
084500 084536 8581.0 8582.0 8557.0 8566.0 8571.285396197522 8564.260058347934 -1 674
084500 084537 8581.0 8582.0 8557.0 8561.0 8570.679160738486 8563.68447562515 -1 924
084500 084538 8581.0 8582.0 8557.0 8560.0 8571.467802640764 8562.259470086508 -1 974
084500 084538 8581.0 8582.0 8557.0 8560.0 8571.885164807134 8561.114835192866 -1 974
084500 084538 8581.0 8582.0 8557.0 8560.0 8572.114975653622 8560.157751619106 -1 974
084500 084539 8581.0 8582.0 8557.0 8559.0 8572.338057804616 8559.116487649928 -1 1024
084500 084539 8581.0 8582.0 8557.0 8559.0 8572.4120040636 8558.224359572763 -1 1024
084500 084539 8581.0 8582.0 8557.0 8559.0 8572.555852638247 8557.444147361753 -1 1024
084500 084539 8581.0 8582.0 8557.0 8559.0 8572.534475137809 8556.73825213492 -1 1024
084500 084539 8581.0 8582.0 8557.0 8559.0 8572.316138659287 8556.138406795257 -1 1024
084500 084539 8581.0 8582.0 8557.0 8559.0 8572.012112246723 8555.624251389641 -1 1024
084500 084539 8581.0 8582.0 8557.0 8559.0 8571.625683675817 8555.192498142364 -1 1024
084500 084539 8581.0 8582.0 8557.0 8559.0 8571.157539736063 8554.842460263937 -1 1024
084500 084540 8581.0 8582.0 8557.0 8562.0 8570.877876457927 8554.758487178437 -1 874
084500 084540 8581.0 8582.0 8557.0 8564.0 8570.553201648907 8554.81043471473 -1 774
084500 084541 8581.0 8582.0 8557.0 8561.0 8569.713176775125 8554.923186861239 -1 924
084500 084541 8581.0 8582.0 8557.0 8562.0 8568.795720578557 8555.204279421443 -1 874
084500 084541 8581.0 8582.0 8557.0 8562.0 8567.753701628908 8555.609934734728 -1 874
084500 084542 8581.0 8582.0 8557.0 8561.0 8566.484026416427 8556.152337219937 -1 924
084500 084543 8581.0 8582.0 8557.0 8559.0 8566.035527335132 8556.055381755776 -1 1024
084500 084543 8581.0 8582.0 8557.0 8560.0 8565.282587910842 8556.262866634614 -1 974
084500 084543 8581.0 8582.0 8557.0 8560.0 8564.058950473018 8556.850140436074 -1 974
084500 084543 8581.0 8582.0 8557.0 8560.0 8562.85398881031 8557.509647553326 -1 974
084500 084545 8581.0 8582.0 8557.0 8561.0 8562.85398881031 8557.509647553326 -1 924
084500 084546 8581.0 8582.0 8557.0 8559.0 8562.853009599543 8557.419717673185 -1 1024
084500 084546 8581.0 8582.0 8557.0 8560.0 8562.853009599543 8557.419717673185 -1 974
084500 084546 8581.0 8582.0 8557.0 8561.0 8562.92118530424 8557.442451059396 -1 924
084500 084547 8581.0 8582.0 8557.0 8558.0 8562.983719956976 8557.289007315752 -1 1074
084500 084548 8581.0 8582.0 8557.0 8560.0 8562.986772476463 8557.376863887173 -1 974
084500 084549 8581.0 8582.0 8557.0 8559.0 8562.986772476463 8557.376863887173 -1 1024
084500 084552 8581.0 8582.0 8557.0 8560.0 8562.986180164635 8557.46836528991 -1 974
084500 084555 8581.0 8582.0 8557.0 8559.0 8562.986180164635 8557.46836528991 -1 1024
084500 084557 8581.0 8582.0 8557.0 8559.0 8562.986180164635 8557.46836528991 -1 1024
084500 084557 8581.0 8582.0 8557.0 8560.0 8562.98175716832 8557.563697377136 -1 974
084500 084600 8581.0 8582.0 8557.0 8559.0 8562.98175716832 8557.563697377136 -1 1024
084500 084600 8581.0 8582.0 8557.0 8560.0 8562.78505837514 8557.578577988495 -1 974
084503 084602 8575.0 8577.0 8557.0 8562.0 8562.257522779602 8557.924295402217 -1 574
084503 084602 8575.0 8577.0 8557.0 8562.0 8562.416352037088 8557.85637523564 -1 574
084503 084603 8575.0 8577.0 8557.0 8559.0 8562.174229226019 8557.825770773981 -1 724
084503 084603 8575.0 8577.0 8557.0 8560.0 8561.900809300017 8557.917372518163 -1 674
084503 084603 8575.0 8577.0 8557.0 8560.0 8561.798526968527 8557.928745758745 -1 674
084504 084604 8574.0 8577.0 8557.0 8559.0 8561.798526968527 8557.928745758745 -1 674
084506 084606 8573.0 8574.0 8557.0 8562.0 8562.084613547975 8557.824477361117 -1 474
084510 084607 8573.0 8574.0 8557.0 8562.0 8562.339896266203 8557.751012824705 -1 474
084514 084611 8567.0 8574.0 8557.0 8561.0 8562.419317904521 8557.762500277298 -1 224
084525 084622 8563.0 8574.0 8558.0 8564.0 8563.051313557637 8557.403231896908 0 -126
084528 084628 8567.0 8569.0 8558.0 8561.0 8563.403576198545 8557.414605619635 -1 224
084530 084629 8568.0 8569.0 8558.0 8559.0 8563.329343327427 8557.579747581665 -1 374
084530 084629 8568.0 8569.0 8558.0 8560.0 8563.329343327427 8557.579747581665 -1 324
084530 084629 8568.0 8569.0 8558.0 8560.0 8563.312310599684 8557.687689400316 -1 324
084530 084629 8568.0 8569.0 8558.0 8560.0 8563.312310599684 8557.687689400316 -1 324
084530 084629 8568.0 8569.0 8558.0 8560.0 8563.290848885552 8557.800060205356 -1 324
084530 084629 8568.0 8569.0 8558.0 8560.0 8563.264625667247 8557.917192514573 -1 324
084530 084629 8568.0 8569.0 8558.0 8560.0 8563.264625667247 8557.917192514573 -1 324
084530 084629 8568.0 8569.0 8558.0 8560.0 8563.23324670129 8558.039480571439 -1 324
084530 084630 8568.0 8569.0 8558.0 8558.0 8563.356295424315 8557.734613666593 -1 424
084530 084630 8568.0 8569.0 8558.0 8559.0 8563.215518007351 8557.602663810829 -1 374
084531 084631 8566.0 8569.0 8558.0 8558.0 8563.114978213503 8557.33956724104 -1 324
084531 084631 8566.0 8569.0 8558.0 8558.0 8563.174923206028 8557.188713157608 -1 324
084535 084633 8565.0 8567.0 8558.0 8558.0 8563.219027369834 8556.962790811986 -1 274
084535 084633 8565.0 8567.0 8558.0 8558.0 8563.247376563544 8556.752623436456 -1 274
084535 084633 8565.0 8567.0 8558.0 8558.0 8563.283606077019 8556.625484832073 -1 274
084535 084633 8565.0 8567.0 8558.0 8558.0 8563.071863147568 8556.473591397888 -1 274
084535 084634 8565.0 8567.0 8558.0 8558.0 8562.819141982649 8556.36267619917 -1 274
084536 084636 8566.0 8566.0 8556.0 8556.0 8562.856249584054 8555.871023143218 -1 424
084541 084641 8561.0 8564.0 8556.0 8558.0 8561.977183248435 8556.204634933385 0 74
084827 084912 8557.0 8573.0 8557.0 8563.0 8576.671264255054 8557.692372108582 1 224
084827 084912 8557.0 8573.0 8557.0 8563.0 8576.671264255054 8557.692372108582 1 224
084827 084912 8557.0 8573.0 8557.0 8563.0 8576.422933685577 8557.304339041695 1 224
084840 084940 8568.0 8573.0 8557.0 8563.0 8576.131946419246 8556.958962671662 0 -326
084853 084949 8573.0 8573.0 8557.0 8558.0 8567.282230221128 8554.445042506144 -1 674
084853 084949 8573.0 8573.0 8557.0 8558.0 8567.231032236623 8554.587149581557 -1 674
084853 084950 8573.0 8573.0 8557.0 8558.0 8567.046103862976 8554.31753250066 -1 674
084906 084957 8557.0 8573.0 8557.0 8558.0 8566.828562961076 8554.080527948016 0 -126
085011 085109 8554.0 8572.0 8554.0 8566.0 8574.419934113026 8556.307338614246 1 524
085011 085110 8554.0 8572.0 8554.0 8565.0 8573.450597775893 8558.27667495138 1 474
085011 085110 8554.0 8572.0 8554.0 8566.0 8573.483314773548 8558.516685226452 1 524
085011 085111 8554.0 8572.0 8554.0 8565.0 8572.229956427007 8560.679134482085 1 474
085011 085111 8554.0 8572.0 8554.0 8571.0 8572.74027033901 8560.805184206445 1 774
085015 085112 8555.0 8572.0 8555.0 8565.0 8572.035527335132 8562.055381755776 1 424
085015 085112 8555.0 8572.0 8555.0 8570.0 8572.341666610557 8562.112878843987 1 674
085015 085115 8555.0 8572.0 8555.0 8565.0 8572.045249791096 8561.954750208904 1 424
085022 085118 8559.0 8572.0 8559.0 8570.0 8572.356454353003 8562.007182010633 1 474
085022 085119 8559.0 8572.0 8559.0 8565.0 8572.36896961133 8561.903757661397 1 224
085025 085125 8566.0 8572.0 8565.0 8565.0 8572.379287117183 8561.802531064637 0 -126
085036 085131 8571.0 8572.0 8562.0 8563.0 8569.817254077787 8560.910018649485 -1 324
085036 085132 8571.0 8572.0 8561.0 8561.0 8569.992275111026 8560.37136125261 -1 424
085036 085135 8571.0 8572.0 8561.0 8563.0 8569.986513461032 8560.195304720788 -1 324
085038 085137 8572.0 8572.0 8561.0 8563.0 8569.972652484064 8560.027347515936 -1 374
085043 085139 8572.0 8572.0 8561.0 8563.0 8569.883431888102 8559.84384083917 -1 374
085043 085140 8572.0 8572.0 8561.0 8563.0 8569.779070541617 8559.675474912927 -1 374
085043 085141 8572.0 8572.0 8561.0 8563.0 8569.737003686947 8559.535723585781 -1 374
085043 085142 8572.0 8572.0 8561.0 8563.0 8569.607926104683 8559.392073895317 -1 374
085043 085142 8572.0 8572.0 8561.0 8563.0 8569.549274524808 8559.268907293372 -1 374
085043 085142 8572.0 8572.0 8561.0 8563.0 8568.329771515617 8559.761137575291 -1 374
085047 085145 8566.0 8571.0 8561.0 8563.0 8568.238862424709 8559.670228484383 0 74
085125 085225 8565.0 8568.0 8560.0 8568.0 8567.358388279092 8559.096157175452 0 -226
085905 085955 8572.0 8572.0 8561.0 8564.0 8567.976181156473 8559.932909752619 -1 324
085905 090000 8572.0 8572.0 8561.0 8563.0 8567.950201958343 8559.867979859837 -1 374
085905 090001 8572.0 8572.0 8561.0 8561.0 8567.990948275681 8559.554506269775 -1 474
085905 090002 8572.0 8572.0 8560.0 8560.0 8568.089761102423 8559.092057079397 -1 524
085905 090002 8572.0 8572.0 8560.0 8560.0 8568.144224233856 8558.673957584324 -1 524
085905 090004 8572.0 8572.0 8560.0 8562.0 8568.081158871793 8558.55520476457 -1 424
085905 090005 8572.0 8572.0 8560.0 8562.0 8568.011026224334 8558.44351923021 -1 424
085905 090005 8572.0 8572.0 8560.0 8563.0 8567.95432899942 8558.409307364216 -1 374
085905 090005 8572.0 8572.0 8560.0 8563.0 8567.895869131895 8558.376858140833 -1 374
085905 090005 8572.0 8572.0 8560.0 8563.0 8567.835632127528 8558.346186054292 -1 374
085905 090005 8572.0 8572.0 8560.0 8563.0 8567.835632127528 8558.346186054292 -1 374
085917 090012 8565.0 8570.0 8560.0 8563.0 8567.835632127528 8558.346186054292 0 24
085923 090022 8565.0 8570.0 8554.0 8557.0 8562.474999445405 8553.161364190959 -1 324
085923 090022 8565.0 8570.0 8554.0 8557.0 8561.623211180364 8553.467697910544 -1 324
085923 090022 8565.0 8570.0 8554.0 8557.0 8561.487467820512 8553.42162308858 -1 324
085923 090022 8565.0 8570.0 8554.0 8557.0 8561.34292156877 8553.384351158502 -1 324
085923 090022 8565.0 8570.0 8554.0 8566.0 8563.020744312736 8552.3428920509 -1 -126
085923 090022 8565.0 8570.0 8554.0 8568.0 8564.937516503187 8551.244301678633 -1 -226
085923 090023 8565.0 8570.0 8552.0 8552.0 8565.057376591843 8550.488077953612 0 574
085923 090023 8565.0 8570.0 8552.0 8554.0 8563.893024533363 8547.834248193909 -1 474
085923 090023 8565.0 8570.0 8552.0 8554.0 8563.877876457927 8547.758487178437 -1 474
085923 090023 8565.0 8570.0 8552.0 8554.0 8563.861593204743 8547.683861340713 -1 474
085923 090023 8565.0 8570.0 8552.0 8554.0 8563.803312975631 8547.560323388005 -1 474
085923 090023 8565.0 8570.0 8552.0 8554.0 8563.740846980447 8547.440971201373 -1 474
085923 090023 8565.0 8570.0 8552.0 8554.0 8563.674238913696 8547.325761086304 -1 474
085923 090023 8565.0 8570.0 8552.0 8554.0 8563.603525626053 8547.214656192127 -1 474
085923 090023 8565.0 8570.0 8552.0 8554.0 8563.528737410863 8547.107626225501 -1 474
085923 090023 8565.0 8570.0 8552.0 8554.0 8563.375748610359 8546.987887753277 -1 474
085923 090023 8565.0 8570.0 8552.0 8554.0 8563.213624981021 8546.877284109887 -1 474
085923 090023 8565.0 8570.0 8552.0 8554.0 8563.042279725943 8546.775902092237 -1 474
085923 090023 8565.0 8570.0 8552.0 8554.0 8562.861593204743 8546.683861340713 -1 474
085923 090023 8565.0 8570.0 8552.0 8554.0 8562.671410834177 8546.601316438551 -1 474
085926 090025 8562.0 8570.0 8552.0 8555.0 8560.469406981907 8547.803320290821 0 274
085928 090028 8561.0 8570.0 8552.0 8553.0 8555.283765170032 8551.716234829968 -1 324
085930 090029 8568.0 8570.0 8552.0 8552.0 8555.283765170032 8551.716234829968 -1 724
085938 090034 8561.0 8570.0 8552.0 8554.0 8555.259778159154 8551.922040022666 -1 274
085938 090034 8561.0 8570.0 8552.0 8555.0 8555.343308075875 8552.11123737867 -1 224
085946 090046 8564.0 8570.0 8552.0 8557.0 8555.906446413963 8552.002644495129 -1 274
085946 090046 8564.0 8570.0 8552.0 8557.0 8556.325422931373 8552.038213432263 -1 274
085953 090047 8570.0 8570.0 8552.0 8552.0 8556.419317904521 8551.762500277298 -1 824
085953 090048 8570.0 8570.0 8552.0 8552.0 8556.486326242033 8551.513673757967 -1 824
085953 090048 8570.0 8570.0 8552.0 8553.0 8556.475531749793 8551.433559159299 -1 774
085953 090048 8570.0 8570.0 8552.0 8553.0 8556.461030699566 8551.357151118615 -1 774
085953 090049 8570.0 8570.0 8552.0 8552.0 8556.490352446674 8551.14601118969 -1 824
085955 090054 8564.0 8568.0 8546.0 8546.0 8557.663940691924 8549.245150217168 -1 824
085955 090054 8564.0 8568.0 8546.0 8547.0 8558.119807299516 8548.152919973212 -1 774
085955 090054 8564.0 8568.0 8546.0 8547.0 8558.398548819354 8547.23781481701 -1 774
085955 090054 8564.0 8568.0 8546.0 8547.0 8558.552798000625 8546.447201999375 -1 774
085955 090054 8564.0 8568.0 8546.0 8547.0 8558.61006164715 8545.753574716486 -1 774
085955 090054 8564.0 8568.0 8546.0 8547.0 8558.58660796163 8545.140664765642 -1 774
085955 090054 8564.0 8568.0 8546.0 8548.0 8558.430874293083 8544.750943888737 -1 724
085955 090054 8564.0 8568.0 8546.0 8548.0 8558.230262511008 8544.406101125356 -1 724
085955 090054 8564.0 8568.0 8546.0 8548.0 8557.986171635137 8544.104737455771 -1 724
085955 090054 8564.0 8568.0 8546.0 8548.0 8557.554539402006 8543.900006052538 -1 724
085955 090054 8564.0 8568.0 8546.0 8550.0 8557.35065870728 8543.83115947454 -1 624
085955 090054 8564.0 8568.0 8546.0 8550.0 8557.134972025773 8543.774118883319 -1 624
085955 090054 8564.0 8568.0 8546.0 8550.0 8557.011820108648 8543.715452618624 -1 624
085955 090054 8564.0 8568.0 8546.0 8550.0 8556.638283965296 8543.72535239834 -1 624
085955 090054 8564.0 8568.0 8546.0 8550.0 8556.059007986982 8543.85008292211 -1 624
085955 090054 8564.0 8568.0 8546.0 8550.0 8554.912224774018 8544.36050249871 -1 624
085955 090055 8564.0 8568.0 8546.0 8546.0 8553.538654550111 8544.734072722616 -1 824
085955 090055 8564.0 8568.0 8546.0 8546.0 8553.265927277384 8544.461345449889 -1 824
085955 090055 8564.0 8568.0 8546.0 8546.0 8552.925089978567 8544.256728203252 -1 824
090000 090056 8563.0 8568.0 8545.0 8545.0 8552.358388279092 8544.096157175452 -1 824
090000 090056 8563.0 8568.0 8545.0 8548.0 8551.567530340064 8544.432469659936 -1 674
090000 090056 8563.0 8568.0 8545.0 8548.0 8550.930407776113 8544.70595586025 -1 674
090000 090100 8563.0 8568.0 8545.0 8547.0 8550.896514057747 8544.830758669525 -1 724
090000 090100 8563.0 8568.0 8545.0 8547.0 8550.896514057747 8544.830758669525 -1 724
090001 090101 8561.0 8568.0 8545.0 8545.0 8551.016284140893 8544.529170404563 -1 724
090001 090101 8561.0 8568.0 8545.0 8545.0 8551.11356110694 8544.250075256696 -1 724
090001 090101 8561.0 8568.0 8545.0 8545.0 8551.191873149153 8543.989945032667 -1 724
090001 090101 8561.0 8568.0 8545.0 8545.0 8551.253785967649 8543.746214032351 -1 724
090001 090101 8561.0 8568.0 8545.0 8545.0 8551.25046515026 8543.476807577012 -1 724
090001 090101 8561.0 8568.0 8545.0 8545.0 8551.224172352178 8543.230373102366 -1 724
090001 090101 8561.0 8568.0 8545.0 8545.0 8551.176764555317 8543.005053626503 -1 724
090001 090101 8561.0 8568.0 8545.0 8545.0 8551.109598138919 8542.799492770173 -1 724
090001 090101 8561.0 8568.0 8545.0 8545.0 8550.735528670008 8542.719016784537 -1 724
090001 090101 8561.0 8568.0 8545.0 8545.0 8550.301913393878 8542.698086606122 -1 724
090001 090101 8561.0 8568.0 8545.0 8545.0 8549.798312623576 8542.74714192188 -1 724
090001 090101 8561.0 8568.0 8545.0 8545.0 8549.20642520922 8542.884483881688 -1 724
090001 090101 8561.0 8568.0 8545.0 8545.0 8548.490352446674 8543.14601118969 -1 724
090001 090101 8561.0 8568.0 8545.0 8545.0 8547.559673438884 8543.622144742936 -1 724
090001 090101 8561.0 8568.0 8545.0 8545.0 8547.520505543855 8543.570403547054 -1 724
090001 090101 8561.0 8568.0 8545.0 8545.0 8547.477142106449 8543.522857893551 -1 724
090001 090101 8561.0 8568.0 8545.0 8545.0 8547.429596452946 8543.479494456145 -1 724
090001 090101 8561.0 8568.0 8545.0 8545.0 8547.429596452946 8543.479494456145 -1 724
090001 090101 8561.0 8568.0 8545.0 8545.0 8546.957068761574 8543.67929487479 -1 724
090002 090102 8560.0 8568.0 8544.0 8544.0 8546.386157007715 8543.886570265013 -1 724
090002 090102 8560.0 8568.0 8544.0 8544.0 8546.044465935734 8543.955534064266 -1 724
090002 090102 8560.0 8568.0 8544.0 8545.0 8545.484050483667 8544.334131334514 -1 674
090002 090102 8560.0 8568.0 8544.0 8545.0 8545.484050483667 8544.334131334514 -1 674
090002 090102 8560.0 8568.0 8544.0 8545.0 8545.484050483667 8544.334131334514 -1 674
090004 090103 8562.0 8568.0 8543.0 8543.0 8545.797302692206 8543.839060944158 -1 874
090004 090103 8562.0 8568.0 8543.0 8543.0 8545.960423633294 8543.49412182125 -1 874
090004 090103 8562.0 8568.0 8543.0 8545.0 8545.960423633294 8543.49412182125 -1 774
090004 090104 8562.0 8568.0 8543.0 8543.0 8546.056409031984 8543.216318240744 -1 874
090004 090104 8562.0 8568.0 8543.0 8543.0 8546.109513684916 8542.981395405992 -1 874
090004 090104 8562.0 8568.0 8543.0 8543.0 8546.130826264964 8542.778264644128 -1 874
090012 090107 8563.0 8568.0 8543.0 8543.0 8546.12642903906 8542.600843688211 -1 924
090012 090108 8563.0 8568.0 8542.0 8542.0 8546.221064745405 8542.23348070914 -1 974
090012 090111 8563.0 8568.0 8542.0 8542.0 8546.257522779602 8541.924295402217 -1 974
090012 090111 8563.0 8568.0 8542.0 8542.0 8546.248987175295 8541.660103733797 -1 974
090012 090111 8563.0 8568.0 8542.0 8549.0 8547.228609336673 8541.044117936055 -1 624
090012 090112 8563.0 8568.0 8542.0 8544.0 8547.160353275662 8541.021464906158 -1 874
090015 090115 8560.0 8568.0 8542.0 8548.0 8547.687793874667 8540.766751579877 -1 524
090015 090115 8560.0 8568.0 8542.0 8548.0 8548.155755202657 8540.571517524615 -1 524
090015 090115 8560.0 8568.0 8542.0 8548.0 8548.578769868032 8540.421230131968 -1 524
090015 090115 8560.0 8568.0 8542.0 8548.0 8548.965774872651 8540.306952400077 -1 524
090022 090116 8554.0 8568.0 8542.0 8551.0 8549.986996379552 8539.831185438628 -1 74
090026 090126 8553.0 8557.0 8542.0 8544.0 8549.986996379552 8539.831185438628 -1 374
090026 090126 8553.0 8557.0 8542.0 8554.0 8551.675110893711 8539.05216183356 -1 -126
090028 090128 8553.0 8557.0 8542.0 8554.0 8553.032374601547 8538.513079943908 -1 -126
090046 090138 8557.0 8559.0 8542.0 8559.0 8555.507723991424 8537.310457826756 -1 -176
090046 090145 8557.0 8560.0 8542.0 8560.0 8557.77495141255 8536.40686676927 -1 -226
090046 090145 8557.0 8560.0 8542.0 8560.0 8559.654163447936 8536.073109279336 0 -226
090138 090233 8559.0 8561.0 8544.0 8557.0 8563.998251586585 8545.092657504323 0 -176
090213 090309 8544.0 8565.0 8544.0 8551.0 8565.074852408261 8546.561511228103 1 274
090213 090309 8544.0 8565.0 8544.0 8551.0 8564.914688716914 8546.085311283086 1 274
090213 090313 8544.0 8565.0 8544.0 8551.0 8564.318627440272 8545.772281650636 1 274
090225 090321 8554.0 8565.0 8549.0 8549.0 8563.654131324813 8546.891323220643 0 -326
090500 090538 8549.0 8568.0 8540.0 8559.0 8562.72222027222 8549.641416091416 1 424
090500 090538 8549.0 8568.0 8540.0 8559.0 8560.03383332555 8551.511621219906 1 424
090500 090538 8549.0 8568.0 8540.0 8559.0 8559.83179270907 8552.531843654566 1 424
090500 090542 8549.0 8571.0 8540.0 8571.0 8564.025028856491 8549.8840620526 1 1024
090500 090543 8549.0 8571.0 8540.0 8561.0 8564.412419605846 8550.13303493961 1 524
090500 090544 8549.0 8571.0 8540.0 8561.0 8564.742745241898 8550.439072939922 1 524
090500 090545 8549.0 8571.0 8540.0 8561.0 8565.016298285705 8550.801883532475 1 524
090500 090548 8549.0 8571.0 8540.0 8561.0 8565.23199368549 8551.222551769055 1 524
090500 090559 8549.0 8571.0 8540.0 8562.0 8565.510159993852 8551.671658187968 1 574
090500 090600 8549.0 8571.0 8540.0 8558.0 8565.47417284192 8551.980372612625 1 374
090500 090600 8549.0 8571.0 8540.0 8559.0 8565.457070220133 8552.361111598048 1 424
090500 090600 8549.0 8571.0 8540.0 8559.0 8565.469196664337 8552.621712426571 1 424
090502 090602 8546.0 8571.0 8540.0 8562.0 8565.710972178818 8552.925391457546 1 724
090514 090613 8548.0 8571.0 8540.0 8561.0 8565.804332537475 8553.286576553433 1 574
090514 090613 8548.0 8571.0 8540.0 8562.0 8565.957070187686 8553.679293448678 1 624
090514 090613 8548.0 8571.0 8540.0 8562.0 8566.057759665973 8554.124058515847 1 624
090514 090613 8548.0 8571.0 8540.0 8562.0 8566.101721395658 8554.625551331614 1 624
090518 090615 8563.0 8571.0 8540.0 8562.0 8566.172016537517 8555.009801644303 0 -126
090527 090624 8550.0 8571.0 8550.0 8560.0 8565.990941328073 8555.7363313992 1 424
090535 090634 8554.0 8571.0 8554.0 8560.0 8565.986996379552 8555.831185438628 1 224
090542 090639 8571.0 8571.0 8558.0 8560.0 8565.980922162466 8555.928168746626 -1 -626
090543 090643 8561.0 8562.0 8558.0 8558.0 8566.022676767427 8555.795505050753 0 74
090619 090717 8560.0 8568.0 8532.0 8537.0 8553.856887247293 8530.59765820725 -1 1074
090619 090717 8560.0 8568.0 8532.0 8537.0 8552.54507888164 8530.545830209268 -1 1074
090619 090717 8560.0 8568.0 8532.0 8537.0 8551.651504375182 8530.348495624818 -1 1074
090619 090717 8560.0 8568.0 8532.0 8537.0 8550.817681205317 8530.182318794683 -1 1074
090619 090717 8560.0 8568.0 8532.0 8537.0 8549.871906880362 8530.128093119638 -1 1074
090619 090717 8560.0 8568.0 8532.0 8537.0 8549.332575727982 8529.940151544746 -1 1074
090619 090717 8560.0 8568.0 8532.0 8537.0 8548.734263150007 8529.811191395449 -1 1074
090619 090717 8560.0 8568.0 8532.0 8537.0 8547.693814725424 8529.94254891094 -1 1074
090619 090717 8560.0 8568.0 8532.0 8537.0 8546.511038728147 8530.216233999125 -1 1074
090619 090717 8560.0 8568.0 8532.0 8537.0 8545.143078641482 8530.675103176698 -1 1074
090619 090717 8560.0 8568.0 8532.0 8537.0 8544.323707804104 8530.858110377716 -1 1074
090619 090717 8560.0 8568.0 8532.0 8537.0 8543.39813837379 8531.147316171666 -1 1074
090619 090717 8560.0 8568.0 8532.0 8537.0 8542.330494342536 8531.578596566556 -1 1074
090619 090717 8560.0 8568.0 8532.0 8537.0 8541.04896767255 8532.223759600178 -1 1074
090619 090717 8560.0 8568.0 8532.0 8537.0 8538.77231401543 8533.773140530026 -1 1074
090619 090717 8560.0 8568.0 8532.0 8537.0 8538.178744119328 8534.821255880672 -1 1074
090619 090717 8560.0 8568.0 8532.0 8537.0 8538.147022069876 8535.034796111944 -1 1074
090619 090717 8560.0 8568.0 8532.0 8538.0 8538.22658386386 8535.227961590685 -1 1024
090619 090717 8560.0 8568.0 8532.0 8538.0 8538.251303411134 8535.475969316138 -1 1024
090619 090717 8560.0 8568.0 8532.0 8538.0 8538.20604537831 8535.79395462169 -1 1024
090619 090717 8560.0 8568.0 8532.0 8538.0 8538.04998869283 8536.222738579898 -1 1024
090619 090717 8560.0 8568.0 8532.0 8538.0 8538.06541313248 8536.389132322063 -1 1024
090619 090717 8560.0 8568.0 8532.0 8538.0 8538.163450815558 8536.382003729897 -1 1024
090619 090717 8560.0 8568.0 8532.0 8539.0 8538.499090545163 8536.228182182109 -1 974
090619 090717 8560.0 8568.0 8532.0 8539.0 8538.76565500926 8536.143435899832 -1 974
090619 090717 8560.0 8568.0 8532.0 8539.0 8538.988591624216 8536.102317466692 -1 974
090619 090717 8560.0 8568.0 8532.0 8539.0 8539.179142068044 8536.093585204684 -1 974
090619 090717 8560.0 8568.0 8532.0 8539.0 8539.343308075875 8536.11123737867 -1 974
090619 090717 8560.0 8568.0 8532.0 8541.0 8539.990095116773 8535.828086701407 -1 874
090619 090717 8560.0 8568.0 8532.0 8542.0 8540.78523677897 8535.487490493759 -1 824
090619 090717 8560.0 8568.0 8532.0 8542.0 8541.411464475315 8535.315808251957 -1 824
090619 090717 8560.0 8568.0 8532.0 8542.0 8541.929885031312 8535.251933150508 -1 824
090619 090717 8560.0 8568.0 8532.0 8542.0 8542.367131144718 8535.269232491646 -1 824
090619 090717 8560.0 8568.0 8532.0 8542.0 8542.737080091681 8535.353828999227 -1 824
090619 090717 8560.0 8568.0 8532.0 8542.0 8543.047370816732 8535.498083728724 -1 824
090619 090717 8560.0 8568.0 8532.0 8542.0 8543.301913393878 8535.698086606122 -1 824
090619 090717 8560.0 8568.0 8532.0 8543.0 8543.677587562712 8535.867866982744 -1 774
090619 090717 8560.0 8568.0 8532.0 8543.0 8543.97563024022 8536.115278850688 -1 774
090619 090717 8560.0 8568.0 8532.0 8543.0 8544.197561507883 8536.438802128481 -1 774
090619 090717 8560.0 8568.0 8532.0 8543.0 8544.44077914284 8536.650129948068 -1 774
090619 090717 8560.0 8568.0 8532.0 8543.0 8544.630744577078 8536.914709968378 -1 774
090619 090717 8560.0 8568.0 8532.0 8551.0 8546.941040600064 8535.786232127208 -1 374
090619 090718 8560.0 8568.0 8532.0 8532.0 8547.776282294855 8534.405535886965 -1 1324
090619 090718 8560.0 8568.0 8532.0 8533.0 8548.256395832332 8533.47087689494 -1 1274
090619 090718 8560.0 8568.0 8532.0 8533.0 8548.648750740556 8532.623976532172 -1 1274
090619 090718 8560.0 8568.0 8532.0 8533.0 8548.966922301324 8531.760350425948 -1 1274
090619 090718 8560.0 8568.0 8532.0 8533.0 8549.214486756578 8530.967331425241 -1 1274
090619 090718 8560.0 8568.0 8532.0 8533.0 8549.402949347706 8530.233414288658 -1 1274
090619 090718 8560.0 8568.0 8532.0 8533.0 8549.540494637733 8529.550414453175 -1 1274
090619 090718 8560.0 8568.0 8532.0 8533.0 8549.633173352662 8528.912281192794 -1 1274
090619 090718 8560.0 8568.0 8532.0 8533.0 8549.559043378622 8528.259138439558 -1 1274
090619 090718 8560.0 8568.0 8532.0 8533.0 8549.333449882823 8527.666550117177 -1 1274
090619 090718 8560.0 8568.0 8532.0 8534.0 8549.012450073973 8527.260277198755 -1 1224
090619 090718 8560.0 8568.0 8532.0 8534.0 8548.642733012992 8526.902721532464 -1 1224
090619 090718 8560.0 8568.0 8532.0 8534.0 8548.224216527813 8526.593965290367 -1 1224
090619 090719 8560.0 8568.0 8532.0 8536.0 8547.775834821881 8526.496892450847 -1 1124
090619 090719 8560.0 8568.0 8532.0 8538.0 8547.390101330793 8526.518989578299 -1 1024
090619 090719 8560.0 8568.0 8532.0 8553.0 8549.705367656672 8525.20372325242 -1 274
090624 090721 8560.0 8568.0 8532.0 8539.0 8549.305739714746 8525.23971483071 -1 974
090624 090721 8560.0 8568.0 8532.0 8539.0 8548.890895083337 8525.290923098482 -1 974
090634 090725 8560.0 8568.0 8532.0 8539.0 8548.459912854012 8525.358268964168 -1 974
090634 090731 8560.0 8568.0 8532.0 8536.0 8547.834640126617 8525.347178055203 -1 1124
090634 090731 8560.0 8568.0 8532.0 8536.0 8547.163621186817 8525.381833358639 -1 1124
090634 090732 8560.0 8568.0 8532.0 8532.0 8544.326063304148 8526.492118514032 -1 1324
090634 090732 8560.0 8568.0 8532.0 8533.0 8544.31153597005 8526.597554939042 -1 1274
090634 090732 8560.0 8568.0 8532.0 8534.0 8544.31630720468 8526.68369279532 -1 1224
090634 090732 8560.0 8568.0 8532.0 8534.0 8544.319948008737 8526.770961082171 -1 1224
090634 090733 8560.0 8568.0 8532.0 8534.0 8544.322442141955 8526.859376039865 -1 1224
090639 090735 8560.0 8568.0 8532.0 8535.0 8544.34493464051 8527.018701723126 -1 1174
090639 090736 8560.0 8568.0 8532.0 8535.0 8544.363035091994 8527.182419453462 -1 1174
090639 090736 8560.0 8568.0 8532.0 8555.0 8548.417965365954 8525.127489179502 -1 174
090639 090736 8560.0 8568.0 8532.0 8555.0 8551.5360754143 8524.009379131156 -1 174
090639 090736 8560.0 8568.0 8532.0 8555.0 8554.110521569311 8523.434932976144 -1 174
090639 090736 8560.0 8568.0 8532.0 8555.0 8556.297439545639 8523.248014999817 -1 174
090639 090736 8560.0 8568.0 8532.0 8555.0 8558.20642205317 8523.248123401374 -1 174
090639 090736 8560.0 8568.0 8532.0 8555.0 8559.866590669073 8523.497045694563 -1 174
090639 090736 8560.0 8568.0 8532.0 8555.0 8561.306178404355 8523.966548868373 0 174
090711 090806 8549.0 8555.0 8531.0 8531.0 8535.984813248575 8529.46973220597 -1 824
090717 090816 8532.0 8555.0 8529.0 8529.0 8536.054766326548 8528.945233673452 0 74
090719 090819 8536.0 8555.0 8516.0 8527.0 8533.999132483648 8522.09177660726 -1 374
090719 090819 8536.0 8555.0 8516.0 8527.0 8533.68820671987 8522.039066007403 -1 374
090719 090819 8536.0 8555.0 8516.0 8527.0 8533.351077028243 8522.012559335393 -1 374
090725 090825 8539.0 8555.0 8516.0 8530.0 8533.213767872792 8522.058959399936 -1 374
090731 090827 8536.0 8555.0 8516.0 8530.0 8533.318914908337 8522.044721455299 -1 224
090733 090833 8534.0 8555.0 8516.0 8530.0 8533.421985368495 8522.032560086049 0 124
090801 090901 8533.0 8533.0 8516.0 8522.0 8531.826972616822 8520.536663746814 -1 474
090801 090901 8533.0 8533.0 8516.0 8522.0 8531.846829244763 8520.062261664329 -1 474
090801 090901 8533.0 8533.0 8516.0 8522.0 8531.822928950633 8519.631616503912 -1 474
090801 090901 8533.0 8533.0 8516.0 8522.0 8531.7595381764 8519.2404618236 -1 474
090801 090901 8533.0 8533.0 8516.0 8523.0 8531.625071662165 8519.011291974199 -1 424
090801 090901 8533.0 8533.0 8516.0 8523.0 8531.469406981907 8518.803320290821 -1 424
090801 090901 8533.0 8533.0 8516.0 8524.0 8531.295741706612 8518.704258293388 -1 374
090801 090901 8533.0 8533.0 8516.0 8524.0 8531.10995759502 8518.617315132253 -1 374
090801 090901 8533.0 8533.0 8516.0 8525.0 8530.94986453795 8518.595590007506 -1 324
090802 090902 8532.0 8533.0 8516.0 8525.0 8530.289297817793 8518.801611273115 -1 274
090816 090916 8529.0 8534.0 8516.0 8534.0 8531.338057804616 8518.116487649928 0 -326
090818 090918 8516.0 8535.0 8516.0 8524.0 8533.324499822496 8517.948227450232 1 324
090818 090918 8516.0 8535.0 8516.0 8524.0 8533.305336917665 8517.876481264155 1 324
090825 090922 8530.0 8535.0 8516.0 8523.0 8533.286935445756 8517.713064554244 0 -426
090900 090952 8516.0 8535.0 8516.0 8517.0 8523.734841920063 8514.99243080721 1 -26
090900 090954 8516.0 8535.0 8516.0 8517.0 8523.021623223387 8515.069285867521 0 -26
090900 090954 8516.0 8535.0 8516.0 8534.0 8526.283715771027 8512.170829683517 1 824
090900 090955 8516.0 8535.0 8516.0 8516.0 8526.025028856491 8511.8840620526 0 -76
090916 091004 8534.0 8535.0 8512.0 8518.0 8523.519766045101 8505.20750668217 -1 724
090916 091005 8534.0 8535.0 8512.0 8522.0 8524.313806096125 8504.958921176603 -1 524
090916 091007 8534.0 8535.0 8512.0 8521.0 8519.653152913923 8508.437756176985 -1 574
090916 091007 8534.0 8535.0 8512.0 8521.0 8520.694979604748 8508.123202213432 -1 574
090916 091007 8534.0 8535.0 8512.0 8521.0 8521.59333290251 8507.952121642946 -1 574
090916 091007 8534.0 8535.0 8512.0 8521.0 8522.38005567704 8507.892671595688 -1 574
090916 091009 8534.0 8535.0 8512.0 8520.0 8522.906873284335 8508.002217624757 -1 624
090916 091009 8534.0 8535.0 8512.0 8521.0 8523.532073976581 8508.104289659783 -1 574
090916 091009 8534.0 8535.0 8512.0 8523.0 8524.449898235462 8508.004647219082 -1 474
090916 091009 8534.0 8535.0 8512.0 8523.0 8525.259747555812 8507.922070626008 -1 474
090916 091010 8534.0 8535.0 8512.0 8524.0 8526.165151389912 8507.834848610088 -1 424
090916 091012 8534.0 8535.0 8512.0 8524.0 8526.882132419249 8508.20877667166 -1 424
090916 091014 8534.0 8535.0 8512.0 8522.0 8527.184967956593 8508.815032043407 -1 524
090918 091017 8524.0 8534.0 8512.0 8525.0 8527.828364287683 8509.353453894137 0 -126
090939 091039 8522.0 8546.0 8512.0 8546.0 8540.226032981001 8520.228512473543 1 1124
090941 091040 8518.0 8546.0 8512.0 8532.0 8540.23284572982 8520.948972451999 1 624
090941 091041 8518.0 8546.0 8512.0 8535.0 8540.219846197553 8522.143790166083 1 774
091000 091057 8513.0 8546.0 8512.0 8535.0 8540.386334120376 8522.886393152352 1 1024
091005 091105 8522.0 8546.0 8520.0 8532.0 8540.211273239753 8523.69781766934 1 424
091007 091107 8521.0 8546.0 8520.0 8533.0 8540.002554712366 8524.633808923998 1 524
091014 091113 8522.0 8546.0 8522.0 8533.0 8539.918542738687 8525.263275443132 1 474
091019 091118 8527.0 8546.0 8527.0 8533.0 8539.867007990902 8525.769355645461 0 224
091151 091226 8532.0 8546.0 8516.0 8518.0 8521.47396670212 8515.071487843335 -1 624
091151 091239 8532.0 8546.0 8516.0 8522.0 8520.78505837514 8515.578577988495 -1 424
091151 091242 8532.0 8546.0 8516.0 8522.0 8521.403576198545 8515.414605619635 -1 424
091151 091248 8532.0 8546.0 8516.0 8522.0 8521.91413752315 8515.358589749578 -1 424
091151 091250 8532.0 8546.0 8516.0 8523.0 8522.595341045777 8515.131931681495 -1 374
091151 091250 8532.0 8546.0 8516.0 8524.0 8523.393512569528 8514.788305612292 -1 324
091155 091254 8546.0 8546.0 8516.0 8526.0 8524.584525573631 8514.233656244549 -1 924
091155 091255 8546.0 8546.0 8516.0 8526.0 8525.579446159792 8513.875099294752 -1 924
091155 091255 8546.0 8546.0 8516.0 8527.0 8526.666596843646 8513.515221338173 -1 874
091200 091300 8546.0 8546.0 8516.0 8528.0 8527.82988899829 8513.17011100171 -1 824
091202 091302 8530.0 8546.0 8516.0 8546.0 8534.592756051152 8508.861789403392 -1 -876
091209 091308 8527.0 8546.0 8516.0 8530.0 8535.47912430537 8508.975421149175 0 -226
091353 091422 8527.0 8548.0 8527.0 8547.0 8549.037544419645 8536.50791012581 1 924
091353 091425 8527.0 8548.0 8527.0 8547.0 8548.852683828334 8536.60186162621 1 924
091353 091425 8527.0 8548.0 8527.0 8547.0 8549.145310134423 8537.127417138305 1 924
091353 091425 8527.0 8549.0 8527.0 8549.0 8549.683014235752 8537.589713036976 1 1024
091353 091426 8527.0 8550.0 8527.0 8550.0 8550.261183089928 8538.102453273708 1 1074
091353 091426 8527.0 8550.0 8527.0 8550.0 8550.641256715378 8538.813288739166 1 1074
091353 091426 8527.0 8550.0 8527.0 8550.0 8550.977587127589 8539.476958326955 1 1074
091353 091426 8527.0 8550.0 8527.0 8550.0 8551.286568233381 8540.077068130255 1 1074
091353 091426 8527.0 8551.0 8527.0 8551.0 8551.872041125667 8540.309777056153 1 1124
091353 091426 8527.0 8551.0 8527.0 8551.0 8552.338742081212 8540.661257918788 1 1124
091353 091426 8527.0 8553.0 8527.0 8553.0 8553.090230627071 8540.909769372929 1 1224
091353 091426 8527.0 8555.0 8527.0 8555.0 8554.289028582272 8540.710971417728 1 1324
091353 091426 8527.0 8566.0 8527.0 8566.0 8558.604004606635 8538.395995393365 1 1874
091353 091426 8527.0 8566.0 8527.0 8566.0 8561.779350785515 8537.129740123577 1 1874
091353 091426 8527.0 8566.0 8527.0 8566.0 8564.35260150016 8536.46558031802 1 1874
091353 091428 8527.0 8566.0 8527.0 8550.0 8564.381385274568 8536.89134199816 1 1074
091353 091431 8527.0 8566.0 8527.0 8553.0 8564.579085783436 8537.330005125656 1 1224
091353 091431 8527.0 8566.0 8527.0 8553.0 8564.764182784013 8537.690362670532 1 1224
091353 091432 8527.0 8566.0 8527.0 8553.0 8564.746501507992 8538.617134855644 1 1224
091353 091434 8527.0 8566.0 8527.0 8551.0 8564.634728474975 8539.365271525025 1 1124
091353 091434 8527.0 8566.0 8527.0 8551.0 8564.158892319587 8540.750198589505 1 1124
091353 091436 8527.0 8566.0 8527.0 8553.0 8564.061545333629 8541.574818302735 1 1224
091353 091442 8527.0 8566.0 8527.0 8549.0 8563.994037145218 8541.824144672963 1 1024
091353 091443 8527.0 8566.0 8527.0 8551.0 8563.910236761318 8542.271581420502 1 1124
091353 091444 8527.0 8566.0 8527.0 8548.0 8563.860939568569 8542.411787704159 1 974
091353 091444 8527.0 8566.0 8527.0 8548.0 8563.893418747282 8542.288399434537 1 974
091353 091444 8527.0 8566.0 8527.0 8549.0 8563.90785462726 8542.183054463649 1 1024
091353 091445 8527.0 8566.0 8527.0 8565.0 8565.577578717672 8541.876966736872 1 1824
091353 091450 8527.0 8566.0 8527.0 8548.0 8565.629474606576 8541.643252666152 1 974
091353 091452 8527.0 8566.0 8527.0 8546.0 8565.779350785515 8541.129740123577 1 874
091353 091453 8527.0 8566.0 8527.0 8546.0 8565.90412088992 8540.550424564624 1 874
091403 091455 8548.0 8566.0 8538.0 8546.0 8566.00349603341 8539.99650396659 0 -176
091405 091505 8538.0 8566.0 8538.0 8550.0 8557.954415583356 8542.045584416644 1 524
091405 091505 8538.0 8566.0 8538.0 8550.0 8557.709780860845 8542.017491866427 1 524
091405 091505 8538.0 8566.0 8538.0 8551.0 8557.804902081703 8542.104188827388 1 574
091405 091505 8538.0 8566.0 8538.0 8551.0 8557.804902081703 8542.104188827388 1 574
091416 091511 8541.0 8566.0 8541.0 8548.0 8557.804902081703 8542.104188827388 1 274
091421 091517 8545.0 8566.0 8545.0 8549.0 8557.816067367346 8542.183932632654 0 124
091517 091616 8549.0 8564.0 8546.0 8555.0 8556.769316582308 8549.50341069042 1 224
091517 091617 8549.0 8564.0 8546.0 8556.0 8556.95920439814 8549.85897742004 1 274
091517 091617 8549.0 8564.0 8546.0 8556.0 8557.060164395647 8550.303471967989 1 274
091517 091617 8549.0 8564.0 8546.0 8556.0 8557.057463302886 8550.851627606206 1 274
091519 091618 8550.0 8564.0 8546.0 8557.0 8557.298062864373 8551.156482590171 1 274
091519 091618 8550.0 8564.0 8546.0 8557.0 8557.438769068227 8551.561230931773 1 274
091519 091619 8550.0 8564.0 8546.0 8558.0 8557.843517409829 8551.701937135627 1 324
091519 091619 8550.0 8564.0 8546.0 8558.0 8558.148372393794 8551.942536697114 1 324
091519 091619 8550.0 8564.0 8546.0 8558.0 8558.47396670212 8552.071487843335 1 324
091532 091629 8546.0 8564.0 8546.0 8557.0 8558.572077854451 8552.337013054641 1 474
091532 091631 8546.0 8564.0 8546.0 8558.0 8558.779404552255 8552.584231811381 1 524
091532 091631 8546.0 8564.0 8546.0 8558.0 8558.918717337681 8552.899464480499 1 524
091532 091631 8546.0 8564.0 8546.0 8558.0 8558.983719956976 8553.289007315752 1 524
091532 091632 8546.0 8564.0 8546.0 8559.0 8559.149966078487 8553.668215739694 1 574
091532 091632 8546.0 8564.0 8546.0 8559.0 8559.461391527973 8553.720426653847 1 574
091536 091633 8547.0 8564.0 8547.0 8560.0 8559.930407776113 8553.70595586025 1 574
091536 091633 8547.0 8564.0 8547.0 8560.0 8560.319444200975 8553.771464889933 1 574
091536 091634 8547.0 8564.0 8547.0 8560.0 8560.640047123174 8553.905407422282 1 574
091540 091640 8564.0 8564.0 8550.0 8555.0 8560.640047123174 8553.905407422282 -1 -526
091600 091651 8553.0 8560.0 8550.0 8559.0 8560.742389330913 8554.166701578179 1 -376
091600 091652 8553.0 8560.0 8550.0 8559.0 8560.801253670097 8554.47147360263 1 224
091600 091652 8553.0 8560.0 8550.0 8560.0 8560.955882063945 8554.771390663327 1 274
091600 091652 8553.0 8560.0 8550.0 8560.0 8561.039504498223 8555.142313683597 1 274
091600 091652 8553.0 8560.0 8550.0 8560.0 8561.176130804122 8555.369323741334 1 274
091600 091652 8553.0 8560.0 8550.0 8560.0 8561.265386333407 8555.643704575685 1 274
091600 091652 8553.0 8560.0 8550.0 8560.0 8561.30234150884 8555.970385763889 1 274
091600 091652 8553.0 8560.0 8550.0 8560.0 8561.396521761757 8556.148932783699 1 274
091600 091652 8553.0 8560.0 8550.0 8560.0 8561.461030699566 8556.357151118615 1 274
091600 091652 8553.0 8560.0 8550.0 8560.0 8561.558408596267 8556.441591403733 1 274
091600 091652 8553.0 8560.0 8550.0 8560.0 8561.642848881385 8556.538969300434 1 274
091600 091658 8553.0 8560.0 8550.0 8560.0 8561.714252414033 8556.649383949603 1 274
091600 091658 8553.0 8560.0 8550.0 8560.0 8561.683565787502 8556.952797848862 1 274
091600 091659 8553.0 8562.0 8550.0 8562.0 8562.040579747723 8556.959420252277 1 374
091600 091659 8553.0 8563.0 8550.0 8563.0 8562.56736351851 8556.887181936034 1 424
091600 091659 8553.0 8563.0 8550.0 8563.0 8562.998303462326 8556.910787446766 1 424
091600 091659 8553.0 8563.0 8550.0 8563.0 8563.400240558367 8556.872486714361 1 424
091600 091659 8553.0 8563.0 8550.0 8563.0 8563.749924743304 8556.88643889306 1 424
091600 091659 8553.0 8563.0 8550.0 8563.0 8564.058950473018 8556.850140436074 1 424
091600 091659 8553.0 8565.0 8550.0 8565.0 8564.744345994819 8556.619290368817 1 524
091600 091659 8553.0 8565.0 8550.0 8565.0 8565.336652967957 8556.481528850223 1 524
091600 091659 8553.0 8565.0 8550.0 8565.0 8565.29696502778 8557.430307699493 1 524
091600 091659 8553.0 8573.0 8550.0 8573.0 8568.12001188353 8555.87998811647 1 924
091600 091659 8553.0 8575.0 8550.0 8575.0 8570.754087292597 8554.700458161948 1 1024
091600 091700 8553.0 8575.0 8550.0 8566.0 8571.045326141759 8554.954673858241 1 574
091600 091700 8553.0 8575.0 8550.0 8566.0 8571.299541838052 8555.245912707403 1 574
091600 091700 8553.0 8575.0 8550.0 8566.0 8571.516476442466 8555.574432648442 1 574
091600 091700 8553.0 8575.0 8550.0 8566.0 8571.69533782634 8555.941025810023 1 574
091600 091700 8553.0 8575.0 8550.0 8566.0 8571.8347416142 8556.34707656762 1 574
091600 091700 8553.0 8575.0 8550.0 8566.0 8571.932603016909 8556.794669710363 1 574
091600 091700 8553.0 8575.0 8550.0 8567.0 8572.076813138761 8557.286823224875 1 624
091603 091702 8550.0 8575.0 8550.0 8564.0 8571.980720918564 8557.746551808708 1 624
091612 091712 8551.0 8575.0 8551.0 8563.0 8571.849021164304 8558.150978835696 1 524
091614 091714 8552.0 8575.0 8552.0 8560.0 8571.849021164304 8558.150978835696 1 324
091629 091724 8557.0 8575.0 8555.0 8557.0 8572.207042918819 8557.520229808453 1 -76
091631 091730 8558.0 8575.0 8555.0 8558.0 8572.483598016897 8556.880038346739 1 -76
091640 091737 8555.0 8575.0 8555.0 8570.0 8573.067893720849 8556.932106279151 1 674
091651 091747 8559.0 8575.0 8553.0 8553.0 8574.017466383732 8555.073442707177 0 -376
092214 092246 8549.0 8564.0 8549.0 8555.0 8558.437474957653 8546.835252315075 0 224
092446 092543 8556.0 8563.0 8556.0 8563.0 8564.082996466635 8555.735185351545 1 274
092446 092544 8556.0 8563.0 8556.0 8563.0 8564.435564780128 8555.746253401692 1 274
092446 092544 8556.0 8563.0 8556.0 8563.0 8564.52818573062 8556.28999608756 1 274
092446 092545 8556.0 8564.0 8556.0 8564.0 8564.965774872651 8556.306952400077 1 324
092446 092545 8556.0 8564.0 8556.0 8564.0 8565.347768165504 8556.379504561768 1 324
092446 092545 8556.0 8564.0 8556.0 8564.0 8565.358388279092 8557.096157175452 1 324
092508 092550 8558.0 8566.0 8556.0 8566.0 8565.925089978567 8557.256728203252 1 324
092508 092550 8558.0 8566.0 8556.0 8566.0 8566.221158824088 8557.778841175912 1 324
092508 092550 8558.0 8567.0 8556.0 8567.0 8566.349439156316 8558.650560843684 1 374
092508 092550 8558.0 8567.0 8556.0 8567.0 8566.93627332833 8558.700090308033 1 374
092508 092550 8558.0 8567.0 8556.0 8567.0 8567.412957631397 8558.85976964133 1 374
092508 092550 8558.0 8567.0 8556.0 8567.0 8567.867345394632 8558.950836423548 1 374
092508 092550 8558.0 8568.0 8556.0 8568.0 8568.44404428039 8559.010501174154 1 424
092508 092550 8558.0 8575.0 8556.0 8575.0 8570.87364137817 8557.853631349102 1 774
092508 092551 8558.0 8575.0 8556.0 8568.0 8571.187378422841 8558.176257940795 1 424
092508 092551 8558.0 8575.0 8556.0 8569.0 8571.581432533825 8558.509476557083 1 474
092508 092551 8558.0 8575.0 8556.0 8569.0 8571.89429339164 8558.92388842654 1 474
092508 092551 8558.0 8575.0 8556.0 8569.0 8572.199080629292 8559.255464825252 1 474
092508 092551 8558.0 8575.0 8556.0 8569.0 8572.440829940713 8559.650079150195 1 474
092508 092551 8558.0 8575.0 8556.0 8569.0 8572.617230371607 8560.110042355665 1 474
092508 092551 8558.0 8575.0 8556.0 8569.0 8572.610432613586 8560.844112840958 1 474
092508 092551 8558.0 8575.0 8556.0 8569.0 8572.620635675077 8561.47027341583 1 474
092508 092551 8558.0 8575.0 8556.0 8569.0 8572.6571079491 8561.979255687264 1 474
092508 092551 8558.0 8575.0 8556.0 8571.0 8572.882739905595 8562.48089645804 1 574
092508 092551 8558.0 8575.0 8556.0 8571.0 8572.998957354845 8563.091951736063 1 574
092508 092551 8558.0 8575.0 8556.0 8571.0 8573.132682563128 8563.594590164144 1 574
092508 092551 8558.0 8575.0 8556.0 8571.0 8573.169634562617 8564.19400180102 1 574
092508 092551 8558.0 8575.0 8556.0 8572.0 8573.244037541364 8564.846871549544 1 624
092508 092551 8558.0 8575.0 8556.0 8572.0 8573.46925456612 8565.167109070244 1 624
092508 092551 8558.0 8575.0 8556.0 8572.0 8573.620756410783 8565.561061771037 1 624
092508 092551 8558.0 8575.0 8556.0 8572.0 8573.801618600039 8565.834745036325 1 624
092508 092551 8558.0 8575.0 8556.0 8573.0 8574.08677472288 8566.09504345894 1 674
092508 092551 8558.0 8575.0 8556.0 8573.0 8574.29696502778 8566.430307699493 1 674
092508 092551 8558.0 8575.0 8556.0 8573.0 8574.428482475385 8566.844244797343 1 674
092508 092551 8558.0 8575.0 8556.0 8573.0 8574.595341045777 8567.131931681495 1 674
092508 092551 8558.0 8575.0 8556.0 8573.0 8574.180302693454 8567.365151852002 1 674
092508 092551 8558.0 8575.0 8556.0 8574.0 8574.482010576625 8567.608898514283 1 724
092508 092551 8558.0 8575.0 8556.0 8574.0 8574.798312623576 8567.74714192188 1 724
092508 092551 8558.0 8575.0 8556.0 8574.0 8575.054766326548 8567.945233673452 1 724
092508 092551 8558.0 8575.0 8556.0 8574.0 8575.25285807812 8568.201687376424 1 724
092508 092551 8558.0 8575.0 8556.0 8574.0 8575.391101485717 8568.517989423375 1 724
092508 092551 8558.0 8575.0 8556.0 8574.0 8575.464630924595 8568.899005439042 1 724
092508 092551 8558.0 8575.0 8556.0 8574.0 8575.46369047571 8569.35449134247 1 724
092508 092551 8558.0 8580.0 8556.0 8580.0 8576.994946373497 8568.823235444683 1 1024
092508 092552 8558.0 8580.0 8556.0 8571.0 8576.813850356983 8569.186149643017 1 574
092508 092553 8558.0 8580.0 8556.0 8571.0 8576.813850356983 8569.186149643017 1 574
092508 092554 8558.0 8580.0 8556.0 8576.0 8577.132133017256 8569.322412437288 1 824
092508 092554 8558.0 8580.0 8556.0 8576.0 8577.396269707033 8569.512821202059 1 824
092508 092554 8558.0 8580.0 8556.0 8576.0 8577.60778597849 8569.755850385147 1 824
092508 092554 8558.0 8580.0 8556.0 8576.0 8577.831482335054 8569.895790392218 1 824
092508 092554 8558.0 8580.0 8556.0 8576.0 8578.021623223387 8570.069285867521 1 824
092508 092554 8558.0 8585.0 8556.0 8585.0 8580.592123401513 8568.680603871215 1 1274
092508 092556 8558.0 8585.0 8556.0 8577.0 8580.781112931027 8568.946159796245 1 874
092508 092556 8558.0 8585.0 8556.0 8577.0 8580.968514956096 8569.122394134813 1 874
092508 092557 8558.0 8585.0 8556.0 8575.0 8580.992066514615 8569.280660758113 1 774
092508 092557 8558.0 8585.0 8556.0 8577.0 8581.145589276559 8569.490774359805 1 874
092508 092558 8558.0 8585.0 8556.0 8573.0 8581.145589276559 8569.490774359805 1 674
092508 092558 8558.0 8585.0 8556.0 8577.0 8581.276126415136 8569.723873584864 1 874
092508 092558 8558.0 8585.0 8556.0 8577.0 8581.406047873681 8569.866679399047 1 874
092508 092558 8558.0 8585.0 8556.0 8577.0 8581.523041673045 8570.022412872411 1 874
092508 092559 8558.0 8585.0 8556.0 8574.0 8581.523041673045 8570.022412872411 1 724
092508 092603 8558.0 8585.0 8556.0 8572.0 8581.60208732915 8569.761549034485 1 624
092508 092604 8558.0 8585.0 8556.0 8572.0 8581.670953675348 8569.510864506472 1 624
092508 092605 8558.0 8585.0 8556.0 8576.0 8581.72368314484 8569.639953218795 1 824
092508 092605 8558.0 8585.0 8556.0 8576.0 8581.770660801167 8569.77479374429 1 824
092508 092605 8558.0 8585.0 8556.0 8576.0 8581.300839544525 8569.880978637295 1 824
092508 092605 8558.0 8585.0 8556.0 8577.0 8581.233432518407 8570.493840208865 1 874
092508 092608 8558.0 8585.0 8556.0 8576.0 8581.023512715 8571.158305466819 1 824
092509 092609 8557.0 8585.0 8556.0 8578.0 8581.177684241467 8571.185952122169 1 974
092509 092609 8557.0 8585.0 8556.0 8578.0 8581.324525087073 8571.220929458383 1 974
092509 092609 8557.0 8585.0 8556.0 8578.0 8581.464276414219 8571.262996313053 1 974
092509 092609 8557.0 8585.0 8556.0 8578.0 8581.597140226811 8571.31195068228 1 974
092509 092609 8557.0 8585.0 8556.0 8578.0 8581.723283951234 8571.367625139674 1 974
092509 092609 8557.0 8585.0 8556.0 8578.0 8579.94121785742 8572.513327597124 1 974
092509 092609 8557.0 8585.0 8556.0 8579.0 8580.197561507883 8572.438802128481 1 1024
092509 092609 8557.0 8585.0 8556.0 8579.0 8580.438938228963 8572.379243589217 1 1024
092509 092609 8557.0 8585.0 8556.0 8579.0 8580.71000391244 8572.47181426938 1 1024
092509 092609 8557.0 8585.0 8556.0 8579.0 8580.919586189384 8572.444050174252 1 1024
092509 092609 8557.0 8585.0 8556.0 8579.0 8580.976181156473 8572.932909752619 1 1024
092527 092610 8556.0 8585.0 8556.0 8577.0 8580.976181156473 8572.932909752619 1 974
092527 092614 8556.0 8585.0 8556.0 8575.0 8580.966648762325 8572.760623964947 1 874
092527 092615 8556.0 8585.0 8556.0 8573.0 8581.087862114928 8572.275774248708 1 774
092527 092617 8556.0 8585.0 8556.0 8575.0 8581.0413856428 8572.413159811744 1 874
092527 092620 8556.0 8585.0 8556.0 8573.0 8580.903842824548 8572.641611720908 1 774
092527 092620 8556.0 8585.0 8556.0 8574.0 8580.643749615689 8573.083523111583 1 824
092527 092621 8556.0 8585.0 8556.0 8573.0 8580.825246425304 8572.62929902924 1 774
092527 092621 8556.0 8585.0 8556.0 8573.0 8580.966838744203 8572.214979437616 1 774
092527 092621 8556.0 8585.0 8556.0 8573.0 8581.075732737141 8571.83335817195 1 774
092527 092622 8556.0 8585.0 8556.0 8573.0 8581.103756456578 8571.441698088878 1 774
092542 092634 8560.0 8585.0 8560.0 8576.0 8581.103756456578 8571.441698088878 1 724
092542 092634 8560.0 8585.0 8560.0 8576.0 8580.95432899942 8571.409307364216 1 724
092542 092634 8560.0 8585.0 8560.0 8576.0 8580.797156038381 8571.384662143439 1 724
092542 092634 8560.0 8585.0 8560.0 8576.0 8580.631905164675 8571.368094835325 1 724
092542 092634 8560.0 8585.0 8560.0 8576.0 8580.458180364798 8571.360001453382 1 724
092542 092636 8560.0 8585.0 8560.0 8577.0 8580.347768165504 8571.379504561768 1 774
092542 092637 8560.0 8585.0 8560.0 8578.0 8580.347768165504 8571.379504561768 1 824
092543 092643 8561.0 8585.0 8561.0 8579.0 8580.347768165504 8571.379504561768 1 824
092545 092645 8564.0 8585.0 8564.0 8579.0 8580.347768165504 8571.379504561768 1 674
092550 092648 8566.0 8585.0 8566.0 8580.0 8580.53742620413 8571.28075561405 1 624
092550 092648 8566.0 8585.0 8566.0 8580.0 8580.72099153779 8571.188099371302 1 624
092550 092648 8566.0 8585.0 8566.0 8580.0 8580.898979485566 8571.101020514434 1 624
092550 092648 8566.0 8585.0 8566.0 8580.0 8581.299007587091 8570.973719685637 1 624
092550 092648 8566.0 8585.0 8566.0 8581.0 8581.92465865895 8570.89352315923 1 674
092550 092648 8566.0 8585.0 8566.0 8581.0 8582.395144034934 8571.150310510522 1 674
092550 092648 8566.0 8585.0 8566.0 8581.0 8582.87569772539 8571.215211365517 1 674
092550 092648 8566.0 8585.0 8566.0 8581.0 8583.182355021565 8571.635826796615 1 674
092550 092648 8566.0 8585.0 8566.0 8581.0 8583.48548640804 8571.969059046503 1 674
092550 092648 8566.0 8585.0 8566.0 8582.0 8583.770527429944 8572.502199842784 1 724
092550 092648 8566.0 8585.0 8566.0 8582.0 8583.929851961804 8573.161057129104 1 724
092550 092648 8566.0 8585.0 8566.0 8583.0 8584.116817192535 8573.883182807465 1 774
092550 092648 8566.0 8585.0 8566.0 8583.0 8584.11491113381 8574.794179775281 1 774
092550 092648 8566.0 8585.0 8566.0 8583.0 8584.401955293264 8575.143499252192 1 774
092550 092648 8566.0 8585.0 8566.0 8583.0 8584.599853370051 8575.581964811769 1 774
092550 092648 8566.0 8585.0 8566.0 8583.0 8584.701116957858 8576.117064860322 1 774
092550 092648 8566.0 8585.0 8566.0 8583.0 8584.689908130491 8576.764637324053 1 774
092550 092648 8566.0 8585.0 8566.0 8584.0 8584.704473984428 8577.477344197392 1 824
092550 092648 8566.0 8585.0 8566.0 8584.0 8584.748066849492 8578.070114968688 1 824
092550 092648 8566.0 8585.0 8566.0 8584.0 8584.837555446857 8578.52608091678 1 824
092550 092648 8566.0 8585.0 8566.0 8584.0 8584.978535093842 8578.839646724338 1 824
092550 092648 8566.0 8585.0 8566.0 8584.0 8585.046874653379 8579.22585261935 1 824
092550 092648 8566.0 8585.0 8566.0 8584.0 8585.171337241178 8579.465026395186 1 824
092550 092648 8566.0 8585.0 8566.0 8584.0 8585.246899078134 8579.753100921866 1 824
092550 092648 8566.0 8585.0 8566.0 8584.0 8585.26753866424 8580.096097699396 1 824
092550 092648 8566.0 8585.0 8566.0 8585.0 8585.388760308542 8580.429421509638 1 874
092550 092648 8566.0 8586.0 8566.0 8586.0 8585.78523677897 8580.487490493759 1 924
092550 092648 8566.0 8587.0 8566.0 8587.0 8586.342230146345 8580.475951671835 1 974
092550 092648 8566.0 8587.0 8566.0 8587.0 8586.779404552255 8580.584231811381 1 974
092550 092648 8566.0 8587.0 8566.0 8587.0 8587.115516118312 8580.79357479078 1 974
092550 092648 8566.0 8587.0 8566.0 8587.0 8587.356711723283 8581.09783373126 1 974
092550 092648 8566.0 8588.0 8566.0 8588.0 8587.843922574137 8581.156077425863 1 1024
092550 092648 8566.0 8589.0 8566.0 8589.0 8588.468156345434 8581.16820729093 1 1074
092550 092648 8566.0 8589.0 8566.0 8589.0 8589.04101108771 8581.14080709411 1 1074
092550 092648 8566.0 8589.0 8566.0 8589.0 8589.521671500373 8581.205601226899 1 1074
092550 092648 8566.0 8589.0 8566.0 8589.0 8589.923573135473 8581.349154137255 1 1074
092550 092648 8566.0 8590.0 8566.0 8590.0 8590.44604339165 8581.463047517442 1 1124
092550 092648 8566.0 8591.0 8566.0 8591.0 8591.081158871793 8581.55520476457 1 1174
092550 092648 8566.0 8591.0 8566.0 8591.0 8591.5951160425 8581.768520321137 1 1174
092550 092648 8566.0 8591.0 8566.0 8591.0 8592.081159495448 8581.918840504552 1 1174
092550 092648 8566.0 8591.0 8566.0 8591.0 8592.484026416427 8582.152337219937 1 1174
092550 092648 8566.0 8591.0 8566.0 8591.0 8592.80780460121 8582.464922671517 1 1174
092550 092648 8566.0 8592.0 8566.0 8592.0 8593.22232967867 8582.77767032133 1 1224
092550 092648 8566.0 8592.0 8566.0 8592.0 8593.535077328483 8583.19219539879 1 1224
092550 092648 8566.0 8592.0 8566.0 8592.0 8593.742950626956 8583.711594827588 1 1224
092550 092648 8566.0 8593.0 8566.0 8593.0 8594.009124830276 8584.263602442452 1 1274
092550 092648 8566.0 8595.0 8566.0 8595.0 8594.555545184898 8584.71718208783 1 1374
092550 092648 8566.0 8595.0 8566.0 8595.0 8595.060236497717 8585.121581684103 1 1374
092550 092649 8566.0 8595.0 8566.0 8587.0 8594.971667689808 8585.30105958292 1 974
092550 092649 8566.0 8595.0 8566.0 8591.0 8594.96522833423 8585.671135302135 1 1174
092550 092650 8566.0 8595.0 8566.0 8588.0 8594.89816869576 8585.829104031513 1 1024
092551 092651 8568.0 8595.0 8568.0 8591.0 8594.840367931278 8586.25054115963 1 1074
092556 092655 8577.0 8595.0 8572.0 8595.0 8595.295395666113 8586.522786152067 1 824
092614 092714 8575.0 8595.0 8573.0 8580.0 8596.775215163276 8584.315693927632 1 174
092620 092718 8573.0 8595.0 8573.0 8583.0 8597.231876076003 8583.313578469453 1 424
092634 092727 8576.0 8595.0 8576.0 8580.0 8598.027758641138 8581.699514086135 1 124
092634 092727 8576.0 8595.0 8576.0 8589.0 8598.027758641138 8581.699514086135 1 574
092643 092742 8579.0 8595.0 8579.0 8580.0 8598.594413620041 8580.31467728905 1 -26
092643 092743 8579.0 8595.0 8578.0 8578.0 8599.21194295746 8578.60623886072 1 -126
092714 092812 8580.0 8589.0 8578.0 8589.0 8599.080847848487 8578.555515787877 0 374
093039 093138 8562.0 8569.0 8562.0 8569.0 8571.314750064315 8561.685249935685 1 274
093053 093146 8566.0 8569.0 8564.0 8567.0 8571.314750064315 8561.685249935685 0 -26
093748 093841 8566.0 8567.0 8566.0 8566.0 8574.541010803361 8550.36808010573 0 -76
093841 093918 8566.0 8579.0 8566.0 8579.0 8581.143078641482 8566.675103176698 1 574
093841 093918 8566.0 8579.0 8566.0 8579.0 8581.322846097282 8567.58624481181 1 574
093841 093923 8566.0 8579.0 8566.0 8579.0 8581.594464113035 8568.223717705145 1 574
093841 093932 8566.0 8579.0 8566.0 8573.0 8581.440829940713 8568.650079150195 1 274
093901 094000 8567.0 8579.0 8567.0 8577.0 8581.410286963024 8569.316985764248 1 424
093901 094001 8567.0 8579.0 8567.0 8578.0 8581.389967819054 8570.06457763549 1 474
093907 094007 8570.0 8579.0 8570.0 8578.0 8581.239928094003 8570.941890087817 1 324
093907 094007 8570.0 8585.0 8570.0 8585.0 8582.459452426558 8571.086002118898 1 674
093917 094012 8579.0 8585.0 8573.0 8575.0 8582.367203951879 8571.360068775393 0 -276
094228 094326 8561.0 8574.0 8561.0 8567.0 8584.402445684182 8560.779372497638 1 224
094234 094331 8574.0 8574.0 8564.0 8567.0 8583.189147177633 8560.629034640548 0 -426
094419 094517 8572.0 8572.0 8557.0 8557.0 8568.292342001543 8553.525839816637 -1 674
094501 094542 8564.0 8568.0 8556.0 8556.0 8566.433774250436 8554.020771204108 0 324
094501 094547 8564.0 8568.0 8551.0 8553.0 8562.438646996672 8547.379534821508 -1 474
094501 094553 8564.0 8568.0 8551.0 8554.0 8562.254385284932 8547.291069260524 -1 424
094501 094553 8564.0 8568.0 8551.0 8554.0 8562.059802059126 8547.212925213602 -1 424
094501 094556 8564.0 8568.0 8551.0 8553.0 8561.833317777347 8547.075773131744 -1 474
094501 094601 8564.0 8568.0 8550.0 8550.0 8561.651087475611 8546.621639797117 -1 624
094501 094601 8564.0 8568.0 8550.0 8550.0 8561.117236884691 8546.337308569853 -1 624
094502 094602 8562.0 8568.0 8550.0 8550.0 8560.66358541814 8546.063687309132 0 524
094506 094606 8560.0 8568.0 8548.0 8548.0 8555.561197871519 8547.802438492117 -1 524
094506 094606 8560.0 8568.0 8548.0 8548.0 8555.438938228963 8547.379243589217 -1 524
094506 094606 8560.0 8568.0 8548.0 8548.0 8555.239376035053 8547.033351237675 -1 524
094506 094606 8560.0 8568.0 8548.0 8548.0 8555.306443375392 8546.693556624608 -1 524
094506 094606 8560.0 8568.0 8548.0 8548.0 8555.27550933532 8546.360854301043 -1 524
094506 094606 8560.0 8568.0 8548.0 8549.0 8555.169634562617 8546.19400180102 -1 474
094506 094606 8560.0 8568.0 8548.0 8549.0 8555.047061237505 8546.043847853403 -1 474
094506 094606 8560.0 8568.0 8548.0 8549.0 8554.907942920603 8545.910238897577 -1 474
094506 094606 8560.0 8568.0 8548.0 8549.0 8554.752249089002 8545.793205456454 -1 474
094506 094606 8560.0 8568.0 8548.0 8549.0 8554.579763421763 8545.692963850965 -1 474
094506 094606 8560.0 8568.0 8548.0 8549.0 8554.238862424709 8545.670228484383 -1 474
094506 094606 8560.0 8568.0 8548.0 8549.0 8553.64375622337 8545.810789231175 -1 474
094506 094606 8560.0 8568.0 8548.0 8549.0 8553.523192422988 8545.74953484974 -1 474
094506 094606 8560.0 8568.0 8548.0 8549.0 8553.058950473018 8545.850140436074 -1 474
094506 094606 8560.0 8568.0 8548.0 8549.0 8552.238271847576 8546.216273606968 -1 474
094506 094606 8560.0 8568.0 8548.0 8551.0 8551.419317904521 8546.762500277298 -1 374
094507 094607 8559.0 8568.0 8542.0 8542.0 8551.874980339671 8545.306837842149 -1 774
094507 094607 8559.0 8568.0 8542.0 8543.0 8552.235362675947 8544.310091869509 -1 724
094507 094607 8559.0 8568.0 8542.0 8543.0 8552.405378787234 8543.503712121857 -1 724
094507 094607 8559.0 8568.0 8542.0 8543.0 8552.443383296873 8542.829343975854 -1 724
094507 094607 8559.0 8568.0 8542.0 8543.0 8552.584525573631 8542.233656244549 -1 724
094507 094607 8559.0 8568.0 8542.0 8543.0 8552.663568520611 8541.700067843025 -1 724
094507 094607 8559.0 8568.0 8542.0 8544.0 8552.624621199366 8541.375378800634 -1 674
094507 094607 8559.0 8568.0 8542.0 8544.0 8552.559146692309 8541.077216944055 -1 674
094507 094607 8559.0 8568.0 8542.0 8545.0 8552.446486859086 8540.91714950455 -1 624
094507 094607 8559.0 8568.0 8542.0 8545.0 8552.320865517915 8540.770043572993 -1 624
094507 094607 8559.0 8568.0 8542.0 8545.0 8552.182355021565 8540.635826796615 -1 624
094507 094607 8559.0 8568.0 8542.0 8547.0 8551.987440664607 8540.648922971757 -1 524
094507 094607 8559.0 8568.0 8542.0 8547.0 8551.784636987482 8540.669908467062 -1 524
094507 094607 8559.0 8568.0 8542.0 8547.0 8551.573456928838 8540.69927034389 -1 524
094507 094607 8559.0 8568.0 8542.0 8547.0 8551.353331118908 8540.737577972 -1 524
094507 094607 8559.0 8568.0 8542.0 8547.0 8551.123588718485 8540.785502190607 -1 524
094507 094607 8559.0 8568.0 8542.0 8547.0 8550.883431888102 8540.84384083917 -1 524
094507 094607 8559.0 8568.0 8542.0 8547.0 8550.631901096325 8540.91355344913 -1 524
094507 094607 8559.0 8568.0 8542.0 8547.0 8550.367826897767 8540.995809465869 -1 524
094507 094607 8559.0 8568.0 8542.0 8547.0 8550.089761102423 8541.092057079397 -1 524
094507 094607 8559.0 8568.0 8542.0 8547.0 8549.79587540026 8541.20412459974 -1 524
094507 094607 8559.0 8568.0 8542.0 8547.0 8548.95568164068 8541.680681995684 -1 524
094507 094607 8559.0 8568.0 8542.0 8547.0 8548.942098489502 8542.148810601406 -1 524
094507 094607 8559.0 8568.0 8542.0 8547.0 8548.984813248575 8542.46973220597 -1 524
094507 094607 8559.0 8568.0 8542.0 8553.0 8550.430298707472 8541.933337656164 -1 224
094507 094607 8559.0 8568.0 8542.0 8556.0 8552.459452426558 8541.086002118898 -1 74
094508 094608 8557.0 8568.0 8542.0 8544.0 8552.398548819354 8541.23781481701 -1 574
094508 094608 8557.0 8568.0 8542.0 8545.0 8552.299624392863 8541.518557425317 -1 524
094511 094611 8557.0 8568.0 8542.0 8546.0 8552.257029925382 8541.742970074618 -1 474
094511 094611 8557.0 8568.0 8542.0 8547.0 8552.228084350887 8542.044642921841 -1 424
094515 094613 8558.0 8568.0 8542.0 8548.0 8552.288405172412 8542.257049373044 -1 424
094542 094621 8556.0 8556.0 8542.0 8550.0 8552.536232357987 8542.463767642013 -1 224
094542 094622 8556.0 8556.0 8542.0 8553.0 8553.267185855168 8542.460086872105 -1 74
094542 094637 8556.0 8556.0 8542.0 8550.0 8553.460602697338 8542.539397302662 -1 224
094542 094637 8556.0 8556.0 8542.0 8550.0 8553.639931224607 8542.632796048121 -1 224
094547 094646 8553.0 8556.0 8542.0 8553.0 8554.245001398436 8542.573180419744 0 -76
100232 100232 8565.0 8565.0 8565.0 8565.0 8572.35096928959 8557.194485255866 0 -76
101133 101133 8560.0 8561.0 8560.0 8561.0 8576.763981034914 8561.417837146906 1 -26
101133 101136 8560.0 8561.0 8558.0 8558.0 8577.591716622564 8559.681010650163 1 -176
101133 101136 8560.0 8561.0 8558.0 8559.0 8577.074212390346 8558.653060336927 1 -126
101133 101137 8560.0 8561.0 8558.0 8558.0 8577.493445864962 8557.324735953218 0 -176
101312 101352 8556.0 8556.0 8554.0 8554.0 8558.883431888102 8548.84384083917 0 -176
101909 101914 8563.0 8565.0 8563.0 8565.0 8564.079486473556 8544.375058980988 0 -176
102346 102356 8557.0 8557.0 8557.0 8557.0 8568.44063216276 8555.832095109969 1 -76
102346 102409 8557.0 8557.0 8557.0 8557.0 8568.567212154036 8555.250969664145 0 -76
103101 103102 8553.0 8553.0 8553.0 8553.0 8563.906335455444 8551.911846362736 1 -76
103101 103109 8553.0 8554.0 8553.0 8554.0 8563.276126415136 8551.723873584864 0 -26
104515 104548 8552.0 8552.0 8546.0 8549.0 8548.426994405156 8545.754823776664 -1 74
104515 104548 8552.0 8552.0 8546.0 8550.0 8548.997605996456 8545.547848549 -1 24
104515 104548 8552.0 8552.0 8546.0 8550.0 8549.429596452946 8545.479494456145 -1 24
104515 104548 8552.0 8552.0 8546.0 8550.0 8549.772243658996 8545.500483613732 -1 24
104515 104548 8552.0 8552.0 8546.0 8550.0 8550.10291011236 8545.442544433095 -1 24
104515 104549 8552.0 8552.0 8545.0 8545.0 8550.26753866424 8545.096097699396 -1 274
104515 104549 8552.0 8556.0 8545.0 8556.0 8552.393512569528 8543.788305612292 -1 -276
104515 104555 8552.0 8556.0 8544.0 8544.0 8552.565886128354 8543.343204780738 0 324
104515 104609 8552.0 8556.0 8538.0 8538.0 8548.44966135597 8536.186702280394 -1 624
104515 104609 8552.0 8556.0 8538.0 8539.0 8544.461391527973 8538.720426653847 -1 574
104515 104609 8552.0 8556.0 8538.0 8539.0 8544.403576198545 8538.414605619635 -1 574
104515 104609 8552.0 8556.0 8538.0 8539.0 8544.416657539236 8538.12879700622 -1 574
104515 104609 8552.0 8556.0 8538.0 8539.0 8544.400240558367 8537.872486714361 -1 574
104515 104609 8552.0 8556.0 8538.0 8539.0 8544.357488238658 8537.642511761342 -1 574
104515 104609 8552.0 8556.0 8538.0 8540.0 8544.261652529924 8537.556529288257 -1 524
104515 104610 8552.0 8556.0 8537.0 8537.0 8544.368963598305 8536.994672765331 -1 674
104515 104610 8552.0 8556.0 8537.0 8538.0 8544.158463415903 8536.75062749319 -1 624
104515 104610 8552.0 8556.0 8537.0 8538.0 8543.891935340134 8536.56261011441 -1 624
104515 104610 8552.0 8556.0 8537.0 8549.0 8545.572205903478 8535.427794096522 -1 74
104515 104611 8552.0 8556.0 8537.0 8537.0 8545.377094195734 8535.07745125881 -1 674
104515 104612 8552.0 8556.0 8537.0 8537.0 8545.353331118908 8534.737577972 -1 674
104515 104612 8552.0 8556.0 8537.0 8537.0 8545.30072965611 8534.426543071162 -1 674
104515 104612 8552.0 8556.0 8537.0 8537.0 8545.221308267848 8534.142328095788 -1 674
104515 104613 8552.0 8556.0 8537.0 8539.0 8544.99696885475 8534.093940236158 -1 574
104515 104615 8552.0 8556.0 8537.0 8537.0 8544.758314291046 8533.878049345318 -1 674
104515 104615 8552.0 8556.0 8537.0 8537.0 8544.481442574683 8533.700375607137 -1 674
104516 104616 8550.0 8556.0 8537.0 8537.0 8544.1652812043 8533.561991522973 -1 574
104548 104618 8546.0 8556.0 8534.0 8534.0 8543.985518124198 8533.014481875802 -1 524
104548 104618 8546.0 8556.0 8534.0 8535.0 8543.630299659553 8532.733336704083 -1 474
104548 104618 8546.0 8556.0 8534.0 8535.0 8543.653152913923 8532.437756176985 -1 474
104548 104618 8546.0 8556.0 8534.0 8535.0 8543.658686654851 8532.159495163329 -1 474
104548 104618 8546.0 8556.0 8534.0 8535.0 8543.579446159792 8531.875099294752 -1 474
104548 104619 8546.0 8556.0 8533.0 8533.0 8543.596125728747 8531.312965180345 -1 574
104548 104620 8546.0 8556.0 8533.0 8535.0 8543.457218673344 8531.088235872112 -1 474
104548 104620 8546.0 8556.0 8533.0 8535.0 8543.296744787593 8530.885073394227 -1 474
104548 104623 8546.0 8556.0 8532.0 8532.0 8543.26557139479 8530.279883150666 -1 624
104548 104623 8546.0 8556.0 8532.0 8532.0 8543.03298953889 8529.78519227929 -1 624
104548 104623 8546.0 8556.0 8532.0 8533.0 8542.994353961434 8529.46019149311 -1 574
104548 104623 8546.0 8556.0 8532.0 8533.0 8542.849021164304 8529.150978835696 -1 574
104548 104623 8546.0 8556.0 8532.0 8533.0 8542.672841057873 8528.872613487583 -1 574
104548 104623 8546.0 8556.0 8532.0 8533.0 8538.929092611508 8531.1618164794 -1 574
104548 104624 8546.0 8556.0 8532.0 8534.0 8538.718604879956 8531.099576938224 -1 524
104548 104634 8546.0 8556.0 8532.0 8534.0 8538.486672402876 8531.05878214258 -1 524
104548 104635 8546.0 8556.0 8532.0 8535.0 8538.268985392173 8531.094650971463 -1 474
104548 104635 8546.0 8556.0 8532.0 8535.0 8538.03707116746 8531.14474701436 -1 474
104548 104638 8546.0 8556.0 8532.0 8535.0 8537.279573346153 8531.538608472027 -1 474
104548 104648 8546.0 8556.0 8532.0 8539.0 8537.789100457296 8531.210899542704 -1 274
104555 104654 8544.0 8555.0 8532.0 8537.0 8537.789100457296 8531.210899542704 -1 274
104601 104700 8542.0 8549.0 8532.0 8538.0 8537.995211992911 8531.095697097997 -1 124
104601 104701 8542.0 8549.0 8532.0 8538.0 8538.453436642167 8531.001108812377 -1 124
104609 104706 8538.0 8549.0 8532.0 8537.0 8538.66224991125 8530.974113725115 0 -26
104648 104746 8539.0 8540.0 8526.0 8531.0 8534.133565771192 8522.320979683353 -1 324
104654 104749 8537.0 8540.0 8526.0 8532.0 8534.390065265272 8522.246298371092 -1 174
104654 104749 8537.0 8540.0 8526.0 8532.0 8534.636861293982 8522.181320524198 -1 174
104654 104749 8537.0 8540.0 8526.0 8532.0 8534.87466576664 8522.12533423336 -1 174
104654 104749 8537.0 8540.0 8526.0 8533.0 8535.25714234765 8522.015584925079 -1 124
104654 104751 8537.0 8540.0 8526.0 8532.0 8532.95079284737 8523.594661698085 -1 174
104654 104752 8537.0 8540.0 8526.0 8532.0 8533.359346289044 8523.731562801864 -1 174
104654 104752 8537.0 8540.0 8526.0 8533.0 8533.883431888102 8523.84384083917 -1 124
104654 104752 8537.0 8540.0 8526.0 8533.0 8534.32119782731 8524.042438536326 -1 124
104654 104753 8537.0 8540.0 8526.0 8533.0 8534.736668744123 8524.17242216497 -1 124
104700 104759 8538.0 8540.0 8526.0 8534.0 8535.26426847656 8524.281186068896 -1 124
104715 104807 8534.0 8540.0 8526.0 8534.0 8535.712590848634 8524.469227333186 0 -76
104738 104832 8526.0 8537.0 8526.0 8536.0 8537.5 8527.5 1 -576
104738 104833 8526.0 8537.0 8526.0 8537.0 8537.68269222689 8528.226398682202 1 474
104746 104843 8531.0 8537.0 8531.0 8536.0 8537.47771218145 8529.249560545823 0 174
105326 105424 8548.0 8549.0 8547.0 8549.0 8551.335161204082 8546.937566068646 0 -26
105531 105624 8545.0 8546.0 8545.0 8545.0 8551.368963598305 8543.994672765331 1 -76
105624 105654 8545.0 8548.0 8545.0 8548.0 8551.14102257996 8544.04079560186 0 74
105624 105713 8545.0 8548.0 8544.0 8545.0 8550.868068318505 8543.404658954223 0 -76
105728 105826 8545.0 8545.0 8543.0 8544.0 8550.176764555317 8542.005053626503 0 -126
112001 112100 8554.0 8563.0 8554.0 8563.0 8568.181120993411 8553.364333552045 1 374
112001 112100 8554.0 8563.0 8554.0 8563.0 8568.376313749777 8553.532777159315 1 374
112001 112101 8554.0 8564.0 8554.0 8564.0 8568.656292651307 8553.707343712329 1 424
112100 112131 8563.0 8564.0 8563.0 8563.0 8568.811526963005 8553.915745764267 0 -76
112522 112525 8563.0 8565.0 8563.0 8565.0 8567.570578490362 8562.611239691458 0 24
112709 112709 8572.0 8572.0 8572.0 8572.0 8571.660603303279 8558.339396696721 -1 -76
112709 112719 8572.0 8572.0 8564.0 8564.0 8571.660603303279 8558.339396696721 0 324
112844 112901 8565.0 8570.0 8565.0 8570.0 8571.023530618753 8566.521923926703 1 174
112844 112923 8565.0 8570.0 8565.0 8567.0 8570.600452106777 8567.126820620495 1 24
112923 113015 8567.0 8573.0 8567.0 8573.0 8571.416352037088 8566.85637523564 1 224
113015 113027 8573.0 8579.0 8573.0 8579.0 8574.249943464145 8565.113692899491 -1 224
113015 113106 8573.0 8579.0 8569.0 8569.0 8574.247201052602 8565.207344401942 0 124
113027 113127 8579.0 8579.0 8569.0 8571.0 8574.458180364798 8565.360001453382 -1 324
113027 113127 8579.0 8579.0 8569.0 8571.0 8574.552721463837 8565.447278536163 -1 324
113027 113127 8579.0 8579.0 8569.0 8571.0 8574.639998546618 8565.541819635202 -1 324
113027 113127 8579.0 8579.0 8569.0 8571.0 8574.71999417249 8565.643642191146 -1 324
113027 113127 8579.0 8579.0 8569.0 8571.0 8574.792655598058 8565.752798947398 -1 324
113106 113129 8569.0 8571.0 8569.0 8571.0 8574.85789348884 8565.869379238433 0 -176
113106 113140 8569.0 8574.0 8569.0 8574.0 8575.585612210598 8568.959842334858 1 174
113106 113140 8569.0 8574.0 8569.0 8574.0 8575.560005941765 8569.439994058235 1 174
113106 113154 8569.0 8574.0 8569.0 8572.0 8575.54407681863 8569.546832272277 1 74
113106 113159 8569.0 8574.0 8569.0 8573.0 8575.562450352623 8569.710276920105 1 124
113127 113207 8571.0 8574.0 8570.0 8572.0 8575.534973604814 8569.828662758822 0 -26
113312 113358 8569.0 8569.0 8567.0 8567.0 8576.765299930414 8567.87106370595 1 -176
113312 113358 8569.0 8569.0 8567.0 8567.0 8577.060236497717 8567.121581684103 0 -176
113529 113529 8563.0 8563.0 8563.0 8563.0 8577.664360599732 8564.426548491176 1 -76
113529 113540 8563.0 8563.0 8563.0 8563.0 8577.82499680697 8563.265912283938 1 -76
113529 113552 8563.0 8563.0 8561.0 8561.0 8578.078075200734 8561.831015708358 1 -176
113529 113554 8563.0 8563.0 8561.0 8561.0 8578.092802824842 8560.63446990243 0 -176
114618 114624 8555.0 8555.0 8553.0 8553.0 8564.905010089338 8554.276808092482 1 -176
114618 114624 8555.0 8555.0 8553.0 8553.0 8565.16426976991 8553.290275684634 1 -176
114618 114634 8555.0 8555.0 8553.0 8554.0 8565.173248427982 8552.644933390198 0 -126
115215 115215 8549.0 8550.0 8549.0 8550.0 8555.376234912646 8549.623765087354 1 -26
115215 115215 8549.0 8550.0 8549.0 8550.0 8555.112818063966 8549.43263648149 1 -26
115215 115215 8549.0 8550.0 8549.0 8550.0 8555.10868776805 8549.164039504678 1 -26
115215 115220 8549.0 8550.0 8548.0 8548.0 8555.315453453672 8548.502728364509 1 -126
115215 115220 8549.0 8550.0 8548.0 8548.0 8555.281806846502 8547.990920426226 1 -126
115215 115222 8549.0 8550.0 8548.0 8549.0 8554.856249584054 8547.871023143218 0 -76
115301 115356 8552.0 8563.0 8551.0 8563.0 8557.571296122453 8545.792340241183 0 474
115737 115807 8544.0 8544.0 8542.0 8542.0 8550.623105625618 8542.376894374382 0 -176
122851 122852 8548.0 8548.0 8547.0 8547.0 8555.04640141242 8546.317234951215 0 -126
123003 123014 8546.0 8546.0 8545.0 8545.0 8548.710291628711 8545.19879928038 1 -126
123003 123014 8546.0 8546.0 8545.0 8545.0 8548.471049244752 8545.074405300704 1 -126
123003 123014 8546.0 8546.0 8545.0 8545.0 8548.399156311789 8544.87357096094 1 -126
123003 123014 8546.0 8546.0 8545.0 8545.0 8548.283765170032 8544.716234829968 0 -126
130146 130243 8549.0 8549.0 8541.0 8544.0 8546.088931871469 8541.911068128531 -1 174
130217 130252 8544.0 8546.0 8541.0 8541.0 8546.297895970727 8541.429376756545 0 74
130510 130556 8543.0 8543.0 8536.0 8536.0 8538.283765170032 8534.716234829968 -1 274
130510 130556 8543.0 8543.0 8536.0 8536.0 8537.783681759256 8534.943590968016 -1 274
130510 130556 8543.0 8543.0 8536.0 8537.0 8537.163450815558 8535.382003729897 -1 224
130510 130556 8543.0 8543.0 8536.0 8537.0 8537.163450815558 8535.382003729897 -1 224
130510 130601 8543.0 8543.0 8535.0 8535.0 8537.160939055842 8535.202697307794 -1 324
130510 130601 8543.0 8543.0 8535.0 8535.0 8537.119428045364 8535.062390136456 -1 324
130510 130602 8543.0 8543.0 8533.0 8533.0 8537.494145070377 8534.324036747803 -1 424
130510 130602 8543.0 8543.0 8533.0 8533.0 8537.651455498955 8533.803089955589 -1 424
130510 130602 8543.0 8543.0 8533.0 8534.0 8537.685350485379 8533.587376787349 -1 374
130510 130602 8543.0 8543.0 8533.0 8534.0 8537.696756284762 8533.394152806146 -1 374
130510 130602 8543.0 8543.0 8533.0 8534.0 8537.688764677718 8533.220326231374 -1 374
130510 130602 8543.0 8543.0 8533.0 8534.0 8537.66347466194 8533.063798065332 -1 374
130510 130602 8543.0 8543.0 8533.0 8534.0 8537.622335996968 8532.923118548488 -1 374
130510 130602 8543.0 8543.0 8533.0 8534.0 8537.566341281565 8532.797295082071 -1 374
130510 130602 8543.0 8543.0 8533.0 8534.0 8537.496137555514 8532.685680626306 -1 374
130539 130633 8539.0 8539.0 8533.0 8533.0 8537.475531749793 8532.433559159299 -1 224
130553 130643 8537.0 8537.0 8531.0 8531.0 8537.69263753278 8531.761907921764 0 224
133405 133501 8539.0 8539.0 8532.0 8535.0 8536.882935139678 8528.298883042142 -1 124
133417 133511 8532.0 8535.0 8531.0 8531.0 8536.837898184833 8528.434829087895 0 -26
133556 133627 8541.0 8544.0 8534.0 8534.0 8541.661904555194 8527.156277262986 0 274
Total Transaction = 917
Final profit = 506308
