# Too few sequence #1
# Number of KBar units = 2160
084500 084501 8506.0 8506.0 8505.0 8505.0
084500 084503 8506.0 8506.0 8505.0 8506.0
084500 084506 8506.0 8519.0 8505.0 8519.0
084500 084507 8506.0 8519.0 8505.0 8511.0
084500 084509 8506.0 8519.0 8505.0 8516.0
084500 084510 8506.0 8519.0 8505.0 8516.0
084500 084511 8506.0 8519.0 8505.0 8518.0
084500 084512 8506.0 8519.0 8505.0 8517.0
084500 084514 8506.0 8519.0 8505.0 8519.0
084500 084519 8506.0 8519.0 8505.0 8518.0
084500 084521 8506.0 8522.0 8505.0 8522.0
084500 084524 8506.0 8527.0 8505.0 8527.0
084500 084527 8506.0 8527.0 8505.0 8523.0
084500 084530 8506.0 8527.0 8505.0 8524.0
084500 084535 8506.0 8527.0 8505.0 8521.0
084500 084536 8506.0 8527.0 8505.0 8521.0
084500 084538 8506.0 8527.0 8505.0 8523.0
084500 084540 8506.0 8527.0 8505.0 8524.0
084500 084541 8506.0 8527.0 8505.0 8524.0
084500 084545 8506.0 8527.0 8505.0 8526.0
084500 084552 8506.0 8527.0 8505.0 8526.0
084500 084555 8506.0 8527.0 8505.0 8527.0
084501 084601 8505.0 8527.0 8505.0 8525.0
084509 084608 8516.0 8527.0 8516.0 8523.0
084519 084618 8518.0 8527.0 8518.0 8522.0
084519 084619 8518.0 8527.0 8518.0 8522.0
084521 084620 8522.0 8527.0 8521.0 8522.0
084521 084621 8522.0 8527.0 8520.0 8520.0
084524 084622 8527.0 8527.0 8520.0 8522.0
084536 084636 8521.0 8527.0 8520.0 8523.0
084545 084644 8526.0 8527.0 8520.0 8527.0
084545 084645 8526.0 8527.0 8520.0 8524.0
084601 084701 8525.0 8530.0 8520.0 8530.0
084618 084717 8522.0 8530.0 8520.0 8522.0
084618 084718 8522.0 8530.0 8520.0 8521.0
084621 084721 8520.0 8530.0 8520.0 8521.0
084636 084724 8523.0 8530.0 8520.0 8520.0
084636 084726 8523.0 8530.0 8518.0 8518.0
084636 084727 8523.0 8530.0 8518.0 8518.0
084636 084729 8523.0 8530.0 8518.0 8518.0
084636 084731 8523.0 8530.0 8518.0 8518.0
084636 084732 8523.0 8530.0 8518.0 8519.0
084636 084735 8523.0 8530.0 8518.0 8519.0
084701 084748 8530.0 8530.0 8518.0 8520.0
084701 084757 8530.0 8530.0 8518.0 8520.0
084717 084802 8522.0 8522.0 8518.0 8520.0
084717 084803 8522.0 8522.0 8518.0 8520.0
084717 084806 8522.0 8522.0 8518.0 8520.0
084717 084815 8522.0 8522.0 8518.0 8522.0
084721 084819 8521.0 8522.0 8518.0 8521.0
084724 084822 8520.0 8522.0 8518.0 8520.0
084726 084825 8518.0 8522.0 8518.0 8522.0
084735 084833 8519.0 8522.0 8519.0 8521.0
084757 084856 8520.0 8532.0 8520.0 8532.0
084825 084925 8522.0 8532.0 8521.0 8528.0
084925 085003 8528.0 8528.0 8523.0 8523.0
084925 085004 8528.0 8528.0 8523.0 8523.0
084925 085009 8528.0 8528.0 8523.0 8523.0
084925 085013 8528.0 8528.0 8523.0 8524.0
084925 085014 8528.0 8528.0 8523.0 8524.0
084925 085015 8528.0 8528.0 8523.0 8524.0
084925 085017 8528.0 8528.0 8523.0 8524.0
084925 085022 8528.0 8528.0 8523.0 8525.0
084925 085024 8528.0 8528.0 8523.0 8526.0
084925 085025 8528.0 8528.0 8523.0 8527.0
085003 085037 8523.0 8529.0 8523.0 8529.0
085003 085039 8523.0 8530.0 8523.0 8530.0
085003 085040 8523.0 8530.0 8523.0 8530.0
085003 085047 8523.0 8531.0 8523.0 8531.0
085003 085054 8523.0 8532.0 8523.0 8532.0
085003 085056 8523.0 8533.0 8523.0 8533.0
085003 085100 8523.0 8547.0 8523.0 8547.0
085003 085101 8523.0 8547.0 8523.0 8534.0
085004 085104 8523.0 8547.0 8523.0 8536.0
085009 085105 8523.0 8547.0 8523.0 8537.0
085009 085109 8523.0 8547.0 8523.0 8538.0
085013 085112 8524.0 8547.0 8524.0 8538.0
085022 085119 8525.0 8547.0 8525.0 8542.0
085022 085122 8525.0 8547.0 8525.0 8540.0
085024 085124 8526.0 8547.0 8526.0 8538.0
085037 085133 8529.0 8554.0 8529.0 8554.0
085039 085139 8530.0 8554.0 8529.0 8529.0
085047 085144 8531.0 8554.0 8529.0 8537.0
085047 085146 8531.0 8554.0 8529.0 8538.0
085054 085153 8532.0 8554.0 8523.0 8523.0
085100 085159 8547.0 8554.0 8523.0 8538.0
085100 085200 8547.0 8554.0 8523.0 8537.0
085104 085203 8536.0 8554.0 8523.0 8538.0
085109 085206 8538.0 8554.0 8523.0 8537.0
085109 085209 8538.0 8554.0 8523.0 8535.0
085112 085210 8538.0 8554.0 8523.0 8534.0
085119 085213 8542.0 8554.0 8523.0 8533.0
085119 085214 8542.0 8554.0 8523.0 8533.0
085119 085217 8542.0 8554.0 8523.0 8532.0
085122 085220 8540.0 8554.0 8523.0 8528.0
085122 085222 8540.0 8554.0 8523.0 8527.0
085124 085223 8538.0 8554.0 8523.0 8529.0
085133 085229 8554.0 8554.0 8523.0 8529.0
085133 085231 8554.0 8554.0 8523.0 8529.0
085139 085234 8529.0 8538.0 8523.0 8529.0
085159 085256 8538.0 8538.0 8527.0 8527.0
085159 085258 8538.0 8538.0 8527.0 8527.0
085203 085301 8538.0 8538.0 8526.0 8526.0
085213 085312 8533.0 8533.0 8526.0 8528.0
085214 085314 8533.0 8538.0 8526.0 8538.0
085217 085315 8532.0 8538.0 8526.0 8529.0
085220 085318 8528.0 8538.0 8526.0 8531.0
085220 085320 8528.0 8538.0 8526.0 8531.0
085229 085326 8529.0 8538.0 8526.0 8533.0
085229 085328 8529.0 8538.0 8526.0 8531.0
085234 085333 8529.0 8538.0 8526.0 8532.0
085256 085350 8527.0 8538.0 8526.0 8533.0
085312 085402 8528.0 8538.0 8528.0 8536.0
085333 085430 8532.0 8538.0 8532.0 8538.0
085350 085437 8533.0 8538.0 8533.0 8535.0
085350 085441 8533.0 8538.0 8533.0 8535.0
085402 085451 8536.0 8538.0 8535.0 8536.0
085402 085458 8536.0 8538.0 8535.0 8535.0
085402 085501 8536.0 8538.0 8534.0 8534.0
085430 085503 8538.0 8538.0 8534.0 8538.0
085437 085535 8535.0 8551.0 8534.0 8551.0
085441 085539 8535.0 8551.0 8534.0 8537.0
085451 085544 8536.0 8551.0 8534.0 8536.0
085544 085642 8536.0 8536.0 8534.0 8534.0
085544 085643 8536.0 8536.0 8534.0 8534.0
085642 085704 8534.0 8535.0 8534.0 8535.0
085642 085713 8534.0 8535.0 8534.0 8535.0
085642 085716 8534.0 8535.0 8523.0 8523.0
085642 085727 8534.0 8535.0 8523.0 8535.0
085642 085729 8534.0 8535.0 8523.0 8535.0
085642 085738 8534.0 8535.0 8523.0 8535.0
085704 085745 8535.0 8535.0 8523.0 8535.0
085704 085746 8535.0 8535.0 8523.0 8534.0
085704 085748 8535.0 8536.0 8523.0 8536.0
085704 085751 8535.0 8536.0 8523.0 8533.0
085704 085752 8535.0 8536.0 8523.0 8533.0
085704 085803 8535.0 8536.0 8523.0 8534.0
085727 085817 8535.0 8536.0 8533.0 8533.0
085727 085818 8535.0 8536.0 8531.0 8531.0
085727 085821 8535.0 8536.0 8531.0 8531.0
085727 085825 8535.0 8536.0 8530.0 8530.0
085738 085833 8535.0 8536.0 8530.0 8530.0
085751 085850 8533.0 8534.0 8528.0 8528.0
085803 085903 8534.0 8534.0 8527.0 8527.0
085817 085904 8533.0 8533.0 8527.0 8527.0
085817 085906 8533.0 8533.0 8527.0 8529.0
085817 085908 8533.0 8533.0 8516.0 8516.0
085817 085915 8533.0 8533.0 8516.0 8529.0
085818 085918 8531.0 8531.0 8516.0 8529.0
085825 085923 8530.0 8530.0 8516.0 8529.0
085833 085931 8530.0 8531.0 8516.0 8531.0
085833 085933 8530.0 8531.0 8516.0 8530.0
085850 085934 8528.0 8531.0 8516.0 8530.0
085850 085936 8528.0 8532.0 8516.0 8532.0
085850 085938 8528.0 8533.0 8516.0 8533.0
085850 085940 8528.0 8534.0 8516.0 8534.0
085903 090000 8527.0 8534.0 8516.0 8531.0
085903 090002 8527.0 8535.0 8516.0 8535.0
085904 090004 8527.0 8536.0 8516.0 8536.0
085906 090005 8529.0 8537.0 8516.0 8537.0
085915 090010 8529.0 8537.0 8529.0 8530.0
085915 090012 8529.0 8537.0 8528.0 8528.0
085915 090013 8529.0 8537.0 8526.0 8526.0
085923 090022 8529.0 8537.0 8526.0 8529.0
085931 090028 8531.0 8537.0 8526.0 8530.0
085931 090029 8531.0 8537.0 8526.0 8529.0
085938 090038 8533.0 8537.0 8526.0 8527.0
085940 090039 8534.0 8537.0 8526.0 8527.0
085940 090040 8534.0 8537.0 8525.0 8525.0
090000 090041 8531.0 8537.0 8525.0 8525.0
090000 090042 8531.0 8537.0 8524.0 8524.0
090000 090043 8531.0 8537.0 8523.0 8523.0
090000 090044 8531.0 8537.0 8522.0 8522.0
090000 090046 8531.0 8537.0 8521.0 8521.0
090000 090051 8531.0 8537.0 8521.0 8523.0
090000 090052 8531.0 8537.0 8521.0 8524.0
090000 090100 8531.0 8537.0 8521.0 8529.0
090010 090106 8530.0 8533.0 8521.0 8533.0
090010 090107 8530.0 8533.0 8521.0 8531.0
090010 090108 8530.0 8534.0 8521.0 8534.0
090010 090109 8530.0 8536.0 8521.0 8536.0
090012 090111 8528.0 8538.0 8521.0 8538.0
090012 090112 8528.0 8539.0 8521.0 8539.0
090013 090113 8526.0 8540.0 8521.0 8540.0
090022 090114 8529.0 8541.0 8521.0 8541.0
090022 090115 8529.0 8550.0 8521.0 8550.0
090022 090118 8529.0 8550.0 8521.0 8540.0
090028 090124 8530.0 8550.0 8521.0 8538.0
090051 090147 8523.0 8550.0 8523.0 8544.0
090100 090155 8529.0 8550.0 8529.0 8543.0
090108 090208 8534.0 8550.0 8534.0 8543.0
090111 090210 8538.0 8550.0 8538.0 8542.0
090111 090211 8538.0 8550.0 8538.0 8543.0
090114 090214 8541.0 8550.0 8538.0 8542.0
090115 090215 8550.0 8550.0 8538.0 8542.0
090118 090218 8540.0 8544.0 8538.0 8542.0
090124 090224 8538.0 8544.0 8538.0 8544.0
090147 090235 8544.0 8544.0 8542.0 8542.0
090147 090238 8544.0 8544.0 8539.0 8539.0
090147 090239 8544.0 8544.0 8538.0 8538.0
090147 090242 8544.0 8547.0 8538.0 8547.0
090147 090244 8544.0 8547.0 8538.0 8540.0
090147 090246 8544.0 8547.0 8538.0 8540.0
090155 090249 8543.0 8547.0 8538.0 8538.0
090155 090250 8543.0 8547.0 8538.0 8540.0
090208 090258 8543.0 8547.0 8538.0 8540.0
090208 090305 8543.0 8547.0 8538.0 8543.0
090208 090306 8543.0 8547.0 8538.0 8542.0
090208 090307 8543.0 8547.0 8538.0 8543.0
090224 090320 8544.0 8547.0 8537.0 8537.0
090224 090321 8544.0 8547.0 8536.0 8536.0
090224 090322 8544.0 8547.0 8534.0 8534.0
090224 090324 8544.0 8547.0 8532.0 8532.0
090235 090325 8542.0 8547.0 8532.0 8533.0
090238 090338 8539.0 8547.0 8532.0 8534.0
090305 090405 8543.0 8543.0 8532.0 8533.0
090306 090406 8542.0 8543.0 8527.0 8527.0
090307 090407 8543.0 8543.0 8527.0 8527.0
090320 090408 8537.0 8537.0 8525.0 8525.0
090320 090409 8537.0 8537.0 8522.0 8522.0
090320 090410 8537.0 8537.0 8513.0 8513.0
090320 090412 8537.0 8537.0 8513.0 8518.0
090320 090413 8537.0 8537.0 8513.0 8518.0
090320 090414 8537.0 8537.0 8513.0 8518.0
090320 090419 8537.0 8537.0 8513.0 8537.0
090324 090424 8532.0 8537.0 8513.0 8515.0
090338 090430 8534.0 8537.0 8512.0 8512.0
090338 090434 8534.0 8537.0 8508.0 8508.0
090338 090435 8534.0 8537.0 8507.0 8507.0
090338 090436 8534.0 8537.0 8507.0 8511.0
090338 090437 8534.0 8537.0 8507.0 8511.0
090338 090438 8534.0 8537.0 8507.0 8509.0
090405 090442 8533.0 8537.0 8507.0 8509.0
090405 090447 8533.0 8537.0 8507.0 8515.0
090405 090450 8533.0 8537.0 8507.0 8510.0
090405 090451 8533.0 8537.0 8507.0 8510.0
090405 090452 8533.0 8537.0 8507.0 8510.0
090405 090453 8533.0 8537.0 8507.0 8510.0
090405 090456 8533.0 8537.0 8507.0 8511.0
090405 090457 8533.0 8537.0 8507.0 8510.0
090405 090501 8533.0 8537.0 8507.0 8508.0
090405 090503 8533.0 8537.0 8506.0 8506.0
090405 090504 8533.0 8537.0 8506.0 8506.0
090405 090505 8533.0 8537.0 8503.0 8503.0
090406 090506 8527.0 8537.0 8502.0 8502.0
090408 090508 8525.0 8537.0 8502.0 8502.0
090409 090509 8522.0 8537.0 8502.0 8502.0
090412 090511 8518.0 8537.0 8502.0 8503.0
090413 090513 8518.0 8537.0 8502.0 8502.0
090414 090514 8518.0 8537.0 8502.0 8502.0
090419 090517 8537.0 8537.0 8502.0 8502.0
090419 090518 8537.0 8537.0 8501.0 8501.0
090419 090519 8537.0 8537.0 8501.0 8504.0
090424 090520 8515.0 8515.0 8501.0 8504.0
090424 090522 8515.0 8515.0 8501.0 8504.0
090430 090526 8512.0 8515.0 8501.0 8502.0
090434 090534 8508.0 8515.0 8501.0 8507.0
090436 090536 8511.0 8515.0 8501.0 8509.0
090450 090548 8510.0 8511.0 8501.0 8508.0
090451 090551 8510.0 8511.0 8501.0 8509.0
090453 090553 8510.0 8511.0 8501.0 8511.0
090456 090554 8511.0 8511.0 8501.0 8510.0
090501 090600 8508.0 8511.0 8501.0 8509.0
090501 090601 8508.0 8511.0 8501.0 8508.0
090505 090605 8503.0 8511.0 8501.0 8507.0
090534 090630 8507.0 8511.0 8504.0 8504.0
090534 090633 8507.0 8511.0 8504.0 8504.0
090548 090637 8508.0 8511.0 8503.0 8503.0
090548 090648 8508.0 8511.0 8503.0 8506.0
090551 090649 8509.0 8511.0 8503.0 8507.0
090600 090656 8509.0 8509.0 8503.0 8509.0
090605 090705 8507.0 8510.0 8503.0 8510.0
090630 090708 8504.0 8514.0 8503.0 8514.0
090630 090710 8504.0 8514.0 8503.0 8514.0
090630 090711 8504.0 8515.0 8503.0 8515.0
090630 090714 8504.0 8518.0 8503.0 8518.0
090630 090715 8504.0 8532.0 8503.0 8532.0
090630 090718 8504.0 8532.0 8503.0 8519.0
090630 090725 8504.0 8532.0 8503.0 8516.0
090648 090747 8506.0 8532.0 8506.0 8518.0
090648 090748 8506.0 8532.0 8506.0 8519.0
090656 090755 8509.0 8532.0 8509.0 8518.0
090705 090805 8510.0 8532.0 8510.0 8517.0
090714 090812 8518.0 8532.0 8513.0 8513.0
090714 090813 8518.0 8532.0 8513.0 8514.0
090725 090819 8516.0 8525.0 8513.0 8525.0
090725 090822 8516.0 8525.0 8513.0 8513.0
090747 090830 8518.0 8525.0 8513.0 8516.0
090747 090831 8518.0 8525.0 8513.0 8525.0
090755 090849 8518.0 8525.0 8513.0 8516.0
090805 090856 8517.0 8525.0 8513.0 8516.0
090805 090901 8517.0 8525.0 8513.0 8513.0
090805 090903 8517.0 8525.0 8511.0 8511.0
090805 090904 8517.0 8525.0 8509.0 8509.0
090812 090906 8513.0 8525.0 8508.0 8508.0
090812 090907 8513.0 8525.0 8508.0 8509.0
090812 090908 8513.0 8525.0 8507.0 8507.0
090812 090910 8513.0 8525.0 8507.0 8508.0
090812 090911 8513.0 8525.0 8506.0 8506.0
090819 090914 8525.0 8525.0 8506.0 8508.0
090819 090918 8525.0 8525.0 8506.0 8510.0
090822 090922 8513.0 8525.0 8506.0 8509.0
090830 090925 8516.0 8525.0 8506.0 8512.0
090849 090937 8516.0 8516.0 8506.0 8514.0
090849 090941 8516.0 8516.0 8506.0 8512.0
090849 090948 8516.0 8516.0 8506.0 8511.0
090903 091002 8511.0 8514.0 8506.0 8514.0
090903 091003 8511.0 8515.0 8506.0 8515.0
090904 091004 8509.0 8517.0 8506.0 8517.0
090918 091016 8510.0 8517.0 8509.0 8513.0
090922 091019 8509.0 8517.0 8509.0 8510.0
090922 091020 8509.0 8517.0 8509.0 8511.0
090937 091027 8514.0 8517.0 8508.0 8508.0
090937 091032 8514.0 8517.0 8508.0 8513.0
090937 091034 8514.0 8517.0 8508.0 8514.0
090948 091043 8511.0 8517.0 8508.0 8513.0
090948 091044 8511.0 8517.0 8508.0 8516.0
090948 091047 8511.0 8517.0 8508.0 8517.0
090948 091048 8511.0 8518.0 8508.0 8518.0
091002 091049 8514.0 8520.0 8508.0 8520.0
091002 091050 8514.0 8521.0 8508.0 8521.0
091002 091052 8514.0 8523.0 8508.0 8523.0
091002 091055 8514.0 8523.0 8508.0 8523.0
091002 091102 8514.0 8523.0 8508.0 8521.0
091016 091108 8513.0 8531.0 8508.0 8531.0
091019 091119 8510.0 8531.0 8508.0 8522.0
091027 091122 8508.0 8531.0 8508.0 8522.0
091027 091123 8508.0 8536.0 8508.0 8536.0
091043 091140 8513.0 8536.0 8513.0 8530.0
091043 091142 8513.0 8536.0 8513.0 8530.0
091043 091143 8513.0 8536.0 8513.0 8531.0
091108 091203 8531.0 8536.0 8522.0 8529.0
091108 091204 8531.0 8536.0 8522.0 8527.0
091119 091209 8522.0 8536.0 8522.0 8525.0
091119 091210 8522.0 8536.0 8522.0 8524.0
091119 091211 8522.0 8536.0 8522.0 8522.0
091203 091249 8529.0 8529.0 8522.0 8527.0
091203 091254 8529.0 8530.0 8522.0 8530.0
091203 091257 8529.0 8530.0 8522.0 8530.0
091203 091300 8529.0 8530.0 8522.0 8530.0
091209 091307 8525.0 8530.0 8522.0 8530.0
091209 091308 8525.0 8530.0 8522.0 8529.0
091249 091313 8527.0 8531.0 8527.0 8531.0
091249 091316 8527.0 8534.0 8527.0 8534.0
091249 091317 8527.0 8539.0 8527.0 8539.0
091249 091324 8527.0 8539.0 8527.0 8534.0
091249 091334 8527.0 8539.0 8527.0 8538.0
091249 091335 8527.0 8543.0 8527.0 8543.0
091249 091336 8527.0 8544.0 8527.0 8544.0
091249 091337 8527.0 8547.0 8527.0 8547.0
091249 091339 8527.0 8547.0 8527.0 8540.0
091249 091345 8527.0 8547.0 8527.0 8532.0
091249 091346 8527.0 8547.0 8527.0 8535.0
091254 091350 8530.0 8547.0 8529.0 8537.0
091307 091403 8530.0 8547.0 8529.0 8534.0
091307 091404 8530.0 8547.0 8529.0 8535.0
091307 091405 8530.0 8547.0 8529.0 8533.0
091316 091415 8534.0 8547.0 8532.0 8536.0
091324 091418 8534.0 8547.0 8532.0 8535.0
091324 091423 8534.0 8547.0 8532.0 8533.0
091334 091425 8538.0 8547.0 8532.0 8533.0
091334 091427 8538.0 8547.0 8532.0 8533.0
091334 091431 8538.0 8547.0 8532.0 8534.0
091334 091432 8538.0 8547.0 8532.0 8533.0
091339 091438 8540.0 8540.0 8531.0 8531.0
091345 091442 8532.0 8537.0 8531.0 8532.0
091345 091444 8532.0 8537.0 8531.0 8532.0
091403 091501 8534.0 8536.0 8531.0 8535.0
091403 091502 8534.0 8536.0 8531.0 8535.0
091404 091504 8535.0 8537.0 8531.0 8537.0
091415 091506 8536.0 8537.0 8531.0 8537.0
091415 091508 8536.0 8540.0 8531.0 8540.0
091415 091509 8536.0 8540.0 8531.0 8540.0
091415 091511 8536.0 8540.0 8531.0 8540.0
091425 091525 8533.0 8542.0 8531.0 8542.0
091431 091528 8534.0 8543.0 8531.0 8543.0
091431 091529 8534.0 8543.0 8531.0 8543.0
091431 091530 8534.0 8544.0 8531.0 8544.0
091431 091531 8534.0 8544.0 8531.0 8544.0
091438 091533 8531.0 8544.0 8531.0 8542.0
091438 091534 8531.0 8544.0 8531.0 8541.0
091442 091539 8532.0 8544.0 8532.0 8540.0
091442 091542 8532.0 8552.0 8532.0 8552.0
091501 091550 8535.0 8552.0 8535.0 8543.0
091501 091551 8535.0 8552.0 8535.0 8545.0
091501 091552 8535.0 8552.0 8535.0 8546.0
091501 091553 8535.0 8552.0 8535.0 8548.0
091501 091554 8535.0 8552.0 8535.0 8548.0
091501 091556 8535.0 8552.0 8535.0 8545.0
091501 091600 8535.0 8552.0 8535.0 8543.0
091504 091603 8537.0 8552.0 8537.0 8544.0
091525 091620 8542.0 8552.0 8540.0 8540.0
091525 091621 8542.0 8552.0 8538.0 8538.0
091528 091626 8543.0 8552.0 8536.0 8536.0
091550 091643 8543.0 8548.0 8536.0 8539.0
091550 091650 8543.0 8550.0 8536.0 8550.0
091552 091652 8546.0 8550.0 8536.0 8538.0
091600 091659 8543.0 8550.0 8536.0 8540.0
091620 091707 8540.0 8550.0 8536.0 8536.0
091620 091713 8540.0 8550.0 8535.0 8535.0
091620 091717 8540.0 8550.0 8535.0 8535.0
091620 091719 8540.0 8550.0 8534.0 8534.0
091621 091721 8538.0 8550.0 8534.0 8534.0
091626 091723 8536.0 8550.0 8531.0 8531.0
091650 091745 8550.0 8550.0 8531.0 8536.0
091659 091753 8540.0 8540.0 8531.0 8534.0
091659 091755 8540.0 8540.0 8531.0 8533.0
091707 091807 8536.0 8536.0 8531.0 8532.0
091717 091816 8535.0 8536.0 8530.0 8530.0
091717 091817 8535.0 8536.0 8528.0 8528.0
091719 091818 8534.0 8536.0 8526.0 8526.0
091721 091820 8534.0 8536.0 8526.0 8526.0
091745 091827 8536.0 8536.0 8526.0 8526.0
091745 091829 8536.0 8536.0 8526.0 8526.0
091745 091834 8536.0 8536.0 8526.0 8526.0
091745 091835 8536.0 8536.0 8526.0 8527.0
091753 091848 8534.0 8534.0 8526.0 8528.0
092007 092007 8534.0 8534.0 8534.0 8534.0
092007 092014 8534.0 8535.0 8534.0 8535.0
092007 092043 8534.0 8535.0 8532.0 8532.0
092007 092049 8534.0 8535.0 8529.0 8529.0
092007 092054 8534.0 8535.0 8528.0 8528.0
092007 092055 8534.0 8535.0 8527.0 8527.0
092007 092056 8534.0 8535.0 8524.0 8524.0
092007 092057 8534.0 8536.0 8524.0 8536.0
092007 092100 8534.0 8536.0 8522.0 8522.0
092007 092101 8534.0 8536.0 8522.0 8522.0
092007 092102 8534.0 8536.0 8521.0 8521.0
092014 092114 8535.0 8536.0 8521.0 8524.0
092043 092115 8532.0 8536.0 8521.0 8524.0
092043 092123 8532.0 8536.0 8521.0 8522.0
092043 092125 8532.0 8536.0 8521.0 8523.0
092043 092126 8532.0 8536.0 8521.0 8522.0
092043 092127 8532.0 8536.0 8521.0 8521.0
092043 092128 8532.0 8536.0 8520.0 8520.0
092043 092129 8532.0 8536.0 8520.0 8520.0
092043 092130 8532.0 8536.0 8518.0 8518.0
092043 092131 8532.0 8536.0 8513.0 8513.0
092043 092132 8532.0 8536.0 8513.0 8514.0
092043 092141 8532.0 8536.0 8513.0 8521.0
092043 092142 8532.0 8536.0 8513.0 8519.0
092054 092154 8528.0 8536.0 8513.0 8517.0
092057 092157 8536.0 8536.0 8513.0 8518.0
092114 092203 8524.0 8524.0 8513.0 8516.0
092114 092205 8524.0 8524.0 8513.0 8514.0
092114 092206 8524.0 8524.0 8513.0 8514.0
092114 092207 8524.0 8524.0 8513.0 8515.0
092114 092209 8524.0 8524.0 8513.0 8513.0
092114 092210 8524.0 8524.0 8513.0 8513.0
092114 092211 8524.0 8524.0 8511.0 8511.0
092114 092212 8524.0 8524.0 8511.0 8511.0
092114 092213 8524.0 8524.0 8511.0 8511.0
092114 092214 8524.0 8524.0 8509.0 8509.0
092115 092215 8524.0 8524.0 8508.0 8508.0
092123 092216 8522.0 8523.0 8504.0 8504.0
092123 092217 8522.0 8523.0 8498.0 8498.0
092123 092218 8522.0 8523.0 8498.0 8504.0
092123 092219 8522.0 8523.0 8498.0 8506.0
092123 092221 8522.0 8523.0 8498.0 8505.0
092123 092222 8522.0 8523.0 8498.0 8503.0
092125 092224 8523.0 8523.0 8498.0 8505.0
092125 092225 8523.0 8523.0 8498.0 8503.0
092126 092226 8522.0 8522.0 8498.0 8503.0
092141 092237 8521.0 8521.0 8498.0 8503.0
092141 092239 8521.0 8521.0 8498.0 8503.0
092142 092242 8519.0 8519.0 8498.0 8504.0
092154 092244 8517.0 8518.0 8498.0 8506.0
092154 092245 8517.0 8518.0 8498.0 8507.0
092154 092246 8517.0 8518.0 8498.0 8508.0
092154 092247 8517.0 8518.0 8498.0 8509.0
092157 092257 8518.0 8518.0 8498.0 8507.0
092203 092300 8516.0 8516.0 8498.0 8506.0
092203 092301 8516.0 8516.0 8498.0 8505.0
092203 092303 8516.0 8516.0 8498.0 8505.0
092216 092316 8504.0 8509.0 8498.0 8503.0
092217 092317 8498.0 8509.0 8498.0 8504.0
092222 092322 8503.0 8509.0 8502.0 8502.0
092224 092323 8505.0 8509.0 8501.0 8501.0
092224 092324 8505.0 8509.0 8501.0 8501.0
092225 092325 8503.0 8509.0 8501.0 8501.0
092226 092326 8503.0 8509.0 8500.0 8500.0
092237 092327 8503.0 8509.0 8499.0 8499.0
092237 092328 8503.0 8509.0 8499.0 8499.0
092237 092329 8503.0 8509.0 8499.0 8501.0
092237 092333 8503.0 8509.0 8499.0 8502.0
092237 092337 8503.0 8509.0 8499.0 8502.0
092239 092339 8503.0 8509.0 8499.0 8502.0
092245 092345 8507.0 8509.0 8499.0 8502.0
092246 092346 8508.0 8509.0 8499.0 8505.0
092247 092347 8509.0 8509.0 8499.0 8506.0
092257 092349 8507.0 8507.0 8499.0 8507.0
092257 092351 8507.0 8507.0 8499.0 8507.0
092257 092353 8507.0 8507.0 8499.0 8507.0
092316 092404 8503.0 8507.0 8499.0 8507.0
092316 092405 8503.0 8507.0 8499.0 8507.0
092316 092410 8503.0 8507.0 8499.0 8507.0
092322 092419 8502.0 8507.0 8499.0 8507.0
092322 092420 8502.0 8509.0 8499.0 8509.0
092325 092425 8501.0 8509.0 8499.0 8505.0
092328 092428 8499.0 8509.0 8499.0 8503.0
092329 092429 8501.0 8509.0 8501.0 8503.0
092333 092430 8502.0 8509.0 8502.0 8503.0
092333 092431 8502.0 8509.0 8501.0 8501.0
092333 092432 8502.0 8509.0 8499.0 8499.0
092333 092433 8502.0 8509.0 8498.0 8498.0
092339 092438 8502.0 8509.0 8498.0 8500.0
092345 092440 8502.0 8509.0 8498.0 8500.0
092345 092442 8502.0 8509.0 8496.0 8496.0
092346 092446 8505.0 8509.0 8496.0 8497.0
092404 092455 8507.0 8509.0 8496.0 8497.0
092404 092500 8507.0 8509.0 8493.0 8493.0
092404 092502 8507.0 8509.0 8491.0 8491.0
092404 092503 8507.0 8509.0 8491.0 8491.0
092410 092506 8507.0 8509.0 8491.0 8491.0
092410 092509 8507.0 8509.0 8490.0 8490.0
092419 092512 8507.0 8509.0 8488.0 8488.0
092419 092513 8507.0 8509.0 8487.0 8487.0
092425 092521 8505.0 8505.0 8487.0 8488.0
092425 092525 8505.0 8505.0 8487.0 8490.0
092428 092526 8503.0 8503.0 8487.0 8492.0
092429 092529 8503.0 8503.0 8487.0 8492.0
092431 092531 8501.0 8501.0 8487.0 8492.0
092438 092535 8500.0 8500.0 8487.0 8493.0
092438 092537 8500.0 8500.0 8487.0 8494.0
092438 092538 8500.0 8500.0 8487.0 8494.0
092446 092543 8497.0 8497.0 8487.0 8496.0
092446 092546 8497.0 8497.0 8487.0 8496.0
092455 092547 8497.0 8497.0 8487.0 8495.0
092455 092548 8497.0 8497.0 8487.0 8496.0
092455 092552 8497.0 8499.0 8487.0 8499.0
092455 092553 8497.0 8499.0 8487.0 8498.0
092455 092554 8497.0 8499.0 8487.0 8497.0
092500 092556 8493.0 8501.0 8487.0 8501.0
092500 092557 8493.0 8501.0 8487.0 8499.0
092502 092602 8491.0 8501.0 8487.0 8499.0
092512 092612 8488.0 8501.0 8487.0 8496.0
092552 092652 8499.0 8501.0 8495.0 8495.0
092554 092654 8497.0 8501.0 8495.0 8496.0
092612 092704 8496.0 8496.0 8492.0 8492.0
092652 092717 8495.0 8496.0 8489.0 8489.0
092652 092719 8495.0 8496.0 8489.0 8489.0
092652 092720 8495.0 8501.0 8489.0 8501.0
092652 092721 8495.0 8501.0 8489.0 8492.0
092652 092724 8495.0 8501.0 8489.0 8490.0
092652 092725 8495.0 8501.0 8489.0 8489.0
092652 092726 8495.0 8501.0 8489.0 8489.0
092652 092727 8495.0 8501.0 8489.0 8490.0
092652 092728 8495.0 8501.0 8488.0 8488.0
092652 092729 8495.0 8501.0 8488.0 8488.0
092652 092731 8495.0 8501.0 8488.0 8488.0
092652 092733 8495.0 8501.0 8486.0 8486.0
092652 092745 8495.0 8501.0 8486.0 8493.0
092704 092759 8492.0 8501.0 8486.0 8498.0
092704 092804 8492.0 8501.0 8486.0 8496.0
092717 092806 8489.0 8501.0 8486.0 8496.0
092717 092812 8489.0 8501.0 8486.0 8498.0
092717 092816 8489.0 8501.0 8486.0 8501.0
092717 092817 8489.0 8501.0 8486.0 8501.0
092719 092818 8489.0 8502.0 8486.0 8502.0
092719 092819 8489.0 8502.0 8486.0 8502.0
092720 092820 8501.0 8502.0 8486.0 8502.0
092745 092836 8493.0 8502.0 8493.0 8498.0
092745 092837 8493.0 8502.0 8493.0 8497.0
092745 092841 8493.0 8502.0 8493.0 8498.0
092816 092915 8501.0 8502.0 8497.0 8497.0
092836 092924 8498.0 8498.0 8497.0 8497.0
092836 092930 8498.0 8498.0 8494.0 8494.0
092836 092935 8498.0 8498.0 8494.0 8495.0
092837 092937 8497.0 8498.0 8492.0 8492.0
092841 092939 8498.0 8498.0 8490.0 8490.0
092841 092941 8498.0 8498.0 8489.0 8489.0
092915 092943 8497.0 8497.0 8488.0 8488.0
092915 092944 8497.0 8497.0 8488.0 8488.0
092915 092949 8497.0 8497.0 8486.0 8486.0
092915 092950 8497.0 8497.0 8486.0 8487.0
092915 093001 8497.0 8512.0 8486.0 8512.0
092915 093002 8497.0 8512.0 8486.0 8497.0
092915 093004 8497.0 8512.0 8486.0 8497.0
092924 093016 8497.0 8512.0 8486.0 8494.0
092924 093017 8497.0 8512.0 8486.0 8494.0
092930 093025 8494.0 8512.0 8486.0 8497.0
092930 093028 8494.0 8512.0 8486.0 8495.0
092937 093036 8492.0 8512.0 8486.0 8500.0
092937 093037 8492.0 8512.0 8486.0 8501.0
092939 093038 8490.0 8512.0 8486.0 8501.0
092939 093039 8490.0 8512.0 8486.0 8502.0
092941 093040 8489.0 8512.0 8486.0 8503.0
092941 093041 8489.0 8512.0 8486.0 8504.0
092943 093042 8488.0 8512.0 8486.0 8506.0
092949 093048 8486.0 8512.0 8486.0 8504.0
093004 093104 8497.0 8506.0 8494.0 8501.0
093016 093105 8494.0 8506.0 8494.0 8499.0
093016 093107 8494.0 8506.0 8494.0 8499.0
093016 093113 8494.0 8506.0 8494.0 8501.0
093025 093118 8497.0 8506.0 8495.0 8504.0
093025 093121 8497.0 8506.0 8495.0 8504.0
093025 093124 8497.0 8506.0 8495.0 8505.0
093036 093134 8500.0 8506.0 8499.0 8502.0
093048 093144 8504.0 8505.0 8499.0 8500.0
093104 093149 8501.0 8505.0 8498.0 8498.0
093104 093150 8501.0 8505.0 8497.0 8497.0
093104 093151 8501.0 8505.0 8497.0 8498.0
093104 093158 8501.0 8505.0 8497.0 8499.0
093104 093204 8501.0 8505.0 8497.0 8497.0
093113 093208 8501.0 8505.0 8497.0 8500.0
093113 093210 8501.0 8505.0 8497.0 8500.0
093118 093216 8504.0 8505.0 8495.0 8495.0
093121 093219 8504.0 8505.0 8495.0 8495.0
093134 093226 8502.0 8502.0 8494.0 8494.0
093134 093228 8502.0 8502.0 8493.0 8493.0
093134 093229 8502.0 8502.0 8492.0 8492.0
093134 093231 8502.0 8502.0 8492.0 8495.0
093144 093238 8500.0 8500.0 8491.0 8491.0
093144 093239 8500.0 8500.0 8490.0 8490.0
093144 093240 8500.0 8500.0 8489.0 8489.0
093144 093241 8500.0 8500.0 8487.0 8487.0
093144 093242 8500.0 8500.0 8486.0 8486.0
093144 093243 8500.0 8500.0 8483.0 8483.0
093150 093250 8497.0 8500.0 8483.0 8487.0
093158 093252 8499.0 8500.0 8483.0 8489.0
093158 093254 8499.0 8500.0 8483.0 8489.0
093158 093256 8499.0 8500.0 8483.0 8489.0
093158 093257 8499.0 8500.0 8483.0 8490.0
093204 093300 8497.0 8500.0 8483.0 8489.0
093204 093301 8497.0 8500.0 8483.0 8484.0
093204 093302 8497.0 8500.0 8483.0 8483.0
093204 093303 8497.0 8500.0 8482.0 8482.0
093208 093306 8500.0 8500.0 8482.0 8484.0
093208 093307 8500.0 8500.0 8481.0 8481.0
093216 093316 8495.0 8495.0 8481.0 8489.0
093219 093318 8495.0 8495.0 8481.0 8486.0
093219 093319 8495.0 8495.0 8481.0 8487.0
093226 093321 8494.0 8495.0 8481.0 8486.0
093226 093322 8494.0 8495.0 8481.0 8487.0
093228 093328 8493.0 8495.0 8481.0 8486.0
093238 093334 8491.0 8491.0 8481.0 8485.0
093250 093344 8487.0 8490.0 8481.0 8484.0
093250 093345 8487.0 8490.0 8481.0 8485.0
093306 093406 8484.0 8489.0 8481.0 8488.0
093316 093414 8489.0 8489.0 8484.0 8485.0
093316 093415 8489.0 8489.0 8484.0 8484.0
093316 093416 8489.0 8489.0 8483.0 8483.0
093318 093417 8486.0 8488.0 8483.0 8485.0
093321 093421 8486.0 8488.0 8483.0 8483.0
093322 093422 8487.0 8488.0 8482.0 8482.0
093328 093423 8486.0 8488.0 8482.0 8482.0
093328 093424 8486.0 8488.0 8481.0 8481.0
093328 093425 8486.0 8488.0 8481.0 8482.0
093328 093427 8486.0 8488.0 8480.0 8480.0
093328 093428 8486.0 8488.0 8480.0 8480.0
093334 093429 8485.0 8488.0 8478.0 8478.0
093334 093430 8485.0 8488.0 8478.0 8478.0
093334 093431 8485.0 8497.0 8478.0 8497.0
093334 093434 8485.0 8497.0 8478.0 8479.0
093344 093438 8484.0 8497.0 8476.0 8476.0
093344 093439 8484.0 8497.0 8476.0 8476.0
093344 093440 8484.0 8497.0 8460.0 8460.0
093344 093442 8484.0 8497.0 8460.0 8475.0
093344 093444 8484.0 8497.0 8460.0 8474.0
093406 093446 8488.0 8497.0 8460.0 8473.0
093406 093451 8488.0 8497.0 8460.0 8473.0
093406 093456 8488.0 8497.0 8460.0 8474.0
093406 093501 8488.0 8497.0 8460.0 8470.0
093406 093502 8488.0 8497.0 8460.0 8469.0
093406 093503 8488.0 8497.0 8460.0 8469.0
093406 093504 8488.0 8497.0 8460.0 8467.0
093406 093505 8488.0 8497.0 8460.0 8467.0
093406 093506 8488.0 8497.0 8460.0 8467.0
093414 093509 8485.0 8497.0 8460.0 8466.0
093414 093511 8485.0 8497.0 8460.0 8465.0
093414 093513 8485.0 8497.0 8460.0 8464.0
093417 093517 8485.0 8497.0 8460.0 8464.0
093421 093521 8483.0 8497.0 8460.0 8463.0
093422 093522 8482.0 8497.0 8460.0 8462.0
093423 093523 8482.0 8497.0 8460.0 8460.0
093424 093524 8481.0 8497.0 8460.0 8461.0
093427 093526 8480.0 8497.0 8459.0 8459.0
093427 093527 8480.0 8497.0 8459.0 8460.0
093431 093531 8497.0 8497.0 8459.0 8459.0
093438 093536 8476.0 8476.0 8459.0 8461.0
093438 093537 8476.0 8476.0 8459.0 8462.0
093439 093539 8476.0 8476.0 8459.0 8463.0
093440 093540 8460.0 8475.0 8459.0 8464.0
093442 093541 8475.0 8475.0 8459.0 8465.0
093442 093542 8475.0 8475.0 8459.0 8463.0
093444 093543 8474.0 8474.0 8459.0 8465.0
093451 093551 8473.0 8474.0 8459.0 8463.0
093501 093559 8470.0 8470.0 8459.0 8462.0
093502 093602 8469.0 8469.0 8459.0 8462.0
093505 093605 8467.0 8467.0 8459.0 8460.0
093506 093606 8467.0 8467.0 8459.0 8461.0
093509 093608 8466.0 8466.0 8459.0 8464.0
093511 093610 8465.0 8465.0 8459.0 8465.0
093511 093611 8465.0 8465.0 8459.0 8465.0
093513 093613 8464.0 8467.0 8459.0 8467.0
093517 093614 8464.0 8468.0 8459.0 8468.0
093517 093615 8464.0 8468.0 8459.0 8468.0
093517 093617 8464.0 8468.0 8459.0 8464.0
093521 093618 8463.0 8468.0 8459.0 8465.0
093521 093621 8463.0 8468.0 8459.0 8464.0
093524 093624 8461.0 8468.0 8459.0 8465.0
093531 093628 8459.0 8468.0 8459.0 8466.0
093536 093632 8461.0 8468.0 8460.0 8466.0
093537 093637 8462.0 8468.0 8460.0 8466.0
093539 093639 8463.0 8468.0 8460.0 8467.0
093540 093640 8464.0 8468.0 8460.0 8468.0
093541 093641 8465.0 8468.0 8460.0 8468.0
093551 093644 8463.0 8468.0 8460.0 8467.0
093551 093651 8463.0 8468.0 8460.0 8466.0
093611 093711 8465.0 8468.0 8463.0 8463.0
093614 093714 8468.0 8468.0 8463.0 8463.0
093621 093721 8464.0 8468.0 8463.0 8464.0
093628 093725 8466.0 8468.0 8463.0 8463.0
093640 093740 8468.0 8468.0 8463.0 8465.0
093644 093744 8467.0 8467.0 8463.0 8464.0
093711 093753 8463.0 8465.0 8460.0 8460.0
093711 093754 8463.0 8465.0 8459.0 8459.0
093711 093755 8463.0 8465.0 8457.0 8457.0
093711 093756 8463.0 8465.0 8457.0 8458.0
093711 093759 8463.0 8465.0 8456.0 8456.0
093711 093800 8463.0 8465.0 8456.0 8456.0
093711 093804 8463.0 8465.0 8456.0 8458.0
093711 093811 8463.0 8465.0 8456.0 8460.0
093721 093816 8464.0 8465.0 8456.0 8463.0
093740 093826 8465.0 8465.0 8456.0 8461.0
093740 093827 8465.0 8465.0 8456.0 8462.0
093740 093828 8465.0 8465.0 8456.0 8462.0
093744 093843 8464.0 8464.0 8456.0 8458.0
093744 093844 8464.0 8464.0 8456.0 8457.0
093753 093845 8460.0 8463.0 8456.0 8457.0
093753 093851 8460.0 8463.0 8456.0 8456.0
093753 093852 8460.0 8463.0 8455.0 8455.0
093753 093853 8460.0 8463.0 8453.0 8453.0
093754 093854 8459.0 8463.0 8453.0 8453.0
093759 093857 8456.0 8463.0 8453.0 8453.0
093804 093902 8458.0 8463.0 8451.0 8451.0
093804 093903 8458.0 8463.0 8451.0 8451.0
093804 093904 8458.0 8463.0 8451.0 8453.0
093811 093905 8460.0 8463.0 8450.0 8450.0
093811 093906 8460.0 8463.0 8450.0 8450.0
093811 093907 8460.0 8463.0 8450.0 8450.0
093811 093908 8460.0 8463.0 8435.0 8435.0
093811 093910 8460.0 8467.0 8435.0 8467.0
093816 093916 8463.0 8467.0 8435.0 8456.0
093826 093917 8461.0 8467.0 8435.0 8456.0
093826 093922 8461.0 8467.0 8435.0 8457.0
093826 093924 8461.0 8467.0 8435.0 8458.0
093843 093930 8458.0 8467.0 8435.0 8458.0
093843 093933 8458.0 8467.0 8435.0 8458.0
093857 093956 8453.0 8467.0 8435.0 8463.0
093902 093959 8451.0 8467.0 8435.0 8462.0
093902 094001 8451.0 8467.0 8435.0 8458.0
093907 094007 8450.0 8467.0 8435.0 8461.0
093916 094015 8456.0 8467.0 8456.0 8467.0
093916 094016 8456.0 8467.0 8456.0 8466.0
093922 094019 8457.0 8467.0 8457.0 8467.0
093922 094022 8457.0 8468.0 8457.0 8468.0
093930 094026 8458.0 8468.0 8458.0 8465.0
093933 094031 8458.0 8468.0 8458.0 8463.0
093956 094046 8463.0 8468.0 8458.0 8463.0
093956 094055 8463.0 8468.0 8458.0 8461.0
093956 094056 8463.0 8468.0 8458.0 8461.0
094001 094100 8458.0 8468.0 8458.0 8459.0
094046 094132 8463.0 8463.0 8459.0 8459.0
094046 094133 8463.0 8463.0 8458.0 8458.0
094046 094134 8463.0 8463.0 8457.0 8457.0
094046 094136 8463.0 8463.0 8455.0 8455.0
094046 094137 8463.0 8463.0 8455.0 8456.0
094046 094139 8463.0 8463.0 8453.0 8453.0
094046 094140 8463.0 8463.0 8452.0 8452.0
094046 094142 8463.0 8463.0 8450.0 8450.0
094046 094143 8463.0 8463.0 8448.0 8448.0
094046 094146 8463.0 8463.0 8448.0 8449.0
094055 094147 8461.0 8461.0 8448.0 8450.0
094055 094148 8461.0 8461.0 8448.0 8450.0
094055 094150 8461.0 8461.0 8448.0 8450.0
094055 094155 8461.0 8461.0 8448.0 8449.0
094100 094157 8459.0 8459.0 8448.0 8455.0
094132 094201 8459.0 8459.0 8448.0 8454.0
094132 094202 8459.0 8459.0 8448.0 8452.0
094132 094203 8459.0 8459.0 8448.0 8453.0
094132 094204 8459.0 8459.0 8448.0 8451.0
094132 094206 8459.0 8459.0 8448.0 8451.0
094132 094207 8459.0 8459.0 8448.0 8452.0
094132 094209 8459.0 8459.0 8448.0 8451.0
094132 094210 8459.0 8459.0 8448.0 8452.0
094132 094211 8459.0 8459.0 8448.0 8453.0
094132 094217 8459.0 8459.0 8448.0 8453.0
094132 094220 8459.0 8459.0 8448.0 8453.0
094132 094224 8459.0 8459.0 8448.0 8450.0
094132 094225 8459.0 8459.0 8448.0 8450.0
094132 094229 8459.0 8459.0 8448.0 8450.0
094132 094230 8459.0 8459.0 8448.0 8450.0
094132 094231 8459.0 8459.0 8448.0 8450.0
094132 094232 8459.0 8459.0 8448.0 8450.0
094133 094233 8458.0 8458.0 8448.0 8450.0
094134 094234 8457.0 8457.0 8448.0 8449.0
094137 094237 8456.0 8456.0 8448.0 8450.0
094139 094238 8453.0 8455.0 8448.0 8450.0
094140 094240 8452.0 8455.0 8448.0 8451.0
094143 094243 8448.0 8455.0 8448.0 8448.0
094146 094246 8449.0 8455.0 8448.0 8450.0
094155 094252 8449.0 8455.0 8448.0 8448.0
094204 094304 8451.0 8455.0 8448.0 8455.0
094207 094307 8452.0 8458.0 8448.0 8458.0
094209 094308 8451.0 8458.0 8448.0 8457.0
094211 094311 8453.0 8458.0 8448.0 8457.0
094217 094317 8453.0 8458.0 8448.0 8457.0
094229 094326 8450.0 8458.0 8448.0 8458.0
094229 094328 8450.0 8471.0 8448.0 8471.0
094229 094329 8450.0 8471.0 8448.0 8458.0
094238 094338 8450.0 8471.0 8448.0 8458.0
094240 094339 8451.0 8471.0 8448.0 8458.0
094252 094350 8448.0 8471.0 8448.0 8458.0
094304 094359 8455.0 8471.0 8455.0 8457.0
094304 094402 8455.0 8471.0 8455.0 8459.0
094317 094412 8457.0 8471.0 8457.0 8461.0
094317 094414 8457.0 8471.0 8457.0 8463.0
094317 094415 8457.0 8471.0 8457.0 8462.0
094350 094445 8458.0 8463.0 8457.0 8461.0
094350 094446 8458.0 8463.0 8457.0 8461.0
094350 094449 8458.0 8465.0 8457.0 8465.0
094350 094450 8458.0 8466.0 8457.0 8466.0
094359 094453 8457.0 8466.0 8457.0 8466.0
094402 094500 8459.0 8466.0 8459.0 8462.0
094402 094501 8459.0 8466.0 8459.0 8460.0
094412 094504 8461.0 8466.0 8460.0 8461.0
094412 094505 8461.0 8466.0 8460.0 8460.0
094412 094510 8461.0 8466.0 8460.0 8460.0
094445 094521 8461.0 8466.0 8460.0 8460.0
094445 094526 8461.0 8466.0 8459.0 8459.0
094445 094527 8461.0 8466.0 8459.0 8459.0
094445 094529 8461.0 8466.0 8458.0 8458.0
094445 094531 8461.0 8466.0 8458.0 8458.0
094445 094534 8461.0 8466.0 8457.0 8457.0
094446 094546 8461.0 8466.0 8457.0 8459.0
094453 094553 8466.0 8466.0 8457.0 8458.0
094500 094555 8462.0 8462.0 8457.0 8458.0
094510 094610 8460.0 8474.0 8457.0 8474.0
094529 094629 8458.0 8474.0 8457.0 8460.0
094534 094632 8457.0 8474.0 8457.0 8461.0
094546 094639 8459.0 8474.0 8458.0 8474.0
094546 094643 8459.0 8474.0 8458.0 8460.0
094546 094644 8459.0 8474.0 8457.0 8457.0
094546 094645 8459.0 8474.0 8456.0 8456.0
094546 094646 8459.0 8474.0 8456.0 8457.0
094553 094650 8458.0 8474.0 8456.0 8457.0
094610 094658 8474.0 8474.0 8456.0 8458.0
094610 094659 8474.0 8474.0 8456.0 8459.0
094610 094701 8474.0 8474.0 8456.0 8456.0
094629 094711 8460.0 8474.0 8455.0 8455.0
094629 094712 8460.0 8474.0 8453.0 8453.0
094629 094713 8460.0 8474.0 8452.0 8452.0
094629 094715 8460.0 8474.0 8452.0 8452.0
094629 094717 8460.0 8474.0 8452.0 8452.0
094643 094743 8460.0 8460.0 8452.0 8452.0
094650 094747 8457.0 8459.0 8452.0 8452.0
094658 094751 8458.0 8459.0 8451.0 8451.0
094701 094800 8456.0 8456.0 8451.0 8453.0
094701 094801 8456.0 8456.0 8451.0 8451.0
094711 094802 8455.0 8455.0 8451.0 8451.0
094711 094803 8455.0 8455.0 8450.0 8450.0
094711 094809 8455.0 8455.0 8450.0 8450.0
094711 094810 8455.0 8455.0 8450.0 8450.0
094711 094811 8455.0 8455.0 8446.0 8446.0
094713 094813 8452.0 8453.0 8443.0 8443.0
094715 094814 8452.0 8453.0 8443.0 8444.0
094717 094816 8452.0 8453.0 8443.0 8445.0
094743 094820 8452.0 8453.0 8442.0 8442.0
094743 094822 8452.0 8453.0 8442.0 8446.0
094743 094823 8452.0 8453.0 8442.0 8443.0
094743 094826 8452.0 8453.0 8442.0 8444.0
094743 094833 8452.0 8453.0 8442.0 8442.0
094743 094836 8452.0 8453.0 8442.0 8442.0
094743 094837 8452.0 8453.0 8442.0 8442.0
094743 094838 8452.0 8453.0 8442.0 8442.0
094743 094839 8452.0 8453.0 8442.0 8442.0
094743 094840 8452.0 8453.0 8442.0 8446.0
094743 094843 8452.0 8453.0 8442.0 8444.0
094747 094844 8452.0 8456.0 8442.0 8456.0
094747 094845 8452.0 8456.0 8442.0 8443.0
094751 094850 8451.0 8456.0 8442.0 8445.0
094800 094859 8453.0 8456.0 8442.0 8445.0
094800 094900 8453.0 8456.0 8442.0 8444.0
094809 094904 8450.0 8456.0 8442.0 8443.0
094809 094906 8450.0 8456.0 8442.0 8443.0
094813 094913 8443.0 8456.0 8442.0 8443.0
094820 094918 8442.0 8456.0 8442.0 8442.0
094826 094924 8444.0 8456.0 8442.0 8442.0
094833 094927 8442.0 8456.0 8442.0 8442.0
094840 094940 8446.0 8456.0 8440.0 8440.0
094843 094941 8444.0 8456.0 8438.0 8438.0
094844 094944 8456.0 8456.0 8437.0 8437.0
094850 094948 8445.0 8445.0 8436.0 8436.0
094850 094950 8445.0 8445.0 8435.0 8435.0
094859 094956 8445.0 8445.0 8435.0 8435.0
094859 094957 8445.0 8445.0 8435.0 8435.0
094859 094958 8445.0 8445.0 8435.0 8435.0
094900 095000 8444.0 8444.0 8433.0 8433.0
094904 095001 8443.0 8443.0 8433.0 8433.0
094904 095002 8443.0 8443.0 8433.0 8433.0
094904 095004 8443.0 8443.0 8431.0 8431.0
094906 095005 8443.0 8443.0 8431.0 8431.0
094906 095006 8443.0 8443.0 8430.0 8430.0
094913 095007 8443.0 8443.0 8430.0 8430.0
094913 095008 8443.0 8443.0 8430.0 8430.0
094913 095010 8443.0 8443.0 8430.0 8433.0
094913 095012 8443.0 8443.0 8430.0 8434.0
094918 095014 8442.0 8442.0 8430.0 8437.0
094918 095016 8442.0 8442.0 8430.0 8436.0
094924 095023 8442.0 8442.0 8430.0 8435.0
094927 095026 8442.0 8442.0 8430.0 8435.0
094940 095035 8440.0 8440.0 8430.0 8437.0
094940 095039 8440.0 8441.0 8430.0 8441.0
094944 095044 8437.0 8441.0 8430.0 8439.0
094948 095048 8436.0 8441.0 8430.0 8437.0
094950 095049 8435.0 8441.0 8430.0 8437.0
094956 095053 8435.0 8441.0 8430.0 8435.0
094956 095055 8435.0 8441.0 8430.0 8434.0
094956 095056 8435.0 8441.0 8430.0 8433.0
095002 095102 8433.0 8441.0 8430.0 8435.0
095005 095105 8431.0 8441.0 8430.0 8437.0
095006 095106 8430.0 8441.0 8430.0 8437.0
095008 095108 8430.0 8441.0 8430.0 8437.0
095012 095112 8434.0 8441.0 8433.0 8434.0
095023 095119 8435.0 8441.0 8431.0 8431.0
095023 095121 8435.0 8441.0 8431.0 8431.0
095039 095137 8441.0 8441.0 8431.0 8433.0
095055 095154 8434.0 8437.0 8431.0 8436.0
095102 095157 8435.0 8437.0 8431.0 8437.0
095102 095158 8435.0 8439.0 8431.0 8439.0
095102 095200 8435.0 8439.0 8431.0 8436.0
095102 095201 8435.0 8439.0 8431.0 8436.0
095121 095220 8431.0 8460.0 8431.0 8460.0
095137 095228 8433.0 8460.0 8433.0 8436.0
095220 095318 8460.0 8460.0 8434.0 8434.0
095228 095322 8436.0 8436.0 8432.0 8432.0
095228 095323 8436.0 8436.0 8431.0 8431.0
095228 095324 8436.0 8436.0 8430.0 8430.0
095228 095326 8436.0 8436.0 8428.0 8428.0
095318 095339 8434.0 8434.0 8428.0 8432.0
095318 095343 8434.0 8434.0 8428.0 8431.0
095318 095344 8434.0 8434.0 8428.0 8431.0
095318 095346 8434.0 8434.0 8428.0 8430.0
095318 095350 8434.0 8434.0 8428.0 8432.0
095318 095353 8434.0 8434.0 8428.0 8433.0
095318 095356 8434.0 8434.0 8428.0 8431.0
095318 095404 8434.0 8434.0 8428.0 8428.0
095318 095406 8434.0 8434.0 8427.0 8427.0
095318 095407 8434.0 8434.0 8426.0 8426.0
095318 095408 8434.0 8434.0 8425.0 8425.0
095318 095417 8434.0 8434.0 8425.0 8427.0
095318 095418 8434.0 8434.0 8425.0 8427.0
095322 095419 8432.0 8433.0 8425.0 8425.0
095322 095420 8432.0 8433.0 8425.0 8425.0
095322 095421 8432.0 8433.0 8424.0 8424.0
095322 095422 8432.0 8433.0 8423.0 8423.0
095323 095423 8431.0 8433.0 8423.0 8425.0
095324 095424 8430.0 8433.0 8422.0 8422.0
095326 095425 8428.0 8433.0 8422.0 8422.0
095339 095428 8432.0 8433.0 8422.0 8423.0
095339 095430 8432.0 8433.0 8421.0 8421.0
095339 095431 8432.0 8433.0 8406.0 8406.0
095339 095432 8432.0 8433.0 8406.0 8421.0
095339 095433 8432.0 8433.0 8406.0 8420.0
095339 095434 8432.0 8433.0 8406.0 8422.0
095339 095435 8432.0 8439.0 8406.0 8439.0
095339 095437 8432.0 8439.0 8406.0 8421.0
095339 095439 8432.0 8439.0 8406.0 8420.0
095343 095440 8431.0 8439.0 8406.0 8420.0
095343 095441 8431.0 8439.0 8406.0 8417.0
095344 095444 8431.0 8439.0 8406.0 8417.0
095350 095447 8432.0 8439.0 8406.0 8415.0
095350 095448 8432.0 8439.0 8406.0 8416.0
095350 095449 8432.0 8439.0 8406.0 8415.0
095350 095450 8432.0 8439.0 8406.0 8414.0
095404 095458 8428.0 8439.0 8406.0 8417.0
095404 095502 8428.0 8439.0 8406.0 8418.0
095404 095503 8428.0 8439.0 8406.0 8420.0
095404 095504 8428.0 8439.0 8406.0 8421.0
095406 095506 8427.0 8439.0 8406.0 8421.0
095408 095508 8425.0 8439.0 8406.0 8420.0
095417 095510 8427.0 8439.0 8406.0 8420.0
095417 095513 8427.0 8439.0 8406.0 8419.0
095417 095515 8427.0 8439.0 8406.0 8419.0
095420 095520 8425.0 8439.0 8406.0 8420.0
095422 095522 8423.0 8439.0 8406.0 8419.0
095423 095523 8425.0 8439.0 8406.0 8419.0
095424 095524 8422.0 8439.0 8406.0 8420.0
095425 095525 8422.0 8439.0 8406.0 8437.0
095430 095529 8421.0 8439.0 8406.0 8418.0
095435 095535 8439.0 8439.0 8414.0 8416.0
095437 095536 8421.0 8437.0 8414.0 8415.0
095437 095537 8421.0 8437.0 8413.0 8413.0
095439 095538 8420.0 8438.0 8413.0 8438.0
095448 095548 8416.0 8438.0 8410.0 8410.0
095449 095549 8415.0 8438.0 8410.0 8410.0
095450 095550 8414.0 8438.0 8408.0 8408.0
095458 095552 8417.0 8438.0 8408.0 8408.0
095458 095553 8417.0 8438.0 8408.0 8408.0
095458 095554 8417.0 8438.0 8406.0 8406.0
095458 095556 8417.0 8438.0 8406.0 8406.0
095458 095557 8417.0 8438.0 8406.0 8406.0
095502 095559 8418.0 8438.0 8406.0 8407.0
095502 095600 8418.0 8438.0 8406.0 8406.0
095502 095601 8418.0 8438.0 8405.0 8405.0
095506 095605 8421.0 8438.0 8405.0 8409.0
095510 095609 8420.0 8438.0 8405.0 8408.0
095513 095613 8419.0 8438.0 8405.0 8408.0
095522 095622 8419.0 8438.0 8405.0 8406.0
095523 095623 8419.0 8438.0 8405.0 8406.0
095529 095628 8418.0 8438.0 8405.0 8409.0
095529 095629 8418.0 8438.0 8405.0 8408.0
095535 095632 8416.0 8438.0 8405.0 8408.0
095535 095634 8416.0 8438.0 8405.0 8409.0
095537 095637 8413.0 8438.0 8405.0 8409.0
095538 095638 8438.0 8438.0 8405.0 8409.0
095548 095646 8410.0 8413.0 8405.0 8413.0
095548 095647 8410.0 8414.0 8405.0 8414.0
095552 095652 8408.0 8414.0 8405.0 8411.0
095605 095702 8409.0 8414.0 8406.0 8412.0
095609 095708 8408.0 8414.0 8406.0 8410.0
095613 095710 8408.0 8414.0 8406.0 8410.0
095628 095726 8409.0 8414.0 8408.0 8413.0
095628 095728 8409.0 8414.0 8408.0 8414.0
095637 095735 8409.0 8414.0 8409.0 8413.0
095646 095742 8413.0 8414.0 8410.0 8413.0
095652 095748 8411.0 8416.0 8410.0 8416.0
095652 095749 8411.0 8416.0 8410.0 8416.0
095652 095750 8411.0 8416.0 8410.0 8416.0
095652 095751 8411.0 8417.0 8410.0 8417.0
095702 095754 8412.0 8417.0 8410.0 8416.0
095702 095755 8412.0 8417.0 8410.0 8416.0
095702 095757 8412.0 8419.0 8410.0 8419.0
095702 095758 8412.0 8419.0 8410.0 8419.0
095702 095759 8412.0 8419.0 8410.0 8416.0
095710 095810 8410.0 8420.0 8410.0 8420.0
095726 095813 8413.0 8421.0 8413.0 8421.0
095726 095815 8413.0 8422.0 8413.0 8422.0
095726 095816 8413.0 8423.0 8413.0 8423.0
095726 095817 8413.0 8423.0 8413.0 8422.0
095726 095818 8413.0 8423.0 8413.0 8422.0
095726 095819 8413.0 8423.0 8413.0 8422.0
095726 095825 8413.0 8424.0 8413.0 8424.0
095728 095827 8414.0 8425.0 8413.0 8425.0
095735 095831 8413.0 8425.0 8413.0 8425.0
095757 095856 8419.0 8425.0 8416.0 8424.0
095757 095857 8419.0 8425.0 8416.0 8425.0
095758 095858 8419.0 8425.0 8416.0 8424.0
095810 095904 8420.0 8426.0 8420.0 8426.0
095810 095905 8420.0 8427.0 8420.0 8427.0
095810 095906 8420.0 8447.0 8420.0 8447.0
095810 095908 8420.0 8447.0 8420.0 8428.0
095813 095913 8421.0 8447.0 8421.0 8425.0
095825 095920 8424.0 8447.0 8422.0 8422.0
095825 095922 8424.0 8447.0 8422.0 8422.0
095825 095923 8424.0 8447.0 8421.0 8421.0
095827 095926 8425.0 8447.0 8421.0 8422.0
095827 095927 8425.0 8447.0 8421.0 8423.0
095856 095932 8424.0 8447.0 8421.0 8422.0
095856 095934 8424.0 8447.0 8421.0 8423.0
095856 095937 8424.0 8447.0 8421.0 8422.0
095856 095940 8424.0 8447.0 8420.0 8420.0
095856 095941 8424.0 8447.0 8420.0 8420.0
095856 095942 8424.0 8447.0 8420.0 8420.0
095856 095956 8424.0 8447.0 8419.0 8419.0
095904 095959 8426.0 8447.0 8419.0 8421.0
095904 100001 8426.0 8447.0 8418.0 8418.0
095904 100003 8426.0 8447.0 8418.0 8419.0
095904 100004 8426.0 8447.0 8415.0 8415.0
095906 100006 8447.0 8447.0 8415.0 8417.0
095913 100012 8425.0 8425.0 8414.0 8414.0
095920 100014 8422.0 8423.0 8413.0 8413.0
095920 100015 8422.0 8423.0 8412.0 8412.0
095920 100017 8422.0 8423.0 8411.0 8411.0
095920 100018 8422.0 8423.0 8411.0 8417.0
095920 100019 8422.0 8423.0 8411.0 8417.0
095922 100021 8422.0 8423.0 8411.0 8415.0
095932 100032 8422.0 8440.0 8411.0 8440.0
095940 100038 8420.0 8444.0 8411.0 8444.0
095940 100039 8420.0 8444.0 8411.0 8444.0
095956 100047 8419.0 8444.0 8411.0 8425.0
095956 100052 8419.0 8444.0 8411.0 8424.0
095959 100057 8421.0 8444.0 8411.0 8427.0
100001 100100 8418.0 8444.0 8411.0 8428.0
100012 100109 8414.0 8444.0 8411.0 8431.0
100012 100110 8414.0 8444.0 8411.0 8431.0
100014 100114 8413.0 8444.0 8411.0 8430.0
100038 100134 8444.0 8444.0 8424.0 8432.0
100047 100141 8425.0 8432.0 8424.0 8430.0
100047 100147 8425.0 8432.0 8424.0 8429.0
100057 100156 8427.0 8432.0 8427.0 8429.0
100057 100157 8427.0 8432.0 8427.0 8429.0
100109 100207 8431.0 8432.0 8426.0 8426.0
100114 100212 8430.0 8432.0 8426.0 8427.0
100134 100230 8432.0 8432.0 8425.0 8425.0
100134 100232 8432.0 8432.0 8425.0 8427.0
100141 100237 8430.0 8430.0 8425.0 8430.0
100147 100242 8429.0 8431.0 8425.0 8431.0
100147 100243 8429.0 8431.0 8425.0 8431.0
100207 100300 8426.0 8431.0 8425.0 8431.0
100207 100304 8426.0 8431.0 8425.0 8431.0
100230 100314 8425.0 8434.0 8425.0 8434.0
100230 100318 8425.0 8436.0 8425.0 8436.0
100237 100337 8430.0 8437.0 8430.0 8437.0
100300 100356 8431.0 8437.0 8431.0 8437.0
100337 100432 8437.0 8440.0 8437.0 8440.0
100337 100436 8437.0 8440.0 8437.0 8440.0
100356 100440 8437.0 8441.0 8437.0 8441.0
100356 100441 8437.0 8441.0 8437.0 8441.0
100356 100450 8437.0 8441.0 8422.0 8422.0
100432 100501 8440.0 8441.0 8422.0 8437.0
100432 100505 8440.0 8441.0 8422.0 8437.0
100432 100507 8440.0 8441.0 8422.0 8436.0
100432 100509 8440.0 8441.0 8422.0 8436.0
100432 100510 8440.0 8441.0 8422.0 8436.0
100432 100514 8440.0 8441.0 8422.0 8436.0
100432 100521 8440.0 8441.0 8422.0 8435.0
100432 100523 8440.0 8441.0 8422.0 8439.0
100450 100547 8422.0 8439.0 8422.0 8435.0
100501 100552 8437.0 8439.0 8431.0 8431.0
100505 100603 8437.0 8439.0 8431.0 8433.0
100514 100611 8436.0 8455.0 8431.0 8455.0
100514 100612 8436.0 8455.0 8431.0 8432.0
100521 100616 8435.0 8455.0 8431.0 8433.0
100523 100622 8439.0 8455.0 8431.0 8434.0
100547 100639 8435.0 8455.0 8431.0 8436.0
100547 100643 8435.0 8455.0 8431.0 8437.0
100547 100644 8435.0 8455.0 8431.0 8437.0
100547 100645 8435.0 8455.0 8431.0 8437.0
100547 100646 8435.0 8455.0 8431.0 8437.0
100611 100709 8455.0 8455.0 8432.0 8438.0
100622 100719 8434.0 8438.0 8434.0 8438.0
100622 100722 8434.0 8456.0 8434.0 8456.0
100639 100738 8436.0 8456.0 8423.0 8423.0
100644 100744 8437.0 8456.0 8423.0 8423.0
100646 100746 8437.0 8456.0 8423.0 8442.0
100709 100749 8438.0 8456.0 8423.0 8442.0
100709 100753 8438.0 8456.0 8423.0 8443.0
100709 100757 8438.0 8456.0 8423.0 8442.0
100744 100844 8423.0 8443.0 8423.0 8438.0
100757 100857 8442.0 8442.0 8436.0 8436.0
100844 100905 8438.0 8438.0 8436.0 8436.0
100844 100908 8438.0 8438.0 8436.0 8436.0
100844 100909 8438.0 8438.0 8435.0 8435.0
100844 100913 8438.0 8438.0 8435.0 8435.0
100844 100915 8438.0 8438.0 8435.0 8436.0
100844 100918 8438.0 8438.0 8435.0 8435.0
100844 100926 8438.0 8438.0 8434.0 8434.0
100844 100929 8438.0 8438.0 8434.0 8434.0
100844 100930 8438.0 8438.0 8433.0 8433.0
100844 100931 8438.0 8456.0 8433.0 8456.0
100844 100932 8438.0 8456.0 8433.0 8434.0
100844 100934 8438.0 8456.0 8431.0 8431.0
100844 100935 8438.0 8456.0 8431.0 8431.0
100844 100937 8438.0 8456.0 8431.0 8432.0
100905 101000 8436.0 8456.0 8431.0 8433.0
100905 101005 8436.0 8456.0 8431.0 8431.0
100930 101030 8433.0 8456.0 8431.0 8433.0
101000 101046 8433.0 8434.0 8431.0 8434.0
101235 101235 8435.0 8435.0 8435.0 8435.0
101235 101242 8435.0 8435.0 8433.0 8433.0
101235 101248 8435.0 8435.0 8432.0 8432.0
101235 101255 8435.0 8435.0 8431.0 8431.0
101235 101259 8435.0 8435.0 8430.0 8430.0
101235 101300 8435.0 8435.0 8429.0 8429.0
101235 101307 8435.0 8435.0 8429.0 8431.0
101235 101317 8435.0 8435.0 8428.0 8428.0
101235 101319 8435.0 8435.0 8427.0 8427.0
101235 101323 8435.0 8435.0 8427.0 8427.0
101235 101327 8435.0 8435.0 8427.0 8428.0
101235 101335 8435.0 8435.0 8426.0 8426.0
101242 101338 8433.0 8433.0 8426.0 8426.0
101248 101343 8432.0 8432.0 8426.0 8429.0
101307 101405 8431.0 8431.0 8426.0 8427.0
101307 101406 8431.0 8431.0 8426.0 8427.0
101317 101416 8428.0 8429.0 8426.0 8428.0
101317 101417 8428.0 8429.0 8426.0 8428.0
101335 101429 8426.0 8430.0 8426.0 8430.0
101335 101435 8426.0 8430.0 8426.0 8429.0
101343 101442 8429.0 8432.0 8427.0 8432.0
101343 101443 8429.0 8432.0 8427.0 8431.0
101405 101447 8427.0 8452.0 8427.0 8452.0
101405 101458 8427.0 8452.0 8427.0 8433.0
101405 101501 8427.0 8452.0 8427.0 8432.0
101416 101507 8428.0 8452.0 8428.0 8432.0
101416 101512 8428.0 8452.0 8428.0 8433.0
101416 101515 8428.0 8452.0 8428.0 8432.0
101435 101534 8429.0 8452.0 8429.0 8434.0
101435 101535 8429.0 8452.0 8429.0 8435.0
101442 101536 8432.0 8452.0 8431.0 8434.0
101442 101538 8432.0 8452.0 8431.0 8435.0
101501 101601 8432.0 8437.0 8432.0 8437.0
101507 101603 8432.0 8437.0 8432.0 8437.0
101601 101658 8437.0 8437.0 8436.0 8436.0
101601 101659 8437.0 8437.0 8436.0 8436.0
101601 101701 8437.0 8437.0 8436.0 8436.0
101603 101703 8437.0 8437.0 8436.0 8437.0
101658 101710 8436.0 8437.0 8435.0 8435.0
101658 101719 8436.0 8437.0 8434.0 8434.0
101701 101800 8436.0 8437.0 8430.0 8430.0
101800 101820 8430.0 8434.0 8430.0 8434.0
101800 101836 8430.0 8434.0 8430.0 8434.0
101800 101841 8430.0 8434.0 8430.0 8432.0
101820 101903 8434.0 8434.0 8430.0 8430.0
101903 101942 8430.0 8430.0 8425.0 8425.0
101903 101943 8430.0 8430.0 8421.0 8421.0
101903 101945 8430.0 8430.0 8421.0 8422.0
101903 101949 8430.0 8430.0 8421.0 8421.0
101903 101955 8430.0 8430.0 8419.0 8419.0
101903 101957 8430.0 8430.0 8418.0 8418.0
101903 101959 8430.0 8430.0 8418.0 8418.0
101903 102000 8430.0 8430.0 8417.0 8417.0
101903 102002 8430.0 8430.0 8417.0 8417.0
101903 102003 8430.0 8430.0 8416.0 8416.0
101942 102022 8425.0 8425.0 8416.0 8419.0
101949 102046 8421.0 8421.0 8416.0 8420.0
102000 102100 8417.0 8421.0 8416.0 8421.0
102022 102105 8419.0 8421.0 8419.0 8419.0
102022 102107 8419.0 8421.0 8419.0 8421.0
102022 102113 8419.0 8421.0 8419.0 8420.0
102022 102118 8419.0 8421.0 8419.0 8421.0
102022 102119 8419.0 8422.0 8419.0 8422.0
102022 102120 8419.0 8423.0 8419.0 8423.0
102046 102134 8420.0 8426.0 8419.0 8426.0
102046 102146 8420.0 8426.0 8419.0 8425.0
102120 102220 8423.0 8426.0 8423.0 8425.0
102134 102233 8426.0 8428.0 8425.0 8428.0
102134 102234 8426.0 8428.0 8425.0 8428.0
102146 102239 8425.0 8430.0 8425.0 8430.0
102220 102305 8425.0 8430.0 8425.0 8426.0
102234 102334 8428.0 8430.0 8424.0 8424.0
102305 102342 8426.0 8426.0 8422.0 8422.0
102305 102344 8426.0 8426.0 8422.0 8422.0
102305 102348 8426.0 8426.0 8421.0 8421.0
102334 102407 8424.0 8426.0 8421.0 8426.0
102334 102416 8424.0 8428.0 8421.0 8428.0
102334 102418 8424.0 8429.0 8421.0 8429.0
102334 102422 8424.0 8429.0 8421.0 8429.0
102407 102503 8426.0 8429.0 8424.0 8424.0
102416 102512 8428.0 8429.0 8424.0 8426.0
102418 102517 8429.0 8429.0 8424.0 8427.0
102418 102518 8429.0 8429.0 8424.0 8427.0
102422 102520 8429.0 8429.0 8424.0 8428.0
102422 102522 8429.0 8429.0 8424.0 8429.0
102503 102524 8424.0 8430.0 8424.0 8430.0
102503 102537 8424.0 8430.0 8424.0 8430.0
102503 102538 8424.0 8450.0 8424.0 8450.0
102503 102541 8424.0 8450.0 8424.0 8432.0
102517 102615 8427.0 8450.0 8427.0 8435.0
102520 102619 8428.0 8450.0 8428.0 8435.0
102522 102621 8429.0 8450.0 8429.0 8434.0
102537 102627 8430.0 8450.0 8430.0 8434.0
102814 102814 8430.0 8430.0 8430.0 8430.0
102814 102818 8430.0 8430.0 8430.0 8430.0
102814 102824 8430.0 8430.0 8430.0 8430.0
102814 102828 8430.0 8431.0 8430.0 8431.0
102814 102836 8430.0 8432.0 8430.0 8432.0
102814 102837 8430.0 8432.0 8430.0 8432.0
102814 102838 8430.0 8433.0 8430.0 8433.0
102814 102848 8430.0 8434.0 8430.0 8434.0
102814 102850 8430.0 8434.0 8430.0 8433.0
102814 102911 8430.0 8434.0 8430.0 8434.0
102814 102912 8430.0 8434.0 8430.0 8434.0
102818 102916 8430.0 8434.0 8430.0 8434.0
102911 103005 8434.0 8436.0 8434.0 8436.0
102911 103006 8434.0 8436.0 8434.0 8435.0
103005 103029 8436.0 8436.0 8433.0 8433.0
103005 103030 8436.0 8436.0 8431.0 8431.0
103005 103033 8436.0 8436.0 8431.0 8431.0
103029 103115 8433.0 8434.0 8431.0 8434.0
103115 103155 8434.0 8434.0 8433.0 8433.0
103115 103210 8434.0 8434.0 8430.0 8430.0
103115 103211 8434.0 8434.0 8429.0 8429.0
103115 103214 8434.0 8434.0 8428.0 8428.0
103155 103247 8433.0 8433.0 8428.0 8428.0
103155 103253 8433.0 8433.0 8427.0 8427.0
103210 103303 8430.0 8430.0 8427.0 8428.0
103210 103306 8430.0 8430.0 8427.0 8428.0
103247 103316 8428.0 8429.0 8427.0 8429.0
103247 103340 8428.0 8429.0 8426.0 8426.0
103253 103353 8427.0 8429.0 8426.0 8426.0
103303 103355 8428.0 8429.0 8425.0 8425.0
103303 103358 8428.0 8429.0 8425.0 8428.0
103303 103359 8428.0 8429.0 8410.0 8410.0
103340 103428 8426.0 8428.0 8410.0 8427.0
103340 103431 8426.0 8428.0 8410.0 8428.0
103340 103435 8426.0 8428.0 8410.0 8428.0
103353 103444 8426.0 8431.0 8410.0 8431.0
103353 103446 8426.0 8432.0 8410.0 8432.0
103428 103520 8427.0 8432.0 8427.0 8431.0
103431 103529 8428.0 8432.0 8428.0 8431.0
103520 103556 8431.0 8431.0 8430.0 8430.0
103520 103607 8431.0 8431.0 8429.0 8429.0
103529 103621 8431.0 8431.0 8429.0 8431.0
103556 103633 8430.0 8432.0 8429.0 8432.0
103556 103638 8430.0 8434.0 8429.0 8434.0
103556 103640 8430.0 8434.0 8429.0 8434.0
103556 103647 8430.0 8437.0 8429.0 8437.0
103556 103648 8430.0 8437.0 8429.0 8437.0
103621 103716 8431.0 8438.0 8431.0 8438.0
103647 103745 8437.0 8438.0 8437.0 8438.0
103716 103755 8438.0 8438.0 8436.0 8436.0
103901 103901 8439.0 8439.0 8439.0 8439.0
103901 103903 8439.0 8440.0 8439.0 8440.0
103901 103904 8439.0 8441.0 8439.0 8441.0
103901 103919 8439.0 8441.0 8438.0 8438.0
103901 103938 8439.0 8441.0 8438.0 8440.0
103901 103942 8439.0 8443.0 8438.0 8443.0
103901 103944 8439.0 8443.0 8438.0 8443.0
103901 103945 8439.0 8444.0 8438.0 8444.0
103919 104008 8438.0 8457.0 8438.0 8457.0
103919 104013 8438.0 8457.0 8438.0 8438.0
103919 104016 8438.0 8457.0 8438.0 8439.0
103938 104022 8440.0 8457.0 8438.0 8439.0
103938 104025 8440.0 8457.0 8438.0 8439.0
103938 104031 8440.0 8457.0 8438.0 8438.0
103942 104039 8443.0 8457.0 8438.0 8439.0
103942 104040 8443.0 8457.0 8438.0 8439.0
103944 104043 8443.0 8457.0 8438.0 8439.0
104008 104102 8457.0 8457.0 8438.0 8438.0
104022 104121 8439.0 8439.0 8438.0 8438.0
104025 104123 8439.0 8439.0 8438.0 8438.0
104031 104131 8438.0 8439.0 8437.0 8437.0
104039 104133 8439.0 8439.0 8437.0 8438.0
104043 104143 8439.0 8439.0 8436.0 8436.0
104121 104210 8438.0 8439.0 8436.0 8439.0
104121 104214 8438.0 8439.0 8436.0 8439.0
104131 104229 8437.0 8439.0 8436.0 8438.0
104210 104253 8439.0 8439.0 8438.0 8438.0
104210 104307 8439.0 8439.0 8437.0 8437.0
104210 104308 8439.0 8439.0 8420.0 8420.0
104253 104341 8438.0 8438.0 8420.0 8435.0
104253 104342 8438.0 8438.0 8420.0 8434.0
104253 104345 8438.0 8438.0 8420.0 8432.0
104253 104346 8438.0 8438.0 8420.0 8432.0
104253 104349 8438.0 8438.0 8420.0 8431.0
104253 104350 8438.0 8438.0 8420.0 8431.0
104253 104351 8438.0 8450.0 8420.0 8450.0
104253 104352 8438.0 8450.0 8420.0 8450.0
104307 104401 8437.0 8450.0 8420.0 8430.0
104307 104404 8437.0 8450.0 8420.0 8431.0
104341 104414 8435.0 8450.0 8429.0 8429.0
104341 104424 8435.0 8450.0 8429.0 8429.0
104341 104425 8435.0 8450.0 8428.0 8428.0
104341 104430 8435.0 8450.0 8428.0 8428.0
104341 104431 8435.0 8450.0 8427.0 8427.0
104341 104432 8435.0 8450.0 8426.0 8426.0
104404 104502 8431.0 8431.0 8426.0 8426.0
104404 104503 8431.0 8431.0 8426.0 8426.0
104424 104518 8429.0 8429.0 8426.0 8428.0
104518 104606 8428.0 8428.0 8426.0 8426.0
104518 104611 8428.0 8428.0 8426.0 8426.0
104518 104613 8428.0 8428.0 8426.0 8426.0
104518 104614 8428.0 8428.0 8426.0 8426.0
104606 104623 8426.0 8426.0 8425.0 8425.0
104606 104630 8426.0 8426.0 8425.0 8425.0
104606 104635 8426.0 8426.0 8424.0 8424.0
104606 104636 8426.0 8426.0 8424.0 8424.0
104606 104637 8426.0 8426.0 8423.0 8423.0
104606 104638 8426.0 8445.0 8423.0 8445.0
104606 104640 8426.0 8445.0 8422.0 8422.0
104606 104654 8426.0 8445.0 8422.0 8424.0
104606 104656 8426.0 8445.0 8422.0 8424.0
104606 104658 8426.0 8445.0 8422.0 8424.0
104606 104659 8426.0 8445.0 8422.0 8424.0
104606 104700 8426.0 8445.0 8422.0 8424.0
104606 104705 8426.0 8445.0 8422.0 8423.0
104611 104707 8426.0 8445.0 8422.0 8424.0
104613 104713 8426.0 8445.0 8422.0 8423.0
104630 104726 8425.0 8445.0 8422.0 8423.0
104635 104733 8424.0 8445.0 8421.0 8421.0
104635 104735 8424.0 8445.0 8420.0 8420.0
104638 104738 8445.0 8445.0 8420.0 8420.0
104640 104740 8422.0 8424.0 8420.0 8420.0
104654 104743 8424.0 8424.0 8420.0 8420.0
104654 104746 8424.0 8424.0 8418.0 8418.0
104654 104747 8424.0 8424.0 8417.0 8417.0
104654 104750 8424.0 8440.0 8417.0 8440.0
104705 104803 8423.0 8440.0 8416.0 8416.0
104705 104804 8423.0 8440.0 8415.0 8415.0
104735 104835 8420.0 8440.0 8415.0 8419.0
104738 104837 8420.0 8440.0 8415.0 8420.0
104803 104856 8416.0 8426.0 8415.0 8426.0
104835 104912 8419.0 8426.0 8419.0 8426.0
104835 104913 8419.0 8426.0 8419.0 8426.0
104856 104939 8426.0 8426.0 8424.0 8424.0
104912 105008 8426.0 8426.0 8423.0 8423.0
104939 105031 8424.0 8425.0 8423.0 8425.0
104939 105033 8424.0 8425.0 8422.0 8422.0
105008 105040 8423.0 8425.0 8422.0 8425.0
105008 105101 8423.0 8426.0 8422.0 8426.0
105217 105217 8425.0 8425.0 8425.0 8425.0
105217 105307 8425.0 8425.0 8423.0 8423.0
105307 105328 8423.0 8426.0 8423.0 8426.0
105307 105344 8423.0 8427.0 8423.0 8427.0
105328 105421 8426.0 8427.0 8426.0 8427.0
105421 105502 8427.0 8447.0 8427.0 8447.0
105502 105523 8447.0 8447.0 8425.0 8425.0
105502 105538 8447.0 8447.0 8425.0 8425.0
105502 105558 8447.0 8447.0 8425.0 8425.0
105523 105612 8425.0 8447.0 8425.0 8447.0
105538 105632 8425.0 8447.0 8425.0 8431.0
105840 105840 8428.0 8428.0 8428.0 8428.0
105840 105841 8428.0 8428.0 8428.0 8428.0
105840 105845 8428.0 8428.0 8428.0 8428.0
105840 105918 8428.0 8431.0 8428.0 8431.0
105841 105941 8428.0 8431.0 8403.0 8403.0
105845 105944 8428.0 8435.0 8403.0 8435.0
105918 110016 8431.0 8436.0 8403.0 8436.0
110016 110050 8436.0 8437.0 8436.0 8437.0
110016 110055 8436.0 8437.0 8436.0 8437.0
110016 110059 8436.0 8437.0 8436.0 8437.0
110016 110104 8436.0 8437.0 8436.0 8436.0
110016 110108 8436.0 8437.0 8435.0 8435.0
110050 110117 8437.0 8437.0 8435.0 8435.0
110232 110232 8439.0 8439.0 8439.0 8439.0
110232 110234 8439.0 8439.0 8439.0 8439.0
110232 110237 8439.0 8456.0 8439.0 8456.0
110232 110238 8439.0 8456.0 8439.0 8440.0
110232 110239 8439.0 8456.0 8439.0 8440.0
110232 110252 8439.0 8456.0 8438.0 8438.0
110232 110259 8439.0 8456.0 8438.0 8441.0
110232 110300 8439.0 8456.0 8438.0 8442.0
110232 110302 8439.0 8456.0 8438.0 8442.0
110238 110338 8440.0 8442.0 8438.0 8438.0
110338 110404 8438.0 8443.0 8438.0 8443.0
110338 110405 8438.0 8444.0 8438.0 8444.0
110338 110406 8438.0 8449.0 8438.0 8449.0
110338 110407 8438.0 8449.0 8438.0 8449.0
110338 110408 8438.0 8449.0 8438.0 8449.0
110338 110414 8438.0 8464.0 8438.0 8464.0
110338 110415 8438.0 8464.0 8438.0 8450.0
110338 110416 8438.0 8464.0 8438.0 8451.0
110338 110418 8438.0 8464.0 8438.0 8463.0
110338 110421 8438.0 8464.0 8438.0 8451.0
110338 110431 8438.0 8464.0 8438.0 8453.0
110404 110440 8443.0 8464.0 8443.0 8463.0
110404 110444 8443.0 8464.0 8443.0 8451.0
110404 110452 8443.0 8464.0 8443.0 8451.0
110404 110459 8443.0 8464.0 8443.0 8451.0
110406 110506 8449.0 8464.0 8445.0 8445.0
110414 110513 8464.0 8464.0 8445.0 8446.0
110440 110532 8463.0 8463.0 8445.0 8450.0
110440 110534 8463.0 8463.0 8445.0 8450.0
110444 110542 8451.0 8451.0 8445.0 8449.0
110452 110551 8451.0 8451.0 8432.0 8432.0
110506 110602 8445.0 8450.0 8432.0 8449.0
110506 110603 8445.0 8450.0 8432.0 8449.0
110506 110604 8445.0 8450.0 8432.0 8450.0
110532 110620 8450.0 8450.0 8432.0 8450.0
110532 110630 8450.0 8450.0 8432.0 8448.0
110542 110637 8449.0 8450.0 8432.0 8449.0
110602 110654 8449.0 8453.0 8448.0 8453.0
110602 110655 8449.0 8455.0 8448.0 8455.0
110602 110656 8449.0 8460.0 8448.0 8460.0
110602 110657 8449.0 8461.0 8448.0 8461.0
110602 110658 8449.0 8461.0 8448.0 8459.0
110602 110700 8449.0 8461.0 8448.0 8459.0
110620 110709 8450.0 8461.0 8448.0 8456.0
110620 110711 8450.0 8461.0 8448.0 8456.0
110620 110713 8450.0 8461.0 8448.0 8456.0
110620 110718 8450.0 8461.0 8448.0 8456.0
110630 110721 8448.0 8461.0 8448.0 8456.0
110630 110724 8448.0 8461.0 8448.0 8456.0
110654 110741 8453.0 8461.0 8453.0 8456.0
110654 110742 8453.0 8461.0 8453.0 8454.0
110718 110815 8456.0 8456.0 8453.0 8453.0
110742 110842 8454.0 8454.0 8451.0 8451.0
110815 110846 8453.0 8453.0 8450.0 8450.0
110815 110855 8453.0 8453.0 8450.0 8450.0
110815 110856 8453.0 8453.0 8450.0 8451.0
110815 110857 8453.0 8453.0 8450.0 8450.0
110842 110919 8451.0 8451.0 8449.0 8449.0
110842 110937 8451.0 8451.0 8449.0 8450.0
110846 110946 8450.0 8451.0 8445.0 8445.0
110856 110956 8451.0 8451.0 8445.0 8448.0
110919 111000 8449.0 8450.0 8445.0 8449.0
110919 111010 8449.0 8450.0 8445.0 8448.0
111113 111113 8449.0 8449.0 8449.0 8449.0
111113 111142 8449.0 8452.0 8449.0 8452.0
111113 111210 8449.0 8452.0 8449.0 8452.0
111436 111436 8448.0 8448.0 8448.0 8448.0
111436 111447 8448.0 8448.0 8447.0 8447.0
111436 111453 8448.0 8448.0 8446.0 8446.0
111447 111540 8447.0 8454.0 8446.0 8454.0
111649 111649 8456.0 8456.0 8456.0 8456.0
111649 111651 8456.0 8457.0 8456.0 8457.0
111649 111702 8456.0 8458.0 8456.0 8458.0
111649 111703 8456.0 8458.0 8456.0 8458.0
111818 111818 8461.0 8461.0 8461.0 8461.0
111818 111819 8461.0 8461.0 8461.0 8461.0
111818 111824 8461.0 8461.0 8459.0 8459.0
111818 111828 8461.0 8461.0 8459.0 8459.0
111818 111833 8461.0 8461.0 8459.0 8459.0
111818 111836 8461.0 8461.0 8457.0 8457.0
111818 111837 8461.0 8461.0 8456.0 8456.0
111818 111838 8461.0 8461.0 8456.0 8456.0
111818 111905 8461.0 8462.0 8456.0 8462.0
111818 111906 8461.0 8463.0 8456.0 8463.0
111818 111907 8461.0 8466.0 8456.0 8466.0
111828 111928 8459.0 8466.0 8456.0 8466.0
111905 111958 8462.0 8466.0 8462.0 8464.0
111905 112001 8462.0 8466.0 8462.0 8464.0
111905 112005 8462.0 8466.0 8462.0 8464.0
111928 112009 8466.0 8466.0 8463.0 8463.0
111928 112022 8466.0 8466.0 8463.0 8463.0
111928 112028 8466.0 8466.0 8463.0 8463.0
111958 112030 8464.0 8464.0 8463.0 8463.0
111958 112031 8464.0 8464.0 8462.0 8462.0
111958 112032 8464.0 8464.0 8462.0 8462.0
111958 112037 8464.0 8464.0 8462.0 8462.0
112028 112124 8463.0 8463.0 8460.0 8460.0
112028 112128 8463.0 8463.0 8460.0 8460.0
112030 112129 8463.0 8463.0 8460.0 8460.0
112030 112130 8463.0 8463.0 8459.0 8459.0
112037 112133 8462.0 8462.0 8456.0 8456.0
112252 112252 8459.0 8459.0 8459.0 8459.0
112252 112255 8459.0 8459.0 8459.0 8459.0
112252 112302 8459.0 8459.0 8458.0 8458.0
112252 112307 8459.0 8459.0 8458.0 8458.0
112252 112310 8459.0 8459.0 8458.0 8458.0
112252 112329 8459.0 8460.0 8458.0 8460.0
112252 112333 8459.0 8460.0 8458.0 8459.0
112445 112445 8460.0 8460.0 8460.0 8460.0
112445 112454 8460.0 8460.0 8458.0 8458.0
112445 112458 8460.0 8460.0 8457.0 8457.0
112445 112525 8460.0 8460.0 8457.0 8457.0
112445 112529 8460.0 8460.0 8457.0 8457.0
112445 112531 8460.0 8460.0 8455.0 8455.0
112454 112549 8458.0 8458.0 8452.0 8452.0
112454 112550 8458.0 8458.0 8452.0 8452.0
112454 112552 8458.0 8458.0 8452.0 8452.0
112454 112553 8458.0 8458.0 8451.0 8451.0
112525 112601 8457.0 8457.0 8451.0 8452.0
112549 112640 8452.0 8454.0 8451.0 8454.0
112549 112649 8452.0 8454.0 8451.0 8454.0
112553 112653 8451.0 8454.0 8451.0 8454.0
112601 112657 8452.0 8454.0 8450.0 8450.0
112601 112659 8452.0 8454.0 8450.0 8453.0
112657 112756 8450.0 8454.0 8450.0 8454.0
112659 112758 8453.0 8454.0 8453.0 8454.0
112756 112803 8454.0 8455.0 8454.0 8455.0
112756 112817 8454.0 8456.0 8454.0 8456.0
112756 112824 8454.0 8456.0 8454.0 8456.0
112756 112829 8454.0 8456.0 8454.0 8455.0
112756 112835 8454.0 8458.0 8454.0 8458.0
112942 112942 8459.0 8459.0 8459.0 8459.0
112942 112951 8459.0 8459.0 8459.0 8459.0
112942 112952 8459.0 8461.0 8459.0 8461.0
112942 113021 8459.0 8461.0 8458.0 8458.0
112942 113041 8459.0 8461.0 8453.0 8453.0
112951 113045 8459.0 8461.0 8453.0 8457.0
113021 113109 8458.0 8458.0 8453.0 8454.0
113041 113132 8453.0 8457.0 8453.0 8455.0
113254 113254 8455.0 8455.0 8455.0 8455.0
113254 113316 8455.0 8455.0 8453.0 8453.0
113254 113349 8455.0 8455.0 8451.0 8451.0
113254 113350 8455.0 8455.0 8450.0 8450.0
113316 113356 8453.0 8453.0 8448.0 8448.0
113316 113359 8453.0 8453.0 8448.0 8448.0
113316 113401 8453.0 8453.0 8448.0 8448.0
113316 113404 8453.0 8466.0 8448.0 8466.0
113316 113405 8453.0 8466.0 8448.0 8448.0
113349 113425 8451.0 8466.0 8446.0 8446.0
113349 113432 8451.0 8466.0 8445.0 8445.0
113349 113447 8451.0 8466.0 8443.0 8443.0
113359 113459 8448.0 8466.0 8443.0 8443.0
113401 113501 8448.0 8466.0 8443.0 8444.0
113404 113502 8466.0 8466.0 8443.0 8444.0
113425 113514 8446.0 8446.0 8441.0 8441.0
113425 113519 8446.0 8446.0 8440.0 8440.0
113425 113521 8446.0 8446.0 8440.0 8441.0
113425 113522 8446.0 8446.0 8440.0 8441.0
113459 113550 8443.0 8444.0 8439.0 8439.0
113459 113554 8443.0 8444.0 8439.0 8439.0
113514 113610 8441.0 8442.0 8439.0 8442.0
113610 113701 8442.0 8442.0 8440.0 8440.0
113610 113706 8442.0 8442.0 8440.0 8440.0
113811 113811 8443.0 8443.0 8443.0 8443.0
113811 113819 8443.0 8443.0 8443.0 8443.0
113811 113822 8443.0 8443.0 8443.0 8443.0
113811 113837 8443.0 8446.0 8443.0 8446.0
113811 113843 8443.0 8448.0 8443.0 8448.0
113811 113844 8443.0 8448.0 8443.0 8446.0
113811 113847 8443.0 8448.0 8443.0 8445.0
114027 114027 8443.0 8443.0 8443.0 8443.0
114027 114043 8443.0 8446.0 8443.0 8446.0
114027 114044 8443.0 8446.0 8441.0 8441.0
114027 114047 8443.0 8446.0 8441.0 8446.0
114027 114058 8443.0 8446.0 8441.0 8444.0
114027 114102 8443.0 8446.0 8426.0 8426.0
114214 114214 8441.0 8441.0 8441.0 8441.0
114214 114224 8441.0 8441.0 8439.0 8439.0
114214 114256 8441.0 8441.0 8439.0 8439.0
114214 114306 8441.0 8441.0 8439.0 8441.0
114256 114336 8439.0 8444.0 8439.0 8444.0
114443 114443 8441.0 8441.0 8441.0 8441.0
114443 114447 8441.0 8441.0 8441.0 8441.0
114443 114448 8441.0 8441.0 8441.0 8441.0
114617 114617 8439.0 8439.0 8439.0 8439.0
114617 114618 8439.0 8439.0 8439.0 8439.0
114617 114624 8439.0 8439.0 8437.0 8437.0
114617 114625 8439.0 8439.0 8437.0 8437.0
114617 114626 8439.0 8439.0 8437.0 8437.0
114809 114809 8439.0 8439.0 8439.0 8439.0
114809 114817 8439.0 8439.0 8439.0 8439.0
114809 114842 8439.0 8439.0 8439.0 8439.0
115007 115007 8437.0 8437.0 8437.0 8437.0
115007 115011 8437.0 8437.0 8436.0 8436.0
115007 115012 8437.0 8437.0 8434.0 8434.0
115007 115013 8437.0 8437.0 8433.0 8433.0
115007 115025 8437.0 8437.0 8432.0 8432.0
115007 115033 8437.0 8437.0 8431.0 8431.0
115007 115039 8437.0 8437.0 8431.0 8431.0
115007 115040 8437.0 8437.0 8431.0 8431.0
115007 115044 8437.0 8437.0 8431.0 8431.0
115007 115048 8437.0 8437.0 8429.0 8429.0
115033 115129 8431.0 8435.0 8429.0 8435.0
115048 115146 8429.0 8435.0 8429.0 8430.0
115129 115155 8435.0 8435.0 8430.0 8433.0
115257 115257 8432.0 8432.0 8432.0 8432.0
115407 115407 8432.0 8432.0 8432.0 8432.0
115511 115511 8431.0 8431.0 8431.0 8431.0
115511 115515 8431.0 8432.0 8431.0 8432.0
115511 115516 8431.0 8432.0 8431.0 8432.0
115620 115620 8430.0 8430.0 8430.0 8430.0
115620 115625 8430.0 8430.0 8429.0 8429.0
115620 115626 8430.0 8430.0 8429.0 8430.0
115620 115627 8430.0 8430.0 8429.0 8429.0
115620 115632 8430.0 8430.0 8428.0 8428.0
115620 115643 8430.0 8430.0 8428.0 8428.0
115620 115647 8430.0 8430.0 8427.0 8427.0
115620 115649 8430.0 8430.0 8426.0 8426.0
115837 115837 8430.0 8430.0 8430.0 8430.0
115837 115931 8430.0 8434.0 8430.0 8434.0
115931 120006 8434.0 8434.0 8429.0 8429.0
115931 120013 8434.0 8434.0 8429.0 8430.0
120006 120049 8429.0 8430.0 8428.0 8428.0
120006 120050 8429.0 8430.0 8427.0 8427.0
120013 120111 8430.0 8430.0 8427.0 8429.0
120049 120118 8428.0 8429.0 8426.0 8426.0
120049 120132 8428.0 8431.0 8426.0 8431.0
120049 120146 8428.0 8431.0 8426.0 8431.0
120049 120147 8428.0 8432.0 8426.0 8432.0
120111 120201 8429.0 8432.0 8426.0 8431.0
120132 120220 8431.0 8432.0 8431.0 8432.0
120201 120250 8431.0 8432.0 8431.0 8431.0
120201 120259 8431.0 8432.0 8430.0 8430.0
120250 120328 8431.0 8432.0 8430.0 8432.0
120259 120355 8430.0 8434.0 8430.0 8434.0
120259 120358 8430.0 8434.0 8430.0 8434.0
120328 120401 8432.0 8435.0 8432.0 8435.0
120355 120452 8434.0 8435.0 8433.0 8433.0
120401 120501 8435.0 8435.0 8431.0 8431.0
120452 120541 8433.0 8433.0 8430.0 8430.0
120452 120547 8433.0 8433.0 8427.0 8427.0
120541 120613 8430.0 8430.0 8427.0 8430.0
120541 120616 8430.0 8430.0 8426.0 8426.0
120743 120743 8435.0 8435.0 8435.0 8435.0
120743 120802 8435.0 8435.0 8435.0 8435.0
120743 120832 8435.0 8435.0 8433.0 8433.0
120743 120841 8435.0 8435.0 8431.0 8431.0
120802 120845 8435.0 8435.0 8431.0 8431.0
120802 120901 8435.0 8435.0 8431.0 8431.0
120832 120907 8433.0 8433.0 8431.0 8431.0
120832 120919 8433.0 8433.0 8430.0 8430.0
120832 120920 8433.0 8433.0 8430.0 8431.0
120832 120923 8433.0 8433.0 8429.0 8429.0
120832 120929 8433.0 8433.0 8427.0 8427.0
120901 120948 8431.0 8431.0 8427.0 8427.0
120901 120949 8431.0 8431.0 8426.0 8426.0
120901 120950 8431.0 8431.0 8426.0 8426.0
120901 120953 8431.0 8431.0 8426.0 8426.0
120901 120955 8431.0 8431.0 8426.0 8426.0
121123 121123 8431.0 8431.0 8431.0 8431.0
121123 121156 8431.0 8432.0 8431.0 8432.0
121156 121239 8432.0 8432.0 8432.0 8432.0
121347 121347 8432.0 8432.0 8432.0 8432.0
121347 121404 8432.0 8432.0 8432.0 8432.0
121347 121407 8432.0 8432.0 8430.0 8430.0
121347 121430 8432.0 8432.0 8430.0 8430.0
121629 121629 8432.0 8432.0 8432.0 8432.0
121918 121918 8431.0 8431.0 8431.0 8431.0
121918 122015 8431.0 8431.0 8430.0 8430.0
122015 122042 8430.0 8435.0 8430.0 8435.0
122225 122225 8436.0 8436.0 8436.0 8436.0
122225 122230 8436.0 8436.0 8434.0 8434.0
122230 122330 8434.0 8438.0 8434.0 8438.0
122330 122336 8438.0 8438.0 8438.0 8438.0
122330 122402 8438.0 8438.0 8434.0 8434.0
122330 122411 8438.0 8438.0 8434.0 8437.0
122402 122443 8434.0 8437.0 8434.0 8437.0
122402 122458 8434.0 8439.0 8434.0 8439.0
122619 122619 8434.0 8434.0 8434.0 8434.0
122929 122929 8435.0 8435.0 8435.0 8435.0
122929 122932 8435.0 8435.0 8435.0 8435.0
122929 123014 8435.0 8435.0 8434.0 8434.0
123133 123133 8435.0 8435.0 8435.0 8435.0
123133 123203 8435.0 8435.0 8434.0 8434.0
123133 123229 8435.0 8435.0 8434.0 8435.0
123229 123321 8435.0 8435.0 8415.0 8415.0
123321 123356 8415.0 8432.0 8415.0 8432.0
123356 123456 8432.0 8432.0 8431.0 8431.0
123456 123555 8431.0 8431.0 8401.0 8401.0
123555 123619 8401.0 8432.0 8401.0 8432.0
123555 123620 8401.0 8432.0 8401.0 8431.0
123555 123621 8401.0 8432.0 8401.0 8431.0
123555 123622 8401.0 8432.0 8401.0 8431.0
123555 123626 8401.0 8432.0 8401.0 8430.0
123619 123706 8432.0 8432.0 8428.0 8428.0
123619 123708 8432.0 8432.0 8428.0 8428.0
123619 123709 8432.0 8432.0 8428.0 8428.0
123619 123710 8432.0 8432.0 8428.0 8428.0
123619 123712 8432.0 8432.0 8428.0 8428.0
123619 123717 8432.0 8432.0 8428.0 8428.0
123706 123734 8428.0 8428.0 8428.0 8428.0
123706 123735 8428.0 8428.0 8426.0 8426.0
123706 123736 8428.0 8428.0 8426.0 8426.0
123706 123758 8428.0 8428.0 8410.0 8410.0
123734 123833 8428.0 8428.0 8410.0 8426.0
123734 123834 8428.0 8428.0 8410.0 8425.0
123735 123835 8426.0 8426.0 8410.0 8425.0
123758 123837 8410.0 8426.0 8410.0 8423.0
123758 123839 8410.0 8440.0 8410.0 8440.0
123758 123857 8410.0 8440.0 8410.0 8424.0
123833 123903 8426.0 8440.0 8422.0 8422.0
123833 123904 8426.0 8440.0 8422.0 8422.0
123833 123906 8426.0 8440.0 8422.0 8422.0
123833 123908 8426.0 8440.0 8422.0 8422.0
123833 123912 8426.0 8440.0 8421.0 8421.0
123833 123913 8426.0 8440.0 8420.0 8420.0
123833 123916 8426.0 8440.0 8420.0 8421.0
123833 123917 8426.0 8440.0 8420.0 8420.0
123833 123918 8426.0 8440.0 8420.0 8420.0
123833 123919 8426.0 8440.0 8419.0 8419.0
123833 123920 8426.0 8440.0 8419.0 8419.0
123833 123921 8426.0 8440.0 8418.0 8418.0
123833 123925 8426.0 8440.0 8418.0 8418.0
123833 123926 8426.0 8440.0 8418.0 8418.0
123833 123928 8426.0 8440.0 8416.0 8416.0
123903 124001 8422.0 8422.0 8416.0 8420.0
123928 124028 8416.0 8422.0 8416.0 8422.0
124028 124122 8422.0 8422.0 8417.0 8417.0
124028 124123 8422.0 8422.0 8417.0 8417.0
124028 124124 8422.0 8422.0 8416.0 8416.0
124122 124143 8417.0 8424.0 8416.0 8424.0
124122 124150 8417.0 8424.0 8416.0 8416.0
124122 124151 8417.0 8424.0 8414.0 8414.0
124122 124159 8417.0 8429.0 8414.0 8429.0
124122 124215 8417.0 8429.0 8414.0 8416.0
124143 124226 8424.0 8429.0 8413.0 8413.0
124159 124256 8429.0 8429.0 8413.0 8414.0
124215 124304 8416.0 8416.0 8412.0 8412.0
124215 124312 8416.0 8416.0 8412.0 8412.0
124226 124318 8413.0 8414.0 8411.0 8411.0
124226 124319 8413.0 8414.0 8409.0 8409.0
124226 124322 8413.0 8414.0 8409.0 8409.0
124256 124329 8414.0 8414.0 8409.0 8409.0
124256 124330 8414.0 8414.0 8409.0 8409.0
124256 124340 8414.0 8414.0 8409.0 8412.0
124304 124404 8412.0 8412.0 8409.0 8412.0
124318 124416 8411.0 8412.0 8409.0 8410.0
124329 124426 8409.0 8412.0 8409.0 8410.0
124329 124427 8409.0 8412.0 8409.0 8409.0
124329 124428 8409.0 8412.0 8408.0 8408.0
124329 124429 8409.0 8412.0 8407.0 8407.0
124404 124455 8412.0 8413.0 8407.0 8413.0
124404 124456 8412.0 8414.0 8407.0 8414.0
124404 124459 8412.0 8414.0 8407.0 8413.0
124404 124502 8412.0 8416.0 8407.0 8416.0
124416 124507 8410.0 8417.0 8407.0 8417.0
124426 124520 8410.0 8417.0 8407.0 8417.0
124638 124638 8417.0 8417.0 8417.0 8417.0
124638 124643 8417.0 8417.0 8417.0 8417.0
124638 124738 8417.0 8417.0 8417.0 8417.0
124738 124823 8417.0 8417.0 8416.0 8416.0
124823 124857 8416.0 8416.0 8416.0 8416.0
124823 124908 8416.0 8416.0 8416.0 8416.0
124857 124935 8416.0 8417.0 8416.0 8417.0
124857 124941 8416.0 8417.0 8415.0 8415.0
124857 124957 8416.0 8417.0 8415.0 8415.0
124935 125017 8417.0 8417.0 8414.0 8414.0
124935 125020 8417.0 8417.0 8414.0 8415.0
124935 125026 8417.0 8417.0 8414.0 8415.0
124935 125030 8417.0 8417.0 8414.0 8414.0
124935 125031 8417.0 8417.0 8414.0 8415.0
124957 125052 8415.0 8431.0 8414.0 8431.0
124957 125054 8415.0 8431.0 8414.0 8417.0
125052 125139 8431.0 8431.0 8413.0 8413.0
125139 125230 8413.0 8413.0 8385.0 8385.0
125230 125258 8385.0 8413.0 8385.0 8413.0
125230 125301 8385.0 8415.0 8385.0 8415.0
125230 125314 8385.0 8417.0 8385.0 8417.0
125436 125436 8419.0 8419.0 8419.0 8419.0
125436 125438 8419.0 8421.0 8419.0 8421.0
125436 125443 8419.0 8424.0 8419.0 8424.0
125436 125444 8419.0 8425.0 8419.0 8425.0
125436 125445 8419.0 8427.0 8419.0 8427.0
125436 125447 8419.0 8427.0 8419.0 8425.0
125436 125449 8419.0 8427.0 8419.0 8425.0
125436 125502 8419.0 8427.0 8419.0 8425.0
125436 125513 8419.0 8427.0 8419.0 8425.0
125436 125522 8419.0 8427.0 8419.0 8425.0
125502 125550 8425.0 8428.0 8425.0 8428.0
125502 125551 8425.0 8429.0 8425.0 8429.0
125502 125556 8425.0 8431.0 8425.0 8431.0
125502 125559 8425.0 8432.0 8425.0 8432.0
125502 125600 8425.0 8432.0 8425.0 8432.0
125513 125603 8425.0 8432.0 8425.0 8432.0
125513 125604 8425.0 8433.0 8425.0 8433.0
125513 125607 8425.0 8433.0 8425.0 8433.0
125522 125618 8425.0 8433.0 8425.0 8428.0
125522 125621 8425.0 8433.0 8425.0 8428.0
125550 125634 8428.0 8433.0 8428.0 8433.0
125550 125635 8428.0 8433.0 8428.0 8433.0
125550 125638 8428.0 8434.0 8428.0 8434.0
125550 125639 8428.0 8434.0 8428.0 8434.0
125550 125643 8428.0 8434.0 8428.0 8434.0
125556 125656 8431.0 8434.0 8428.0 8432.0
125559 125657 8432.0 8435.0 8428.0 8435.0
125559 125658 8432.0 8437.0 8428.0 8437.0
125559 125659 8432.0 8437.0 8428.0 8437.0
125600 125700 8432.0 8438.0 8428.0 8438.0
125603 125701 8432.0 8439.0 8428.0 8439.0
125603 125703 8432.0 8440.0 8428.0 8440.0
125604 125704 8433.0 8440.0 8428.0 8439.0
125607 125705 8433.0 8440.0 8428.0 8440.0
125618 125709 8428.0 8440.0 8428.0 8435.0
125618 125717 8428.0 8440.0 8428.0 8435.0
125621 125720 8428.0 8440.0 8428.0 8436.0
125643 125740 8434.0 8440.0 8432.0 8437.0
125656 125749 8432.0 8440.0 8432.0 8434.0
125700 125800 8438.0 8440.0 8434.0 8437.0
125709 125809 8435.0 8437.0 8434.0 8435.0
125740 125836 8437.0 8440.0 8434.0 8440.0
125740 125839 8437.0 8440.0 8434.0 8440.0
125800 125857 8437.0 8440.0 8435.0 8440.0
125836 125924 8440.0 8440.0 8436.0 8436.0
130034 130034 8435.0 8435.0 8435.0 8435.0
130034 130035 8435.0 8435.0 8435.0 8435.0
130034 130108 8435.0 8435.0 8433.0 8433.0
130034 130109 8435.0 8435.0 8432.0 8432.0
130034 130111 8435.0 8435.0 8432.0 8432.0
130034 130115 8435.0 8435.0 8432.0 8432.0
130108 130156 8433.0 8435.0 8432.0 8435.0
130108 130200 8433.0 8436.0 8432.0 8436.0
130156 130220 8435.0 8436.0 8435.0 8436.0
130156 130253 8435.0 8436.0 8435.0 8436.0
130220 130308 8436.0 8436.0 8436.0 8436.0
130220 130310 8436.0 8437.0 8436.0 8437.0
130220 130318 8436.0 8437.0 8435.0 8435.0
130253 130338 8436.0 8437.0 8433.0 8433.0
130446 130446 8432.0 8432.0 8432.0 8432.0
130446 130455 8432.0 8432.0 8429.0 8429.0
130446 130522 8432.0 8434.0 8429.0 8434.0
130446 130536 8432.0 8434.0 8429.0 8432.0
130446 130544 8432.0 8434.0 8429.0 8430.0
130647 130647 8430.0 8430.0 8430.0 8430.0
130647 130659 8430.0 8432.0 8430.0 8432.0
130647 130706 8430.0 8432.0 8430.0 8432.0
130647 130713 8430.0 8432.0 8430.0 8432.0
130647 130714 8430.0 8432.0 8430.0 8432.0
130647 130715 8430.0 8432.0 8430.0 8432.0
130647 130716 8430.0 8432.0 8430.0 8432.0
130647 130719 8430.0 8432.0 8430.0 8432.0
130647 130721 8430.0 8432.0 8430.0 8432.0
130647 130723 8430.0 8432.0 8429.0 8429.0
130647 130724 8430.0 8432.0 8429.0 8431.0
130647 130727 8430.0 8432.0 8429.0 8430.0
130659 130756 8432.0 8432.0 8427.0 8427.0
130659 130757 8432.0 8432.0 8427.0 8427.0
130713 130810 8432.0 8432.0 8426.0 8426.0
130756 130839 8427.0 8427.0 8426.0 8426.0
130810 130910 8426.0 8428.0 8426.0 8428.0
130839 130911 8426.0 8428.0 8426.0 8428.0
130839 130915 8426.0 8429.0 8426.0 8429.0
130839 130933 8426.0 8430.0 8426.0 8430.0
131047 131047 8431.0 8431.0 8431.0 8431.0
131047 131106 8431.0 8431.0 8431.0 8431.0
131211 131211 8429.0 8429.0 8429.0 8429.0
131211 131249 8429.0 8429.0 8427.0 8427.0
131211 131254 8429.0 8429.0 8426.0 8426.0
131211 131255 8429.0 8429.0 8422.0 8422.0
131211 131256 8429.0 8429.0 8422.0 8422.0
131211 131257 8429.0 8429.0 8421.0 8421.0
131211 131300 8429.0 8429.0 8420.0 8420.0
131249 131342 8427.0 8427.0 8420.0 8423.0
131254 131350 8426.0 8426.0 8420.0 8421.0
131254 131352 8426.0 8426.0 8420.0 8422.0
131254 131353 8426.0 8426.0 8420.0 8420.0
131254 131354 8426.0 8426.0 8420.0 8420.0
131256 131356 8422.0 8423.0 8420.0 8420.0
131300 131359 8420.0 8423.0 8418.0 8418.0
131342 131411 8423.0 8423.0 8417.0 8417.0
131342 131412 8423.0 8423.0 8417.0 8417.0
131342 131413 8423.0 8423.0 8416.0 8416.0
131342 131414 8423.0 8423.0 8416.0 8416.0
131342 131417 8423.0 8423.0 8415.0 8415.0
131342 131422 8423.0 8423.0 8415.0 8415.0
131342 131426 8423.0 8423.0 8414.0 8414.0
131342 131431 8423.0 8423.0 8413.0 8413.0
131342 131432 8423.0 8423.0 8413.0 8413.0
131342 131434 8423.0 8423.0 8412.0 8412.0
131342 131435 8423.0 8423.0 8412.0 8413.0
131342 131436 8423.0 8423.0 8412.0 8412.0
131342 131442 8423.0 8423.0 8412.0 8414.0
131350 131446 8421.0 8422.0 8412.0 8416.0
131411 131500 8417.0 8417.0 8412.0 8417.0
131411 131501 8417.0 8419.0 8412.0 8419.0
131411 131509 8417.0 8419.0 8412.0 8416.0
131411 131510 8417.0 8419.0 8412.0 8416.0
131442 131538 8414.0 8421.0 8414.0 8421.0
131442 131539 8414.0 8421.0 8414.0 8421.0
131442 131540 8414.0 8421.0 8414.0 8421.0
131538 131614 8421.0 8421.0 8421.0 8421.0
131756 131756 8418.0 8418.0 8418.0 8418.0
131756 131819 8418.0 8421.0 8418.0 8421.0
131756 131820 8418.0 8421.0 8418.0 8421.0
131756 131829 8418.0 8421.0 8418.0 8419.0
131819 131857 8421.0 8421.0 8419.0 8421.0
131819 131903 8421.0 8423.0 8419.0 8423.0
132021 132021 8421.0 8421.0 8421.0 8421.0
132021 132023 8421.0 8421.0 8421.0 8421.0
132021 132040 8421.0 8421.0 8419.0 8419.0
132040 132135 8419.0 8419.0 8418.0 8418.0
132040 132139 8419.0 8419.0 8418.0 8418.0
132040 132140 8419.0 8419.0 8418.0 8418.0
132135 132219 8418.0 8418.0 8418.0 8418.0
132219 132258 8418.0 8418.0 8417.0 8417.0
132219 132302 8418.0 8418.0 8416.0 8416.0
132219 132303 8418.0 8418.0 8416.0 8416.0
132302 132400 8416.0 8420.0 8416.0 8420.0
132302 132401 8416.0 8420.0 8416.0 8420.0
132400 132430 8420.0 8420.0 8418.0 8418.0
132400 132445 8420.0 8421.0 8418.0 8421.0
132400 132446 8420.0 8421.0 8418.0 8421.0
132400 132447 8420.0 8421.0 8418.0 8421.0
132400 132448 8420.0 8421.0 8418.0 8421.0
132400 132451 8420.0 8422.0 8418.0 8422.0
132400 132453 8420.0 8422.0 8418.0 8422.0
132400 132454 8420.0 8422.0 8418.0 8421.0
132400 132455 8420.0 8422.0 8418.0 8422.0
132400 132500 8420.0 8422.0 8418.0 8422.0
132401 132501 8420.0 8424.0 8418.0 8424.0
132430 132502 8418.0 8424.0 8418.0 8424.0
132614 132614 8419.0 8419.0 8419.0 8419.0
132614 132646 8419.0 8419.0 8417.0 8417.0
132614 132648 8419.0 8419.0 8416.0 8416.0
132614 132652 8419.0 8419.0 8416.0 8416.0
132614 132653 8419.0 8419.0 8416.0 8416.0
132817 132817 8418.0 8418.0 8418.0 8418.0
132817 132904 8418.0 8419.0 8418.0 8419.0
132817 132908 8418.0 8420.0 8418.0 8420.0
132908 133006 8420.0 8420.0 8416.0 8416.0
133006 133023 8416.0 8416.0 8413.0 8413.0
133006 133027 8416.0 8416.0 8412.0 8412.0
133006 133037 8416.0 8416.0 8412.0 8412.0
133006 133038 8416.0 8416.0 8411.0 8411.0
133006 133039 8416.0 8416.0 8411.0 8411.0
133006 133042 8416.0 8416.0 8410.0 8410.0
133006 133043 8416.0 8416.0 8410.0 8410.0
133006 133044 8416.0 8416.0 8409.0 8409.0
133006 133045 8416.0 8416.0 8409.0 8411.0
133006 133053 8416.0 8416.0 8408.0 8408.0
133006 133054 8416.0 8416.0 8408.0 8408.0
133023 133107 8413.0 8413.0 8408.0 8412.0
133023 133108 8413.0 8413.0 8408.0 8412.0
133023 133109 8413.0 8413.0 8408.0 8413.0
133023 133112 8413.0 8413.0 8408.0 8413.0
133027 133125 8412.0 8413.0 8408.0 8413.0
133037 133133 8412.0 8413.0 8408.0 8413.0
133037 133135 8412.0 8413.0 8408.0 8413.0
133042 133142 8410.0 8413.0 8408.0 8412.0
133045 133145 8411.0 8413.0 8408.0 8411.0
133053 133148 8408.0 8413.0 8408.0 8411.0
133053 133151 8408.0 8413.0 8408.0 8412.0
133107 133206 8412.0 8414.0 8411.0 8414.0
133109 133209 8413.0 8414.0 8411.0 8414.0
133112 133212 8413.0 8415.0 8411.0 8415.0
133133 133229 8413.0 8415.0 8411.0 8415.0
133133 133233 8413.0 8417.0 8411.0 8417.0
133145 133244 8411.0 8419.0 8411.0 8419.0
133206 133254 8414.0 8419.0 8414.0 8418.0
133206 133300 8414.0 8419.0 8414.0 8419.0
133206 133301 8414.0 8422.0 8414.0 8422.0
133209 133309 8414.0 8422.0 8414.0 8420.0
133212 133312 8415.0 8422.0 8415.0 8419.0
133229 133320 8415.0 8422.0 8415.0 8420.0
133229 133324 8415.0 8422.0 8415.0 8419.0
133233 133331 8417.0 8422.0 8417.0 8419.0
133244 133338 8419.0 8422.0 8416.0 8416.0
133309 133408 8420.0 8420.0 8416.0 8418.0
133320 133414 8420.0 8420.0 8415.0 8415.0
133324 133421 8419.0 8419.0 8415.0 8415.0
133338 133436 8416.0 8418.0 8413.0 8413.0
133408 133440 8418.0 8418.0 8413.0 8413.0
133408 133443 8418.0 8418.0 8412.0 8412.0
133408 133449 8418.0 8418.0 8391.0 8391.0
133408 133453 8418.0 8418.0 8391.0 8413.0
133408 133454 8418.0 8418.0 8391.0 8413.0
133408 133501 8418.0 8418.0 8391.0 8414.0
133408 133502 8418.0 8418.0 8391.0 8418.0
133408 133505 8418.0 8418.0 8391.0 8415.0
133436 133529 8413.0 8418.0 8391.0 8409.0
133436 133530 8413.0 8418.0 8391.0 8409.0
133436 133531 8413.0 8418.0 8391.0 8409.0
133436 133533 8413.0 8418.0 8391.0 8409.0
133440 133538 8413.0 8418.0 8391.0 8408.0
133443 133543 8412.0 8418.0 8391.0 8408.0
133529 133616 8409.0 8409.0 8408.0 8409.0
133529 133623 8409.0 8409.0 8407.0 8407.0
133538 133636 8408.0 8409.0 8406.0 8406.0
133538 133637 8408.0 8409.0 8405.0 8405.0
133543 133639 8408.0 8409.0 8405.0 8405.0
133543 133641 8408.0 8409.0 8405.0 8407.0
133616 133644 8409.0 8409.0 8405.0 8405.0
133616 133646 8409.0 8409.0 8403.0 8403.0
133616 133647 8409.0 8409.0 8403.0 8406.0
133616 133650 8409.0 8409.0 8403.0 8405.0
133616 133651 8409.0 8409.0 8403.0 8404.0
133616 133652 8409.0 8409.0 8403.0 8404.0
133616 133656 8409.0 8409.0 8403.0 8403.0
133616 133658 8409.0 8409.0 8403.0 8403.0
133616 133700 8409.0 8409.0 8402.0 8402.0
133616 133701 8409.0 8409.0 8400.0 8400.0
133616 133702 8409.0 8409.0 8400.0 8400.0
133616 133704 8409.0 8409.0 8400.0 8400.0
133616 133705 8409.0 8409.0 8399.0 8399.0
133616 133706 8409.0 8409.0 8398.0 8398.0
133616 133707 8409.0 8409.0 8398.0 8398.0
133616 133713 8409.0 8409.0 8396.0 8396.0
133616 133714 8409.0 8409.0 8396.0 8396.0
133616 133715 8409.0 8409.0 8396.0 8396.0
133616 133716 8409.0 8409.0 8396.0 8396.0
133623 133717 8407.0 8407.0 8395.0 8395.0
133623 133720 8407.0 8407.0 8395.0 8395.0
133636 133728 8406.0 8407.0 8395.0 8396.0
133636 133733 8406.0 8407.0 8395.0 8397.0
133636 133736 8406.0 8407.0 8395.0 8397.0
133637 133737 8405.0 8407.0 8395.0 8397.0
133641 133740 8407.0 8407.0 8395.0 8398.0
133700 133800 8402.0 8402.0 8394.0 8394.0
133713 133811 8396.0 8398.0 8393.0 8393.0
133714 133814 8396.0 8398.0 8393.0 8395.0
133737 133837 8397.0 8398.0 8391.0 8391.0
133740 133839 8398.0 8398.0 8390.0 8390.0
133800 133848 8394.0 8395.0 8390.0 8393.0
133800 133854 8394.0 8395.0 8389.0 8389.0
133800 133858 8394.0 8395.0 8388.0 8388.0
133800 133859 8394.0 8395.0 8387.0 8387.0
133800 133900 8394.0 8395.0 8387.0 8391.0
133811 133901 8393.0 8395.0 8387.0 8393.0
133811 133902 8393.0 8395.0 8387.0 8394.0
133811 133903 8393.0 8395.0 8387.0 8394.0
133811 133905 8393.0 8396.0 8387.0 8396.0
133811 133906 8393.0 8396.0 8387.0 8396.0
133811 133908 8393.0 8397.0 8387.0 8397.0
133811 133909 8393.0 8397.0 8387.0 8396.0
133811 133910 8393.0 8397.0 8387.0 8396.0
133814 133912 8395.0 8397.0 8387.0 8396.0
133814 133913 8395.0 8397.0 8387.0 8396.0
133837 133921 8391.0 8397.0 8387.0 8393.0
133837 133922 8391.0 8397.0 8387.0 8393.0
133837 133927 8391.0 8397.0 8387.0 8394.0
133839 133938 8390.0 8397.0 8387.0 8394.0
133858 133958 8388.0 8397.0 8387.0 8390.0
133859 133959 8387.0 8397.0 8387.0 8389.0
133902 134002 8394.0 8397.0 8389.0 8391.0
133905 134005 8396.0 8397.0 8387.0 8387.0
133906 134006 8396.0 8397.0 8384.0 8384.0
133908 134007 8397.0 8397.0 8384.0 8387.0
133908 134008 8397.0 8397.0 8384.0 8387.0
133909 134009 8396.0 8396.0 8384.0 8387.0
133912 134011 8396.0 8396.0 8384.0 8387.0
133913 134013 8396.0 8396.0 8384.0 8388.0
133921 134015 8393.0 8394.0 8384.0 8389.0
133922 134022 8393.0 8394.0 8384.0 8390.0
133927 134023 8394.0 8394.0 8384.0 8390.0
133938 134034 8394.0 8394.0 8384.0 8386.0
133938 134036 8394.0 8394.0 8384.0 8386.0
133938 134038 8394.0 8394.0 8384.0 8386.0
133958 134041 8390.0 8391.0 8384.0 8386.0
133958 134042 8390.0 8391.0 8384.0 8385.0
133958 134043 8390.0 8391.0 8384.0 8385.0
133958 134044 8390.0 8391.0 8384.0 8384.0
133958 134045 8390.0 8391.0 8384.0 8384.0
133958 134046 8390.0 8391.0 8383.0 8383.0
133958 134048 8390.0 8391.0 8382.0 8382.0
133958 134049 8390.0 8391.0 8382.0 8383.0
133958 134050 8390.0 8391.0 8382.0 8384.0
133958 134052 8390.0 8391.0 8382.0 8383.0
133958 134053 8390.0 8391.0 8381.0 8381.0
133958 134054 8390.0 8391.0 8381.0 8381.0
133958 134055 8390.0 8391.0 8381.0 8381.0
133958 134056 8390.0 8391.0 8381.0 8381.0
133958 134057 8390.0 8391.0 8381.0 8381.0
133958 134058 8390.0 8391.0 8381.0 8381.0
134002 134100 8391.0 8391.0 8381.0 8381.0
134002 134101 8391.0 8391.0 8378.0 8378.0
134002 134102 8391.0 8391.0 8378.0 8378.0
134005 134104 8387.0 8390.0 8378.0 8378.0
134006 134106 8384.0 8390.0 8378.0 8380.0
134011 134111 8387.0 8390.0 8378.0 8381.0
134022 134119 8390.0 8390.0 8378.0 8378.0
134022 134121 8390.0 8390.0 8378.0 8380.0
134022 134122 8390.0 8390.0 8378.0 8380.0
134034 134124 8386.0 8386.0 8378.0 8378.0
134034 134134 8386.0 8386.0 8376.0 8376.0
134036 134136 8386.0 8386.0 8375.0 8375.0
134038 134137 8386.0 8386.0 8375.0 8375.0
134041 134141 8386.0 8386.0 8375.0 8377.0
134042 134142 8385.0 8385.0 8375.0 8377.0
134043 134143 8385.0 8385.0 8375.0 8375.0
134052 134151 8383.0 8383.0 8374.0 8374.0
134052 134152 8383.0 8383.0 8373.0 8373.0
134102 134202 8378.0 8381.0 8373.0 8376.0
134111 134208 8381.0 8381.0 8373.0 8377.0
134111 134209 8381.0 8381.0 8373.0 8377.0
134119 134212 8378.0 8380.0 8373.0 8377.0
134119 134216 8378.0 8380.0 8373.0 8375.0
134119 134217 8378.0 8380.0 8373.0 8377.0
134119 134219 8378.0 8380.0 8373.0 8378.0
134121 134221 8380.0 8380.0 8373.0 8378.0
134124 134223 8378.0 8378.0 8360.0 8360.0
134134 134227 8376.0 8378.0 8360.0 8378.0
134134 134228 8376.0 8378.0 8360.0 8377.0
134134 134230 8376.0 8378.0 8360.0 8377.0
134134 134232 8376.0 8378.0 8360.0 8376.0
134141 134241 8377.0 8378.0 8360.0 8375.0
134142 134242 8377.0 8378.0 8360.0 8375.0
134151 134249 8374.0 8378.0 8360.0 8375.0
134151 134250 8374.0 8378.0 8360.0 8376.0
134202 134258 8376.0 8378.0 8360.0 8375.0
134208 134308 8377.0 8378.0 8360.0 8377.0
134212 134310 8377.0 8378.0 8360.0 8377.0
134212 134311 8377.0 8378.0 8360.0 8377.0
134212 134312 8377.0 8378.0 8360.0 8378.0
134216 134313 8375.0 8378.0 8360.0 8378.0
134216 134314 8375.0 8379.0 8360.0 8379.0
134241 134334 8375.0 8379.0 8375.0 8375.0
134249 134347 8375.0 8379.0 8374.0 8374.0
134308 134404 8377.0 8379.0 8374.0 8378.0
134310 134410 8377.0 8379.0 8374.0 8378.0
134311 134411 8377.0 8379.0 8374.0 8379.0
134312 134412 8378.0 8379.0 8374.0 8379.0
134313 134413 8378.0 8379.0 8374.0 8379.0
134334 134416 8375.0 8379.0 8374.0 8379.0
134334 134417 8375.0 8379.0 8374.0 8379.0
134334 134419 8375.0 8379.0 8374.0 8378.0
134334 134424 8375.0 8379.0 8374.0 8376.0
134334 134430 8375.0 8379.0 8374.0 8376.0
134334 134433 8375.0 8379.0 8374.0 8378.0
134347 134438 8374.0 8379.0 8374.0 8378.0
134347 134439 8374.0 8379.0 8358.0 8358.0
134347 134442 8374.0 8379.0 8358.0 8377.0
134347 134444 8374.0 8379.0 8358.0 8375.0
134404 134450 8378.0 8379.0 8358.0 8378.0
134404 134452 8378.0 8379.0 8358.0 8378.0
134404 134454 8378.0 8379.0 8358.0 8377.0

