# Too few sequence #1
# Too few sequence #1
# Too few sequence #1
# Too few sequence #1
# Too few sequence #1
# Too few sequence #1
# Too few sequence #1
# Too few sequence #1
# Too few sequence #1
# Too few sequence #1
# Too few sequence #1
# Too few sequence #1
# Number of KBar units = 1386
084500 084500 8429.0 8430.0 8429.0 8430.0
084500 084500 8429.0 8435.0 8429.0 8435.0
084500 084500 8429.0 8460.0 8429.0 8460.0
084500 084501 8429.0 8460.0 8428.0 8428.0
084500 084501 8429.0 8460.0 8428.0 8428.0
084500 084501 8429.0 8460.0 8428.0 8428.0
084500 084501 8429.0 8460.0 8428.0 8428.0
084500 084501 8429.0 8460.0 8428.0 8428.0
084500 084501 8429.0 8460.0 8428.0 8428.0
084500 084501 8429.0 8460.0 8428.0 8460.0
084500 084526 8429.0 8460.0 8428.0 8435.0
084500 084531 8429.0 8460.0 8428.0 8438.0
084500 084534 8429.0 8460.0 8428.0 8437.0
084500 084540 8429.0 8460.0 8428.0 8438.0
084500 084540 8429.0 8460.0 8428.0 8438.0
084500 084541 8429.0 8460.0 8428.0 8438.0
084500 084544 8429.0 8460.0 8428.0 8438.0
084500 084551 8429.0 8460.0 8428.0 8437.0
084500 084556 8429.0 8460.0 8428.0 8445.0
084500 084556 8429.0 8460.0 8428.0 8445.0
084500 084556 8429.0 8460.0 8428.0 8445.0
084500 084556 8429.0 8460.0 8428.0 8445.0
084500 084558 8429.0 8460.0 8428.0 8436.0
084500 084600 8429.0 8460.0 8428.0 8436.0
084526 084606 8435.0 8445.0 8435.0 8435.0
084526 084608 8435.0 8445.0 8435.0 8438.0
084526 084608 8435.0 8445.0 8435.0 8438.0
084526 084610 8435.0 8445.0 8435.0 8439.0
084526 084612 8435.0 8445.0 8435.0 8441.0
084526 084614 8435.0 8445.0 8435.0 8439.0
084526 084614 8435.0 8448.0 8435.0 8448.0
084526 084615 8435.0 8448.0 8435.0 8436.0
084526 084618 8435.0 8448.0 8435.0 8435.0
084526 084621 8435.0 8448.0 8435.0 8437.0
084526 084626 8435.0 8448.0 8435.0 8435.0
084526 084626 8435.0 8448.0 8435.0 8435.0
084531 084628 8438.0 8448.0 8434.0 8434.0
084534 084632 8437.0 8448.0 8434.0 8435.0
084534 084633 8437.0 8448.0 8433.0 8433.0
084534 084633 8437.0 8448.0 8433.0 8433.0
084534 084633 8437.0 8448.0 8433.0 8433.0
084534 084634 8437.0 8448.0 8433.0 8433.0
084540 084637 8438.0 8448.0 8432.0 8432.0
084540 084639 8438.0 8448.0 8432.0 8432.0
084541 084641 8438.0 8448.0 8432.0 8432.0
084600 084700 8436.0 8448.0 8432.0 8436.0
084614 084714 8439.0 8448.0 8432.0 8438.0
084615 084715 8436.0 8438.0 8432.0 8437.0
084618 084716 8435.0 8438.0 8432.0 8437.0
084618 084718 8435.0 8438.0 8432.0 8438.0
084700 084758 8436.0 8438.0 8433.0 8433.0
084700 084758 8436.0 8438.0 8433.0 8437.0
084700 084800 8436.0 8438.0 8433.0 8437.0
084715 084815 8437.0 8438.0 8433.0 8435.0
084815 084902 8435.0 8435.0 8433.0 8433.0
084902 084923 8433.0 8433.0 8433.0 8433.0
084902 084944 8433.0 8433.0 8433.0 8433.0
084944 085026 8433.0 8433.0 8426.0 8426.0
084944 085026 8433.0 8433.0 8426.0 8431.0
084944 085035 8433.0 8433.0 8402.0 8402.0
084944 085035 8433.0 8433.0 8402.0 8402.0
084944 085035 8433.0 8433.0 8402.0 8402.0
085026 085057 8426.0 8431.0 8401.0 8401.0
085026 085101 8426.0 8431.0 8401.0 8430.0
085026 085101 8426.0 8440.0 8401.0 8440.0
085026 085111 8426.0 8440.0 8401.0 8431.0
085026 085117 8426.0 8440.0 8401.0 8430.0
085026 085122 8426.0 8440.0 8401.0 8437.0
085057 085153 8401.0 8440.0 8401.0 8430.0
085111 085205 8431.0 8437.0 8403.0 8403.0
085111 085208 8431.0 8437.0 8403.0 8429.0
085117 085213 8430.0 8437.0 8403.0 8429.0
085205 085303 8403.0 8431.0 8403.0 8431.0
085205 085303 8403.0 8431.0 8403.0 8431.0
085208 085306 8429.0 8432.0 8429.0 8432.0
085213 085309 8429.0 8433.0 8429.0 8433.0
085213 085312 8429.0 8433.0 8429.0 8432.0
085303 085325 8431.0 8443.0 8431.0 8443.0
085312 085411 8432.0 8443.0 8432.0 8432.0
085411 085428 8432.0 8433.0 8432.0 8433.0
085411 085438 8432.0 8433.0 8431.0 8431.0
085411 085439 8432.0 8433.0 8430.0 8430.0
085411 085448 8432.0 8433.0 8428.0 8428.0
085411 085448 8432.0 8433.0 8428.0 8428.0
085411 085451 8432.0 8433.0 8427.0 8427.0
085448 085542 8428.0 8430.0 8427.0 8430.0
085451 085550 8427.0 8430.0 8427.0 8430.0
085542 085615 8430.0 8430.0 8430.0 8430.0
085542 085615 8430.0 8430.0 8430.0 8430.0
085542 085640 8430.0 8432.0 8430.0 8432.0
085742 085742 8434.0 8434.0 8434.0 8434.0
085903 085903 8430.0 8430.0 8430.0 8430.0
085903 085946 8430.0 8434.0 8430.0 8434.0
085946 090016 8434.0 8434.0 8428.0 8428.0
085946 090016 8434.0 8434.0 8428.0 8429.0
085946 090016 8434.0 8441.0 8428.0 8441.0
085946 090016 8434.0 8441.0 8428.0 8441.0
085946 090021 8434.0 8441.0 8427.0 8427.0
085946 090023 8434.0 8441.0 8427.0 8441.0
085946 090028 8434.0 8441.0 8427.0 8431.0
085946 090029 8434.0 8441.0 8427.0 8432.0
085946 090038 8434.0 8441.0 8427.0 8436.0
085946 090039 8434.0 8441.0 8427.0 8436.0
085946 090042 8434.0 8441.0 8427.0 8434.0
085946 090043 8434.0 8441.0 8427.0 8432.0
090016 090100 8428.0 8441.0 8426.0 8426.0
090016 090102 8428.0 8441.0 8425.0 8425.0
090016 090109 8428.0 8441.0 8425.0 8432.0
090038 090138 8436.0 8436.0 8425.0 8432.0
090042 090140 8434.0 8434.0 8425.0 8432.0
090100 090146 8426.0 8434.0 8425.0 8434.0
090100 090149 8426.0 8437.0 8425.0 8437.0
090100 090150 8426.0 8437.0 8425.0 8437.0
090138 090232 8432.0 8437.0 8432.0 8437.0
090232 090257 8437.0 8437.0 8429.0 8429.0
090232 090322 8437.0 8437.0 8428.0 8428.0
090257 090334 8429.0 8437.0 8428.0 8437.0
090257 090335 8429.0 8439.0 8428.0 8439.0
090257 090335 8429.0 8439.0 8428.0 8439.0
090257 090335 8429.0 8440.0 8428.0 8440.0
090257 090335 8429.0 8440.0 8428.0 8440.0
090257 090335 8429.0 8440.0 8428.0 8440.0
090257 090335 8429.0 8440.0 8428.0 8440.0
090257 090335 8429.0 8450.0 8428.0 8450.0
090257 090349 8429.0 8450.0 8428.0 8441.0
090257 090349 8429.0 8450.0 8428.0 8441.0
090257 090351 8429.0 8450.0 8428.0 8443.0
090257 090351 8429.0 8455.0 8428.0 8455.0
090257 090353 8429.0 8455.0 8400.0 8400.0
090257 090353 8429.0 8455.0 8400.0 8444.0
090257 090353 8429.0 8455.0 8400.0 8444.0
090257 090353 8429.0 8455.0 8400.0 8444.0
090257 090353 8429.0 8455.0 8400.0 8444.0
090257 090353 8429.0 8455.0 8400.0 8444.0
090257 090353 8429.0 8455.0 8400.0 8444.0
090257 090353 8429.0 8455.0 8400.0 8444.0
090257 090353 8429.0 8455.0 8400.0 8444.0
090257 090353 8429.0 8455.0 8400.0 8455.0
090322 090411 8428.0 8455.0 8400.0 8443.0
090411 090501 8443.0 8447.0 8443.0 8447.0
090411 090501 8443.0 8447.0 8443.0 8447.0
090411 090501 8443.0 8447.0 8443.0 8447.0
090411 090502 8443.0 8447.0 8443.0 8447.0
090411 090502 8443.0 8447.0 8443.0 8447.0
090411 090503 8443.0 8447.0 8443.0 8447.0
090411 090504 8443.0 8447.0 8443.0 8447.0
090411 090504 8443.0 8447.0 8443.0 8447.0
090411 090504 8443.0 8447.0 8443.0 8447.0
090411 090504 8443.0 8447.0 8443.0 8447.0
090411 090504 8443.0 8447.0 8443.0 8447.0
090411 090508 8443.0 8447.0 8443.0 8446.0
090411 090511 8443.0 8448.0 8443.0 8448.0
090501 090515 8447.0 8449.0 8446.0 8449.0
090501 090520 8447.0 8451.0 8446.0 8451.0
090501 090541 8447.0 8458.0 8446.0 8458.0
090501 090542 8447.0 8458.0 8446.0 8449.0
090501 090544 8447.0 8458.0 8446.0 8448.0
090501 090545 8447.0 8459.0 8446.0 8459.0
090501 090545 8447.0 8459.0 8446.0 8459.0
090501 090545 8447.0 8459.0 8446.0 8459.0
090501 090552 8447.0 8463.0 8446.0 8463.0
090508 090607 8446.0 8463.0 8446.0 8463.0
090508 090608 8446.0 8463.0 8446.0 8449.0
090508 090608 8446.0 8463.0 8446.0 8449.0
090541 090627 8458.0 8463.0 8447.0 8447.0
090541 090634 8458.0 8463.0 8444.0 8444.0
090541 090637 8458.0 8463.0 8442.0 8442.0
090541 090641 8458.0 8463.0 8442.0 8443.0
090607 090705 8463.0 8463.0 8439.0 8439.0
090627 090714 8447.0 8447.0 8439.0 8441.0
090634 090728 8444.0 8446.0 8439.0 8446.0
090634 090731 8444.0 8447.0 8439.0 8447.0
090634 090731 8444.0 8447.0 8439.0 8447.0
090634 090731 8444.0 8447.0 8439.0 8447.0
090641 090738 8443.0 8448.0 8439.0 8448.0
090714 090813 8441.0 8448.0 8441.0 8446.0
090738 090832 8448.0 8458.0 8446.0 8458.0
090813 090853 8446.0 8458.0 8442.0 8442.0
090813 090855 8446.0 8458.0 8442.0 8443.0
090813 090855 8446.0 8458.0 8442.0 8451.0
090813 090855 8446.0 8458.0 8442.0 8451.0
090813 090901 8446.0 8458.0 8437.0 8437.0
090832 090918 8458.0 8458.0 8437.0 8439.0
090853 090940 8442.0 8451.0 8436.0 8436.0
090853 090941 8442.0 8451.0 8434.0 8434.0
090853 090941 8442.0 8451.0 8434.0 8434.0
090853 090941 8442.0 8451.0 8434.0 8435.0
090853 090946 8442.0 8451.0 8434.0 8436.0
090918 091005 8439.0 8448.0 8434.0 8448.0
090940 091040 8436.0 8448.0 8434.0 8435.0
091005 091105 8448.0 8448.0 8435.0 8438.0
091040 091111 8435.0 8445.0 8435.0 8445.0
091040 091112 8435.0 8445.0 8435.0 8445.0
091040 091125 8435.0 8456.0 8435.0 8456.0
091105 091148 8438.0 8456.0 8435.0 8435.0
091105 091159 8438.0 8456.0 8435.0 8441.0
091125 091216 8456.0 8456.0 8435.0 8439.0
091148 091227 8435.0 8455.0 8435.0 8455.0
091159 091251 8441.0 8455.0 8439.0 8442.0
091159 091257 8441.0 8455.0 8439.0 8440.0
091159 091257 8441.0 8455.0 8439.0 8440.0
091216 091313 8439.0 8455.0 8436.0 8436.0
091216 091313 8439.0 8455.0 8436.0 8436.0
091216 091314 8439.0 8455.0 8436.0 8436.0
091227 091317 8455.0 8455.0 8434.0 8434.0
091251 091351 8442.0 8442.0 8434.0 8438.0
091251 091351 8442.0 8442.0 8434.0 8439.0
091257 091354 8440.0 8441.0 8434.0 8441.0
091313 091358 8436.0 8455.0 8434.0 8455.0
091313 091359 8436.0 8455.0 8434.0 8445.0
091313 091400 8436.0 8455.0 8434.0 8446.0
091313 091400 8436.0 8455.0 8434.0 8446.0
091313 091401 8436.0 8455.0 8434.0 8447.0
091313 091401 8436.0 8455.0 8434.0 8447.0
091313 091401 8436.0 8455.0 8434.0 8448.0
091313 091401 8436.0 8455.0 8434.0 8448.0
091313 091401 8436.0 8455.0 8434.0 8448.0
091313 091402 8436.0 8455.0 8434.0 8449.0
091313 091402 8436.0 8455.0 8434.0 8450.0
091313 091402 8436.0 8455.0 8434.0 8450.0
091351 091429 8438.0 8455.0 8433.0 8433.0
091351 091436 8438.0 8455.0 8433.0 8434.0
091351 091436 8438.0 8455.0 8433.0 8434.0
091351 091437 8438.0 8455.0 8433.0 8433.0
091351 091440 8438.0 8455.0 8428.0 8428.0
091351 091440 8438.0 8455.0 8428.0 8429.0
091351 091440 8438.0 8455.0 8428.0 8429.0
091351 091442 8438.0 8455.0 8428.0 8429.0
091351 091448 8438.0 8455.0 8428.0 8434.0
091429 091513 8433.0 8435.0 8428.0 8435.0
091429 091520 8433.0 8440.0 8428.0 8440.0
091448 091543 8434.0 8440.0 8434.0 8436.0
091448 091544 8434.0 8454.0 8434.0 8454.0
091513 091550 8435.0 8454.0 8435.0 8440.0
091513 091551 8435.0 8454.0 8435.0 8443.0
091513 091551 8435.0 8455.0 8435.0 8455.0
091513 091552 8435.0 8455.0 8435.0 8447.0
091513 091553 8435.0 8455.0 8435.0 8449.0
091513 091553 8435.0 8455.0 8435.0 8450.0
091513 091553 8435.0 8455.0 8435.0 8450.0
091513 091553 8435.0 8455.0 8435.0 8453.0
091513 091553 8435.0 8455.0 8435.0 8454.0
091513 091553 8435.0 8455.0 8435.0 8454.0
091513 091553 8435.0 8455.0 8435.0 8455.0
091513 091553 8435.0 8463.0 8435.0 8463.0
091513 091554 8435.0 8463.0 8435.0 8455.0
091513 091554 8435.0 8463.0 8435.0 8456.0
091513 091554 8435.0 8463.0 8435.0 8456.0
091513 091554 8435.0 8463.0 8435.0 8456.0
091513 091554 8435.0 8463.0 8435.0 8456.0
091513 091554 8435.0 8463.0 8435.0 8457.0
091513 091554 8435.0 8463.0 8435.0 8457.0
091513 091554 8435.0 8463.0 8435.0 8457.0
091513 091554 8435.0 8463.0 8435.0 8457.0
091513 091554 8435.0 8463.0 8435.0 8457.0
091513 091554 8435.0 8463.0 8435.0 8457.0
091513 091554 8435.0 8463.0 8435.0 8457.0
091513 091554 8435.0 8463.0 8435.0 8458.0
091513 091555 8435.0 8463.0 8435.0 8447.0
091513 091606 8435.0 8463.0 8435.0 8454.0
091543 091630 8436.0 8463.0 8436.0 8458.0
091543 091632 8436.0 8463.0 8436.0 8459.0
091543 091634 8436.0 8463.0 8436.0 8455.0
091550 091645 8440.0 8463.0 8440.0 8451.0
091550 091647 8440.0 8463.0 8440.0 8447.0
091553 091653 8449.0 8463.0 8444.0 8444.0
091555 091655 8447.0 8459.0 8444.0 8449.0
091606 091700 8454.0 8459.0 8444.0 8451.0
091606 091704 8454.0 8459.0 8444.0 8450.0
091630 091707 8458.0 8459.0 8444.0 8448.0
091630 091720 8458.0 8459.0 8444.0 8447.0
091630 091722 8458.0 8459.0 8444.0 8447.0
091645 091743 8451.0 8451.0 8444.0 8446.0
091653 091753 8444.0 8451.0 8442.0 8442.0
091655 091755 8449.0 8455.0 8442.0 8455.0
091704 091801 8450.0 8455.0 8442.0 8444.0
091720 091818 8447.0 8455.0 8442.0 8451.0
091720 091819 8447.0 8455.0 8442.0 8451.0
091743 091825 8446.0 8455.0 8442.0 8454.0
091743 091826 8446.0 8455.0 8442.0 8454.0
091743 091840 8446.0 8455.0 8442.0 8450.0
091753 091849 8442.0 8455.0 8442.0 8449.0
091753 091851 8442.0 8455.0 8442.0 8448.0
091755 091855 8455.0 8455.0 8444.0 8449.0
091801 091858 8444.0 8454.0 8444.0 8447.0
091825 091923 8454.0 8454.0 8447.0 8451.0
091825 091923 8454.0 8454.0 8447.0 8451.0
091840 091936 8450.0 8457.0 8447.0 8457.0
091923 092006 8451.0 8457.0 8447.0 8447.0
091923 092009 8451.0 8457.0 8447.0 8449.0
091936 092024 8457.0 8457.0 8447.0 8447.0
091936 092024 8457.0 8457.0 8447.0 8447.0
091936 092035 8457.0 8457.0 8447.0 8451.0
091936 092036 8457.0 8457.0 8447.0 8450.0
092006 092050 8447.0 8457.0 8447.0 8457.0
092006 092057 8447.0 8457.0 8447.0 8447.0
092006 092105 8447.0 8457.0 8445.0 8445.0
092009 092108 8449.0 8457.0 8444.0 8444.0
092035 092135 8451.0 8457.0 8444.0 8445.0
092035 092135 8451.0 8457.0 8444.0 8445.0
092135 092220 8445.0 8448.0 8445.0 8448.0
092220 092315 8448.0 8448.0 8444.0 8444.0
092220 092317 8448.0 8448.0 8444.0 8445.0
092315 092329 8444.0 8447.0 8444.0 8447.0
092315 092341 8444.0 8450.0 8444.0 8450.0
092315 092410 8444.0 8450.0 8444.0 8449.0
092410 092450 8449.0 8449.0 8448.0 8448.0
092612 092612 8451.0 8451.0 8451.0 8451.0
092612 092625 8451.0 8452.0 8451.0 8452.0
092612 092630 8451.0 8452.0 8451.0 8452.0
092612 092708 8451.0 8452.0 8449.0 8449.0
092612 092708 8451.0 8452.0 8449.0 8449.0
092625 092719 8452.0 8452.0 8449.0 8450.0
092708 092800 8449.0 8453.0 8449.0 8453.0
092708 092801 8449.0 8454.0 8449.0 8454.0
092708 092801 8449.0 8454.0 8449.0 8454.0
092708 092801 8449.0 8454.0 8449.0 8454.0
092708 092802 8449.0 8455.0 8449.0 8455.0
092708 092803 8449.0 8457.0 8449.0 8457.0
092708 092803 8449.0 8459.0 8449.0 8459.0
092708 092803 8449.0 8459.0 8449.0 8459.0
092708 092803 8449.0 8459.0 8449.0 8459.0
092708 092803 8449.0 8460.0 8449.0 8460.0
092708 092803 8449.0 8460.0 8449.0 8460.0
092708 092803 8449.0 8462.0 8449.0 8462.0
092708 092803 8449.0 8462.0 8449.0 8462.0
092708 092803 8449.0 8462.0 8449.0 8462.0
092708 092803 8449.0 8462.0 8449.0 8462.0
092708 092803 8449.0 8462.0 8449.0 8462.0
092708 092803 8449.0 8463.0 8449.0 8463.0
092708 092803 8449.0 8464.0 8449.0 8464.0
092708 092803 8449.0 8464.0 8449.0 8464.0
092708 092803 8449.0 8464.0 8449.0 8464.0
092708 092803 8449.0 8464.0 8449.0 8464.0
092708 092803 8449.0 8464.0 8449.0 8464.0
092708 092803 8449.0 8473.0 8449.0 8473.0
092708 092803 8449.0 8474.0 8449.0 8474.0
092708 092804 8449.0 8474.0 8449.0 8466.0
092708 092805 8449.0 8474.0 8449.0 8467.0
092708 092805 8449.0 8474.0 8449.0 8467.0
092708 092805 8449.0 8474.0 8449.0 8468.0
092708 092805 8449.0 8474.0 8449.0 8469.0
092708 092806 8449.0 8474.0 8449.0 8469.0
092708 092806 8449.0 8474.0 8449.0 8469.0
092708 092808 8449.0 8474.0 8449.0 8465.0
092719 092810 8450.0 8474.0 8450.0 8466.0
092719 092814 8450.0 8474.0 8450.0 8464.0
092800 092824 8453.0 8474.0 8453.0 8459.0
092800 092825 8453.0 8474.0 8453.0 8467.0
092800 092826 8453.0 8474.0 8453.0 8455.0
092800 092831 8453.0 8474.0 8453.0 8467.0
092800 092844 8453.0 8474.0 8453.0 8460.0
092800 092850 8453.0 8474.0 8453.0 8462.0
092800 092853 8453.0 8474.0 8453.0 8461.0
092800 092854 8453.0 8474.0 8453.0 8462.0
092805 092905 8467.0 8469.0 8455.0 8459.0
092844 092932 8460.0 8463.0 8459.0 8463.0
092844 092940 8460.0 8474.0 8459.0 8474.0
092844 092943 8460.0 8474.0 8459.0 8465.0
092850 092947 8462.0 8474.0 8459.0 8464.0
092850 092947 8462.0 8474.0 8459.0 8464.0
092850 092947 8462.0 8474.0 8459.0 8464.0
092850 092949 8462.0 8474.0 8459.0 8467.0
092850 092949 8462.0 8474.0 8459.0 8468.0
092850 092949 8462.0 8474.0 8459.0 8468.0
092850 092949 8462.0 8474.0 8459.0 8468.0
092850 092949 8462.0 8474.0 8459.0 8468.0
092850 092949 8462.0 8474.0 8459.0 8468.0
092853 092953 8461.0 8475.0 8459.0 8475.0
092905 093000 8459.0 8475.0 8459.0 8470.0
092905 093001 8459.0 8475.0 8459.0 8472.0
092905 093001 8459.0 8475.0 8459.0 8472.0
092905 093004 8459.0 8475.0 8459.0 8469.0
092905 093005 8459.0 8478.0 8459.0 8478.0
092932 093007 8463.0 8478.0 8463.0 8466.0
092932 093009 8463.0 8478.0 8463.0 8465.0
092932 093009 8463.0 8478.0 8463.0 8465.0
092932 093009 8463.0 8478.0 8463.0 8465.0
092932 093011 8463.0 8478.0 8463.0 8464.0
092932 093011 8463.0 8478.0 8463.0 8464.0
092932 093012 8463.0 8478.0 8463.0 8464.0
092932 093012 8463.0 8478.0 8463.0 8464.0
092932 093012 8463.0 8478.0 8463.0 8464.0
092932 093012 8463.0 8478.0 8463.0 8464.0
092932 093012 8463.0 8478.0 8463.0 8464.0
092932 093013 8463.0 8478.0 8463.0 8465.0
092932 093013 8463.0 8478.0 8463.0 8465.0
092932 093017 8463.0 8478.0 8463.0 8463.0
092932 093018 8463.0 8478.0 8461.0 8461.0
092932 093020 8463.0 8478.0 8461.0 8464.0
092932 093020 8463.0 8478.0 8461.0 8464.0
092932 093023 8463.0 8478.0 8461.0 8466.0
092940 093040 8474.0 8478.0 8461.0 8471.0
092947 093044 8464.0 8478.0 8461.0 8464.0
093011 093111 8464.0 8471.0 8461.0 8463.0
093011 093111 8464.0 8471.0 8461.0 8463.0
093018 093118 8461.0 8471.0 8461.0 8463.0
093111 093147 8463.0 8463.0 8455.0 8455.0
093111 093150 8463.0 8463.0 8455.0 8460.0
093111 093151 8463.0 8463.0 8455.0 8460.0
093111 093157 8463.0 8463.0 8455.0 8462.0
093111 093204 8463.0 8463.0 8455.0 8462.0
093315 093315 8464.0 8464.0 8464.0 8464.0
093315 093316 8464.0 8466.0 8464.0 8466.0
093315 093316 8464.0 8466.0 8464.0 8466.0
093315 093316 8464.0 8466.0 8464.0 8466.0
093315 093316 8464.0 8466.0 8464.0 8466.0
093315 093316 8464.0 8466.0 8464.0 8466.0
093315 093316 8464.0 8467.0 8464.0 8467.0
093315 093316 8464.0 8467.0 8464.0 8467.0
093315 093320 8464.0 8468.0 8464.0 8468.0
093315 093320 8464.0 8469.0 8464.0 8469.0
093315 093331 8464.0 8472.0 8464.0 8472.0
093315 093331 8464.0 8472.0 8464.0 8472.0
093315 093331 8464.0 8472.0 8464.0 8472.0
093315 093332 8464.0 8473.0 8464.0 8473.0
093315 093332 8464.0 8474.0 8464.0 8474.0
093315 093332 8464.0 8474.0 8464.0 8474.0
093315 093332 8464.0 8475.0 8464.0 8475.0
093315 093332 8464.0 8475.0 8464.0 8475.0
093315 093332 8464.0 8475.0 8464.0 8475.0
093315 093332 8464.0 8475.0 8464.0 8475.0
093315 093332 8464.0 8481.0 8464.0 8481.0
093315 093340 8464.0 8481.0 8464.0 8469.0
093315 093340 8464.0 8481.0 8464.0 8469.0
093315 093347 8464.0 8481.0 8464.0 8470.0
093315 093348 8464.0 8481.0 8464.0 8470.0
093315 093400 8464.0 8481.0 8464.0 8469.0
093315 093401 8464.0 8481.0 8464.0 8470.0
093315 093401 8464.0 8481.0 8464.0 8470.0
093315 093401 8464.0 8481.0 8464.0 8470.0
093315 093401 8464.0 8481.0 8464.0 8470.0
093315 093401 8464.0 8481.0 8464.0 8470.0
093315 093402 8464.0 8481.0 8464.0 8470.0
093315 093402 8464.0 8481.0 8464.0 8470.0
093315 093402 8464.0 8481.0 8464.0 8470.0
093315 093405 8464.0 8481.0 8464.0 8467.0
093315 093406 8464.0 8481.0 8464.0 8468.0
093315 093406 8464.0 8481.0 8464.0 8468.0
093315 093406 8464.0 8481.0 8464.0 8468.0
093315 093406 8464.0 8481.0 8464.0 8468.0
093315 093406 8464.0 8481.0 8464.0 8468.0
093315 093406 8464.0 8481.0 8464.0 8468.0
093315 093406 8464.0 8481.0 8464.0 8468.0
093320 093417 8468.0 8481.0 8444.0 8444.0
093331 093421 8472.0 8481.0 8444.0 8464.0
093331 093421 8472.0 8481.0 8444.0 8465.0
093348 093448 8470.0 8470.0 8444.0 8466.0
093400 093454 8469.0 8470.0 8444.0 8466.0
093401 093501 8470.0 8470.0 8444.0 8463.0
093401 093501 8470.0 8474.0 8444.0 8474.0
093417 093510 8444.0 8474.0 8444.0 8461.0
093417 093514 8444.0 8474.0 8444.0 8462.0
093448 093524 8466.0 8474.0 8461.0 8466.0
093641 093641 8468.0 8468.0 8468.0 8468.0
093641 093712 8468.0 8468.0 8442.0 8442.0
093641 093741 8468.0 8468.0 8442.0 8451.0
093641 093741 8468.0 8468.0 8442.0 8451.0
093641 093741 8468.0 8468.0 8442.0 8459.0
093641 093741 8468.0 8468.0 8442.0 8459.0
093641 093741 8468.0 8468.0 8442.0 8459.0
093641 093741 8468.0 8468.0 8442.0 8459.0
093641 093741 8468.0 8468.0 8442.0 8460.0
093641 093741 8468.0 8468.0 8442.0 8466.0
093641 093741 8468.0 8468.0 8442.0 8466.0
093641 093741 8468.0 8469.0 8442.0 8469.0
093641 093741 8468.0 8471.0 8442.0 8471.0
093712 093746 8442.0 8471.0 8442.0 8456.0
093712 093747 8442.0 8471.0 8442.0 8469.0
093712 093805 8442.0 8471.0 8442.0 8457.0
093741 093813 8451.0 8471.0 8451.0 8469.0
093741 093834 8451.0 8471.0 8451.0 8454.0
093741 093840 8451.0 8471.0 8451.0 8452.0
093746 093843 8456.0 8469.0 8445.0 8445.0
093746 093843 8456.0 8469.0 8445.0 8445.0
093746 093843 8456.0 8469.0 8445.0 8447.0
093746 093843 8456.0 8469.0 8445.0 8448.0
093746 093843 8456.0 8469.0 8445.0 8464.0
093746 093843 8456.0 8469.0 8445.0 8464.0
093746 093844 8456.0 8469.0 8443.0 8443.0
093746 093845 8456.0 8469.0 8443.0 8463.0
093805 093853 8457.0 8469.0 8443.0 8446.0
093805 093853 8457.0 8469.0 8443.0 8447.0
093805 093853 8457.0 8469.0 8443.0 8447.0
093805 093856 8457.0 8469.0 8443.0 8446.0
093805 093856 8457.0 8469.0 8443.0 8446.0
093805 093901 8457.0 8469.0 8443.0 8448.0
093805 093901 8457.0 8469.0 8443.0 8448.0
093805 093901 8457.0 8469.0 8443.0 8448.0
093805 093905 8457.0 8469.0 8443.0 8447.0
093805 093905 8457.0 8469.0 8443.0 8447.0
093813 093910 8469.0 8469.0 8443.0 8445.0
093834 093914 8454.0 8464.0 8443.0 8458.0
093834 093915 8454.0 8464.0 8443.0 8458.0
093834 093915 8454.0 8464.0 8443.0 8458.0
093834 093919 8454.0 8464.0 8436.0 8436.0
093834 093919 8454.0 8464.0 8436.0 8437.0
093834 093919 8454.0 8464.0 8436.0 8439.0
093834 093919 8454.0 8464.0 8436.0 8439.0
093834 093919 8454.0 8464.0 8436.0 8452.0
093834 093921 8454.0 8464.0 8436.0 8452.0
093834 093927 8454.0 8464.0 8436.0 8441.0
093834 093934 8454.0 8464.0 8436.0 8443.0
093853 093947 8446.0 8458.0 8436.0 8441.0
093901 093957 8448.0 8458.0 8436.0 8441.0
093905 094003 8447.0 8458.0 8436.0 8438.0
093905 094003 8447.0 8458.0 8436.0 8453.0
093910 094007 8445.0 8458.0 8436.0 8436.0
093934 094028 8443.0 8453.0 8434.0 8434.0
093934 094028 8443.0 8453.0 8434.0 8435.0
093934 094028 8443.0 8453.0 8434.0 8436.0
093934 094028 8443.0 8453.0 8434.0 8436.0
093947 094039 8441.0 8453.0 8434.0 8439.0
093947 094039 8441.0 8457.0 8434.0 8457.0
093947 094043 8441.0 8457.0 8434.0 8435.0
093957 094054 8441.0 8457.0 8434.0 8438.0
094003 094103 8438.0 8457.0 8433.0 8433.0
094003 094103 8438.0 8457.0 8433.0 8434.0
094007 094104 8436.0 8457.0 8433.0 8433.0
094007 094104 8436.0 8457.0 8433.0 8433.0
094007 094105 8436.0 8457.0 8432.0 8432.0
094007 094105 8436.0 8457.0 8432.0 8432.0
094028 094127 8434.0 8457.0 8432.0 8440.0
094043 094140 8435.0 8440.0 8432.0 8437.0
094043 094141 8435.0 8440.0 8432.0 8437.0
094043 094142 8435.0 8440.0 8432.0 8437.0
094127 094213 8440.0 8445.0 8437.0 8445.0
094127 094213 8440.0 8447.0 8437.0 8447.0
094127 094213 8440.0 8448.0 8437.0 8448.0
094127 094213 8440.0 8448.0 8437.0 8448.0
094127 094221 8440.0 8448.0 8437.0 8443.0
094127 094224 8440.0 8448.0 8437.0 8443.0
094140 094233 8437.0 8448.0 8437.0 8438.0
094213 094244 8445.0 8448.0 8438.0 8440.0
094221 094321 8443.0 8443.0 8438.0 8441.0
094432 094432 8442.0 8442.0 8442.0 8442.0
094432 094502 8442.0 8442.0 8442.0 8442.0
094432 094508 8442.0 8454.0 8442.0 8454.0
094432 094510 8442.0 8454.0 8442.0 8453.0
094432 094520 8442.0 8454.0 8442.0 8442.0
094432 094531 8442.0 8454.0 8439.0 8439.0
094502 094539 8442.0 8454.0 8439.0 8441.0
094531 094622 8439.0 8444.0 8439.0 8444.0
094531 094626 8439.0 8444.0 8439.0 8443.0
094531 094627 8439.0 8444.0 8439.0 8444.0
094531 094627 8439.0 8445.0 8439.0 8445.0
094531 094627 8439.0 8445.0 8439.0 8445.0
094531 094628 8439.0 8447.0 8439.0 8447.0
094531 094628 8439.0 8460.0 8439.0 8460.0
094539 094632 8441.0 8460.0 8441.0 8444.0
094813 094813 8442.0 8442.0 8442.0 8442.0
094813 094837 8442.0 8442.0 8441.0 8441.0
094837 094916 8441.0 8441.0 8438.0 8438.0
094837 094919 8441.0 8441.0 8438.0 8438.0
094837 094931 8441.0 8441.0 8438.0 8441.0
094837 094937 8441.0 8441.0 8438.0 8439.0
094837 094937 8441.0 8441.0 8438.0 8439.0
094916 094951 8438.0 8441.0 8438.0 8438.0
094916 094957 8438.0 8441.0 8438.0 8439.0
094916 095007 8438.0 8441.0 8435.0 8435.0
094916 095007 8438.0 8451.0 8435.0 8451.0
094916 095008 8438.0 8451.0 8433.0 8433.0
094916 095008 8438.0 8451.0 8433.0 8433.0
094916 095008 8438.0 8451.0 8433.0 8433.0
094916 095008 8438.0 8451.0 8433.0 8434.0
094916 095008 8438.0 8451.0 8433.0 8434.0
094916 095008 8438.0 8451.0 8433.0 8434.0
094916 095008 8438.0 8451.0 8433.0 8434.0
094916 095008 8438.0 8451.0 8433.0 8434.0
094916 095008 8438.0 8451.0 8433.0 8434.0
094916 095008 8438.0 8451.0 8433.0 8434.0
094916 095014 8438.0 8451.0 8433.0 8440.0
094916 095014 8438.0 8451.0 8433.0 8440.0
094931 095028 8441.0 8451.0 8433.0 8442.0
094931 095029 8441.0 8451.0 8433.0 8444.0
094937 095034 8439.0 8451.0 8433.0 8442.0
095014 095111 8440.0 8444.0 8440.0 8442.0
095028 095116 8442.0 8444.0 8442.0 8442.0
095111 095137 8442.0 8443.0 8442.0 8443.0
095111 095141 8442.0 8445.0 8442.0 8445.0
095111 095145 8442.0 8445.0 8442.0 8445.0
095111 095146 8442.0 8445.0 8442.0 8445.0
095327 095327 8443.0 8443.0 8443.0 8443.0
095608 095608 8442.0 8442.0 8442.0 8442.0
095608 095610 8442.0 8442.0 8442.0 8442.0
095608 095612 8442.0 8442.0 8442.0 8442.0
095608 095659 8442.0 8447.0 8442.0 8447.0
095608 095701 8442.0 8447.0 8442.0 8447.0
095608 095701 8442.0 8447.0 8442.0 8447.0
095608 095701 8442.0 8447.0 8442.0 8447.0
095608 095701 8442.0 8447.0 8442.0 8447.0
095608 095702 8442.0 8447.0 8442.0 8447.0
095659 095726 8447.0 8447.0 8446.0 8446.0
095659 095726 8447.0 8447.0 8446.0 8446.0
095659 095726 8447.0 8447.0 8446.0 8446.0
095659 095745 8447.0 8447.0 8446.0 8446.0
095659 095752 8447.0 8455.0 8446.0 8455.0
095659 095752 8447.0 8455.0 8446.0 8455.0
095726 095803 8446.0 8455.0 8443.0 8443.0
095726 095812 8446.0 8455.0 8443.0 8443.0
100004 100004 8450.0 8450.0 8450.0 8450.0
100004 100027 8450.0 8451.0 8450.0 8451.0
100004 100027 8450.0 8451.0 8450.0 8451.0
100004 100027 8450.0 8451.0 8450.0 8451.0
100004 100027 8450.0 8451.0 8450.0 8451.0
100004 100027 8450.0 8451.0 8450.0 8451.0
100004 100027 8450.0 8452.0 8450.0 8452.0
100004 100028 8450.0 8452.0 8450.0 8452.0
100004 100104 8450.0 8452.0 8450.0 8451.0
100104 100130 8451.0 8453.0 8451.0 8453.0
100104 100131 8451.0 8454.0 8451.0 8454.0
100104 100145 8451.0 8454.0 8451.0 8453.0
100104 100203 8451.0 8454.0 8406.0 8406.0
100104 100203 8451.0 8454.0 8406.0 8452.0
100130 100221 8453.0 8454.0 8406.0 8453.0
100130 100227 8453.0 8454.0 8406.0 8454.0
100203 100249 8406.0 8454.0 8406.0 8453.0
100203 100257 8406.0 8456.0 8406.0 8456.0
100203 100257 8406.0 8457.0 8406.0 8457.0
100203 100257 8406.0 8457.0 8406.0 8457.0
100203 100257 8406.0 8457.0 8406.0 8457.0
100203 100257 8406.0 8457.0 8406.0 8457.0
100203 100258 8406.0 8457.0 8406.0 8457.0
100203 100300 8406.0 8457.0 8406.0 8457.0
100221 100311 8453.0 8457.0 8453.0 8457.0
100227 100322 8454.0 8457.0 8412.0 8412.0
100227 100324 8454.0 8457.0 8412.0 8455.0
100249 100329 8453.0 8457.0 8412.0 8454.0
100249 100338 8453.0 8457.0 8412.0 8453.0
100300 100400 8457.0 8457.0 8412.0 8453.0
100311 100408 8457.0 8463.0 8412.0 8463.0
100311 100408 8457.0 8463.0 8412.0 8463.0
100400 100500 8453.0 8463.0 8453.0 8456.0
100500 100520 8456.0 8456.0 8455.0 8455.0
100500 100552 8456.0 8456.0 8452.0 8452.0
100520 100604 8455.0 8463.0 8452.0 8463.0
100520 100609 8455.0 8463.0 8452.0 8452.0
100520 100620 8455.0 8463.0 8452.0 8457.0
100552 100621 8452.0 8463.0 8452.0 8459.0
100552 100621 8452.0 8468.0 8452.0 8468.0
100552 100622 8452.0 8468.0 8452.0 8461.0
100552 100640 8452.0 8470.0 8452.0 8470.0
100818 100818 8458.0 8458.0 8458.0 8458.0
100818 100841 8458.0 8458.0 8456.0 8456.0
100818 100900 8458.0 8458.0 8456.0 8456.0
100818 100902 8458.0 8458.0 8455.0 8455.0
100900 100954 8456.0 8456.0 8452.0 8452.0
100954 101009 8452.0 8452.0 8452.0 8452.0
100954 101023 8452.0 8452.0 8452.0 8452.0
101208 101208 8457.0 8457.0 8457.0 8457.0
101208 101226 8457.0 8457.0 8454.0 8454.0
101226 101324 8454.0 8455.0 8454.0 8455.0
101324 101330 8455.0 8455.0 8455.0 8455.0
101454 101454 8451.0 8451.0 8451.0 8451.0
101454 101505 8451.0 8451.0 8450.0 8450.0
101631 101631 8444.0 8444.0 8444.0 8444.0
101631 101634 8444.0 8444.0 8443.0 8443.0
101631 101638 8444.0 8444.0 8443.0 8443.0
101631 101727 8444.0 8444.0 8442.0 8442.0
101631 101729 8444.0 8450.0 8442.0 8450.0
101631 101729 8444.0 8450.0 8442.0 8450.0
101631 101729 8444.0 8451.0 8442.0 8451.0
101727 101752 8442.0 8451.0 8442.0 8442.0
101727 101817 8442.0 8451.0 8442.0 8450.0
101727 101817 8442.0 8451.0 8442.0 8450.0
101752 101831 8442.0 8450.0 8439.0 8439.0
101752 101831 8442.0 8454.0 8439.0 8454.0
101752 101831 8442.0 8454.0 8439.0 8454.0
101752 101840 8442.0 8454.0 8439.0 8449.0
102020 102020 8430.0 8430.0 8430.0 8430.0
102020 102020 8430.0 8431.0 8430.0 8431.0
102020 102020 8430.0 8431.0 8430.0 8431.0
102020 102020 8430.0 8431.0 8430.0 8431.0
102020 102020 8430.0 8432.0 8430.0 8432.0
102020 102020 8430.0 8432.0 8430.0 8432.0
102020 102020 8430.0 8432.0 8430.0 8432.0
102020 102020 8430.0 8432.0 8430.0 8432.0
102020 102020 8430.0 8433.0 8430.0 8433.0
102020 102020 8430.0 8433.0 8430.0 8433.0
102020 102020 8430.0 8434.0 8430.0 8434.0
102020 102020 8430.0 8434.0 8430.0 8434.0
102020 102020 8430.0 8434.0 8430.0 8434.0
102020 102020 8430.0 8434.0 8430.0 8434.0
102020 102020 8430.0 8445.0 8430.0 8445.0
102020 102021 8430.0 8445.0 8423.0 8423.0
102020 102021 8430.0 8445.0 8423.0 8424.0
102020 102021 8430.0 8445.0 8423.0 8424.0
102020 102021 8430.0 8445.0 8423.0 8424.0
102020 102021 8430.0 8445.0 8423.0 8424.0
102020 102021 8430.0 8445.0 8423.0 8424.0
102020 102021 8430.0 8445.0 8423.0 8424.0
102020 102021 8430.0 8445.0 8423.0 8424.0
102020 102021 8430.0 8445.0 8423.0 8424.0
102020 102021 8430.0 8445.0 8423.0 8424.0
102020 102021 8430.0 8445.0 8423.0 8424.0
102020 102021 8430.0 8445.0 8423.0 8424.0
102020 102021 8430.0 8445.0 8423.0 8425.0
102020 102021 8430.0 8445.0 8423.0 8425.0
102020 102021 8430.0 8445.0 8423.0 8425.0
102020 102021 8430.0 8445.0 8423.0 8425.0
102020 102021 8430.0 8445.0 8423.0 8425.0
102020 102021 8430.0 8445.0 8423.0 8425.0
102020 102021 8430.0 8445.0 8423.0 8426.0
102020 102021 8430.0 8445.0 8423.0 8426.0
102020 102021 8430.0 8445.0 8423.0 8426.0
102020 102021 8430.0 8445.0 8423.0 8427.0
102020 102021 8430.0 8445.0 8423.0 8427.0
102020 102021 8430.0 8445.0 8423.0 8427.0
102020 102021 8430.0 8445.0 8423.0 8428.0
102020 102021 8430.0 8445.0 8423.0 8429.0
102020 102021 8430.0 8445.0 8423.0 8430.0
102020 102021 8430.0 8445.0 8423.0 8430.0
102020 102021 8430.0 8445.0 8423.0 8430.0
102020 102021 8430.0 8445.0 8423.0 8430.0
102020 102021 8430.0 8445.0 8423.0 8430.0
102020 102021 8430.0 8445.0 8423.0 8430.0
102020 102021 8430.0 8445.0 8423.0 8431.0
102020 102021 8430.0 8445.0 8423.0 8439.0
102020 102022 8430.0 8445.0 8422.0 8422.0
102020 102022 8430.0 8445.0 8422.0 8422.0
102020 102022 8430.0 8445.0 8422.0 8426.0
102020 102023 8430.0 8445.0 8422.0 8422.0
102020 102023 8430.0 8445.0 8422.0 8422.0
102020 102023 8430.0 8445.0 8422.0 8423.0
102020 102023 8430.0 8445.0 8422.0 8423.0
102020 102023 8430.0 8445.0 8422.0 8424.0
102020 102024 8430.0 8445.0 8422.0 8422.0
102020 102024 8430.0 8445.0 8422.0 8422.0
102020 102026 8430.0 8445.0 8422.0 8434.0
102020 102031 8430.0 8445.0 8422.0 8439.0
102020 102033 8430.0 8445.0 8422.0 8428.0
102020 102100 8430.0 8445.0 8422.0 8422.0
102020 102100 8430.0 8445.0 8422.0 8422.0
102020 102101 8430.0 8445.0 8421.0 8421.0
102020 102101 8430.0 8445.0 8421.0 8421.0
102020 102101 8430.0 8445.0 8421.0 8421.0
102100 102137 8422.0 8424.0 8421.0 8424.0
102100 102137 8422.0 8424.0 8421.0 8424.0
102100 102137 8422.0 8424.0 8421.0 8424.0
102100 102137 8422.0 8424.0 8421.0 8424.0
102100 102139 8422.0 8425.0 8421.0 8425.0
102100 102144 8422.0 8426.0 8421.0 8426.0
102100 102153 8422.0 8426.0 8385.0 8385.0
102100 102153 8422.0 8427.0 8385.0 8427.0
102100 102156 8422.0 8428.0 8385.0 8428.0
102137 102203 8424.0 8428.0 8385.0 8428.0
102137 102218 8424.0 8428.0 8385.0 8426.0
102137 102233 8424.0 8428.0 8385.0 8427.0
102139 102238 8425.0 8428.0 8385.0 8426.0
102144 102244 8426.0 8439.0 8385.0 8439.0
102144 102244 8426.0 8439.0 8385.0 8439.0
102144 102244 8426.0 8441.0 8385.0 8441.0
102153 102246 8385.0 8441.0 8385.0 8424.0
102153 102250 8385.0 8441.0 8385.0 8424.0
102153 102252 8385.0 8441.0 8385.0 8423.0
102153 102253 8385.0 8441.0 8385.0 8422.0
102153 102253 8385.0 8441.0 8385.0 8422.0
102153 102253 8385.0 8441.0 8385.0 8422.0
102203 102257 8428.0 8441.0 8422.0 8422.0
102203 102300 8428.0 8441.0 8421.0 8421.0
102218 102310 8426.0 8441.0 8419.0 8419.0
102218 102310 8426.0 8441.0 8419.0 8419.0
102218 102310 8426.0 8441.0 8419.0 8419.0
102218 102310 8426.0 8441.0 8419.0 8419.0
102218 102310 8426.0 8441.0 8419.0 8420.0
102218 102310 8426.0 8441.0 8419.0 8420.0
102218 102310 8426.0 8441.0 8419.0 8420.0
102218 102311 8426.0 8441.0 8418.0 8418.0
102233 102330 8427.0 8441.0 8418.0 8420.0
102233 102330 8427.0 8441.0 8418.0 8420.0
102233 102331 8427.0 8441.0 8418.0 8431.0
102310 102410 8419.0 8431.0 8418.0 8431.0
102410 102442 8431.0 8431.0 8426.0 8426.0
102410 102457 8431.0 8431.0 8426.0 8426.0
102410 102501 8431.0 8431.0 8425.0 8425.0
102410 102501 8431.0 8431.0 8425.0 8425.0
102410 102501 8431.0 8431.0 8425.0 8425.0
102410 102502 8431.0 8431.0 8422.0 8422.0
102442 102515 8426.0 8426.0 8419.0 8419.0
102442 102534 8426.0 8431.0 8419.0 8431.0
102442 102534 8426.0 8431.0 8419.0 8431.0
102442 102541 8426.0 8431.0 8419.0 8419.0
102457 102555 8426.0 8431.0 8418.0 8418.0
102457 102556 8426.0 8431.0 8415.0 8415.0
102457 102556 8426.0 8431.0 8415.0 8415.0
102457 102556 8426.0 8431.0 8415.0 8415.0
102457 102556 8426.0 8431.0 8415.0 8416.0
102457 102556 8426.0 8431.0 8415.0 8416.0
102457 102556 8426.0 8431.0 8415.0 8416.0
102457 102557 8426.0 8431.0 8414.0 8414.0
102457 102557 8426.0 8431.0 8414.0 8415.0
102501 102558 8425.0 8431.0 8414.0 8414.0
102501 102559 8425.0 8431.0 8414.0 8414.0
102501 102559 8425.0 8431.0 8414.0 8414.0
102501 102600 8425.0 8431.0 8414.0 8414.0
102501 102600 8425.0 8431.0 8414.0 8414.0
102501 102601 8425.0 8431.0 8413.0 8413.0
102501 102601 8425.0 8431.0 8413.0 8413.0
102555 102649 8418.0 8418.0 8413.0 8413.0
102649 102707 8413.0 8415.0 8413.0 8415.0
102649 102711 8413.0 8415.0 8413.0 8415.0
102649 102728 8413.0 8424.0 8413.0 8424.0
102649 102736 8413.0 8424.0 8413.0 8422.0
102707 102757 8415.0 8424.0 8415.0 8422.0
102707 102803 8415.0 8424.0 8415.0 8420.0
102707 102805 8415.0 8424.0 8415.0 8419.0
102707 102805 8415.0 8424.0 8415.0 8419.0
102707 102805 8415.0 8424.0 8415.0 8419.0
102707 102805 8415.0 8424.0 8415.0 8419.0
102707 102806 8415.0 8424.0 8415.0 8418.0
102728 102823 8424.0 8424.0 8418.0 8420.0
102728 102823 8424.0 8424.0 8418.0 8420.0
102803 102900 8420.0 8421.0 8418.0 8421.0
102803 102900 8420.0 8421.0 8418.0 8421.0
102823 102916 8420.0 8421.0 8419.0 8419.0
103021 103021 8425.0 8425.0 8425.0 8425.0
103021 103033 8425.0 8429.0 8425.0 8429.0
103021 103033 8425.0 8442.0 8425.0 8442.0
103021 103039 8425.0 8442.0 8425.0 8426.0
103033 103125 8429.0 8442.0 8426.0 8428.0
103033 103132 8429.0 8442.0 8426.0 8429.0
103039 103139 8426.0 8429.0 8426.0 8427.0
103139 103237 8427.0 8427.0 8421.0 8421.0
103237 103310 8421.0 8421.0 8420.0 8420.0
103310 103358 8420.0 8420.0 8416.0 8416.0
103310 103402 8420.0 8420.0 8415.0 8415.0
103310 103405 8420.0 8420.0 8412.0 8412.0
103310 103405 8420.0 8420.0 8412.0 8412.0
103310 103405 8420.0 8420.0 8412.0 8412.0
103310 103405 8420.0 8420.0 8412.0 8412.0
103358 103411 8416.0 8416.0 8411.0 8411.0
103358 103415 8416.0 8416.0 8411.0 8414.0
103405 103503 8412.0 8414.0 8411.0 8414.0
103415 103512 8414.0 8414.0 8413.0 8413.0
103503 103548 8414.0 8414.0 8413.0 8414.0
103503 103551 8414.0 8414.0 8413.0 8413.0
103503 103556 8414.0 8414.0 8413.0 8413.0
103503 103557 8414.0 8414.0 8413.0 8413.0
103503 103600 8414.0 8414.0 8412.0 8412.0
103503 103600 8414.0 8414.0 8412.0 8413.0
103503 103602 8414.0 8414.0 8412.0 8414.0
103512 103609 8413.0 8414.0 8412.0 8414.0
103548 103637 8414.0 8415.0 8412.0 8415.0
103609 103706 8414.0 8415.0 8414.0 8414.0
103637 103728 8415.0 8415.0 8414.0 8415.0
103637 103728 8415.0 8415.0 8414.0 8415.0
103637 103728 8415.0 8415.0 8414.0 8415.0
103637 103728 8415.0 8415.0 8414.0 8415.0
103637 103728 8415.0 8415.0 8414.0 8415.0
103637 103728 8415.0 8415.0 8414.0 8415.0
103637 103728 8415.0 8415.0 8414.0 8415.0
103637 103732 8415.0 8415.0 8411.0 8411.0
103637 103732 8415.0 8415.0 8411.0 8411.0
103637 103732 8415.0 8415.0 8411.0 8412.0
103637 103732 8415.0 8415.0 8411.0 8413.0
103637 103733 8415.0 8415.0 8409.0 8409.0
103637 103733 8415.0 8415.0 8409.0 8410.0
103637 103733 8415.0 8415.0 8409.0 8410.0
103637 103733 8415.0 8415.0 8409.0 8410.0
103637 103733 8415.0 8415.0 8409.0 8410.0
103637 103733 8415.0 8415.0 8409.0 8410.0
103637 103733 8415.0 8415.0 8409.0 8410.0
103637 103733 8415.0 8415.0 8409.0 8410.0
103637 103733 8415.0 8415.0 8409.0 8410.0
103637 103734 8415.0 8415.0 8408.0 8408.0
103637 103734 8415.0 8415.0 8408.0 8408.0
103706 103738 8414.0 8415.0 8408.0 8410.0
103706 103744 8414.0 8415.0 8408.0 8408.0
103706 103748 8414.0 8415.0 8406.0 8406.0
103706 103748 8414.0 8415.0 8406.0 8406.0
103706 103748 8414.0 8415.0 8406.0 8406.0
103706 103748 8414.0 8415.0 8406.0 8406.0
103706 103749 8414.0 8415.0 8406.0 8406.0
103738 103836 8410.0 8411.0 8406.0 8411.0
103744 103839 8408.0 8411.0 8406.0 8411.0
103836 103908 8411.0 8411.0 8407.0 8407.0
103908 103951 8407.0 8413.0 8407.0 8413.0
103908 104003 8407.0 8413.0 8407.0 8410.0
103951 104040 8413.0 8413.0 8410.0 8410.0
104040 104122 8410.0 8410.0 8406.0 8406.0
104040 104124 8410.0 8410.0 8406.0 8406.0
104040 104131 8410.0 8410.0 8405.0 8405.0
104040 104132 8410.0 8410.0 8405.0 8405.0
104040 104136 8410.0 8410.0 8404.0 8404.0
104040 104136 8410.0 8410.0 8404.0 8404.0
104040 104138 8410.0 8410.0 8403.0 8403.0
104040 104139 8410.0 8410.0 8403.0 8403.0
104040 104139 8410.0 8410.0 8403.0 8403.0
104040 104140 8410.0 8410.0 8403.0 8403.0
104040 104140 8410.0 8410.0 8403.0 8403.0
104122 104141 8406.0 8406.0 8403.0 8403.0
104122 104141 8406.0 8406.0 8403.0 8403.0
104122 104201 8406.0 8406.0 8403.0 8405.0
104122 104203 8406.0 8406.0 8403.0 8405.0
104122 104210 8406.0 8406.0 8403.0 8403.0
104122 104211 8406.0 8406.0 8403.0 8403.0
104122 104211 8406.0 8406.0 8403.0 8403.0
104122 104211 8406.0 8406.0 8403.0 8403.0
104122 104211 8406.0 8406.0 8403.0 8403.0
104122 104211 8406.0 8406.0 8403.0 8403.0
104122 104212 8406.0 8406.0 8403.0 8403.0
104122 104212 8406.0 8406.0 8403.0 8403.0
104122 104212 8406.0 8406.0 8403.0 8403.0
104122 104212 8406.0 8406.0 8403.0 8403.0
104122 104222 8406.0 8406.0 8403.0 8406.0
104201 104244 8405.0 8406.0 8403.0 8406.0
104201 104244 8405.0 8406.0 8403.0 8406.0
104201 104301 8405.0 8406.0 8403.0 8403.0
104203 104302 8405.0 8406.0 8399.0 8399.0
104203 104302 8405.0 8406.0 8399.0 8400.0
104203 104302 8405.0 8406.0 8399.0 8400.0
104203 104302 8405.0 8406.0 8399.0 8401.0
104203 104302 8405.0 8406.0 8399.0 8401.0
104203 104302 8405.0 8406.0 8399.0 8401.0
104203 104302 8405.0 8417.0 8399.0 8417.0
104203 104303 8405.0 8417.0 8399.0 8401.0
104210 104307 8403.0 8417.0 8399.0 8399.0
104210 104307 8403.0 8417.0 8399.0 8399.0
104210 104308 8403.0 8417.0 8399.0 8399.0
104210 104310 8403.0 8417.0 8398.0 8398.0
104244 104328 8406.0 8417.0 8398.0 8398.0
104244 104330 8406.0 8417.0 8398.0 8400.0
104244 104332 8406.0 8417.0 8398.0 8399.0
104244 104341 8406.0 8417.0 8398.0 8400.0
104244 104342 8406.0 8417.0 8398.0 8402.0
104301 104352 8403.0 8417.0 8398.0 8402.0
104301 104358 8403.0 8417.0 8398.0 8404.0
104328 104412 8398.0 8404.0 8398.0 8404.0
104328 104417 8398.0 8406.0 8398.0 8406.0
104328 104428 8398.0 8407.0 8398.0 8407.0
104328 104428 8398.0 8407.0 8398.0 8407.0
104412 104501 8404.0 8407.0 8404.0 8405.0
104412 104509 8404.0 8408.0 8404.0 8408.0
104417 104515 8406.0 8408.0 8405.0 8407.0
104428 104519 8407.0 8408.0 8405.0 8408.0
104501 104536 8405.0 8410.0 8405.0 8410.0
104501 104555 8405.0 8428.0 8405.0 8428.0
104501 104556 8405.0 8428.0 8405.0 8412.0
104501 104558 8405.0 8428.0 8405.0 8413.0
104519 104616 8408.0 8428.0 8408.0 8414.0
104519 104619 8408.0 8428.0 8408.0 8413.0
104740 104740 8413.0 8413.0 8413.0 8413.0
104740 104807 8413.0 8413.0 8410.0 8410.0
104807 104847 8410.0 8413.0 8410.0 8413.0
104807 104854 8410.0 8413.0 8410.0 8413.0
104807 104855 8410.0 8413.0 8410.0 8412.0
104807 104858 8410.0 8413.0 8410.0 8412.0
105005 105005 8431.0 8431.0 8431.0 8431.0
105005 105024 8431.0 8431.0 8419.0 8419.0
105005 105026 8431.0 8431.0 8419.0 8421.0
105005 105038 8431.0 8431.0 8418.0 8418.0
105024 105106 8419.0 8421.0 8418.0 8420.0
105024 105122 8419.0 8421.0 8418.0 8419.0
105024 105122 8419.0 8421.0 8418.0 8419.0
105024 105122 8419.0 8421.0 8418.0 8419.0
105024 105122 8419.0 8421.0 8418.0 8419.0
105024 105122 8419.0 8421.0 8418.0 8419.0
105024 105122 8419.0 8421.0 8418.0 8419.0
105026 105125 8421.0 8421.0 8418.0 8419.0
105038 105130 8418.0 8420.0 8418.0 8418.0
105038 105130 8418.0 8432.0 8418.0 8432.0
105038 105137 8418.0 8432.0 8417.0 8417.0
105106 105157 8420.0 8432.0 8417.0 8418.0
105527 105527 8411.0 8411.0 8411.0 8411.0
105527 105541 8411.0 8412.0 8411.0 8412.0
105527 105623 8411.0 8414.0 8411.0 8414.0
105623 105656 8414.0 8414.0 8411.0 8411.0
105623 105656 8414.0 8414.0 8411.0 8411.0
105623 105706 8414.0 8414.0 8410.0 8410.0
105623 105706 8414.0 8414.0 8410.0 8410.0
105623 105709 8414.0 8414.0 8410.0 8410.0
105656 105725 8411.0 8427.0 8410.0 8427.0
105656 105731 8411.0 8427.0 8397.0 8397.0
105656 105739 8411.0 8427.0 8397.0 8415.0
105901 105901 8419.0 8419.0 8419.0 8419.0
105901 105902 8419.0 8421.0 8419.0 8421.0
105901 105902 8419.0 8421.0 8419.0 8421.0
105901 105916 8419.0 8423.0 8419.0 8423.0
105901 105958 8419.0 8424.0 8419.0 8424.0
105916 110009 8423.0 8435.0 8423.0 8435.0
105958 110053 8424.0 8435.0 8421.0 8421.0
105958 110054 8424.0 8435.0 8421.0 8421.0
110053 110120 8421.0 8423.0 8421.0 8423.0
110053 110138 8421.0 8425.0 8421.0 8425.0
110053 110139 8421.0 8427.0 8421.0 8427.0
110053 110139 8421.0 8427.0 8421.0 8427.0
110053 110139 8421.0 8427.0 8421.0 8427.0
110053 110139 8421.0 8428.0 8421.0 8428.0
110053 110152 8421.0 8428.0 8421.0 8421.0
110120 110156 8423.0 8428.0 8421.0 8422.0
110120 110158 8423.0 8428.0 8421.0 8422.0
110138 110221 8425.0 8428.0 8421.0 8421.0
110152 110243 8421.0 8422.0 8420.0 8420.0
110152 110246 8421.0 8422.0 8416.0 8416.0
110152 110246 8421.0 8422.0 8416.0 8418.0
110152 110247 8421.0 8422.0 8416.0 8416.0
110158 110258 8422.0 8422.0 8416.0 8417.0
110258 110352 8417.0 8419.0 8417.0 8419.0
110258 110352 8417.0 8419.0 8417.0 8419.0
110352 110430 8419.0 8419.0 8419.0 8419.0
110430 110454 8419.0 8420.0 8419.0 8420.0
110430 110502 8419.0 8420.0 8419.0 8420.0
110430 110520 8419.0 8420.0 8418.0 8418.0
110803 110803 8416.0 8416.0 8416.0 8416.0
110803 110804 8416.0 8416.0 8413.0 8413.0
110803 110804 8416.0 8416.0 8413.0 8413.0
110803 110804 8416.0 8416.0 8413.0 8415.0
110803 110804 8416.0 8416.0 8413.0 8415.0
110803 110804 8416.0 8429.0 8413.0 8429.0
110803 110809 8416.0 8429.0 8412.0 8412.0
110803 110810 8416.0 8429.0 8412.0 8427.0
110803 110825 8416.0 8429.0 8409.0 8409.0
110803 110825 8416.0 8429.0 8409.0 8409.0
110803 110825 8416.0 8429.0 8409.0 8425.0
110803 110826 8416.0 8429.0 8408.0 8408.0
110803 110827 8416.0 8429.0 8407.0 8407.0
110803 110828 8416.0 8429.0 8407.0 8423.0
110825 110914 8409.0 8425.0 8407.0 8408.0
110825 110920 8409.0 8425.0 8407.0 8407.0
110825 110920 8409.0 8425.0 8407.0 8407.0
110825 110925 8409.0 8425.0 8407.0 8407.0
111033 111033 8410.0 8410.0 8410.0 8410.0
111033 111057 8410.0 8411.0 8410.0 8411.0
111033 111102 8410.0 8412.0 8410.0 8412.0
111033 111108 8410.0 8412.0 8408.0 8408.0
111229 111229 8412.0 8412.0 8412.0 8412.0
111424 111424 8411.0 8411.0 8411.0 8411.0
111424 111507 8411.0 8412.0 8411.0 8412.0
111507 111546 8412.0 8423.0 8412.0 8423.0
111816 111816 8414.0 8414.0 8414.0 8414.0
111816 111836 8414.0 8417.0 8414.0 8417.0
111816 111836 8414.0 8428.0 8414.0 8428.0
111816 111836 8414.0 8428.0 8414.0 8428.0
111816 111836 8414.0 8428.0 8414.0 8428.0
111816 111836 8414.0 8428.0 8414.0 8428.0
111816 111836 8414.0 8428.0 8414.0 8428.0
111816 111854 8414.0 8429.0 8414.0 8429.0
111836 111917 8417.0 8429.0 8416.0 8416.0
111917 112011 8416.0 8421.0 8416.0 8421.0
111917 112011 8416.0 8421.0 8416.0 8421.0
112125 112125 8421.0 8421.0 8421.0 8421.0
112125 112138 8421.0 8431.0 8421.0 8431.0
112125 112223 8421.0 8431.0 8420.0 8420.0
112125 112225 8421.0 8431.0 8420.0 8421.0
112223 112323 8420.0 8421.0 8419.0 8419.0
112223 112323 8420.0 8421.0 8419.0 8419.0
112323 112359 8419.0 8419.0 8418.0 8418.0
112323 112359 8419.0 8419.0 8418.0 8418.0
112323 112406 8419.0 8419.0 8417.0 8417.0
112359 112433 8418.0 8418.0 8417.0 8418.0
112641 112641 8422.0 8422.0 8422.0 8422.0
112641 112651 8422.0 8422.0 8421.0 8421.0
112641 112721 8422.0 8422.0 8421.0 8421.0
112651 112751 8421.0 8421.0 8421.0 8421.0
112751 112843 8421.0 8421.0 8418.0 8418.0
112751 112843 8421.0 8433.0 8418.0 8433.0
113002 113002 8435.0 8435.0 8435.0 8435.0
113002 113102 8435.0 8435.0 8424.0 8424.0
113002 113102 8435.0 8435.0 8424.0 8424.0
113102 113127 8424.0 8424.0 8401.0 8401.0
113102 113127 8424.0 8424.0 8401.0 8420.0
113500 113500 8424.0 8424.0 8424.0 8424.0
113500 113501 8424.0 8424.0 8424.0 8424.0
113500 113533 8424.0 8424.0 8422.0 8422.0
113533 113621 8422.0 8422.0 8422.0 8422.0
113826 113826 8420.0 8420.0 8420.0 8420.0
114031 114031 8416.0 8416.0 8416.0 8416.0
114031 114051 8416.0 8416.0 8415.0 8415.0
114031 114052 8416.0 8416.0 8414.0 8414.0
114031 114053 8416.0 8416.0 8413.0 8413.0
114031 114053 8416.0 8416.0 8413.0 8413.0
114031 114105 8416.0 8416.0 8413.0 8413.0
114031 114105 8416.0 8416.0 8413.0 8414.0
114031 114106 8416.0 8416.0 8413.0 8413.0
114602 114602 8417.0 8417.0 8417.0 8417.0
114740 114740 8414.0 8414.0 8414.0 8414.0
114740 114755 8414.0 8414.0 8413.0 8413.0
114740 114756 8414.0 8414.0 8413.0 8413.0
115001 115001 8413.0 8413.0 8413.0 8413.0
115001 115040 8413.0 8416.0 8413.0 8416.0
115001 115045 8413.0 8429.0 8413.0 8429.0
115001 115046 8413.0 8429.0 8413.0 8429.0
115001 115046 8413.0 8429.0 8413.0 8429.0
115001 115046 8413.0 8429.0 8413.0 8429.0
115001 115049 8413.0 8429.0 8413.0 8416.0
115221 115221 8420.0 8420.0 8420.0 8420.0
115221 115245 8420.0 8420.0 8419.0 8419.0
115414 115414 8421.0 8421.0 8421.0 8421.0
115414 115453 8421.0 8425.0 8421.0 8425.0
115414 115453 8421.0 8426.0 8421.0 8426.0
115414 115453 8421.0 8426.0 8421.0 8426.0
115414 115453 8421.0 8426.0 8421.0 8426.0
115414 115453 8421.0 8426.0 8421.0 8426.0
115414 115453 8421.0 8426.0 8421.0 8426.0
115414 115453 8421.0 8426.0 8421.0 8426.0
115414 115454 8421.0 8427.0 8421.0 8427.0
115414 115454 8421.0 8427.0 8421.0 8427.0
115414 115454 8421.0 8427.0 8421.0 8427.0
115414 115454 8421.0 8428.0 8421.0 8428.0
115414 115454 8421.0 8429.0 8421.0 8429.0
115414 115454 8421.0 8439.0 8421.0 8439.0
115453 115534 8425.0 8439.0 8425.0 8431.0
115453 115534 8425.0 8439.0 8425.0 8431.0
115453 115534 8425.0 8439.0 8425.0 8431.0
115453 115534 8425.0 8439.0 8425.0 8432.0
115453 115535 8425.0 8439.0 8425.0 8431.0
115453 115536 8425.0 8439.0 8425.0 8433.0
115453 115537 8425.0 8439.0 8425.0 8434.0
115453 115540 8425.0 8439.0 8425.0 8434.0
115453 115543 8425.0 8439.0 8425.0 8434.0
115453 115552 8425.0 8439.0 8425.0 8434.0
115453 115552 8425.0 8439.0 8425.0 8434.0
115453 115553 8425.0 8439.0 8425.0 8434.0
115534 115607 8431.0 8436.0 8431.0 8436.0
115534 115607 8431.0 8436.0 8431.0 8436.0
115534 115607 8431.0 8436.0 8431.0 8436.0
115534 115612 8431.0 8436.0 8431.0 8436.0
115534 115632 8431.0 8436.0 8431.0 8432.0
115537 115637 8434.0 8436.0 8432.0 8434.0
115607 115703 8436.0 8436.0 8432.0 8433.0
115632 115717 8432.0 8434.0 8432.0 8433.0
115632 115717 8432.0 8434.0 8432.0 8433.0
115703 115746 8433.0 8433.0 8433.0 8433.0
115717 115804 8433.0 8433.0 8431.0 8431.0
115939 115939 8441.0 8441.0 8441.0 8441.0
115939 120001 8441.0 8441.0 8430.0 8430.0
115939 120006 8441.0 8441.0 8430.0 8430.0
120001 120041 8430.0 8432.0 8430.0 8432.0
120001 120045 8430.0 8432.0 8430.0 8432.0
120218 120218 8431.0 8431.0 8431.0 8431.0
120218 120237 8431.0 8432.0 8431.0 8432.0
120501 120501 8430.0 8430.0 8430.0 8430.0
120602 120602 8430.0 8430.0 8430.0 8430.0
120602 120629 8430.0 8430.0 8427.0 8427.0
120602 120632 8430.0 8430.0 8427.0 8427.0
120602 120646 8430.0 8430.0 8427.0 8427.0
120629 120722 8427.0 8427.0 8424.0 8424.0
120629 120722 8427.0 8439.0 8424.0 8439.0
120629 120723 8427.0 8439.0 8423.0 8423.0
120629 120723 8427.0 8439.0 8423.0 8423.0
120629 120723 8427.0 8439.0 8423.0 8423.0
120629 120723 8427.0 8439.0 8423.0 8423.0
121021 121021 8423.0 8423.0 8423.0 8423.0
121220 121220 8428.0 8428.0 8428.0 8428.0
121441 121441 8426.0 8426.0 8426.0 8426.0
121441 121444 8426.0 8426.0 8426.0 8426.0
121441 121447 8426.0 8426.0 8426.0 8426.0
121441 121453 8426.0 8427.0 8426.0 8427.0
121441 121453 8426.0 8427.0 8426.0 8427.0
121602 121602 8427.0 8427.0 8427.0 8427.0
121602 121616 8427.0 8427.0 8427.0 8427.0
121602 121616 8427.0 8427.0 8427.0 8427.0
121602 121616 8427.0 8427.0 8427.0 8427.0
121602 121616 8427.0 8427.0 8427.0 8427.0
121602 121645 8427.0 8429.0 8427.0 8429.0
121602 121646 8427.0 8430.0 8427.0 8430.0
121602 121646 8427.0 8430.0 8427.0 8430.0
121616 121708 8427.0 8430.0 8427.0 8430.0
121616 121714 8427.0 8430.0 8427.0 8430.0
121645 121717 8429.0 8430.0 8429.0 8430.0
121645 121733 8429.0 8433.0 8429.0 8433.0
121645 121733 8429.0 8433.0 8429.0 8433.0
121733 121829 8433.0 8436.0 8433.0 8436.0
121733 121829 8433.0 8436.0 8433.0 8436.0
121733 121830 8433.0 8436.0 8433.0 8436.0
121733 121832 8433.0 8436.0 8433.0 8436.0
121829 121839 8436.0 8437.0 8436.0 8437.0
121829 121845 8436.0 8437.0 8436.0 8437.0
121829 121856 8436.0 8437.0 8434.0 8434.0
121829 121900 8436.0 8437.0 8434.0 8436.0
121829 121909 8436.0 8437.0 8434.0 8436.0
121829 121913 8436.0 8438.0 8434.0 8438.0
121829 121913 8436.0 8438.0 8434.0 8438.0
121839 121935 8437.0 8438.0 8434.0 8437.0
121839 121937 8437.0 8438.0 8434.0 8437.0
121909 122002 8436.0 8438.0 8435.0 8435.0
121935 122034 8437.0 8437.0 8433.0 8433.0
122002 122054 8435.0 8447.0 8433.0 8447.0
122034 122108 8433.0 8447.0 8433.0 8434.0
122034 122120 8433.0 8447.0 8433.0 8434.0
122054 122135 8447.0 8447.0 8433.0 8433.0
122259 122259 8433.0 8433.0 8433.0 8433.0
122431 122431 8450.0 8450.0 8450.0 8450.0
122656 122656 8435.0 8435.0 8435.0 8435.0
122656 122656 8435.0 8436.0 8435.0 8436.0
122656 122656 8435.0 8436.0 8435.0 8436.0
122847 122847 8434.0 8434.0 8434.0 8434.0
123119 123119 8436.0 8436.0 8436.0 8436.0
123119 123209 8436.0 8436.0 8430.0 8430.0
123209 123246 8430.0 8430.0 8429.0 8429.0
123455 123455 8427.0 8427.0 8427.0 8427.0
123813 123813 8426.0 8426.0 8426.0 8426.0
123813 123814 8426.0 8426.0 8423.0 8423.0
123813 123814 8426.0 8426.0 8423.0 8423.0
123813 123814 8426.0 8426.0 8423.0 8423.0
123813 123814 8426.0 8426.0 8423.0 8423.0
123813 123814 8426.0 8426.0 8423.0 8424.0
123813 123814 8426.0 8426.0 8423.0 8424.0
123813 123814 8426.0 8426.0 8423.0 8424.0
123813 123823 8426.0 8426.0 8423.0 8423.0
123813 123854 8426.0 8426.0 8423.0 8423.0
123813 123904 8426.0 8426.0 8422.0 8422.0
123813 123908 8426.0 8426.0 8421.0 8421.0
123814 123914 8423.0 8424.0 8420.0 8420.0
123823 123921 8423.0 8423.0 8418.0 8418.0
123823 123921 8423.0 8423.0 8418.0 8418.0
123823 123923 8423.0 8423.0 8418.0 8418.0
123854 123926 8423.0 8423.0 8418.0 8418.0
123854 123927 8423.0 8423.0 8418.0 8418.0
123854 123928 8423.0 8423.0 8417.0 8417.0
124040 124040 8418.0 8418.0 8418.0 8418.0
124040 124046 8418.0 8418.0 8418.0 8418.0
124040 124051 8418.0 8418.0 8417.0 8417.0
124716 124716 8420.0 8420.0 8420.0 8420.0
124819 124819 8417.0 8417.0 8417.0 8417.0
124819 124828 8417.0 8417.0 8416.0 8416.0
124819 124830 8417.0 8417.0 8416.0 8417.0
124819 124852 8417.0 8417.0 8415.0 8415.0
124819 124852 8417.0 8417.0 8415.0 8415.0
124819 124852 8417.0 8417.0 8415.0 8415.0
124819 124852 8417.0 8417.0 8415.0 8415.0
124828 124928 8416.0 8417.0 8415.0 8417.0
124852 124933 8415.0 8417.0 8415.0 8417.0
124852 124933 8415.0 8417.0 8415.0 8417.0
124852 124933 8415.0 8417.0 8415.0 8417.0
124852 124933 8415.0 8417.0 8415.0 8417.0
125040 125040 8418.0 8418.0 8418.0 8418.0
125351 125351 8418.0 8418.0 8418.0 8418.0
125351 125424 8418.0 8418.0 8417.0 8417.0
125351 125441 8418.0 8418.0 8416.0 8416.0
125424 125502 8417.0 8417.0 8414.0 8414.0
125424 125503 8417.0 8417.0 8413.0 8413.0
125424 125503 8417.0 8417.0 8413.0 8413.0
125424 125503 8417.0 8417.0 8413.0 8413.0
125424 125504 8417.0 8417.0 8413.0 8413.0
125424 125506 8417.0 8417.0 8413.0 8413.0
125424 125512 8417.0 8417.0 8413.0 8415.0
125625 125625 8417.0 8417.0 8417.0 8417.0
125625 125634 8417.0 8419.0 8417.0 8419.0
125625 125636 8417.0 8419.0 8417.0 8419.0
125625 125710 8417.0 8419.0 8417.0 8419.0
125634 125734 8419.0 8421.0 8419.0 8421.0
125634 125734 8419.0 8421.0 8419.0 8421.0
125634 125734 8419.0 8421.0 8419.0 8421.0
125636 125735 8419.0 8421.0 8419.0 8421.0
125710 125738 8419.0 8421.0 8419.0 8421.0
125710 125738 8419.0 8421.0 8419.0 8421.0
125710 125738 8419.0 8433.0 8419.0 8433.0
125710 125744 8419.0 8433.0 8419.0 8421.0
130013 130013 8418.0 8418.0 8418.0 8418.0
130437 130437 8434.0 8434.0 8434.0 8434.0
130617 130617 8434.0 8434.0 8434.0 8434.0
130720 130720 8422.0 8422.0 8422.0 8422.0
130720 130732 8422.0 8423.0 8422.0 8423.0
130720 130754 8422.0 8424.0 8422.0 8424.0
130720 130813 8422.0 8424.0 8422.0 8423.0
130720 130813 8422.0 8424.0 8422.0 8423.0
130813 130909 8423.0 8426.0 8423.0 8426.0
130813 130909 8423.0 8426.0 8423.0 8426.0
130813 130909 8423.0 8426.0 8423.0 8426.0
130813 130911 8423.0 8426.0 8423.0 8426.0
130909 131003 8426.0 8426.0 8426.0 8426.0
130909 131006 8426.0 8426.0 8426.0 8426.0
130909 131009 8426.0 8426.0 8425.0 8425.0
131003 131012 8426.0 8426.0 8425.0 8425.0
131003 131040 8426.0 8426.0 8425.0 8426.0
131003 131040 8426.0 8426.0 8425.0 8426.0
131003 131053 8426.0 8427.0 8425.0 8427.0
131003 131053 8426.0 8427.0 8425.0 8427.0
131003 131055 8426.0 8427.0 8425.0 8427.0
131040 131134 8426.0 8427.0 8426.0 8427.0
131040 131134 8426.0 8427.0 8426.0 8427.0
131040 131135 8426.0 8428.0 8426.0 8428.0
131347 131347 8428.0 8428.0 8428.0 8428.0
131347 131410 8428.0 8428.0 8427.0 8427.0
131347 131414 8428.0 8428.0 8427.0 8427.0
131347 131418 8428.0 8428.0 8427.0 8427.0
131520 131520 8427.0 8427.0 8427.0 8427.0
131734 131734 8427.0 8427.0 8427.0 8427.0
131734 131745 8427.0 8444.0 8427.0 8444.0
131734 131821 8427.0 8444.0 8427.0 8430.0
131734 131826 8427.0 8444.0 8427.0 8431.0
131734 131831 8427.0 8444.0 8427.0 8431.0
131745 131843 8444.0 8444.0 8430.0 8433.0
131821 131849 8430.0 8443.0 8430.0 8443.0
131821 131859 8430.0 8443.0 8430.0 8433.0
131821 131913 8430.0 8443.0 8430.0 8433.0
131821 131915 8430.0 8443.0 8430.0 8433.0
131826 131922 8431.0 8443.0 8431.0 8434.0
131843 131935 8433.0 8452.0 8433.0 8452.0
131849 131949 8443.0 8452.0 8433.0 8434.0
131913 132005 8433.0 8452.0 8433.0 8436.0
131913 132005 8433.0 8452.0 8433.0 8436.0
131922 132020 8434.0 8452.0 8434.0 8436.0
131922 132022 8434.0 8452.0 8434.0 8436.0
131935 132024 8452.0 8452.0 8434.0 8436.0
131935 132027 8452.0 8452.0 8434.0 8435.0
131949 132039 8434.0 8436.0 8434.0 8435.0
132005 132056 8436.0 8436.0 8435.0 8435.0
132005 132100 8436.0 8437.0 8435.0 8437.0
132005 132101 8436.0 8437.0 8435.0 8437.0
132020 132114 8436.0 8437.0 8435.0 8436.0
132114 132204 8436.0 8436.0 8435.0 8435.0
132114 132204 8436.0 8436.0 8435.0 8435.0
132204 132255 8435.0 8435.0 8433.0 8433.0
132406 132406 8434.0 8434.0 8434.0 8434.0
132406 132434 8434.0 8435.0 8434.0 8435.0
132803 132803 8437.0 8437.0 8437.0 8437.0
132803 132827 8437.0 8437.0 8437.0 8437.0
132827 132904 8437.0 8437.0 8437.0 8437.0
132904 133001 8437.0 8438.0 8437.0 8438.0
132904 133003 8437.0 8438.0 8437.0 8438.0
133001 133011 8438.0 8439.0 8438.0 8439.0
133001 133011 8438.0 8439.0 8438.0 8439.0
133001 133011 8438.0 8439.0 8438.0 8439.0
133001 133012 8438.0 8440.0 8438.0 8440.0
133001 133020 8438.0 8440.0 8438.0 8440.0
133001 133024 8438.0 8440.0 8438.0 8440.0
133001 133053 8438.0 8440.0 8438.0 8439.0
133001 133053 8438.0 8440.0 8438.0 8439.0
133011 133104 8439.0 8440.0 8439.0 8440.0
133011 133104 8439.0 8440.0 8439.0 8440.0
133011 133105 8439.0 8441.0 8439.0 8441.0
133011 133105 8439.0 8441.0 8439.0 8441.0
133011 133105 8439.0 8441.0 8439.0 8441.0
133011 133105 8439.0 8441.0 8439.0 8441.0
133011 133105 8439.0 8441.0 8439.0 8441.0
133011 133105 8439.0 8441.0 8439.0 8441.0
133011 133105 8439.0 8441.0 8439.0 8441.0
133011 133106 8439.0 8442.0 8439.0 8442.0
133011 133106 8439.0 8442.0 8439.0 8442.0
133011 133106 8439.0 8442.0 8439.0 8442.0
133011 133106 8439.0 8442.0 8439.0 8442.0
133011 133106 8439.0 8442.0 8439.0 8442.0
133011 133106 8439.0 8442.0 8439.0 8442.0
133011 133107 8439.0 8442.0 8439.0 8441.0
133011 133107 8439.0 8442.0 8439.0 8441.0
133020 133120 8440.0 8442.0 8439.0 8442.0
133053 133129 8439.0 8444.0 8439.0 8444.0
133053 133129 8439.0 8444.0 8439.0 8444.0
133120 133213 8442.0 8444.0 8442.0 8444.0
133120 133214 8442.0 8444.0 8442.0 8444.0
133120 133218 8442.0 8444.0 8442.0 8443.0
133120 133219 8442.0 8444.0 8442.0 8443.0
133213 133244 8444.0 8444.0 8442.0 8442.0
133244 133333 8442.0 8446.0 8442.0 8446.0
133244 133333 8442.0 8446.0 8442.0 8446.0
133244 133333 8442.0 8446.0 8442.0 8446.0
133244 133333 8442.0 8446.0 8442.0 8446.0
133244 133333 8442.0 8446.0 8442.0 8446.0
133244 133333 8442.0 8446.0 8442.0 8446.0
133244 133333 8442.0 8446.0 8442.0 8446.0
133244 133337 8442.0 8447.0 8442.0 8447.0
133244 133342 8442.0 8447.0 8442.0 8447.0
133244 133343 8442.0 8447.0 8442.0 8447.0
133333 133402 8446.0 8447.0 8446.0 8447.0
133524 133524 8443.0 8443.0 8443.0 8443.0
133524 133525 8443.0 8443.0 8443.0 8443.0
133524 133527 8443.0 8443.0 8443.0 8443.0
133524 133528 8443.0 8443.0 8443.0 8443.0
133524 133543 8443.0 8443.0 8443.0 8443.0
133524 133601 8443.0 8443.0 8442.0 8442.0
133524 133614 8443.0 8444.0 8442.0 8444.0
133543 133636 8443.0 8457.0 8442.0 8457.0
133636 133731 8457.0 8457.0 8440.0 8440.0
133731 133738 8440.0 8440.0 8439.0 8439.0
133731 133742 8440.0 8440.0 8439.0 8440.0
133731 133757 8440.0 8454.0 8439.0 8454.0
133731 133800 8440.0 8454.0 8439.0 8439.0
133731 133802 8440.0 8454.0 8439.0 8439.0
133731 133820 8440.0 8454.0 8439.0 8439.0
133731 133830 8440.0 8454.0 8439.0 8439.0
133757 133857 8454.0 8454.0 8438.0 8438.0
133800 133900 8439.0 8439.0 8436.0 8436.0
133800 133900 8439.0 8439.0 8436.0 8436.0
133820 133913 8439.0 8439.0 8436.0 8438.0
133830 133927 8439.0 8439.0 8436.0 8438.0
133913 134009 8438.0 8439.0 8438.0 8439.0
133913 134011 8438.0 8439.0 8438.0 8439.0
134009 134037 8439.0 8442.0 8439.0 8442.0
134239 134239 8439.0 8439.0 8439.0 8439.0
134239 134302 8439.0 8439.0 8439.0 8439.0
134239 134336 8439.0 8443.0 8439.0 8443.0
134302 134401 8439.0 8444.0 8439.0 8444.0
134336 134416 8443.0 8444.0 8443.0 8443.0
134401 134445 8444.0 8444.0 8443.0 8443.0

