# Too few sequence #1
# Number of KBar units = 1456
084500 084501 8582.0 8582.0 8580.0 8580.0
084500 084503 8582.0 8582.0 8575.0 8575.0
084500 084504 8582.0 8582.0 8575.0 8575.0
084500 084505 8582.0 8582.0 8573.0 8573.0
084500 084506 8582.0 8582.0 8573.0 8573.0
084500 084510 8582.0 8582.0 8573.0 8573.0
084500 084514 8582.0 8582.0 8568.0 8568.0
084500 084516 8582.0 8582.0 8568.0 8572.0
084500 084519 8582.0 8582.0 8565.0 8565.0
084500 084520 8582.0 8582.0 8564.0 8564.0
084500 084525 8582.0 8582.0 8564.0 8564.0
084500 084527 8582.0 8582.0 8564.0 8574.0
084500 084528 8582.0 8582.0 8564.0 8567.0
084500 084530 8582.0 8582.0 8564.0 8568.0
084500 084531 8582.0 8582.0 8564.0 8568.0
084500 084532 8582.0 8582.0 8564.0 8569.0
084500 084535 8582.0 8582.0 8564.0 8565.0
084500 084536 8582.0 8582.0 8564.0 8566.0
084500 084537 8582.0 8582.0 8561.0 8561.0
084500 084538 8582.0 8582.0 8560.0 8560.0
084500 084539 8582.0 8582.0 8559.0 8559.0
084500 084540 8582.0 8582.0 8559.0 8564.0
084500 084541 8582.0 8582.0 8559.0 8562.0
084500 084542 8582.0 8582.0 8559.0 8561.0
084500 084543 8582.0 8582.0 8559.0 8560.0
084500 084545 8582.0 8582.0 8559.0 8561.0
084500 084546 8582.0 8582.0 8559.0 8561.0
084500 084547 8582.0 8582.0 8558.0 8558.0
084500 084548 8582.0 8582.0 8558.0 8560.0
084500 084549 8582.0 8582.0 8558.0 8559.0
084500 084552 8582.0 8582.0 8558.0 8560.0
084500 084555 8582.0 8582.0 8558.0 8559.0
084500 084557 8582.0 8582.0 8558.0 8560.0
084500 084600 8582.0 8582.0 8558.0 8560.0
084503 084602 8575.0 8575.0 8558.0 8562.0
084503 084603 8575.0 8575.0 8558.0 8559.0
084504 084604 8575.0 8575.0 8558.0 8559.0
084506 084606 8573.0 8574.0 8558.0 8562.0
084510 084607 8573.0 8574.0 8558.0 8562.0
084514 084611 8568.0 8574.0 8558.0 8561.0
084525 084622 8564.0 8574.0 8558.0 8564.0
084525 084623 8564.0 8574.0 8558.0 8563.0
084528 084628 8567.0 8569.0 8558.0 8561.0
084530 084629 8568.0 8569.0 8558.0 8560.0
084530 084630 8568.0 8569.0 8558.0 8558.0
084531 084631 8568.0 8569.0 8558.0 8558.0
084535 084633 8565.0 8566.0 8558.0 8558.0
084535 084634 8565.0 8566.0 8558.0 8558.0
084536 084636 8566.0 8566.0 8556.0 8556.0
084541 084641 8562.0 8564.0 8556.0 8558.0
084552 084652 8560.0 8564.0 8556.0 8563.0
084555 084654 8559.0 8564.0 8556.0 8562.0
084600 084658 8560.0 8566.0 8556.0 8566.0
084606 084706 8562.0 8566.0 8556.0 8562.0
084628 084726 8561.0 8566.0 8556.0 8563.0
084628 084728 8561.0 8570.0 8556.0 8570.0
084641 084739 8558.0 8570.0 8558.0 8570.0
084641 084740 8558.0 8570.0 8558.0 8564.0
084652 084744 8563.0 8570.0 8562.0 8566.0
084652 084745 8563.0 8570.0 8562.0 8565.0
084706 084801 8562.0 8570.0 8562.0 8566.0
084706 084803 8562.0 8570.0 8562.0 8570.0
084706 084804 8562.0 8571.0 8562.0 8571.0
084726 084807 8563.0 8574.0 8563.0 8574.0
084726 084809 8563.0 8574.0 8563.0 8574.0
084728 084827 8570.0 8574.0 8564.0 8566.0
084740 084840 8564.0 8574.0 8564.0 8568.0
084744 084841 8566.0 8574.0 8565.0 8568.0
084801 084853 8566.0 8574.0 8566.0 8573.0
084807 084906 8574.0 8574.0 8557.0 8557.0
084827 084911 8566.0 8573.0 8557.0 8563.0
084827 084912 8566.0 8573.0 8557.0 8563.0
084840 084940 8568.0 8573.0 8557.0 8563.0
084853 084942 8573.0 8573.0 8557.0 8561.0
084853 084943 8573.0 8573.0 8557.0 8560.0
084853 084944 8573.0 8573.0 8557.0 8560.0
084853 084947 8573.0 8573.0 8557.0 8559.0
084853 084948 8573.0 8573.0 8557.0 8559.0
084853 084949 8573.0 8573.0 8557.0 8558.0
084853 084950 8573.0 8573.0 8557.0 8558.0
084906 084957 8557.0 8563.0 8557.0 8558.0
084906 084958 8557.0 8563.0 8557.0 8557.0
084911 085011 8563.0 8563.0 8557.0 8563.0
084940 085015 8563.0 8564.0 8557.0 8564.0
084940 085022 8563.0 8566.0 8557.0 8566.0
084940 085023 8563.0 8566.0 8557.0 8566.0
084940 085024 8563.0 8566.0 8557.0 8566.0
084940 085025 8563.0 8566.0 8557.0 8566.0
084940 085036 8563.0 8571.0 8557.0 8571.0
084940 085038 8563.0 8572.0 8557.0 8572.0
084943 085043 8560.0 8572.0 8557.0 8572.0
084944 085044 8560.0 8572.0 8557.0 8570.0
084947 085047 8559.0 8572.0 8557.0 8566.0
084949 085049 8558.0 8572.0 8557.0 8565.0
084957 085051 8558.0 8572.0 8557.0 8565.0
084958 085058 8557.0 8572.0 8557.0 8565.0
085011 085109 8563.0 8572.0 8563.0 8566.0
085011 085110 8563.0 8572.0 8563.0 8565.0
085011 085111 8563.0 8572.0 8563.0 8565.0
085015 085112 8564.0 8572.0 8564.0 8565.0
085015 085115 8564.0 8572.0 8564.0 8565.0
085022 085118 8566.0 8572.0 8565.0 8570.0
085022 085119 8566.0 8572.0 8565.0 8565.0
085025 085125 8566.0 8572.0 8565.0 8565.0
085036 085126 8571.0 8572.0 8564.0 8564.0
085036 085127 8571.0 8572.0 8564.0 8565.0
085036 085130 8571.0 8572.0 8562.0 8562.0
085036 085131 8571.0 8572.0 8562.0 8563.0
085036 085132 8571.0 8572.0 8561.0 8561.0
085036 085135 8571.0 8572.0 8561.0 8563.0
085038 085137 8572.0 8572.0 8561.0 8563.0
085043 085139 8572.0 8572.0 8561.0 8563.0
085043 085140 8572.0 8572.0 8561.0 8563.0
085043 085141 8572.0 8572.0 8561.0 8563.0
085043 085142 8572.0 8572.0 8561.0 8563.0
085047 085145 8566.0 8570.0 8561.0 8563.0
085049 085148 8565.0 8570.0 8561.0 8563.0
085049 085149 8565.0 8570.0 8561.0 8563.0
085051 085151 8565.0 8570.0 8561.0 8563.0
085109 085201 8566.0 8570.0 8561.0 8561.0
085109 085203 8566.0 8570.0 8560.0 8560.0
085112 085212 8565.0 8570.0 8560.0 8562.0
085118 085216 8570.0 8570.0 8560.0 8562.0
085125 085225 8565.0 8568.0 8560.0 8568.0
085127 085227 8565.0 8568.0 8560.0 8568.0
085139 085238 8563.0 8569.0 8560.0 8569.0
085139 085239 8563.0 8569.0 8560.0 8564.0
085212 085312 8562.0 8569.0 8562.0 8563.0
085238 085331 8569.0 8569.0 8563.0 8565.0
085238 085332 8569.0 8569.0 8563.0 8565.0
085238 085338 8569.0 8569.0 8563.0 8566.0
085312 085351 8563.0 8566.0 8563.0 8564.0
085312 085352 8563.0 8566.0 8563.0 8566.0
085312 085411 8563.0 8566.0 8557.0 8557.0
085331 085418 8565.0 8566.0 8557.0 8565.0
085331 085426 8565.0 8566.0 8557.0 8557.0
085331 085431 8565.0 8570.0 8557.0 8570.0
085549 085549 8570.0 8570.0 8570.0 8570.0
085549 085627 8570.0 8570.0 8567.0 8567.0
085627 085657 8567.0 8567.0 8567.0 8567.0
085657 085750 8567.0 8567.0 8565.0 8565.0
085657 085755 8567.0 8567.0 8565.0 8565.0
085750 085801 8565.0 8565.0 8565.0 8565.0
085750 085845 8565.0 8567.0 8565.0 8567.0
085750 085850 8565.0 8567.0 8565.0 8567.0
085845 085905 8567.0 8572.0 8567.0 8572.0
085845 085910 8567.0 8572.0 8565.0 8565.0
085845 085917 8567.0 8572.0 8565.0 8565.0
085845 085919 8567.0 8572.0 8564.0 8564.0
085845 085920 8567.0 8572.0 8564.0 8564.0
085845 085921 8567.0 8572.0 8563.0 8563.0
085845 085923 8567.0 8572.0 8563.0 8565.0
085845 085926 8567.0 8572.0 8562.0 8562.0
085845 085928 8567.0 8572.0 8561.0 8561.0
085845 085930 8567.0 8572.0 8561.0 8568.0
085845 085931 8567.0 8572.0 8561.0 8566.0
085845 085938 8567.0 8572.0 8561.0 8561.0
085850 085946 8567.0 8572.0 8561.0 8564.0
085905 085953 8572.0 8572.0 8561.0 8570.0
085905 085955 8572.0 8572.0 8561.0 8564.0
085905 090000 8572.0 8572.0 8561.0 8563.0
085905 090001 8572.0 8572.0 8561.0 8561.0
085905 090002 8572.0 8572.0 8560.0 8560.0
085905 090004 8572.0 8572.0 8560.0 8562.0
085905 090005 8572.0 8572.0 8560.0 8562.0
085917 090012 8565.0 8570.0 8560.0 8563.0
085917 090014 8565.0 8570.0 8559.0 8559.0
085917 090015 8565.0 8570.0 8559.0 8560.0
085923 090022 8565.0 8570.0 8557.0 8557.0
085923 090023 8565.0 8570.0 8554.0 8554.0
085926 090025 8562.0 8570.0 8554.0 8555.0
085926 090026 8562.0 8570.0 8553.0 8553.0
085928 090028 8561.0 8570.0 8553.0 8553.0
085930 090029 8568.0 8570.0 8552.0 8552.0
085938 090034 8561.0 8570.0 8552.0 8554.0
085946 090046 8564.0 8570.0 8552.0 8557.0
085953 090047 8570.0 8570.0 8552.0 8552.0
085953 090048 8570.0 8570.0 8552.0 8553.0
085953 090049 8570.0 8570.0 8552.0 8552.0
085955 090054 8564.0 8564.0 8550.0 8550.0
085955 090055 8564.0 8564.0 8546.0 8546.0
090000 090056 8563.0 8563.0 8546.0 8548.0
090000 090100 8563.0 8563.0 8546.0 8547.0
090001 090101 8561.0 8563.0 8545.0 8545.0
090002 090102 8560.0 8563.0 8545.0 8545.0
090004 090103 8562.0 8563.0 8543.0 8543.0
090004 090104 8562.0 8563.0 8543.0 8543.0
090012 090107 8563.0 8563.0 8543.0 8543.0
090012 090108 8563.0 8563.0 8542.0 8542.0
090012 090111 8563.0 8563.0 8542.0 8542.0
090012 090112 8563.0 8563.0 8542.0 8544.0
090015 090115 8560.0 8560.0 8542.0 8548.0
090022 090116 8557.0 8557.0 8542.0 8551.0
090026 090126 8553.0 8557.0 8542.0 8554.0
090028 090128 8553.0 8557.0 8542.0 8554.0
090046 090138 8557.0 8559.0 8542.0 8559.0
090046 090145 8557.0 8560.0 8542.0 8560.0
090046 090146 8557.0 8560.0 8542.0 8555.0
090049 090149 8552.0 8560.0 8542.0 8554.0
090054 090150 8550.0 8560.0 8542.0 8554.0
090100 090158 8547.0 8560.0 8542.0 8558.0
090107 090205 8543.0 8561.0 8542.0 8561.0
090115 090213 8548.0 8561.0 8548.0 8552.0
090126 090225 8554.0 8561.0 8552.0 8554.0
090138 090233 8559.0 8561.0 8552.0 8557.0
090138 090235 8559.0 8561.0 8552.0 8558.0
090158 090251 8558.0 8561.0 8552.0 8561.0
090158 090254 8558.0 8561.0 8552.0 8556.0
090158 090255 8558.0 8561.0 8552.0 8556.0
090205 090302 8561.0 8561.0 8552.0 8554.0
090205 090303 8561.0 8565.0 8552.0 8565.0
090205 090304 8561.0 8565.0 8552.0 8553.0
090205 090305 8561.0 8565.0 8552.0 8553.0
090213 090306 8552.0 8565.0 8552.0 8553.0
090213 090309 8552.0 8565.0 8551.0 8551.0
090213 090313 8552.0 8565.0 8551.0 8551.0
090225 090321 8554.0 8565.0 8550.0 8550.0
090225 090323 8554.0 8565.0 8547.0 8547.0
090225 090324 8554.0 8565.0 8547.0 8548.0
090233 090326 8557.0 8565.0 8546.0 8546.0
090233 090329 8557.0 8565.0 8546.0 8548.0
090235 090335 8558.0 8565.0 8546.0 8557.0
090251 090337 8561.0 8565.0 8546.0 8564.0
090251 090346 8561.0 8565.0 8545.0 8545.0
090302 090400 8554.0 8565.0 8545.0 8552.0
090313 090411 8551.0 8564.0 8545.0 8549.0
090313 090412 8551.0 8564.0 8545.0 8547.0
090321 090414 8550.0 8564.0 8545.0 8559.0
090321 090415 8550.0 8564.0 8545.0 8547.0
090321 090421 8550.0 8564.0 8545.0 8550.0
090335 090434 8557.0 8564.0 8545.0 8552.0
090400 090500 8552.0 8559.0 8547.0 8549.0
090411 090501 8549.0 8559.0 8547.0 8547.0
090411 090502 8549.0 8559.0 8546.0 8546.0
090411 090503 8549.0 8559.0 8544.0 8544.0
090411 090505 8549.0 8559.0 8544.0 8545.0
090414 090514 8559.0 8559.0 8544.0 8549.0
090421 090518 8550.0 8563.0 8544.0 8563.0
090421 090520 8550.0 8563.0 8544.0 8547.0
090421 090521 8550.0 8563.0 8544.0 8547.0
090434 090523 8552.0 8563.0 8544.0 8551.0
090434 090527 8552.0 8563.0 8544.0 8550.0
090434 090529 8552.0 8568.0 8544.0 8568.0
090434 090531 8552.0 8568.0 8544.0 8550.0
090500 090535 8549.0 8568.0 8544.0 8554.0
090500 090536 8549.0 8568.0 8544.0 8554.0
090500 090537 8549.0 8568.0 8544.0 8555.0
090500 090538 8549.0 8568.0 8544.0 8557.0
090500 090542 8549.0 8571.0 8544.0 8571.0
090500 090543 8549.0 8571.0 8544.0 8561.0
090500 090544 8549.0 8571.0 8544.0 8561.0
090500 090545 8549.0 8571.0 8544.0 8561.0
090500 090548 8549.0 8571.0 8544.0 8561.0
090500 090559 8549.0 8571.0 8544.0 8562.0
090500 090600 8549.0 8571.0 8544.0 8559.0
090502 090602 8546.0 8571.0 8544.0 8562.0
090514 090613 8549.0 8571.0 8547.0 8562.0
090518 090615 8563.0 8571.0 8547.0 8562.0
090520 090619 8547.0 8571.0 8547.0 8560.0
090527 090624 8550.0 8571.0 8550.0 8560.0
090535 090634 8554.0 8571.0 8554.0 8560.0
090542 090639 8571.0 8571.0 8559.0 8560.0
090543 090643 8561.0 8562.0 8558.0 8558.0
090548 090648 8561.0 8562.0 8558.0 8559.0
090559 090649 8562.0 8562.0 8557.0 8557.0
090559 090650 8562.0 8562.0 8557.0 8557.0
090559 090654 8562.0 8562.0 8555.0 8555.0
090559 090655 8562.0 8568.0 8555.0 8568.0
090559 090657 8562.0 8568.0 8555.0 8557.0
090602 090701 8562.0 8568.0 8552.0 8552.0
090602 090702 8562.0 8568.0 8548.0 8548.0
090613 090704 8562.0 8568.0 8548.0 8552.0
090613 090711 8562.0 8568.0 8548.0 8549.0
090613 090713 8562.0 8568.0 8548.0 8548.0
090615 090714 8562.0 8568.0 8547.0 8547.0
090615 090715 8562.0 8568.0 8545.0 8545.0
090619 090717 8560.0 8568.0 8543.0 8543.0
090619 090718 8560.0 8568.0 8534.0 8534.0
090619 090719 8560.0 8568.0 8534.0 8536.0
090624 090721 8560.0 8568.0 8534.0 8539.0
090634 090725 8560.0 8568.0 8534.0 8539.0
090634 090731 8560.0 8568.0 8534.0 8536.0
090634 090732 8560.0 8568.0 8534.0 8534.0
090634 090733 8560.0 8568.0 8534.0 8534.0
090639 090735 8560.0 8568.0 8534.0 8535.0
090639 090736 8560.0 8568.0 8534.0 8535.0
090639 090737 8560.0 8568.0 8534.0 8537.0
090643 090741 8558.0 8568.0 8534.0 8534.0
090643 090742 8558.0 8568.0 8534.0 8534.0
090648 090745 8559.0 8568.0 8534.0 8534.0
090648 090747 8559.0 8568.0 8532.0 8532.0
090648 090748 8559.0 8568.0 8532.0 8533.0
090654 090752 8555.0 8568.0 8532.0 8532.0
090657 090756 8557.0 8557.0 8532.0 8537.0
090657 090757 8557.0 8557.0 8532.0 8537.0
090701 090759 8552.0 8552.0 8532.0 8533.0
090701 090801 8552.0 8552.0 8532.0 8533.0
090702 090802 8548.0 8552.0 8532.0 8532.0
090711 090806 8549.0 8549.0 8531.0 8531.0
090717 090816 8543.0 8543.0 8530.0 8530.0
090717 090817 8543.0 8543.0 8529.0 8529.0
090718 090818 8534.0 8539.0 8528.0 8528.0
090719 090819 8536.0 8539.0 8527.0 8527.0
090725 090825 8539.0 8539.0 8527.0 8530.0
090731 090827 8536.0 8537.0 8527.0 8530.0
090733 090833 8534.0 8537.0 8527.0 8530.0
090747 090846 8532.0 8537.0 8527.0 8527.0
090801 090900 8533.0 8533.0 8526.0 8526.0
090801 090901 8533.0 8533.0 8524.0 8524.0
090802 090902 8532.0 8532.0 8524.0 8525.0
090816 090916 8530.0 8535.0 8524.0 8535.0
090818 090918 8528.0 8535.0 8524.0 8524.0
090825 090922 8530.0 8535.0 8523.0 8523.0
090825 090925 8530.0 8535.0 8523.0 8524.0
090827 090926 8530.0 8535.0 8522.0 8522.0
090833 090931 8530.0 8535.0 8519.0 8519.0
090833 090932 8530.0 8535.0 8519.0 8519.0
090833 090933 8530.0 8535.0 8519.0 8519.0
090846 090937 8527.0 8535.0 8519.0 8519.0
090846 090939 8527.0 8535.0 8519.0 8522.0
090846 090941 8527.0 8535.0 8518.0 8518.0
090846 090942 8527.0 8535.0 8518.0 8518.0
090900 090950 8526.0 8535.0 8517.0 8517.0
090900 090951 8526.0 8535.0 8517.0 8517.0
090900 090952 8526.0 8535.0 8517.0 8517.0
090900 090954 8526.0 8535.0 8517.0 8517.0
090900 090955 8526.0 8535.0 8516.0 8516.0
090900 090956 8526.0 8535.0 8516.0 8516.0
090900 091000 8526.0 8535.0 8515.0 8515.0
090901 091001 8524.0 8535.0 8512.0 8512.0
090902 091002 8525.0 8535.0 8512.0 8516.0
090916 091004 8535.0 8535.0 8512.0 8518.0
090916 091005 8535.0 8535.0 8512.0 8522.0
090916 091007 8535.0 8535.0 8512.0 8521.0
090916 091009 8535.0 8535.0 8512.0 8521.0
090916 091010 8535.0 8535.0 8512.0 8524.0
090916 091012 8535.0 8535.0 8512.0 8524.0
090916 091014 8535.0 8535.0 8512.0 8522.0
090918 091017 8524.0 8525.0 8512.0 8525.0
090922 091019 8523.0 8527.0 8512.0 8527.0
090926 091026 8522.0 8528.0 8512.0 8528.0
090931 091028 8519.0 8530.0 8512.0 8530.0
090937 091034 8519.0 8530.0 8512.0 8528.0
090937 091035 8519.0 8531.0 8512.0 8531.0
090939 091038 8522.0 8532.0 8512.0 8532.0
090939 091039 8522.0 8533.0 8512.0 8533.0
090941 091040 8518.0 8533.0 8512.0 8532.0
090941 091041 8518.0 8535.0 8512.0 8535.0
091000 091057 8515.0 8535.0 8512.0 8535.0
091005 091105 8522.0 8535.0 8521.0 8532.0
091007 091107 8521.0 8535.0 8521.0 8533.0
091014 091113 8522.0 8535.0 8522.0 8533.0
091019 091118 8527.0 8535.0 8527.0 8533.0
091057 091151 8535.0 8535.0 8532.0 8532.0
091057 091153 8535.0 8535.0 8532.0 8532.0
091057 091155 8535.0 8546.0 8532.0 8546.0
091105 091200 8532.0 8546.0 8532.0 8546.0
091105 091201 8532.0 8546.0 8532.0 8546.0
091105 091202 8532.0 8546.0 8530.0 8530.0
091105 091204 8532.0 8546.0 8530.0 8530.0
091105 091205 8532.0 8546.0 8529.0 8529.0
091107 091207 8533.0 8546.0 8528.0 8528.0
091113 091209 8533.0 8546.0 8527.0 8527.0
091113 091210 8533.0 8546.0 8527.0 8527.0
091118 091215 8533.0 8546.0 8527.0 8543.0
091118 091217 8533.0 8546.0 8527.0 8545.0
091151 091221 8532.0 8546.0 8525.0 8525.0
091151 091223 8532.0 8546.0 8522.0 8522.0
091151 091224 8532.0 8546.0 8519.0 8519.0
091151 091225 8532.0 8546.0 8517.0 8517.0
091151 091226 8532.0 8546.0 8517.0 8518.0
091151 091239 8532.0 8546.0 8517.0 8522.0
091151 091242 8532.0 8546.0 8517.0 8522.0
091151 091248 8532.0 8546.0 8517.0 8522.0
091151 091250 8532.0 8546.0 8517.0 8524.0
091155 091254 8546.0 8546.0 8517.0 8526.0
091155 091255 8546.0 8546.0 8517.0 8527.0
091200 091300 8546.0 8546.0 8517.0 8528.0
091202 091302 8530.0 8546.0 8517.0 8546.0
091209 091308 8527.0 8546.0 8517.0 8530.0
091209 091309 8527.0 8546.0 8517.0 8530.0
091221 091320 8525.0 8546.0 8517.0 8531.0
091254 091353 8526.0 8546.0 8526.0 8528.0
091254 091354 8526.0 8546.0 8526.0 8527.0
091308 091403 8530.0 8548.0 8527.0 8548.0
091308 091405 8530.0 8548.0 8527.0 8538.0
091308 091406 8530.0 8548.0 8527.0 8540.0
091308 091407 8530.0 8548.0 8527.0 8544.0
091308 091408 8530.0 8548.0 8527.0 8547.0
091309 091409 8530.0 8548.0 8527.0 8544.0
091320 091416 8531.0 8548.0 8527.0 8541.0
091353 091421 8528.0 8548.0 8527.0 8545.0
091353 091422 8528.0 8548.0 8527.0 8547.0
091353 091425 8528.0 8548.0 8527.0 8547.0
091353 091426 8528.0 8550.0 8527.0 8550.0
091353 091428 8528.0 8550.0 8527.0 8550.0
091353 091431 8528.0 8553.0 8527.0 8553.0
091353 091432 8528.0 8553.0 8527.0 8553.0
091353 091434 8528.0 8553.0 8527.0 8551.0
091353 091436 8528.0 8553.0 8527.0 8553.0
091353 091442 8528.0 8553.0 8527.0 8549.0
091353 091443 8528.0 8553.0 8527.0 8551.0
091353 091444 8528.0 8553.0 8527.0 8549.0
091353 091445 8528.0 8565.0 8527.0 8565.0
091353 091450 8528.0 8565.0 8527.0 8548.0
091353 091452 8528.0 8565.0 8527.0 8546.0
091353 091453 8528.0 8565.0 8527.0 8546.0
091403 091455 8548.0 8565.0 8538.0 8546.0
091403 091456 8548.0 8565.0 8538.0 8546.0
091403 091459 8548.0 8565.0 8538.0 8549.0
091403 091500 8548.0 8565.0 8538.0 8550.0
091403 091501 8548.0 8565.0 8538.0 8552.0
091403 091502 8548.0 8565.0 8538.0 8552.0
091403 091503 8548.0 8565.0 8538.0 8552.0
091405 091504 8538.0 8565.0 8538.0 8551.0
091405 091505 8538.0 8565.0 8538.0 8551.0
091416 091511 8541.0 8565.0 8541.0 8548.0
091421 091517 8545.0 8565.0 8545.0 8549.0
091421 091519 8545.0 8565.0 8545.0 8550.0
091421 091521 8545.0 8565.0 8545.0 8549.0
091425 091525 8547.0 8565.0 8546.0 8546.0
091432 091532 8553.0 8565.0 8546.0 8546.0
091436 091536 8553.0 8565.0 8546.0 8547.0
091442 091538 8549.0 8565.0 8546.0 8547.0
091442 091540 8549.0 8565.0 8546.0 8564.0
091443 091543 8551.0 8565.0 8546.0 8551.0
091500 091600 8550.0 8564.0 8546.0 8553.0
091503 091603 8552.0 8564.0 8546.0 8550.0
091511 091609 8548.0 8564.0 8546.0 8550.0
091511 091610 8548.0 8564.0 8546.0 8550.0
091517 091612 8549.0 8564.0 8546.0 8551.0
091517 091613 8549.0 8564.0 8546.0 8552.0
091517 091614 8549.0 8564.0 8546.0 8552.0
091517 091616 8549.0 8564.0 8546.0 8555.0
091517 091617 8549.0 8564.0 8546.0 8556.0
091519 091618 8550.0 8564.0 8546.0 8557.0
091519 091619 8550.0 8564.0 8546.0 8558.0
091532 091629 8546.0 8564.0 8546.0 8557.0
091532 091631 8546.0 8564.0 8546.0 8558.0
091532 091632 8546.0 8564.0 8546.0 8559.0
091536 091633 8547.0 8564.0 8547.0 8560.0
091536 091634 8547.0 8564.0 8547.0 8560.0
091540 091640 8564.0 8564.0 8550.0 8555.0
091600 091651 8553.0 8560.0 8550.0 8559.0
091600 091652 8553.0 8560.0 8550.0 8559.0
091600 091658 8553.0 8560.0 8550.0 8560.0
091600 091659 8553.0 8562.0 8550.0 8562.0
091600 091700 8553.0 8566.0 8550.0 8566.0
091603 091702 8550.0 8566.0 8550.0 8564.0
091612 091712 8551.0 8566.0 8551.0 8563.0
091614 091714 8552.0 8566.0 8552.0 8560.0
091629 091724 8557.0 8566.0 8555.0 8557.0
091631 091730 8558.0 8566.0 8555.0 8558.0
091640 091737 8555.0 8570.0 8555.0 8570.0
091651 091747 8559.0 8570.0 8553.0 8553.0
091651 091748 8559.0 8570.0 8553.0 8553.0
091658 091753 8560.0 8570.0 8553.0 8554.0
091700 091800 8566.0 8570.0 8553.0 8554.0
091712 091809 8563.0 8570.0 8551.0 8551.0
091730 091829 8558.0 8570.0 8550.0 8550.0
091748 091848 8553.0 8554.0 8550.0 8553.0
091800 091856 8554.0 8554.0 8550.0 8550.0
091800 091857 8554.0 8554.0 8550.0 8552.0
091800 091900 8554.0 8554.0 8550.0 8551.0
091809 091906 8551.0 8553.0 8550.0 8552.0
091829 091916 8550.0 8553.0 8546.0 8546.0
091829 091917 8550.0 8553.0 8545.0 8545.0
091829 091921 8550.0 8553.0 8544.0 8544.0
091829 091923 8550.0 8553.0 8542.0 8542.0
091829 091924 8550.0 8553.0 8541.0 8541.0
091848 091943 8553.0 8553.0 8541.0 8544.0
091916 092007 8546.0 8549.0 8541.0 8549.0
091916 092008 8546.0 8560.0 8541.0 8560.0
091923 092023 8542.0 8560.0 8541.0 8549.0
091943 092028 8544.0 8560.0 8544.0 8551.0
091943 092040 8544.0 8560.0 8544.0 8550.0
091943 092041 8544.0 8560.0 8544.0 8552.0
091943 092042 8544.0 8560.0 8544.0 8551.0
091943 092043 8544.0 8560.0 8544.0 8552.0
092007 092046 8549.0 8560.0 8549.0 8553.0
092007 092048 8549.0 8560.0 8549.0 8554.0
092007 092052 8549.0 8560.0 8549.0 8551.0
092007 092057 8549.0 8560.0 8549.0 8552.0
092028 092127 8551.0 8554.0 8550.0 8552.0
092046 092144 8553.0 8554.0 8551.0 8552.0
092127 092214 8552.0 8552.0 8549.0 8549.0
092214 092245 8549.0 8554.0 8549.0 8554.0
092214 092246 8549.0 8555.0 8549.0 8555.0
092214 092249 8549.0 8555.0 8549.0 8553.0
092214 092258 8549.0 8557.0 8549.0 8557.0
092214 092302 8549.0 8557.0 8549.0 8555.0
092249 092349 8553.0 8557.0 8553.0 8556.0
092302 092402 8555.0 8558.0 8555.0 8558.0
092349 092405 8556.0 8559.0 8556.0 8559.0
092349 092417 8556.0 8559.0 8556.0 8556.0
092349 092428 8556.0 8559.0 8556.0 8559.0
092349 092435 8556.0 8559.0 8556.0 8559.0
092349 092446 8556.0 8559.0 8556.0 8556.0
092417 092508 8556.0 8559.0 8556.0 8558.0
092417 092509 8556.0 8559.0 8556.0 8557.0
092428 092527 8559.0 8559.0 8556.0 8556.0
092446 092542 8556.0 8560.0 8556.0 8560.0
092446 092543 8556.0 8561.0 8556.0 8561.0
092446 092544 8556.0 8563.0 8556.0 8563.0
092446 092545 8556.0 8564.0 8556.0 8564.0
092508 092550 8558.0 8566.0 8556.0 8566.0
092508 092551 8558.0 8568.0 8556.0 8568.0
092508 092552 8558.0 8571.0 8556.0 8571.0
092508 092553 8558.0 8571.0 8556.0 8571.0
092508 092554 8558.0 8576.0 8556.0 8576.0
092508 092556 8558.0 8577.0 8556.0 8577.0
092508 092557 8558.0 8577.0 8556.0 8575.0
092508 092558 8558.0 8577.0 8556.0 8573.0
092508 092559 8558.0 8577.0 8556.0 8574.0
092508 092603 8558.0 8577.0 8556.0 8572.0
092508 092604 8558.0 8577.0 8556.0 8572.0
092508 092605 8558.0 8577.0 8556.0 8576.0
092508 092608 8558.0 8577.0 8556.0 8576.0
092509 092609 8557.0 8578.0 8556.0 8578.0
092527 092610 8556.0 8578.0 8556.0 8577.0
092527 092614 8556.0 8578.0 8556.0 8575.0
092527 092615 8556.0 8578.0 8556.0 8573.0
092527 092617 8556.0 8578.0 8556.0 8575.0
092527 092620 8556.0 8578.0 8556.0 8574.0
092527 092621 8556.0 8578.0 8556.0 8573.0
092527 092622 8556.0 8578.0 8556.0 8573.0
092542 092634 8560.0 8578.0 8560.0 8576.0
092542 092636 8560.0 8578.0 8560.0 8577.0
092542 092637 8560.0 8578.0 8560.0 8578.0
092543 092643 8561.0 8579.0 8561.0 8579.0
092545 092645 8564.0 8579.0 8564.0 8579.0
092550 092648 8566.0 8580.0 8566.0 8580.0
092550 092649 8566.0 8587.0 8566.0 8587.0
092550 092650 8566.0 8588.0 8566.0 8588.0
092551 092651 8568.0 8591.0 8568.0 8591.0
092556 092655 8577.0 8595.0 8572.0 8595.0
092614 092714 8575.0 8595.0 8573.0 8580.0
092620 092718 8574.0 8595.0 8573.0 8583.0
092634 092727 8576.0 8595.0 8576.0 8580.0
092643 092742 8579.0 8595.0 8579.0 8580.0
092643 092743 8579.0 8595.0 8578.0 8578.0
092714 092812 8580.0 8589.0 8578.0 8589.0
092714 092813 8580.0 8590.0 8578.0 8590.0
092727 092825 8580.0 8590.0 8578.0 8581.0
092727 092826 8580.0 8590.0 8578.0 8582.0
092742 092830 8580.0 8590.0 8578.0 8581.0
092742 092835 8580.0 8590.0 8578.0 8582.0
092812 092901 8589.0 8590.0 8581.0 8582.0
092825 092916 8581.0 8582.0 8580.0 8580.0
092825 092917 8581.0 8582.0 8580.0 8582.0
092901 092937 8582.0 8582.0 8580.0 8581.0
092901 092938 8582.0 8582.0 8580.0 8580.0
092901 092952 8582.0 8582.0 8578.0 8578.0
092901 093001 8582.0 8582.0 8578.0 8578.0
092916 093009 8580.0 8582.0 8573.0 8573.0
092916 093011 8580.0 8582.0 8572.0 8572.0
092937 093027 8581.0 8581.0 8569.0 8569.0
092937 093028 8581.0 8581.0 8567.0 8567.0
092937 093036 8581.0 8581.0 8565.0 8565.0
092952 093039 8578.0 8578.0 8562.0 8562.0
093001 093053 8578.0 8578.0 8562.0 8566.0
093001 093057 8578.0 8578.0 8562.0 8566.0
093001 093058 8578.0 8578.0 8562.0 8568.0
093001 093100 8578.0 8578.0 8562.0 8569.0
093009 093106 8573.0 8573.0 8562.0 8564.0
093028 093128 8567.0 8569.0 8562.0 8569.0
093036 093130 8565.0 8569.0 8562.0 8569.0
093039 093138 8562.0 8569.0 8562.0 8569.0
093053 093146 8566.0 8569.0 8564.0 8567.0
093106 093202 8564.0 8569.0 8564.0 8569.0
093138 093236 8569.0 8569.0 8567.0 8569.0
093146 093241 8567.0 8569.0 8566.0 8566.0
093236 093309 8569.0 8572.0 8566.0 8572.0
093236 093310 8569.0 8573.0 8566.0 8573.0
093309 093345 8572.0 8573.0 8569.0 8569.0
093309 093404 8572.0 8573.0 8567.0 8567.0
093309 093406 8572.0 8573.0 8566.0 8566.0
093345 093418 8569.0 8569.0 8566.0 8566.0
093345 093427 8569.0 8569.0 8566.0 8566.0
093345 093428 8569.0 8569.0 8566.0 8566.0
093345 093443 8569.0 8569.0 8564.0 8564.0
093345 093445 8569.0 8569.0 8563.0 8563.0
093404 093456 8567.0 8567.0 8558.0 8558.0
093404 093503 8567.0 8567.0 8558.0 8558.0
093404 093504 8567.0 8567.0 8558.0 8558.0
093418 093507 8566.0 8566.0 8557.0 8557.0
093418 093512 8566.0 8566.0 8555.0 8555.0
093427 093527 8566.0 8566.0 8555.0 8557.0
093428 093528 8566.0 8566.0 8555.0 8556.0
093443 093536 8564.0 8564.0 8555.0 8556.0
093443 093542 8564.0 8564.0 8555.0 8556.0
093456 093555 8558.0 8558.0 8555.0 8558.0
093503 093600 8558.0 8562.0 8555.0 8562.0
093527 093626 8557.0 8565.0 8556.0 8565.0
093528 093628 8556.0 8566.0 8556.0 8566.0
093536 093630 8556.0 8574.0 8556.0 8574.0
093542 093640 8556.0 8574.0 8556.0 8568.0
093555 093648 8558.0 8574.0 8558.0 8566.0
093626 093704 8565.0 8574.0 8565.0 8565.0
093640 093734 8568.0 8576.0 8565.0 8576.0
093648 093748 8566.0 8576.0 8565.0 8566.0
093734 093809 8576.0 8576.0 8566.0 8567.0
093748 093841 8566.0 8567.0 8566.0 8566.0
093809 093901 8567.0 8567.0 8566.0 8567.0
093809 093906 8567.0 8569.0 8566.0 8569.0
093809 093907 8567.0 8570.0 8566.0 8570.0
093809 093908 8567.0 8573.0 8566.0 8573.0
093841 093910 8566.0 8574.0 8566.0 8574.0
093841 093911 8566.0 8575.0 8566.0 8575.0
093841 093917 8566.0 8579.0 8566.0 8579.0
093841 093918 8566.0 8579.0 8566.0 8579.0
093841 093923 8566.0 8579.0 8566.0 8579.0
093841 093932 8566.0 8579.0 8566.0 8573.0
093901 094000 8567.0 8579.0 8567.0 8577.0
093901 094001 8567.0 8579.0 8567.0 8578.0
093907 094007 8570.0 8579.0 8570.0 8578.0
093917 094012 8579.0 8579.0 8573.0 8575.0
093932 094024 8573.0 8578.0 8573.0 8577.0
094000 094049 8577.0 8578.0 8574.0 8574.0
094000 094057 8577.0 8578.0 8572.0 8572.0
094007 094103 8578.0 8578.0 8572.0 8574.0
094049 094129 8574.0 8577.0 8572.0 8577.0
094049 094132 8574.0 8580.0 8572.0 8580.0
094049 094133 8574.0 8580.0 8572.0 8580.0
094049 094139 8574.0 8582.0 8572.0 8582.0
094049 094145 8574.0 8582.0 8572.0 8580.0
094049 094146 8574.0 8582.0 8572.0 8580.0
094049 094148 8574.0 8582.0 8572.0 8579.0
094129 094207 8577.0 8582.0 8575.0 8575.0
094129 094208 8577.0 8582.0 8574.0 8574.0
094129 094212 8577.0 8585.0 8574.0 8585.0
094129 094228 8577.0 8585.0 8561.0 8561.0
094139 094234 8582.0 8585.0 8561.0 8574.0
094207 094258 8575.0 8585.0 8561.0 8572.0
094207 094259 8575.0 8585.0 8561.0 8572.0
094207 094300 8575.0 8585.0 8561.0 8572.0
094207 094305 8575.0 8585.0 8561.0 8571.0
094207 094306 8575.0 8585.0 8561.0 8569.0
094207 094307 8575.0 8585.0 8561.0 8569.0
094208 094308 8574.0 8585.0 8561.0 8565.0
094212 094310 8585.0 8585.0 8561.0 8564.0
094228 094321 8561.0 8574.0 8561.0 8567.0
094228 094326 8561.0 8574.0 8561.0 8567.0
094234 094331 8574.0 8574.0 8564.0 8567.0
094258 094337 8572.0 8572.0 8564.0 8565.0
094258 094338 8572.0 8572.0 8564.0 8565.0
094258 094344 8572.0 8572.0 8564.0 8567.0
094258 094352 8572.0 8572.0 8564.0 8570.0
094310 094409 8564.0 8570.0 8564.0 8570.0
094321 094419 8567.0 8572.0 8565.0 8572.0
094321 094420 8567.0 8572.0 8565.0 8571.0
094409 094501 8570.0 8572.0 8564.0 8564.0
094409 094502 8570.0 8572.0 8563.0 8563.0
094409 094504 8570.0 8572.0 8563.0 8563.0
094409 094505 8570.0 8572.0 8561.0 8561.0
094409 094506 8570.0 8572.0 8560.0 8560.0
094409 094507 8570.0 8572.0 8559.0 8559.0
094409 094508 8570.0 8572.0 8557.0 8557.0
094419 094511 8572.0 8572.0 8557.0 8557.0
094419 094515 8572.0 8572.0 8557.0 8558.0
094419 094516 8572.0 8572.0 8557.0 8568.0
094419 094517 8572.0 8572.0 8557.0 8557.0
094501 094542 8564.0 8568.0 8556.0 8556.0
094501 094543 8564.0 8568.0 8554.0 8554.0
094501 094544 8564.0 8568.0 8552.0 8552.0
094501 094545 8564.0 8568.0 8551.0 8551.0
094501 094547 8564.0 8568.0 8551.0 8553.0
094501 094553 8564.0 8568.0 8551.0 8554.0
094501 094556 8564.0 8568.0 8551.0 8553.0
094501 094601 8564.0 8568.0 8550.0 8550.0
094502 094602 8563.0 8568.0 8550.0 8550.0
094506 094606 8560.0 8568.0 8550.0 8551.0
094507 094607 8559.0 8568.0 8547.0 8547.0
094508 094608 8557.0 8568.0 8544.0 8544.0
094511 094611 8557.0 8568.0 8544.0 8546.0
094515 094613 8558.0 8568.0 8544.0 8548.0
094542 094621 8556.0 8556.0 8544.0 8550.0
094542 094622 8556.0 8556.0 8544.0 8553.0
094542 094637 8556.0 8556.0 8544.0 8550.0
094547 094646 8553.0 8554.0 8544.0 8553.0
094606 094706 8551.0 8554.0 8544.0 8554.0
094611 094710 8546.0 8554.0 8546.0 8551.0
094621 094714 8550.0 8554.0 8549.0 8549.0
094637 094726 8550.0 8554.0 8549.0 8549.0
094637 094727 8550.0 8554.0 8549.0 8549.0
094637 094729 8550.0 8554.0 8548.0 8548.0
094706 094756 8554.0 8554.0 8548.0 8551.0
094726 094815 8549.0 8551.0 8548.0 8549.0
094726 094817 8549.0 8551.0 8548.0 8548.0
094726 094819 8549.0 8551.0 8547.0 8547.0
094726 094820 8549.0 8551.0 8547.0 8547.0
094726 094822 8549.0 8551.0 8547.0 8547.0
094727 094827 8549.0 8551.0 8546.0 8546.0
094729 094829 8548.0 8551.0 8546.0 8546.0
094756 094830 8551.0 8551.0 8546.0 8547.0
094756 094835 8551.0 8551.0 8546.0 8546.0
094756 094840 8551.0 8551.0 8543.0 8543.0
094756 094843 8551.0 8551.0 8543.0 8544.0
094756 094844 8551.0 8551.0 8542.0 8542.0
094815 094909 8549.0 8550.0 8542.0 8550.0
094815 094912 8549.0 8550.0 8542.0 8550.0
094819 094918 8547.0 8550.0 8542.0 8549.0
094827 094927 8546.0 8550.0 8542.0 8547.0
094835 094933 8546.0 8551.0 8542.0 8551.0
094840 094936 8543.0 8553.0 8542.0 8553.0
094840 094938 8543.0 8554.0 8542.0 8554.0
094843 094942 8544.0 8554.0 8542.0 8552.0
094844 094944 8542.0 8554.0 8542.0 8550.0
094909 095002 8550.0 8554.0 8547.0 8551.0
094918 095017 8549.0 8554.0 8547.0 8551.0
094927 095023 8547.0 8559.0 8547.0 8559.0
094933 095033 8551.0 8559.0 8550.0 8551.0
094938 095038 8554.0 8559.0 8550.0 8550.0
095002 095057 8551.0 8559.0 8548.0 8548.0
095002 095058 8551.0 8559.0 8548.0 8548.0
095017 095113 8551.0 8559.0 8548.0 8553.0
095038 095135 8550.0 8556.0 8548.0 8556.0
095113 095200 8553.0 8556.0 8549.0 8549.0
095113 095201 8553.0 8556.0 8548.0 8548.0
095113 095204 8553.0 8556.0 8548.0 8549.0
095135 095220 8556.0 8556.0 8547.0 8547.0
095200 095250 8549.0 8550.0 8547.0 8550.0
095250 095329 8550.0 8556.0 8550.0 8556.0
095250 095349 8550.0 8556.0 8550.0 8553.0
095329 095353 8556.0 8556.0 8553.0 8554.0
095329 095356 8556.0 8556.0 8553.0 8555.0
095329 095402 8556.0 8557.0 8553.0 8557.0
095329 095404 8556.0 8557.0 8553.0 8557.0
095349 095446 8553.0 8557.0 8552.0 8552.0
095402 095459 8557.0 8557.0 8548.0 8548.0
095402 095500 8557.0 8557.0 8548.0 8548.0
095446 095537 8552.0 8553.0 8548.0 8553.0
095446 095538 8552.0 8553.0 8548.0 8553.0
095446 095539 8552.0 8553.0 8548.0 8553.0
095459 095548 8548.0 8555.0 8548.0 8555.0
095537 095637 8553.0 8555.0 8553.0 8555.0
095538 095638 8553.0 8558.0 8553.0 8558.0
095539 095639 8553.0 8560.0 8553.0 8560.0
095548 095640 8555.0 8562.0 8555.0 8562.0
095637 095652 8555.0 8562.0 8555.0 8561.0
095637 095655 8555.0 8562.0 8555.0 8559.0
095637 095706 8555.0 8562.0 8555.0 8561.0
095637 095735 8555.0 8562.0 8555.0 8562.0
095637 095737 8555.0 8564.0 8555.0 8564.0
095638 095738 8558.0 8564.0 8558.0 8564.0
095639 095739 8560.0 8564.0 8559.0 8564.0
095652 095744 8561.0 8565.0 8559.0 8565.0
095706 095803 8561.0 8565.0 8561.0 8564.0
095735 095831 8562.0 8565.0 8562.0 8562.0
095735 095832 8562.0 8565.0 8560.0 8560.0
095735 095834 8562.0 8565.0 8559.0 8559.0
095803 095845 8564.0 8564.0 8559.0 8560.0
095803 095848 8564.0 8564.0 8559.0 8562.0
095803 095858 8564.0 8564.0 8559.0 8562.0
095831 095931 8562.0 8562.0 8558.0 8558.0
095832 095932 8560.0 8562.0 8558.0 8558.0
095845 095936 8560.0 8562.0 8557.0 8557.0
095845 095945 8560.0 8562.0 8556.0 8556.0
095848 095946 8562.0 8562.0 8555.0 8555.0
095848 095947 8562.0 8562.0 8553.0 8553.0
095931 100001 8558.0 8558.0 8553.0 8555.0
095931 100005 8558.0 8558.0 8552.0 8552.0
095931 100006 8558.0 8558.0 8552.0 8552.0
095931 100012 8558.0 8558.0 8551.0 8551.0
095931 100014 8558.0 8558.0 8551.0 8552.0
095931 100021 8558.0 8558.0 8551.0 8552.0
095931 100031 8558.0 8558.0 8551.0 8555.0
095945 100037 8556.0 8556.0 8551.0 8556.0
100006 100106 8552.0 8560.0 8551.0 8560.0
100012 100108 8551.0 8560.0 8551.0 8560.0
100012 100112 8551.0 8564.0 8551.0 8564.0
100014 100114 8552.0 8564.0 8552.0 8563.0
100021 100116 8552.0 8565.0 8552.0 8565.0
100021 100117 8552.0 8565.0 8552.0 8565.0
100021 100120 8552.0 8573.0 8552.0 8573.0
100021 100121 8552.0 8573.0 8552.0 8573.0
100031 100122 8555.0 8573.0 8555.0 8566.0
100031 100123 8555.0 8573.0 8555.0 8566.0
100031 100124 8555.0 8573.0 8555.0 8567.0
100232 100232 8565.0 8565.0 8565.0 8565.0
100232 100237 8565.0 8567.0 8565.0 8567.0
100232 100240 8565.0 8568.0 8565.0 8568.0
100232 100314 8565.0 8568.0 8564.0 8564.0
100232 100321 8565.0 8568.0 8562.0 8562.0
100314 100404 8564.0 8564.0 8562.0 8562.0
100314 100409 8564.0 8564.0 8560.0 8560.0
100314 100413 8564.0 8564.0 8560.0 8561.0
100404 100446 8562.0 8562.0 8560.0 8561.0
100404 100455 8562.0 8562.0 8560.0 8560.0
100404 100456 8562.0 8562.0 8559.0 8559.0
100404 100459 8562.0 8570.0 8559.0 8570.0
100409 100505 8560.0 8570.0 8557.0 8557.0
100409 100506 8560.0 8570.0 8556.0 8556.0
100446 100516 8561.0 8570.0 8555.0 8555.0
100446 100523 8561.0 8570.0 8555.0 8556.0
100446 100536 8561.0 8570.0 8555.0 8560.0
100446 100544 8561.0 8570.0 8555.0 8558.0
100505 100601 8557.0 8560.0 8555.0 8555.0
100536 100629 8560.0 8560.0 8555.0 8559.0
100536 100632 8560.0 8560.0 8555.0 8560.0
100544 100642 8558.0 8561.0 8555.0 8561.0
100544 100643 8558.0 8570.0 8555.0 8570.0
100601 100657 8555.0 8570.0 8555.0 8561.0
100642 100739 8561.0 8570.0 8561.0 8566.0
100918 100918 8568.0 8568.0 8568.0 8568.0
100918 100919 8568.0 8568.0 8568.0 8568.0
100918 100920 8568.0 8569.0 8568.0 8569.0
100918 100921 8568.0 8570.0 8568.0 8570.0
100918 100922 8568.0 8570.0 8568.0 8570.0
100918 100924 8568.0 8572.0 8568.0 8572.0
100918 100939 8568.0 8572.0 8567.0 8567.0
100918 100951 8568.0 8572.0 8564.0 8564.0
100918 101013 8568.0 8572.0 8564.0 8570.0
101133 101133 8561.0 8561.0 8561.0 8561.0
101133 101136 8561.0 8561.0 8559.0 8559.0
101133 101137 8561.0 8561.0 8558.0 8558.0
101133 101142 8561.0 8561.0 8558.0 8558.0
101133 101145 8561.0 8561.0 8557.0 8557.0
101133 101147 8561.0 8561.0 8557.0 8557.0
101133 101148 8561.0 8561.0 8555.0 8555.0
101133 101150 8561.0 8561.0 8554.0 8554.0
101133 101158 8561.0 8561.0 8554.0 8556.0
101133 101203 8561.0 8561.0 8552.0 8552.0
101133 101205 8561.0 8561.0 8552.0 8552.0
101133 101206 8561.0 8561.0 8551.0 8551.0
101133 101207 8561.0 8561.0 8551.0 8551.0
101133 101214 8561.0 8561.0 8549.0 8549.0
101133 101216 8561.0 8561.0 8549.0 8549.0
101133 101233 8561.0 8561.0 8549.0 8553.0
101136 101235 8559.0 8559.0 8549.0 8553.0
101158 101251 8556.0 8556.0 8549.0 8555.0
101214 101312 8549.0 8556.0 8549.0 8556.0
101312 101352 8556.0 8556.0 8554.0 8554.0
101312 101412 8556.0 8556.0 8553.0 8553.0
101352 101417 8554.0 8554.0 8553.0 8554.0
101352 101448 8554.0 8554.0 8552.0 8552.0
101412 101503 8553.0 8554.0 8552.0 8553.0
101417 101514 8554.0 8554.0 8552.0 8553.0
101503 101601 8553.0 8553.0 8553.0 8553.0
101503 101602 8553.0 8553.0 8549.0 8549.0
101601 101625 8553.0 8553.0 8549.0 8553.0
101601 101640 8553.0 8554.0 8549.0 8554.0
101625 101706 8553.0 8555.0 8553.0 8555.0
101706 101741 8555.0 8557.0 8555.0 8557.0
101706 101757 8555.0 8564.0 8555.0 8564.0
101706 101805 8555.0 8564.0 8555.0 8562.0
101909 101909 8563.0 8563.0 8563.0 8563.0
101909 101914 8563.0 8565.0 8563.0 8565.0
101909 101915 8563.0 8565.0 8563.0 8565.0
101909 101943 8563.0 8565.0 8563.0 8564.0
101909 102009 8563.0 8565.0 8557.0 8557.0
101943 102030 8564.0 8564.0 8557.0 8563.0
101943 102040 8564.0 8567.0 8557.0 8567.0
101943 102041 8564.0 8567.0 8557.0 8567.0
101943 102043 8564.0 8567.0 8557.0 8564.0
102009 102049 8557.0 8567.0 8557.0 8564.0
102009 102052 8557.0 8567.0 8557.0 8563.0
102009 102103 8557.0 8567.0 8557.0 8561.0
102009 102108 8557.0 8567.0 8557.0 8562.0
102052 102150 8563.0 8563.0 8561.0 8563.0
102150 102233 8563.0 8563.0 8561.0 8561.0
102346 102346 8557.0 8557.0 8557.0 8557.0
102346 102356 8557.0 8557.0 8557.0 8557.0
102346 102409 8557.0 8557.0 8557.0 8557.0
102356 102453 8557.0 8558.0 8557.0 8558.0
102453 102542 8558.0 8563.0 8558.0 8563.0
102542 102602 8563.0 8563.0 8556.0 8556.0
102542 102603 8563.0 8563.0 8556.0 8557.0
102542 102607 8563.0 8563.0 8556.0 8557.0
102542 102609 8563.0 8563.0 8556.0 8557.0
102849 102849 8556.0 8556.0 8556.0 8556.0
102849 102850 8556.0 8556.0 8555.0 8555.0
102849 102924 8556.0 8556.0 8554.0 8554.0
103101 103101 8553.0 8553.0 8553.0 8553.0
103101 103102 8553.0 8553.0 8553.0 8553.0
103101 103109 8553.0 8554.0 8553.0 8554.0
103101 103125 8553.0 8554.0 8553.0 8553.0
103101 103132 8553.0 8554.0 8553.0 8553.0
103101 103134 8553.0 8554.0 8553.0 8553.0
103245 103245 8559.0 8559.0 8559.0 8559.0
103245 103246 8559.0 8560.0 8559.0 8560.0
103245 103249 8559.0 8560.0 8559.0 8560.0
103245 103310 8559.0 8562.0 8559.0 8562.0
103245 103311 8559.0 8562.0 8559.0 8562.0
103441 103441 8554.0 8554.0 8554.0 8554.0
103441 103443 8554.0 8554.0 8552.0 8552.0
103441 103446 8554.0 8554.0 8552.0 8554.0
103441 103452 8554.0 8554.0 8552.0 8552.0
103441 103454 8554.0 8554.0 8552.0 8552.0
103441 103456 8554.0 8554.0 8551.0 8551.0
103441 103500 8554.0 8554.0 8551.0 8554.0
103441 103504 8554.0 8554.0 8551.0 8551.0
103441 103505 8554.0 8554.0 8551.0 8551.0
103441 103507 8554.0 8554.0 8551.0 8552.0
103441 103511 8554.0 8554.0 8551.0 8551.0
103644 103644 8560.0 8560.0 8560.0 8560.0
103644 103645 8560.0 8561.0 8560.0 8561.0
104040 104040 8555.0 8555.0 8555.0 8555.0
104040 104053 8555.0 8555.0 8553.0 8553.0
104040 104054 8555.0 8555.0 8553.0 8554.0
104040 104112 8555.0 8555.0 8553.0 8555.0
104040 104119 8555.0 8555.0 8553.0 8554.0
104040 104120 8555.0 8555.0 8553.0 8555.0
104040 104127 8555.0 8555.0 8553.0 8555.0
104053 104147 8553.0 8555.0 8553.0 8553.0
104053 104148 8553.0 8555.0 8553.0 8553.0
104112 104157 8555.0 8555.0 8553.0 8553.0
104112 104158 8555.0 8555.0 8552.0 8552.0
104112 104159 8555.0 8555.0 8551.0 8551.0
104112 104200 8555.0 8555.0 8551.0 8551.0
104308 104308 8556.0 8556.0 8556.0 8556.0
104515 104515 8552.0 8552.0 8552.0 8552.0
104515 104516 8552.0 8552.0 8550.0 8550.0
104515 104548 8552.0 8552.0 8550.0 8550.0
104515 104549 8552.0 8552.0 8545.0 8545.0
104515 104555 8552.0 8552.0 8544.0 8544.0
104515 104556 8552.0 8552.0 8543.0 8543.0
104515 104557 8552.0 8552.0 8543.0 8543.0
104515 104559 8552.0 8552.0 8542.0 8542.0
104515 104601 8552.0 8552.0 8542.0 8542.0
104515 104602 8552.0 8552.0 8542.0 8542.0
104515 104609 8552.0 8552.0 8539.0 8539.0
104515 104610 8552.0 8552.0 8538.0 8538.0
104515 104611 8552.0 8552.0 8537.0 8537.0
104515 104612 8552.0 8552.0 8537.0 8537.0
104515 104613 8552.0 8552.0 8537.0 8539.0
104515 104615 8552.0 8552.0 8537.0 8537.0
104516 104616 8550.0 8550.0 8537.0 8537.0
104548 104618 8550.0 8550.0 8535.0 8535.0
104548 104619 8550.0 8550.0 8533.0 8533.0
104548 104620 8550.0 8550.0 8533.0 8535.0
104548 104623 8550.0 8550.0 8533.0 8533.0
104548 104624 8550.0 8550.0 8533.0 8534.0
104548 104634 8550.0 8550.0 8533.0 8534.0
104548 104635 8550.0 8550.0 8533.0 8535.0
104548 104638 8550.0 8550.0 8533.0 8535.0
104548 104648 8550.0 8550.0 8533.0 8539.0
104555 104654 8544.0 8544.0 8533.0 8537.0
104601 104700 8542.0 8542.0 8533.0 8538.0
104601 104701 8542.0 8542.0 8533.0 8538.0
104609 104706 8539.0 8539.0 8533.0 8537.0
104615 104715 8537.0 8539.0 8533.0 8534.0
104616 104716 8537.0 8539.0 8533.0 8534.0
104618 104717 8535.0 8539.0 8533.0 8534.0
104618 104718 8535.0 8539.0 8531.0 8531.0
104634 104725 8534.0 8539.0 8531.0 8533.0
104634 104727 8534.0 8539.0 8531.0 8531.0
104634 104729 8534.0 8539.0 8530.0 8530.0
104634 104731 8534.0 8540.0 8530.0 8540.0
104638 104738 8535.0 8540.0 8527.0 8527.0
104648 104739 8539.0 8540.0 8527.0 8528.0
104648 104746 8539.0 8540.0 8527.0 8531.0
104654 104749 8537.0 8540.0 8527.0 8533.0
104654 104751 8537.0 8540.0 8527.0 8532.0
104654 104752 8537.0 8540.0 8527.0 8533.0
104654 104753 8537.0 8540.0 8527.0 8533.0
104700 104759 8538.0 8540.0 8527.0 8534.0
104715 104807 8534.0 8540.0 8527.0 8534.0
104715 104813 8534.0 8540.0 8527.0 8533.0
104715 104814 8534.0 8540.0 8527.0 8534.0
104715 104815 8534.0 8540.0 8527.0 8533.0
104717 104817 8534.0 8540.0 8527.0 8533.0
104725 104823 8533.0 8540.0 8527.0 8537.0
104731 104830 8540.0 8540.0 8527.0 8536.0
104738 104832 8527.0 8537.0 8527.0 8536.0
104738 104833 8527.0 8537.0 8527.0 8537.0
104746 104843 8531.0 8537.0 8531.0 8536.0
104746 104846 8531.0 8537.0 8531.0 8537.0
104759 104856 8534.0 8539.0 8533.0 8539.0
104759 104857 8534.0 8539.0 8533.0 8539.0
104807 104901 8534.0 8539.0 8533.0 8538.0
104823 104923 8537.0 8539.0 8536.0 8538.0
104830 104925 8536.0 8539.0 8536.0 8539.0
104833 104933 8537.0 8539.0 8536.0 8539.0
104843 104939 8536.0 8548.0 8536.0 8548.0
104843 104940 8536.0 8548.0 8536.0 8543.0
104846 104945 8537.0 8548.0 8537.0 8543.0
104901 105000 8538.0 8548.0 8538.0 8540.0
104923 105002 8538.0 8548.0 8538.0 8543.0
104923 105006 8538.0 8548.0 8538.0 8546.0
104923 105010 8538.0 8549.0 8538.0 8549.0
104923 105021 8538.0 8559.0 8538.0 8559.0
104933 105027 8539.0 8559.0 8539.0 8550.0
104945 105041 8543.0 8559.0 8540.0 8547.0
104945 105042 8543.0 8559.0 8540.0 8547.0
105000 105100 8540.0 8559.0 8540.0 8549.0
105002 105102 8543.0 8559.0 8543.0 8549.0
105010 105108 8549.0 8559.0 8547.0 8549.0
105027 105126 8550.0 8550.0 8547.0 8550.0
105041 105136 8547.0 8550.0 8547.0 8549.0
105041 105140 8547.0 8550.0 8547.0 8548.0
105100 105159 8549.0 8550.0 8548.0 8549.0
105126 105211 8550.0 8550.0 8548.0 8549.0
105140 105239 8548.0 8553.0 8548.0 8553.0
105140 105240 8548.0 8554.0 8548.0 8554.0
105159 105241 8549.0 8554.0 8549.0 8553.0
105159 105245 8549.0 8554.0 8549.0 8551.0
105159 105246 8549.0 8554.0 8549.0 8550.0
105211 105301 8549.0 8554.0 8549.0 8550.0
105211 105305 8549.0 8554.0 8549.0 8549.0
105239 105319 8553.0 8554.0 8549.0 8549.0
105239 105326 8553.0 8554.0 8548.0 8548.0
105239 105333 8553.0 8554.0 8547.0 8547.0
105239 105337 8553.0 8554.0 8547.0 8548.0
105319 105415 8549.0 8549.0 8547.0 8549.0
105326 105424 8548.0 8549.0 8547.0 8549.0
105415 105450 8549.0 8551.0 8549.0 8551.0
105415 105501 8549.0 8551.0 8547.0 8547.0
105450 105531 8551.0 8551.0 8545.0 8545.0
105450 105533 8551.0 8551.0 8545.0 8546.0
105501 105552 8547.0 8547.0 8545.0 8545.0
105531 105624 8545.0 8546.0 8545.0 8545.0
105624 105654 8545.0 8548.0 8545.0 8548.0
105624 105702 8545.0 8548.0 8544.0 8544.0
105624 105713 8545.0 8548.0 8544.0 8545.0
105624 105720 8545.0 8548.0 8543.0 8543.0
105654 105728 8548.0 8548.0 8543.0 8545.0
105713 105804 8545.0 8545.0 8543.0 8545.0
105720 105819 8543.0 8545.0 8543.0 8543.0
105728 105826 8545.0 8545.0 8543.0 8544.0
105804 105829 8545.0 8545.0 8543.0 8543.0
105819 105914 8543.0 8544.0 8543.0 8543.0
105819 105915 8543.0 8544.0 8542.0 8542.0
105914 105931 8543.0 8544.0 8542.0 8544.0
105914 105932 8543.0 8544.0 8542.0 8544.0
105914 105935 8543.0 8545.0 8542.0 8545.0
105914 105939 8543.0 8546.0 8542.0 8546.0
105914 105944 8543.0 8548.0 8542.0 8548.0
105914 105945 8543.0 8548.0 8542.0 8548.0
105914 105959 8543.0 8548.0 8542.0 8546.0
105914 110006 8543.0 8548.0 8542.0 8545.0
105914 110009 8543.0 8548.0 8542.0 8546.0
105931 110024 8544.0 8549.0 8544.0 8549.0
105931 110025 8544.0 8549.0 8544.0 8549.0
105931 110028 8544.0 8551.0 8544.0 8551.0
105939 110036 8546.0 8551.0 8545.0 8549.0
105944 110043 8548.0 8551.0 8545.0 8547.0
105959 110047 8546.0 8551.0 8545.0 8548.0
110157 110157 8548.0 8548.0 8548.0 8548.0
110157 110253 8548.0 8548.0 8548.0 8548.0
110253 110331 8548.0 8548.0 8545.0 8545.0
110253 110351 8548.0 8548.0 8543.0 8543.0
110253 110353 8548.0 8548.0 8541.0 8541.0
110331 110354 8545.0 8545.0 8540.0 8540.0
110331 110355 8545.0 8545.0 8540.0 8540.0
110351 110451 8543.0 8543.0 8540.0 8541.0
110354 110454 8540.0 8541.0 8538.0 8538.0
110355 110455 8540.0 8541.0 8537.0 8537.0
110451 110459 8541.0 8541.0 8537.0 8537.0
110652 110652 8547.0 8547.0 8547.0 8547.0
110652 110735 8547.0 8547.0 8546.0 8546.0
110652 110743 8547.0 8547.0 8546.0 8546.0
110735 110814 8546.0 8548.0 8546.0 8548.0
110735 110820 8546.0 8548.0 8546.0 8546.0
110735 110821 8546.0 8548.0 8546.0 8546.0
110735 110824 8546.0 8548.0 8546.0 8546.0
110735 110827 8546.0 8548.0 8546.0 8546.0
110743 110837 8546.0 8548.0 8546.0 8546.0
110743 110840 8546.0 8557.0 8546.0 8557.0
110743 110843 8546.0 8557.0 8546.0 8549.0
110814 110850 8548.0 8557.0 8546.0 8550.0
110814 110859 8548.0 8557.0 8546.0 8551.0
110850 110949 8550.0 8557.0 8550.0 8557.0
110949 111024 8557.0 8557.0 8557.0 8557.0
111024 111058 8557.0 8557.0 8547.0 8547.0
111024 111124 8557.0 8557.0 8547.0 8548.0
111124 111213 8548.0 8549.0 8548.0 8549.0
111124 111214 8548.0 8549.0 8548.0 8549.0
111124 111215 8548.0 8549.0 8548.0 8549.0
111124 111216 8548.0 8549.0 8548.0 8549.0
111124 111217 8548.0 8549.0 8548.0 8549.0
111213 111251 8549.0 8550.0 8549.0 8550.0
111213 111310 8549.0 8550.0 8549.0 8550.0
111251 111319 8550.0 8551.0 8550.0 8551.0
111251 111322 8550.0 8562.0 8550.0 8562.0
111251 111330 8550.0 8564.0 8550.0 8564.0
111251 111338 8550.0 8564.0 8550.0 8550.0
111251 111342 8550.0 8564.0 8550.0 8552.0
111251 111343 8550.0 8564.0 8550.0 8554.0
111310 111357 8550.0 8564.0 8550.0 8554.0
111322 111421 8562.0 8564.0 8550.0 8553.0
111330 111425 8564.0 8564.0 8550.0 8553.0
111357 111446 8554.0 8557.0 8553.0 8557.0
111357 111456 8554.0 8558.0 8553.0 8558.0
111623 111623 8558.0 8558.0 8558.0 8558.0
111623 111625 8558.0 8559.0 8558.0 8559.0
111623 111626 8558.0 8559.0 8558.0 8559.0
111623 111629 8558.0 8559.0 8558.0 8559.0
111623 111630 8558.0 8559.0 8558.0 8559.0
111623 111631 8558.0 8559.0 8558.0 8559.0
111623 111637 8558.0 8559.0 8558.0 8559.0
111623 111651 8558.0 8561.0 8558.0 8561.0
111623 111652 8558.0 8563.0 8558.0 8563.0
111623 111722 8558.0 8569.0 8558.0 8569.0
111722 111820 8569.0 8569.0 8560.0 8560.0
111820 111831 8560.0 8560.0 8556.0 8556.0
111944 111944 8561.0 8561.0 8561.0 8561.0
111944 112001 8561.0 8561.0 8554.0 8554.0
111944 112024 8561.0 8561.0 8554.0 8560.0
112001 112100 8554.0 8563.0 8554.0 8563.0
112001 112101 8554.0 8564.0 8554.0 8564.0
112100 112131 8563.0 8564.0 8563.0 8563.0
112100 112138 8563.0 8565.0 8563.0 8565.0
112100 112157 8563.0 8565.0 8561.0 8561.0
112131 112212 8563.0 8565.0 8561.0 8563.0
112131 112220 8563.0 8565.0 8561.0 8564.0
112131 112221 8563.0 8565.0 8561.0 8564.0
112131 112222 8563.0 8565.0 8561.0 8565.0
112131 112226 8563.0 8565.0 8561.0 8565.0
112131 112227 8563.0 8565.0 8561.0 8565.0
112353 112353 8565.0 8565.0 8565.0 8565.0
112353 112412 8565.0 8568.0 8565.0 8568.0
112522 112522 8563.0 8563.0 8563.0 8563.0
112522 112525 8563.0 8565.0 8563.0 8565.0
112522 112531 8563.0 8565.0 8552.0 8552.0
112709 112709 8572.0 8572.0 8572.0 8572.0
112709 112719 8572.0 8572.0 8564.0 8564.0
112844 112844 8565.0 8565.0 8565.0 8565.0
112844 112851 8565.0 8567.0 8565.0 8567.0
112844 112856 8565.0 8567.0 8565.0 8567.0
112844 112859 8565.0 8568.0 8565.0 8568.0
112844 112900 8565.0 8569.0 8565.0 8569.0
112844 112901 8565.0 8570.0 8565.0 8570.0
112844 112923 8565.0 8570.0 8565.0 8567.0
112923 113015 8567.0 8573.0 8567.0 8573.0
113015 113027 8573.0 8579.0 8573.0 8579.0
113015 113106 8573.0 8579.0 8569.0 8569.0
113027 113127 8579.0 8579.0 8569.0 8571.0
113106 113129 8569.0 8571.0 8569.0 8571.0
113106 113131 8569.0 8571.0 8569.0 8570.0
113106 113133 8569.0 8572.0 8569.0 8572.0
113106 113139 8569.0 8573.0 8569.0 8573.0
113106 113140 8569.0 8574.0 8569.0 8574.0
113106 113154 8569.0 8574.0 8569.0 8572.0
113106 113159 8569.0 8574.0 8569.0 8573.0
113127 113207 8571.0 8574.0 8570.0 8572.0
113127 113215 8571.0 8574.0 8570.0 8572.0
113127 113224 8571.0 8574.0 8570.0 8572.0
113139 113237 8573.0 8574.0 8569.0 8569.0
113215 113312 8572.0 8572.0 8569.0 8569.0
113312 113357 8569.0 8569.0 8567.0 8567.0
113312 113358 8569.0 8569.0 8567.0 8567.0
113312 113403 8569.0 8569.0 8567.0 8567.0
113357 113422 8567.0 8567.0 8567.0 8567.0
113529 113529 8563.0 8563.0 8563.0 8563.0
113529 113540 8563.0 8563.0 8563.0 8563.0
113529 113552 8563.0 8563.0 8561.0 8561.0
113529 113554 8563.0 8563.0 8561.0 8561.0
113529 113610 8563.0 8563.0 8561.0 8563.0
113529 113613 8563.0 8564.0 8561.0 8564.0
113529 113620 8563.0 8564.0 8561.0 8562.0
113552 113645 8561.0 8564.0 8559.0 8559.0
113620 113718 8562.0 8562.0 8559.0 8561.0
113645 113724 8559.0 8561.0 8559.0 8560.0
113718 113749 8561.0 8561.0 8560.0 8561.0
113724 113822 8560.0 8563.0 8560.0 8563.0
113822 113858 8563.0 8563.0 8559.0 8559.0
113858 113948 8559.0 8559.0 8558.0 8558.0
113948 114012 8558.0 8559.0 8558.0 8559.0
114012 114051 8559.0 8559.0 8559.0 8559.0
114051 114133 8559.0 8560.0 8559.0 8560.0
114133 114213 8560.0 8563.0 8560.0 8563.0
114320 114320 8558.0 8558.0 8558.0 8558.0
114458 114458 8558.0 8558.0 8558.0 8558.0
114458 114502 8558.0 8558.0 8557.0 8557.0
114458 114504 8558.0 8558.0 8557.0 8557.0
114618 114618 8555.0 8555.0 8555.0 8555.0
114618 114624 8555.0 8555.0 8553.0 8553.0
114618 114634 8555.0 8555.0 8553.0 8554.0
114618 114654 8555.0 8555.0 8553.0 8555.0
114618 114700 8555.0 8555.0 8553.0 8554.0
114654 114741 8555.0 8555.0 8553.0 8553.0
114654 114742 8555.0 8555.0 8552.0 8552.0
114654 114744 8555.0 8555.0 8551.0 8551.0
114654 114751 8555.0 8555.0 8551.0 8553.0
114741 114811 8553.0 8553.0 8551.0 8552.0
114741 114821 8553.0 8553.0 8551.0 8551.0
114811 114904 8552.0 8552.0 8551.0 8552.0
114904 114929 8552.0 8554.0 8552.0 8554.0
114929 115013 8554.0 8554.0 8552.0 8552.0
115013 115048 8552.0 8553.0 8552.0 8553.0
115013 115049 8552.0 8553.0 8552.0 8553.0
115215 115215 8550.0 8550.0 8550.0 8550.0
115215 115220 8550.0 8550.0 8548.0 8548.0
115215 115222 8550.0 8550.0 8548.0 8549.0
115215 115301 8550.0 8552.0 8548.0 8552.0
115220 115317 8548.0 8552.0 8548.0 8551.0
115301 115356 8552.0 8563.0 8551.0 8563.0
115507 115507 8551.0 8551.0 8551.0 8551.0
115507 115513 8551.0 8552.0 8551.0 8552.0
115507 115529 8551.0 8552.0 8551.0 8551.0
115507 115531 8551.0 8552.0 8550.0 8550.0
115529 115624 8551.0 8551.0 8550.0 8550.0
115624 115648 8550.0 8550.0 8549.0 8549.0
115624 115701 8550.0 8550.0 8548.0 8548.0
115624 115702 8550.0 8550.0 8546.0 8546.0
115624 115704 8550.0 8550.0 8546.0 8546.0
115648 115737 8549.0 8549.0 8544.0 8544.0
115648 115740 8549.0 8549.0 8544.0 8544.0
115704 115803 8546.0 8546.0 8544.0 8544.0
115737 115806 8544.0 8544.0 8543.0 8543.0
115737 115807 8544.0 8544.0 8542.0 8542.0
115737 115825 8544.0 8544.0 8542.0 8544.0
115737 115833 8544.0 8545.0 8542.0 8545.0
115737 115835 8544.0 8545.0 8542.0 8544.0
115825 115915 8544.0 8550.0 8544.0 8550.0
115915 120011 8550.0 8550.0 8548.0 8548.0
120011 120100 8548.0 8548.0 8548.0 8548.0
120100 120130 8548.0 8550.0 8548.0 8550.0
120100 120134 8548.0 8550.0 8548.0 8548.0
120130 120216 8550.0 8550.0 8544.0 8544.0
120130 120222 8550.0 8550.0 8544.0 8544.0
120130 120226 8550.0 8550.0 8544.0 8544.0
120704 120704 8551.0 8551.0 8551.0 8551.0
120807 120807 8548.0 8548.0 8548.0 8548.0
120942 120942 8550.0 8550.0 8550.0 8550.0
120942 120943 8550.0 8559.0 8550.0 8559.0
120942 120954 8550.0 8563.0 8550.0 8563.0
120942 120956 8550.0 8563.0 8550.0 8551.0
120942 121023 8550.0 8563.0 8550.0 8551.0
121137 121137 8551.0 8551.0 8551.0 8551.0
121409 121409 8551.0 8551.0 8551.0 8551.0
121601 121601 8553.0 8553.0 8553.0 8553.0
121601 121610 8553.0 8553.0 8552.0 8552.0
121610 121707 8552.0 8553.0 8552.0 8553.0
121707 121728 8553.0 8554.0 8553.0 8554.0
121707 121732 8553.0 8554.0 8553.0 8554.0
121707 121735 8553.0 8554.0 8553.0 8554.0
121707 121737 8553.0 8554.0 8553.0 8554.0
121707 121751 8553.0 8555.0 8553.0 8555.0
121751 121844 8555.0 8555.0 8550.0 8550.0
121751 121848 8555.0 8555.0 8550.0 8550.0
121844 121858 8550.0 8550.0 8550.0 8550.0
121844 121918 8550.0 8550.0 8550.0 8550.0
122202 122202 8550.0 8550.0 8550.0 8550.0
122202 122223 8550.0 8551.0 8550.0 8551.0
122202 122237 8550.0 8551.0 8550.0 8551.0
122355 122355 8551.0 8551.0 8551.0 8551.0
122355 122430 8551.0 8554.0 8551.0 8554.0
122543 122543 8551.0 8551.0 8551.0 8551.0
122543 122545 8551.0 8551.0 8551.0 8551.0
122543 122611 8551.0 8551.0 8551.0 8551.0
122543 122616 8551.0 8558.0 8551.0 8558.0
122543 122639 8551.0 8558.0 8550.0 8550.0
122611 122654 8551.0 8558.0 8549.0 8549.0
122639 122723 8550.0 8550.0 8548.0 8548.0
122639 122727 8550.0 8550.0 8548.0 8548.0
122851 122851 8548.0 8548.0 8548.0 8548.0
122851 122852 8548.0 8548.0 8547.0 8547.0
122851 122903 8548.0 8548.0 8546.0 8546.0
122903 123003 8546.0 8546.0 8546.0 8546.0
123003 123014 8546.0 8546.0 8545.0 8545.0
123003 123015 8546.0 8546.0 8544.0 8544.0
123003 123016 8546.0 8546.0 8543.0 8543.0
123003 123019 8546.0 8546.0 8543.0 8546.0
123003 123032 8546.0 8546.0 8543.0 8543.0
123003 123041 8546.0 8546.0 8542.0 8542.0
123003 123103 8546.0 8546.0 8542.0 8545.0
123032 123122 8543.0 8545.0 8542.0 8544.0
123103 123143 8545.0 8545.0 8543.0 8543.0
123122 123221 8544.0 8544.0 8541.0 8541.0
123143 123224 8543.0 8553.0 8541.0 8553.0
123143 123225 8543.0 8553.0 8541.0 8553.0
123221 123247 8541.0 8553.0 8541.0 8548.0
123221 123304 8541.0 8553.0 8541.0 8542.0
123247 123331 8548.0 8551.0 8542.0 8551.0
123915 123915 8545.0 8545.0 8545.0 8545.0
123915 124002 8545.0 8545.0 8544.0 8544.0
123915 124009 8545.0 8545.0 8543.0 8543.0
123915 124010 8545.0 8545.0 8543.0 8543.0
123915 124011 8545.0 8545.0 8543.0 8543.0
124002 124023 8544.0 8544.0 8543.0 8543.0
124002 124043 8544.0 8544.0 8542.0 8542.0
124002 124048 8544.0 8544.0 8542.0 8542.0
124200 124200 8547.0 8547.0 8547.0 8547.0
124200 124228 8547.0 8547.0 8546.0 8546.0
124228 124314 8546.0 8555.0 8546.0 8555.0
124446 124446 8548.0 8548.0 8548.0 8548.0
124446 124503 8548.0 8548.0 8544.0 8544.0
124446 124537 8548.0 8551.0 8544.0 8551.0
124446 124539 8548.0 8552.0 8544.0 8552.0
124446 124541 8548.0 8553.0 8544.0 8553.0
124446 124543 8548.0 8553.0 8544.0 8553.0
124537 124625 8551.0 8554.0 8551.0 8554.0
124625 124651 8554.0 8554.0 8552.0 8552.0
125110 125110 8550.0 8550.0 8550.0 8550.0
125110 125121 8550.0 8550.0 8549.0 8549.0
125355 125355 8549.0 8549.0 8549.0 8549.0
125355 125420 8549.0 8549.0 8549.0 8549.0
125420 125458 8549.0 8549.0 8547.0 8547.0
125420 125504 8549.0 8549.0 8546.0 8546.0
125420 125506 8549.0 8549.0 8546.0 8547.0
125420 125508 8549.0 8549.0 8546.0 8546.0
125420 125510 8549.0 8549.0 8546.0 8546.0
125420 125516 8549.0 8549.0 8545.0 8545.0
125458 125553 8547.0 8558.0 8545.0 8558.0
125516 125616 8545.0 8558.0 8545.0 8550.0
125801 125801 8549.0 8549.0 8549.0 8549.0
125908 125908 8548.0 8548.0 8548.0 8548.0
125908 125924 8548.0 8548.0 8546.0 8546.0
130118 130118 8548.0 8548.0 8548.0 8548.0
130118 130131 8548.0 8548.0 8547.0 8547.0
130118 130146 8548.0 8549.0 8547.0 8549.0
130118 130217 8548.0 8549.0 8545.0 8545.0
130131 130219 8547.0 8549.0 8544.0 8544.0
130131 130221 8547.0 8549.0 8544.0 8546.0
130131 130223 8547.0 8549.0 8544.0 8544.0
130131 130224 8547.0 8549.0 8543.0 8543.0
130131 130225 8547.0 8549.0 8543.0 8543.0
130131 130226 8547.0 8549.0 8541.0 8541.0
130146 130243 8549.0 8549.0 8541.0 8544.0
130217 130252 8545.0 8546.0 8541.0 8541.0
130217 130259 8545.0 8546.0 8540.0 8540.0
130217 130305 8545.0 8546.0 8540.0 8541.0
130243 130336 8544.0 8544.0 8540.0 8542.0
130336 130407 8542.0 8544.0 8542.0 8544.0
130510 130510 8543.0 8543.0 8543.0 8543.0
130510 130517 8543.0 8543.0 8541.0 8541.0
130510 130539 8543.0 8543.0 8539.0 8539.0
130510 130540 8543.0 8543.0 8539.0 8539.0
130510 130553 8543.0 8543.0 8537.0 8537.0
130510 130554 8543.0 8543.0 8537.0 8537.0
130510 130556 8543.0 8543.0 8537.0 8537.0
130510 130601 8543.0 8543.0 8535.0 8535.0
130510 130602 8543.0 8543.0 8534.0 8534.0
130539 130633 8539.0 8539.0 8533.0 8533.0
130553 130643 8537.0 8537.0 8531.0 8531.0
130553 130644 8537.0 8537.0 8531.0 8531.0
130553 130645 8537.0 8537.0 8530.0 8530.0
130553 130651 8537.0 8537.0 8530.0 8532.0
130633 130709 8533.0 8533.0 8530.0 8531.0
130633 130710 8533.0 8533.0 8530.0 8532.0
130633 130711 8533.0 8533.0 8530.0 8532.0
130709 130806 8531.0 8534.0 8531.0 8534.0
130922 130922 8532.0 8532.0 8532.0 8532.0
130922 130924 8532.0 8533.0 8532.0 8533.0
130922 130935 8532.0 8533.0 8530.0 8530.0
130922 131022 8532.0 8533.0 8528.0 8528.0
130935 131025 8530.0 8530.0 8528.0 8528.0
131025 131124 8528.0 8531.0 8528.0 8531.0
131124 131132 8531.0 8531.0 8531.0 8531.0
131124 131137 8531.0 8531.0 8531.0 8531.0
131124 131159 8531.0 8533.0 8531.0 8533.0
131124 131201 8531.0 8533.0 8531.0 8533.0
131159 131246 8533.0 8533.0 8531.0 8531.0
131159 131250 8533.0 8533.0 8531.0 8531.0
131201 131301 8533.0 8533.0 8531.0 8531.0
131246 131307 8531.0 8531.0 8531.0 8531.0
131246 131308 8531.0 8531.0 8529.0 8529.0
131246 131340 8531.0 8531.0 8529.0 8531.0
131307 131407 8531.0 8531.0 8529.0 8530.0
131340 131430 8531.0 8531.0 8530.0 8530.0
131340 131435 8531.0 8531.0 8530.0 8530.0
131407 131443 8530.0 8531.0 8530.0 8531.0
131407 131449 8530.0 8531.0 8530.0 8531.0
131407 131451 8530.0 8532.0 8530.0 8532.0
131435 131533 8530.0 8532.0 8530.0 8531.0
131443 131538 8531.0 8532.0 8531.0 8531.0
131449 131545 8531.0 8532.0 8531.0 8531.0
131449 131547 8531.0 8532.0 8531.0 8532.0
131449 131548 8531.0 8533.0 8531.0 8533.0
131533 131552 8531.0 8535.0 8531.0 8535.0
131533 131556 8531.0 8536.0 8531.0 8536.0
131533 131615 8531.0 8537.0 8531.0 8537.0
131533 131616 8531.0 8537.0 8531.0 8537.0
131538 131638 8531.0 8537.0 8531.0 8537.0
131545 131642 8531.0 8538.0 8531.0 8538.0
131545 131643 8531.0 8538.0 8531.0 8536.0
131552 131651 8535.0 8538.0 8535.0 8538.0
131651 131751 8538.0 8539.0 8538.0 8539.0
131751 131801 8539.0 8539.0 8539.0 8539.0
131751 131819 8539.0 8543.0 8539.0 8543.0
131751 131825 8539.0 8543.0 8539.0 8540.0
131954 131954 8540.0 8540.0 8540.0 8540.0
131954 132003 8540.0 8541.0 8540.0 8541.0
131954 132053 8540.0 8541.0 8539.0 8539.0
132053 132135 8539.0 8539.0 8538.0 8538.0
132053 132138 8539.0 8539.0 8538.0 8539.0
132135 132206 8538.0 8539.0 8536.0 8536.0
132135 132208 8538.0 8539.0 8536.0 8536.0
132135 132213 8538.0 8539.0 8536.0 8536.0
132135 132217 8538.0 8539.0 8536.0 8536.0
132135 132229 8538.0 8539.0 8534.0 8534.0
132135 132231 8538.0 8539.0 8533.0 8533.0
132135 132232 8538.0 8539.0 8533.0 8533.0
132135 132233 8538.0 8539.0 8531.0 8531.0
132206 132249 8536.0 8536.0 8530.0 8530.0
132447 132447 8533.0 8533.0 8533.0 8533.0
132447 132519 8533.0 8533.0 8533.0 8533.0
132447 132545 8533.0 8534.0 8533.0 8534.0
132519 132611 8533.0 8535.0 8533.0 8535.0
132545 132621 8534.0 8535.0 8534.0 8535.0
132807 132807 8534.0 8534.0 8534.0 8534.0
132807 132856 8534.0 8544.0 8534.0 8544.0
133005 133005 8533.0 8533.0 8533.0 8533.0
133005 133010 8533.0 8533.0 8532.0 8532.0
133005 133014 8533.0 8533.0 8531.0 8531.0
133005 133019 8533.0 8533.0 8530.0 8530.0
133005 133027 8533.0 8533.0 8530.0 8530.0
133005 133030 8533.0 8533.0 8529.0 8529.0
133005 133052 8533.0 8535.0 8529.0 8535.0
133019 133117 8530.0 8535.0 8529.0 8530.0
133052 133132 8535.0 8535.0 8530.0 8533.0
133052 133135 8535.0 8535.0 8530.0 8534.0
133052 133136 8535.0 8535.0 8530.0 8534.0
133344 133344 8530.0 8530.0 8530.0 8530.0
133344 133405 8530.0 8539.0 8530.0 8539.0
133344 133417 8530.0 8539.0 8530.0 8532.0
133344 133422 8530.0 8539.0 8530.0 8532.0
133344 133432 8530.0 8539.0 8530.0 8533.0
133344 133434 8530.0 8539.0 8530.0 8533.0
133344 133441 8530.0 8539.0 8530.0 8533.0
133405 133501 8539.0 8539.0 8532.0 8533.0
133417 133511 8532.0 8533.0 8531.0 8531.0
133417 133512 8532.0 8533.0 8531.0 8532.0
133501 133556 8533.0 8541.0 8531.0 8541.0
133501 133558 8533.0 8541.0 8531.0 8540.0
133556 133616 8541.0 8544.0 8540.0 8544.0
133556 133627 8541.0 8544.0 8534.0 8534.0
133627 133718 8534.0 8534.0 8529.0 8529.0
133718 133734 8529.0 8530.0 8529.0 8530.0
133718 133818 8529.0 8530.0 8529.0 8530.0
133734 133826 8530.0 8530.0 8530.0 8530.0
133734 133831 8530.0 8530.0 8530.0 8530.0
133734 133833 8530.0 8530.0 8530.0 8530.0
133818 133901 8530.0 8532.0 8530.0 8532.0
133818 133902 8530.0 8532.0 8530.0 8532.0
133826 133922 8530.0 8532.0 8530.0 8531.0
133826 133923 8530.0 8532.0 8530.0 8532.0
133831 133929 8530.0 8532.0 8530.0 8532.0
133901 133941 8532.0 8533.0 8531.0 8533.0
133901 133942 8532.0 8533.0 8531.0 8533.0
133901 133943 8532.0 8533.0 8531.0 8533.0
133901 133953 8532.0 8533.0 8531.0 8532.0
133901 133957 8532.0 8542.0 8531.0 8542.0
133901 133958 8532.0 8542.0 8520.0 8520.0
133901 133959 8532.0 8542.0 8520.0 8532.0
133902 134002 8532.0 8542.0 8520.0 8533.0
133922 134008 8531.0 8542.0 8520.0 8534.0
133922 134009 8531.0 8542.0 8520.0 8534.0
133922 134012 8531.0 8542.0 8520.0 8535.0
133922 134015 8531.0 8548.0 8520.0 8548.0
133922 134018 8531.0 8548.0 8520.0 8534.0
133923 134023 8532.0 8548.0 8520.0 8534.0
134002 134102 8533.0 8548.0 8532.0 8532.0
134008 134103 8534.0 8548.0 8532.0 8533.0
134008 134107 8534.0 8548.0 8520.0 8520.0
134102 134127 8532.0 8533.0 8520.0 8533.0
134102 134133 8532.0 8534.0 8520.0 8534.0
134102 134134 8532.0 8534.0 8520.0 8533.0
134102 134157 8532.0 8534.0 8520.0 8533.0
134102 134200 8532.0 8534.0 8520.0 8534.0
134157 134241 8533.0 8534.0 8533.0 8533.0
134241 134307 8533.0 8533.0 8533.0 8533.0
134417 134417 8536.0 8536.0 8536.0 8536.0
134417 134453 8536.0 8536.0 8521.0 8521.0

