20151124 084500 8462
20151124 084500 8462
20151124 084517 8465
20151124 084534 8459
20151124 084543 8457
20151124 084546 8454
20151124 084546 8454
20151124 084546 8454
20151124 084546 8454
20151124 084553 8457
20151124 084553 8457
20151124 084553 8457
20151124 084606 8458
20151124 084615 8455
20151124 084640 8458
20151124 084640 8458
20151124 084640 8458
20151124 084640 8458
20151124 084640 8458
20151124 084702 8456
20151124 084708 8455
20151124 084734 8453
20151124 084749 8452
20151124 084749 8452
20151124 084800 8449
20151124 084805 8447
20151124 084826 8451
20151124 084830 8452
20151124 084835 8452
20151124 084840 8454
20151124 084903 8454
20151124 084916 8452
20151124 084937 8453
20151124 084949 8452
20151124 085001 8452
20151124 085002 8452
20151124 085019 8450
20151124 085026 8449
20151124 085055 8446
20151124 085055 8446
20151124 085055 8446
20151124 085055 8446
20151124 085118 8448
20151124 085122 8452
20151124 085139 8451
20151124 085157 8452
20151124 085207 8455
20151124 085208 8456
20151124 085209 8455
20151124 085210 8456
20151124 085239 8457
20151124 085307 8455
20151124 085406 8456
20151124 085509 8458
20151124 085522 8456
20151124 085551 8452
20151124 085552 8451
20151124 085632 8450
20151124 085823 8455
20151124 085919 8451
20151124 090059 8448
20151124 090100 8447
20151124 090100 8447
20151124 090100 8447
20151124 090101 8448
20151124 090103 8444
20151124 090103 8444
20151124 090104 8442
20151124 090104 8442
20151124 090104 8442
20151124 090104 8442
20151124 090104 8442
20151124 090104 8442
20151124 090113 8444
20151124 090119 8443
20151124 090140 8442
20151124 090140 8442
20151124 090142 8439
20151124 090142 8439
20151124 090142 8439
20151124 090142 8440
20151124 090200 8439
20151124 090211 8442
20151124 090211 8442
20151124 090211 8442
20151124 090211 8442
20151124 090211 8442
20151124 090212 8442
20151124 090232 8440
20151124 090239 8438
20151124 090301 8445
20151124 090311 8441
20151124 090312 8440
20151124 090313 8439
20151124 090321 8441
20151124 090321 8441
20151124 090325 8440
20151124 090353 8441
20151124 090404 8439
20151124 090404 8440
20151124 090419 8441
20151124 090457 8443
20151124 090503 8442
20151124 090507 8444
20151124 090511 8444
20151124 090551 8446
20151124 090551 8446
20151124 090552 8446
20151124 090614 8445
20151124 090702 8448
20151124 090805 8448
20151124 090810 8445
20151124 090810 8445
20151124 090810 8445
20151124 090810 8445
20151124 090814 8442
20151124 090815 8441
20151124 090835 8447
20151124 090836 8447
20151124 090908 8454
20151124 090909 8456
20151124 090909 8456
20151124 090910 8456
20151124 090912 8458
20151124 090912 8458
20151124 090913 8461
20151124 090913 8461
20151124 090913 8461
20151124 090913 8461
20151124 090927 8459
20151124 090929 8459
20151124 090938 8463
20151124 090939 8466
20151124 090942 8466
20151124 090943 8462
20151124 090943 8462
20151124 090943 8462
20151124 090943 8464
20151124 090944 8462
20151124 090945 8466
20151124 090946 8466
20151124 090953 8469
20151124 090956 8467
20151124 091000 8465
20151124 091003 8469
20151124 091008 8468
20151124 091013 8469
20151124 091017 8469
20151124 091019 8468
20151124 091032 8466
20151124 091043 8465
20151124 091046 8467
20151124 091053 8465
20151124 091054 8466
20151124 091104 8462
20151124 091114 8466
20151124 091114 8466
20151124 091115 8467
20151124 091118 8468
20151124 091118 8468
20151124 091119 8469
20151124 091119 8470
20151124 091122 8470
20151124 091123 8471
20151124 091125 8467
20151124 091134 8467
20151124 091136 8466
20151124 091137 8466
20151124 091158 8468
20151124 091201 8468
20151124 091201 8470
20151124 091202 8470
20151124 091206 8471
20151124 091206 8471
20151124 091206 8471
20151124 091208 8471
20151124 091208 8471
20151124 091214 8467
20151124 091218 8467
20151124 091218 8468
20151124 091220 8467
20151124 091223 8466
20151124 091226 8466
20151124 091230 8465
20151124 091302 8461
20151124 091303 8460
20151124 091303 8460
20151124 091303 8460
20151124 091303 8460
20151124 091303 8460
20151124 091303 8460
20151124 091304 8459
20151124 091313 8458
20151124 091327 8460
20151124 091401 8457
20151124 091425 8456
20151124 091451 8455
20151124 091451 8455
20151124 091456 8453
20151124 091457 8452
20151124 091458 8451
20151124 091505 8445
20151124 091505 8445
20151124 091506 8443
20151124 091515 8441
20151124 091516 8434
20151124 091516 8434
20151124 091516 8434
20151124 091516 8434
20151124 091516 8435
20151124 091516 8435
20151124 091516 8435
20151124 091516 8436
20151124 091516 8437
20151124 091516 8438
20151124 091516 8438
20151124 091516 8439
20151124 091516 8439
20151124 091516 8440
20151124 091516 8440
20151124 091516 8440
20151124 091516 8440
20151124 091517 8432
20151124 091526 8439
20151124 091542 8441
20151124 091542 8441
20151124 091542 8441
20151124 091542 8441
20151124 091542 8441
20151124 091543 8441
20151124 091543 8441
20151124 091544 8441
20151124 091545 8438
20151124 091559 8438
20151124 091559 8438
20151124 091600 8438
20151124 091615 8441
20151124 091628 8439
20151124 091631 8434
20151124 091631 8434
20151124 091631 8434
20151124 091631 8435
20151124 091633 8433
20151124 091704 8432
20151124 091704 8432
20151124 091707 8430
20151124 091707 8430
20151124 091707 8430
20151124 091707 8430
20151124 091710 8434
20151124 091710 8434
20151124 091714 8432
20151124 091715 8431
20151124 091717 8433
20151124 091725 8432
20151124 091728 8431
20151124 091735 8431
20151124 091737 8430
20151124 091810 8436
20151124 091837 8436
20151124 091854 8433
20151124 091854 8433
20151124 091854 8433
20151124 091854 8435
20151124 091921 8435
20151124 091941 8431
20151124 091951 8429
20151124 091951 8429
20151124 091951 8429
20151124 091951 8429
20151124 091951 8429
20151124 091951 8429
20151124 091951 8429
20151124 091951 8429
20151124 091951 8430
20151124 092051 8438
20151124 092051 8438
20151124 092119 8444
20151124 092127 8441
20151124 092127 8441
20151124 092127 8441
20151124 092127 8442
20151124 092135 8440
20151124 092138 8439
20151124 092150 8439
20151124 092255 8439
20151124 092348 8433
20151124 092348 8433
20151124 092348 8434
20151124 092400 8430
20151124 092400 8430
20151124 092400 8431
20151124 092401 8425
20151124 092401 8426
20151124 092401 8426
20151124 092401 8427
20151124 092401 8427
20151124 092401 8427
20151124 092401 8427
20151124 092401 8428
20151124 092401 8428
20151124 092401 8428
20151124 092401 8429
20151124 092401 8429
20151124 092401 8429
20151124 092401 8429
20151124 092401 8429
20151124 092401 8429
20151124 092404 8431
20151124 092419 8431
20151124 092505 8427
20151124 092505 8428
20151124 092505 8429
20151124 092505 8430
20151124 092513 8426
20151124 092516 8424
20151124 092516 8424
20151124 092516 8424
20151124 092516 8424
20151124 092516 8424
20151124 092517 8423
20151124 092517 8425
20151124 092534 8426
20151124 092554 8427
20151124 092615 8429
20151124 092619 8429
20151124 092635 8429
20151124 092635 8429
20151124 092635 8429
20151124 092635 8429
20151124 092740 8427
20151124 092807 8425
20151124 092807 8425
20151124 092811 8424
20151124 092811 8424
20151124 092811 8424
20151124 092811 8424
20151124 092812 8423
20151124 092812 8423
20151124 092813 8424
20151124 092813 8424
20151124 092813 8424
20151124 092824 8425
20151124 092825 8425
20151124 092825 8425
20151124 092904 8424
20151124 092904 8424
20151124 092914 8424
20151124 092927 8426
20151124 092927 8426
20151124 092927 8426
20151124 093001 8424
20151124 093003 8421
20151124 093003 8421
20151124 093003 8421
20151124 093003 8422
20151124 093004 8420
20151124 093004 8421
20151124 093004 8421
20151124 093004 8421
20151124 093004 8421
20151124 093004 8421
20151124 093004 8421
20151124 093027 8423
20151124 093034 8420
20151124 093045 8424
20151124 093046 8425
20151124 093054 8425
20151124 093106 8429
20151124 093107 8430
20151124 093137 8428
20151124 093150 8430
20151124 093152 8431
20151124 093204 8431
20151124 093303 8434
20151124 093314 8434
20151124 093437 8431
20151124 093437 8431
20151124 093437 8431
20151124 093501 8429
20151124 093536 8437
20151124 093557 8434
20151124 093710 8435
20151124 093725 8434
20151124 093746 8436
20151124 093747 8437
20151124 093747 8437
20151124 093748 8437
20151124 093748 8437
20151124 093751 8438
20151124 093755 8439
20151124 093757 8441
20151124 093814 8440
20151124 093825 8442
20151124 093833 8441
20151124 093834 8440
20151124 094022 8439
20151124 094026 8438
20151124 094026 8438
20151124 094026 8438
20151124 094026 8438
20151124 094029 8438
20151124 094035 8439
20151124 094049 8440
20151124 094139 8440
20151124 094156 8438
20151124 094201 8436
20151124 094204 8434
20151124 094204 8434
20151124 094204 8434
20151124 094416 8436
20151124 094425 8439
20151124 094502 8438
20151124 094543 8435
20151124 094548 8434
20151124 094606 8438
20151124 094738 8440
20151124 094748 8438
20151124 094803 8437
20151124 094805 8436
20151124 094822 8436
20151124 094830 8433
20151124 094959 8429
20151124 094959 8429
20151124 094959 8430
20151124 094959 8430
20151124 094959 8430
20151124 094959 8431
20151124 095002 8429
20151124 095002 8429
20151124 095002 8429
20151124 095002 8429
20151124 095002 8429
20151124 095004 8428
20151124 095004 8429
20151124 095004 8429
20151124 095004 8429
20151124 095004 8429
20151124 095004 8429
20151124 095033 8434
20151124 095132 8437
20151124 095300 8438
20151124 095300 8438
20151124 095451 8434
20151124 095517 8439
20151124 095536 8437
20151124 095928 8439
20151124 095943 8436
20151124 100054 8441
20151124 100054 8441
20151124 100056 8442
20151124 100106 8444
20151124 100106 8445
20151124 100106 8445
20151124 100106 8446
20151124 100106 8446
20151124 100106 8446
20151124 100106 8446
20151124 100106 8446
20151124 100108 8447
20151124 100109 8446
20151124 100110 8444
20151124 100117 8448
20151124 100118 8448
20151124 100118 8448
20151124 100118 8448
20151124 100118 8450
20151124 100118 8450
20151124 100118 8450
20151124 100118 8450
20151124 100118 8450
20151124 100118 8450
20151124 100118 8450
20151124 100118 8452
20151124 100118 8453
20151124 100118 8453
20151124 100119 8453
20151124 100119 8455
20151124 100119 8456
20151124 100119 8456
20151124 100119 8457
20151124 100119 8458
20151124 100120 8459
20151124 100120 8462
20151124 100120 8462
20151124 100126 8460
20151124 100141 8460
20151124 100142 8460
20151124 100143 8461
20151124 100143 8461
20151124 100144 8465
20151124 100144 8466
20151124 100144 8467
20151124 100144 8468
20151124 100144 8471
20151124 100144 8471
20151124 100144 8471
20151124 100144 8471
20151124 100144 8471
20151124 100144 8472
20151124 100144 8472
20151124 100144 8472
20151124 100144 8472
20151124 100144 8472
20151124 100145 8475
20151124 100145 8476
20151124 100145 8476
20151124 100145 8476
20151124 100145 8477
20151124 100146 8481
20151124 100146 8481
20151124 100155 8481
20151124 100158 8484
20151124 100158 8484
20151124 100158 8487
20151124 100159 8490
20151124 100159 8490
20151124 100159 8491
20151124 100159 8491
20151124 100159 8492
20151124 100209 8488
20151124 100209 8488
20151124 100209 8488
20151124 100214 8486
20151124 100217 8485
20151124 100218 8487
20151124 100222 8485
20151124 100226 8483
20151124 100238 8483
20151124 100240 8483
20151124 100240 8483
20151124 100240 8483
20151124 100243 8482
20151124 100245 8483
20151124 100246 8483
20151124 100251 8483
20151124 100251 8483
20151124 100301 8486
20151124 100301 8486
20151124 100301 8486
20151124 100301 8486
20151124 100304 8488
20151124 100304 8488
20151124 100306 8489
20151124 100308 8488
20151124 100314 8490
20151124 100314 8490
20151124 100314 8491
20151124 100314 8491
20151124 100315 8491
20151124 100315 8492
20151124 100322 8492
20151124 100322 8492
20151124 100327 8489
20151124 100348 8488
20151124 100349 8486
20151124 100351 8486
20151124 100356 8488
20151124 100359 8487
20151124 100405 8488
20151124 100405 8488
20151124 100412 8488
20151124 100417 8490
20151124 100420 8490
20151124 100423 8489
20151124 100429 8487
20151124 100429 8487
20151124 100432 8488
20151124 100447 8488
20151124 100451 8490
20151124 100451 8491
20151124 100451 8491
20151124 100451 8492
20151124 100451 8492
20151124 100502 8484
20151124 100502 8484
20151124 100502 8485
20151124 100505 8481
20151124 100511 8481
20151124 100512 8484
20151124 100512 8484
20151124 100513 8482
20151124 100521 8480
20151124 100524 8479
20151124 100531 8482
20151124 100538 8486
20151124 100544 8481
20151124 100550 8481
20151124 100604 8486
20151124 100604 8486
20151124 100622 8482
20151124 100640 8481
20151124 100641 8479
20151124 100641 8479
20151124 100657 8478
20151124 100702 8482
20151124 100705 8481
20151124 100714 8478
20151124 100717 8479
20151124 100731 8477
20151124 100754 8478
20151124 100806 8479
20151124 100806 8479
20151124 100808 8479
20151124 100834 8482
20151124 100835 8482
20151124 100836 8482
20151124 100836 8482
20151124 100846 8480
20151124 100847 8479
20151124 100848 8479
20151124 100853 8479
20151124 100855 8479
20151124 100855 8479
20151124 100855 8479
20151124 100855 8479
20151124 100855 8479
20151124 100855 8479
20151124 100855 8479
20151124 101056 8480
20151124 101100 8482
20151124 101102 8482
20151124 101129 8484
20151124 101133 8484
20151124 101139 8481
20151124 101233 8482
20151124 101236 8483
20151124 101236 8484
20151124 101236 8484
20151124 101236 8484
20151124 101310 8481
20151124 101319 8479
20151124 101319 8479
20151124 101320 8475
20151124 101321 8474
20151124 101321 8474
20151124 101327 8472
20151124 101339 8471
20151124 101339 8471
20151124 101339 8471
20151124 101339 8471
20151124 101400 8471
20151124 101401 8470
20151124 101402 8470
20151124 101403 8470
20151124 101403 8470
20151124 101405 8464
20151124 101405 8467
20151124 101405 8469
20151124 101405 8469
20151124 101405 8469
20151124 101410 8468
20151124 101419 8459
20151124 101429 8463
20151124 101447 8466
20151124 101502 8466
20151124 101502 8466
20151124 101617 8468
20151124 101619 8468
20151124 101708 8470
20151124 101728 8469
20151124 101730 8468
20151124 101732 8467
20151124 101812 8467
20151124 101815 8464
20151124 101820 8466
20151124 101834 8465
20151124 101928 8468
20151124 101936 8468
20151124 101951 8467
20151124 102002 8464
20151124 102026 8464
20151124 102103 8462
20151124 102107 8461
20151124 102107 8461
20151124 102108 8460
20151124 102108 8461
20151124 102117 8463
20151124 102127 8460
20151124 102145 8460
20151124 102153 8459
20151124 102154 8459
20151124 102154 8459
20151124 102157 8458
20151124 102157 8459
20151124 102201 8454
20151124 102201 8454
20151124 102201 8455
20151124 102202 8453
20151124 102300 8459
20151124 102302 8457
20151124 102304 8457
20151124 102309 8457
20151124 102310 8456
20151124 102313 8456
20151124 102404 8456
20151124 102405 8456
20151124 102405 8456
20151124 102406 8456
20151124 102406 8456
20151124 102408 8455
20151124 102412 8455
20151124 102648 8462
20151124 102717 8459
20151124 102744 8459
20151124 102856 8464
20151124 103009 8465
20151124 103009 8465
20151124 103018 8466
20151124 103019 8465
20151124 103043 8464
20151124 103054 8466
20151124 103059 8468
20151124 103102 8468
20151124 103104 8469
20151124 103111 8469
20151124 103135 8470
20151124 103228 8468
20151124 103327 8468
20151124 103336 8467
20151124 103439 8468
20151124 103503 8467
20151124 103522 8468
20151124 103523 8467
20151124 103535 8467
20151124 103539 8467
20151124 103553 8468
20151124 103708 8468
20151124 103708 8469
20151124 103938 8463
20151124 104000 8462
20151124 104002 8461
20151124 104114 8459
20151124 104120 8458
20151124 104120 8458
20151124 104121 8458
20151124 104128 8456
20151124 104128 8457
20151124 104128 8457
20151124 104129 8456
20151124 104131 8456
20151124 104131 8456
20151124 104133 8456
20151124 104134 8455
20151124 104134 8455
20151124 104134 8455
20151124 104146 8454
20151124 104146 8454
20151124 104147 8454
20151124 104149 8454
20151124 104202 8452
20151124 104203 8451
20151124 104205 8450
20151124 104205 8451
20151124 104209 8449
20151124 104209 8449
20151124 104212 8447
20151124 104212 8450
20151124 104241 8449
20151124 104241 8450
20151124 104418 8448
20151124 104418 8448
20151124 104422 8447
20151124 104424 8447
20151124 104434 8449
20151124 104502 8446
20151124 104502 8447
20151124 104502 8447
20151124 104502 8447
20151124 104502 8447
20151124 104517 8449
20151124 104621 8449
20151124 104708 8448
20151124 104709 8447
20151124 104709 8447
20151124 104710 8446
20151124 104710 8446
20151124 104710 8446
20151124 104710 8446
20151124 104710 8446
20151124 104712 8445
20151124 104714 8444
20151124 104714 8444
20151124 104714 8444
20151124 104714 8444
20151124 104714 8444
20151124 104714 8444
20151124 104722 8446
20151124 104724 8443
20151124 104747 8448
20151124 104757 8446
20151124 104806 8447
20151124 104817 8447
20151124 104819 8446
20151124 104822 8447
20151124 104825 8442
20151124 104831 8446
20151124 104831 8447
20151124 104835 8446
20151124 104837 8445
20151124 104843 8444
20151124 104911 8437
20151124 104911 8441
20151124 104913 8441
20151124 104917 8441
20151124 104917 8441
20151124 104917 8442
20151124 104934 8443
20151124 104946 8441
20151124 104948 8439
20151124 104948 8439
20151124 104948 8439
20151124 104948 8440
20151124 104948 8440
20151124 104948 8440
20151124 104948 8440
20151124 105006 8442
20151124 105007 8441
20151124 105023 8441
20151124 105037 8443
20151124 105121 8439
20151124 105122 8438
20151124 105122 8438
20151124 105122 8438
20151124 105220 8436
20151124 105220 8436
20151124 105221 8434
20151124 105221 8434
20151124 105221 8436
20151124 105221 8436
20151124 105221 8436
20151124 105230 8432
20151124 105237 8434
20151124 105300 8431
20151124 105301 8430
20151124 105314 8432
20151124 105347 8434
20151124 105349 8435
20151124 105416 8438
20151124 105451 8439
20151124 105454 8439
20151124 105500 8438
20151124 105519 8438
20151124 105519 8438
20151124 105626 8437
20151124 105629 8437
20151124 105629 8437
20151124 105634 8436
20151124 105634 8436
20151124 105710 8437
20151124 105855 8438
20151124 110100 8438
20151124 110317 8435
20151124 110318 8434
20151124 110318 8434
20151124 110318 8434
20151124 110318 8434
20151124 110418 8436
20151124 110448 8432
20151124 110448 8432
20151124 110458 8430
20151124 110458 8430
20151124 110458 8430
20151124 110458 8430
20151124 110458 8430
20151124 110458 8430
20151124 110502 8427
20151124 110502 8427
20151124 110502 8427
20151124 110502 8427
20151124 110502 8427
20151124 110502 8427
20151124 110502 8428
20151124 110502 8429
20151124 110502 8429
20151124 110502 8429
20151124 110502 8429
20151124 110502 8429
20151124 110502 8430
20151124 110502 8430
20151124 110516 8426
20151124 110516 8426
20151124 110519 8425
20151124 110519 8425
20151124 110520 8425
20151124 110520 8425
20151124 110522 8424
20151124 110522 8424
20151124 110522 8424
20151124 110522 8424
20151124 110523 8416
20151124 110523 8417
20151124 110523 8417
20151124 110523 8417
20151124 110523 8418
20151124 110523 8418
20151124 110523 8419
20151124 110523 8419
20151124 110523 8419
20151124 110523 8419
20151124 110523 8420
20151124 110523 8420
20151124 110523 8420
20151124 110523 8420
20151124 110523 8420
20151124 110523 8420
20151124 110523 8420
20151124 110523 8421
20151124 110523 8421
20151124 110523 8422
20151124 110524 8412
20151124 110524 8412
20151124 110524 8412
20151124 110524 8413
20151124 110524 8413
20151124 110524 8413
20151124 110524 8413
20151124 110524 8413
20151124 110524 8413
20151124 110524 8413
20151124 110524 8413
20151124 110524 8413
20151124 110524 8413
20151124 110524 8413
20151124 110524 8413
20151124 110524 8413
20151124 110524 8413
20151124 110524 8413
20151124 110524 8413
20151124 110524 8413
20151124 110524 8413
20151124 110524 8413
20151124 110524 8413
20151124 110524 8414
20151124 110524 8414
20151124 110524 8414
20151124 110524 8414
20151124 110524 8414
20151124 110524 8414
20151124 110524 8414
20151124 110524 8414
20151124 110524 8414
20151124 110524 8415
20151124 110524 8415
20151124 110524 8415
20151124 110524 8415
20151124 110528 8416
20151124 110536 8422
20151124 110540 8424
20151124 110540 8424
20151124 110540 8424
20151124 110540 8424
20151124 110540 8424
20151124 110540 8424
20151124 110540 8424
20151124 110540 8424
20151124 110540 8424
20151124 110540 8424
20151124 110540 8425
20151124 110540 8425
20151124 110540 8425
20151124 110550 8419
20151124 110601 8417
20151124 110617 8416
20151124 110708 8418
20151124 110708 8418
20151124 110708 8418
20151124 110718 8419
20151124 110726 8423
20151124 110726 8423
20151124 110726 8424
20151124 110744 8423
20151124 110752 8422
20151124 110752 8422
20151124 110759 8422
20151124 110801 8420
20151124 110804 8418
20151124 110845 8418
20151124 110902 8414
20151124 110915 8412
20151124 110918 8412
20151124 110919 8409
20151124 110919 8409
20151124 110919 8409
20151124 110919 8409
20151124 110919 8409
20151124 110919 8412
20151124 110930 8407
20151124 110942 8409
20151124 110942 8409
20151124 110942 8409
20151124 110942 8409
20151124 110954 8406
20151124 110954 8406
20151124 111037 8410
20151124 111041 8413
20151124 111044 8412
20151124 111051 8411
20151124 111056 8410
20151124 111105 8412
20151124 111107 8409
20151124 111108 8410
20151124 111111 8408
20151124 111114 8407
20151124 111121 8406
20151124 111124 8405
20151124 111124 8405
20151124 111124 8405
20151124 111135 8405
20151124 111137 8406
20151124 111141 8405
20151124 111145 8406
20151124 111202 8403
20151124 111202 8404
20151124 111202 8404
20151124 111202 8404
20151124 111202 8404
20151124 111202 8405
20151124 111203 8403
20151124 111211 8401
20151124 111215 8400
20151124 111221 8401
20151124 111228 8402
20151124 111242 8402
20151124 111243 8402
20151124 111243 8402
20151124 111300 8405
20151124 111300 8405
20151124 111316 8407
20151124 111317 8407
20151124 111328 8405
20151124 111329 8404
20151124 111341 8403
20151124 111341 8404
20151124 111358 8405
20151124 111408 8404
20151124 111453 8410
20151124 111500 8409
20151124 111514 8414
20151124 111514 8414
20151124 111516 8414
20151124 111530 8414
20151124 111537 8415
20151124 111537 8415
20151124 111537 8415
20151124 111537 8415
20151124 111537 8415
20151124 111537 8415
20151124 111537 8415
20151124 111537 8415
20151124 111538 8414
20151124 111620 8416
20151124 111621 8416
20151124 111657 8416
20151124 111702 8414
20151124 111702 8414
20151124 111705 8413
20151124 111718 8414
20151124 111721 8413
20151124 111843 8415
20151124 112008 8415
20151124 112026 8415
20151124 112107 8413
20151124 112108 8413
20151124 112108 8413
20151124 112109 8412
20151124 112145 8414
20151124 112234 8412
20151124 112251 8411
20151124 112251 8411
20151124 112257 8411
20151124 112302 8411
20151124 112305 8410
20151124 112423 8415
20151124 112423 8415
20151124 112424 8415
20151124 112436 8413
20151124 112436 8413
20151124 112436 8413
20151124 112436 8413
20151124 112436 8413
20151124 112436 8414
20151124 112439 8415
20151124 112440 8415
20151124 112440 8415
20151124 112440 8415
20151124 112440 8415
20151124 112440 8415
20151124 112441 8415
20151124 112447 8416
20151124 112447 8416
20151124 112447 8416
20151124 112447 8416
20151124 112533 8420
20151124 112559 8423
20151124 112606 8423
20151124 112718 8419
20151124 112751 8420
20151124 112814 8422
20151124 112921 8421
20151124 113001 8420
20151124 113001 8420
20151124 113009 8419
20151124 113009 8419
20151124 113017 8419
20151124 113017 8419
20151124 113017 8419
20151124 113017 8419
20151124 113017 8419
20151124 113017 8419
20151124 113017 8419
20151124 113017 8419
20151124 113117 8419
20151124 113117 8420
20151124 113117 8420
20151124 113119 8418
20151124 113119 8419
20151124 113149 8420
20151124 113324 8418
20151124 113353 8414
20151124 113358 8412
20151124 113419 8410
20151124 113611 8409
20151124 113613 8408
20151124 113616 8407
20151124 113744 8418
20151124 113838 8417
20151124 114302 8421
20151124 114302 8421
20151124 114302 8422
20151124 114302 8422
20151124 114302 8423
20151124 114302 8423
20151124 114302 8423
20151124 114302 8423
20151124 114302 8423
20151124 114302 8423
20151124 114302 8423
20151124 114302 8423
20151124 114302 8423
20151124 114302 8423
20151124 114303 8423
20151124 114303 8423
20151124 114303 8423
20151124 114309 8421
20151124 114452 8421
20151124 114459 8423
20151124 114509 8425
20151124 114509 8425
20151124 114509 8425
20151124 114509 8425
20151124 114509 8426
20151124 114509 8428
20151124 114537 8426
20151124 114551 8426
20151124 114555 8427
20151124 114559 8427
20151124 114618 8427
20151124 114854 8424
20151124 114902 8423
20151124 114945 8423
20151124 114945 8423
20151124 115128 8421
20151124 115139 8422
20151124 115651 8422
20151124 120027 8418
20151124 120032 8414
20151124 120059 8409
20151124 120059 8410
20151124 120100 8406
20151124 120100 8406
20151124 120100 8406
20151124 120100 8406
20151124 120100 8407
20151124 120103 8405
20151124 120103 8405
20151124 120104 8405
20151124 120104 8405
20151124 120106 8405
20151124 120106 8405
20151124 120117 8403
20151124 120117 8403
20151124 120118 8401
20151124 120118 8401
20151124 120118 8401
20151124 120118 8401
20151124 120118 8402
20151124 120140 8400
20151124 120141 8393
20151124 120141 8394
20151124 120141 8394
20151124 120141 8396
20151124 120141 8396
20151124 120141 8398
20151124 120141 8398
20151124 120141 8399
20151124 120141 8399
20151124 120141 8399
20151124 120150 8396
20151124 120151 8396
20151124 120155 8394
20151124 120201 8393
20151124 120201 8394
20151124 120204 8395
20151124 120204 8395
20151124 120204 8395
20151124 120204 8395
20151124 120204 8395
20151124 120206 8397
20151124 120216 8399
20151124 120216 8399
20151124 120216 8399
20151124 120217 8399
20151124 120219 8398
20151124 120219 8399
20151124 120232 8397
20151124 120241 8396
20151124 120248 8395
20151124 120301 8393
20151124 120309 8393
20151124 120314 8392
20151124 120316 8393
20151124 120319 8393
20151124 120319 8393
20151124 120320 8393
20151124 120320 8394
20151124 120323 8394
20151124 120323 8394
20151124 120327 8394
20151124 120327 8394
20151124 120327 8394
20151124 120327 8394
20151124 120338 8391
20151124 120342 8390
20151124 120344 8389
20151124 120344 8389
20151124 120344 8389
20151124 120400 8389
20151124 120400 8389
20151124 120401 8386
20151124 120401 8387
20151124 120401 8387
20151124 120402 8385
20151124 120402 8387
20151124 120403 8385
20151124 120406 8387
20151124 120410 8386
20151124 120415 8388
20151124 120420 8387
20151124 120420 8387
20151124 120420 8387
20151124 120420 8387
20151124 120420 8387
20151124 120421 8386
20151124 120421 8386
20151124 120426 8386
20151124 120435 8387
20151124 120437 8387
20151124 120447 8386
20151124 120502 8383
20151124 120502 8384
20151124 120502 8384
20151124 120502 8384
20151124 120502 8384
20151124 120502 8384
20151124 120502 8384
20151124 120502 8384
20151124 120503 8385
20151124 120511 8382
20151124 120512 8382
20151124 120520 8381
20151124 120523 8382
20151124 120526 8384
20151124 120534 8381
20151124 120543 8379
20151124 120558 8377
20151124 120558 8377
20151124 120609 8382
20151124 120610 8382
20151124 120610 8382
20151124 120610 8382
20151124 120618 8385
20151124 120621 8384
20151124 120626 8384
20151124 120650 8386
20151124 120709 8387
20151124 120709 8387
20151124 120750 8387
20151124 120750 8387
20151124 120809 8388
20151124 120910 8388
20151124 120930 8387
20151124 120943 8387
20151124 120943 8387
20151124 121152 8388
20151124 121208 8387
20151124 121240 8385
20151124 121306 8388
20151124 121546 8386
20151124 121546 8386
20151124 121550 8384
20151124 121554 8383
20151124 121558 8385
20151124 121622 8387
20151124 121647 8388
20151124 121659 8388
20151124 121705 8388
20151124 121814 8384
20151124 121820 8385
20151124 121834 8385
20151124 121836 8386
20151124 121949 8389
20151124 122015 8385
20151124 122015 8387
20151124 122015 8387
20151124 122015 8387
20151124 122015 8389
20151124 122057 8387
20151124 122207 8382
20151124 122208 8381
20151124 122208 8381
20151124 122208 8381
20151124 122208 8381
20151124 122208 8381
20151124 122215 8384
20151124 122215 8384
20151124 122215 8384
20151124 122215 8384
20151124 122215 8384
20151124 122215 8384
20151124 122215 8384
20151124 122215 8384
20151124 122307 8372
20151124 122307 8374
20151124 122307 8374
20151124 122307 8375
20151124 122307 8375
20151124 122307 8376
20151124 122307 8377
20151124 122307 8378
20151124 122308 8370
20151124 122308 8370
20151124 122323 8372
20151124 122323 8372
20151124 122323 8372
20151124 122324 8372
20151124 122324 8372
20151124 122324 8372
20151124 122324 8372
20151124 122325 8371
20151124 122325 8371
20151124 122325 8371
20151124 122325 8371
20151124 122325 8371
20151124 122325 8371
20151124 122325 8371
20151124 122327 8370
20151124 122327 8370
20151124 122327 8370
20151124 122327 8370
20151124 122329 8371
20151124 122329 8371
20151124 122330 8371
20151124 122330 8371
20151124 122330 8371
20151124 122331 8371
20151124 122331 8371
20151124 122331 8371
20151124 122357 8367
20151124 122358 8364
20151124 122358 8366
20151124 122358 8366
20151124 122410 8366
20151124 122413 8365
20151124 122414 8364
20151124 122414 8364
20151124 122414 8364
20151124 122415 8364
20151124 122415 8364
20151124 122415 8364
20151124 122415 8364
20151124 122423 8363
20151124 122423 8363
20151124 122426 8365
20151124 122446 8368
20151124 122459 8369
20151124 122459 8369
20151124 122612 8370
20151124 122621 8369
20151124 122621 8369
20151124 122623 8368
20151124 122627 8368
20151124 122642 8370
20151124 122725 8370
20151124 122804 8372
20151124 122818 8373
20151124 122823 8372
20151124 122844 8374
20151124 122853 8374
20151124 122918 8374
20151124 122934 8374
20151124 122936 8375
20151124 122949 8375
20151124 122959 8375
20151124 123033 8374
20151124 123145 8378
20151124 123145 8378
20151124 123216 8378
20151124 123218 8378
20151124 123222 8376
20151124 123355 8379
20151124 123355 8379
20151124 123356 8379
20151124 123356 8379
20151124 123357 8379
20151124 123357 8379
20151124 123359 8379
20151124 123400 8380
20151124 123400 8380
20151124 123514 8382
20151124 123516 8383
20151124 123525 8384
20151124 123536 8383
20151124 123626 8385
20151124 123627 8386
20151124 123725 8384
20151124 123850 8382
20151124 123958 8386
20151124 124001 8387
20151124 124001 8387
20151124 124110 8387
20151124 124211 8387
20151124 124257 8388
20151124 124258 8389
20151124 124258 8389
20151124 124258 8390
20151124 124258 8390
20151124 124303 8392
20151124 124339 8391
20151124 124351 8393
20151124 124405 8392
20151124 124409 8393
20151124 124409 8393
20151124 124409 8393
20151124 124409 8393
20151124 124409 8393
20151124 124409 8394
20151124 124410 8393
20151124 124413 8394
20151124 124413 8394
20151124 124413 8394
20151124 124413 8394
20151124 124413 8394
20151124 124413 8394
20151124 124437 8394
20151124 124507 8396
20151124 124507 8396
20151124 124546 8392
20151124 124701 8393
20151124 124747 8389
20151124 124754 8390
20151124 124804 8392
20151124 124809 8392
20151124 124852 8389
20151124 125053 8391
20151124 125151 8390
20151124 125151 8390
20151124 125343 8389
20151124 125356 8390
20151124 125408 8388
20151124 125409 8387
20151124 125455 8385
20151124 125707 8391
20151124 125749 8392
20151124 125759 8394
20151124 125759 8394
20151124 125759 8394
20151124 125851 8392
20151124 130024 8390
20151124 130112 8387
20151124 130149 8386
20151124 130154 8386
20151124 130154 8386
20151124 130154 8386
20151124 130259 8380
20151124 130310 8382
20151124 130441 8382
20151124 130443 8383
20151124 130457 8382
20151124 130523 8379
20151124 130556 8379
20151124 130559 8380
20151124 130614 8381
20151124 130814 8377
20151124 130906 8382
20151124 130955 8380
20151124 131010 8381
20151124 131123 8384
20151124 131138 8384
20151124 131138 8384
20151124 131138 8384
20151124 131138 8384
20151124 131138 8384
20151124 131301 8383
20151124 131304 8387
20151124 131402 8387
20151124 131402 8387
20151124 131605 8390
20151124 131631 8389
20151124 131644 8389
20151124 131659 8389
20151124 131724 8387
20151124 131724 8387
20151124 131724 8387
20151124 131724 8387
20151124 131725 8387
20151124 131725 8387
20151124 131821 8380
20151124 131822 8380
20151124 131944 8376
20151124 131950 8378
20151124 131957 8376
20151124 131957 8376
20151124 131957 8376
20151124 132000 8376
20151124 132000 8376
20151124 132000 8376
20151124 132000 8376
20151124 132000 8376
20151124 132000 8377
20151124 132001 8379
20151124 132001 8379
20151124 132011 8380
20151124 132110 8377
20151124 132252 8382
20151124 132342 8386
20151124 132342 8386
20151124 132345 8384
20151124 132458 8387
20151124 132500 8386
20151124 132502 8388
20151124 132502 8388
20151124 132535 8385
20151124 132535 8385
20151124 132536 8385
20151124 132536 8385
20151124 132536 8385
20151124 132537 8385
20151124 132623 8389
20151124 132625 8387
20151124 132658 8389
20151124 132700 8388
20151124 132701 8390
20151124 132701 8390
20151124 132701 8390
20151124 132750 8388
20151124 133011 8384
20151124 133027 8388
20151124 133041 8387
20151124 133044 8387
20151124 133047 8388
20151124 133151 8387
20151124 133154 8387
20151124 133240 8390
20151124 133253 8391
20151124 133258 8392
20151124 133300 8392
20151124 133300 8392
20151124 133304 8392
20151124 133305 8393
20151124 133305 8393
20151124 133310 8394
20151124 133329 8391
20151124 133349 8390
20151124 133433 8390
20151124 133446 8393
20151124 133450 8394
20151124 133451 8394
20151124 133454 8393
20151124 133500 8395
20151124 133502 8396
20151124 133502 8396
20151124 133503 8396
20151124 133527 8393
20151124 133549 8394
20151124 133556 8394
20151124 133558 8393
20151124 133603 8396
20151124 133604 8395
20151124 133620 8394
20151124 133623 8394
20151124 133644 8393
20151124 133651 8392
20151124 133653 8392
20151124 133656 8391
20151124 133702 8392
20151124 133724 8394
20151124 133724 8394
20151124 133724 8394
20151124 133729 8394
20151124 133746 8394
20151124 133748 8393
20151124 133848 8395
20151124 133858 8396
20151124 133912 8396
20151124 133922 8397
20151124 133959 8399
20151124 134001 8400
20151124 134001 8400
20151124 134001 8400
20151124 134003 8400
20151124 134003 8400
20151124 134004 8401
20151124 134005 8401
20151124 134007 8401
20151124 134017 8399
20151124 134031 8398
20151124 134109 8400
20151124 134116 8400
20151124 134135 8401
20151124 134151 8396
20151124 134151 8396
20151124 134154 8396
20151124 134240 8399
20151124 134301 8401
20151124 134303 8400
20151124 134304 8401
20151124 134305 8402
20151124 134306 8402
20151124 134306 8402
20151124 134314 8401
20151124 134352 8402
20151124 134352 8402
20151124 134400 8401
20151124 134400 8402
20151124 134401 8403
20151124 134402 8401
20151124 134404 8403
20151124 134408 8403
20151124 134409 8401
20151124 134442 8401
