20151014 084500 8521
20151014 084500 8522
20151014 084500 8522
20151014 084501 8520
20151014 084501 8520
20151014 084501 8520
20151014 084507 8517
20151014 084508 8516
20151014 084508 8516
20151014 084508 8517
20151014 084509 8514
20151014 084509 8514
20151014 084509 8514
20151014 084509 8515
20151014 084509 8515
20151014 084510 8512
20151014 084510 8512
20151014 084510 8512
20151014 084510 8512
20151014 084510 8512
20151014 084510 8513
20151014 084514 8520
20151014 084516 8517
20151014 084521 8516
20151014 084521 8517
20151014 084526 8514
20151014 084526 8515
20151014 084528 8517
20151014 084529 8517
20151014 084529 8517
20151014 084529 8517
20151014 084543 8515
20151014 084619 8514
20151014 084619 8514
20151014 084619 8514
20151014 084619 8514
20151014 084619 8514
20151014 084619 8514
20151014 084623 8511
20151014 084623 8512
20151014 084623 8512
20151014 084632 8511
20151014 084634 8513
20151014 084634 8513
20151014 084634 8513
20151014 084634 8513
20151014 084634 8513
20151014 084634 8513
20151014 084637 8513
20151014 084654 8511
20151014 084654 8511
20151014 084658 8515
20151014 084658 8515
20151014 084703 8513
20151014 084736 8515
20151014 084739 8514
20151014 084739 8514
20151014 084743 8514
20151014 084813 8516
20151014 084813 8516
20151014 084820 8517
20151014 084920 8518
20151014 084920 8518
20151014 084920 8518
20151014 084920 8519
20151014 084950 8517
20151014 084955 8519
20151014 084955 8519
20151014 084955 8519
20151014 085003 8519
20151014 085022 8517
20151014 085023 8517
20151014 085023 8517
20151014 085023 8518
20151014 085026 8518
20151014 085032 8519
20151014 085034 8499
20151014 085052 8522
20151014 085059 8522
20151014 085104 8524
20151014 085105 8523
20151014 085108 8523
20151014 085124 8524
20151014 085124 8524
20151014 085125 8523
20151014 085130 8525
20151014 085137 8523
20151014 085138 8523
20151014 085148 8521
20151014 085151 8521
20151014 085152 8521
20151014 085201 8521
20151014 085206 8521
20151014 085208 8520
20151014 085210 8519
20151014 085222 8520
20151014 085234 8518
20151014 085234 8518
20151014 085234 8518
20151014 085235 8518
20151014 085241 8519
20151014 085317 8515
20151014 085317 8515
20151014 085317 8515
20151014 085318 8514
20151014 085318 8514
20151014 085318 8514
20151014 085318 8514
20151014 085318 8515
20151014 085318 8515
20151014 085322 8514
20151014 085322 8514
20151014 085323 8513
20151014 085323 8513
20151014 085323 8513
20151014 085325 8515
20151014 085350 8516
20151014 085402 8517
20151014 085402 8517
20151014 085443 8519
20151014 085506 8517
20151014 085512 8516
20151014 085512 8516
20151014 085613 8515
20151014 085614 8502
20151014 085618 8515
20151014 085639 8513
20151014 085640 8512
20151014 085640 8512
20151014 085640 8512
20151014 085640 8512
20151014 085640 8512
20151014 085640 8512
20151014 085640 8512
20151014 085640 8512
20151014 085640 8512
20151014 085640 8512
20151014 085641 8511
20151014 085641 8512
20151014 085641 8512
20151014 085641 8512
20151014 085641 8512
20151014 085641 8512
20151014 085641 8512
20151014 085641 8512
20151014 085641 8512
20151014 085641 8512
20151014 085641 8512
20151014 085641 8512
20151014 085641 8512
20151014 085655 8511
20151014 085655 8511
20151014 085721 8514
20151014 085755 8513
20151014 085807 8514
20151014 085816 8516
20151014 085816 8516
20151014 085816 8516
20151014 085838 8514
20151014 085952 8514
20151014 085955 8513
20151014 085955 8513
20151014 090000 8512
20151014 090000 8512
20151014 090000 8512
20151014 090000 8512
20151014 090001 8512
20151014 090001 8512
20151014 090001 8512
20151014 090001 8512
20151014 090001 8512
20151014 090001 8512
20151014 090034 8514
20151014 090039 8514
20151014 090046 8516
20151014 090108 8516
20151014 090114 8520
20151014 090120 8518
20151014 090123 8519
20151014 090123 8519
20151014 090123 8519
20151014 090123 8519
20151014 090123 8519
20151014 090123 8519
20151014 090123 8519
20151014 090123 8519
20151014 090123 8519
20151014 090125 8519
20151014 090139 8517
20151014 090154 8521
20151014 090155 8522
20151014 090155 8522
20151014 090155 8524
20151014 090155 8524
20151014 090155 8524
20151014 090230 8519
20151014 090230 8519
20151014 090232 8518
20151014 090252 8518
20151014 090259 8515
20151014 090259 8515
20151014 090259 8515
20151014 090259 8515
20151014 090259 8516
20151014 090302 8515
20151014 090306 8515
20151014 090312 8515
20151014 090313 8518
20151014 090313 8518
20151014 090314 8518
20151014 090314 8518
20151014 090314 8518
20151014 090340 8521
20151014 090340 8521
20151014 090412 8523
20151014 090413 8523
20151014 090417 8523
20151014 090417 8524
20151014 090417 8524
20151014 090418 8524
20151014 090418 8525
20151014 090418 8525
20151014 090418 8526
20151014 090418 8526
20151014 090419 8527
20151014 090427 8526
20151014 090431 8525
20151014 090431 8525
20151014 090431 8525
20151014 090431 8525
20151014 090434 8527
20151014 090508 8522
20151014 090508 8522
20151014 090508 8523
20151014 090508 8523
20151014 090508 8523
20151014 090508 8523
20151014 090508 8523
20151014 090508 8523
20151014 090524 8516
20151014 090526 8514
20151014 090541 8517
20151014 090557 8520
20151014 090618 8518
20151014 090637 8520
20151014 090637 8521
20151014 090638 8522
20151014 090638 8524
20151014 090638 8525
20151014 090638 8525
20151014 090638 8525
20151014 090638 8525
20151014 090638 8525
20151014 090638 8525
20151014 090638 8525
20151014 090638 8525
20151014 090638 8525
20151014 090638 8525
20151014 090638 8525
20151014 090638 8526
20151014 090639 8525
20151014 090639 8525
20151014 090639 8526
20151014 090639 8526
20151014 090644 8523
20151014 090646 8522
20151014 090646 8522
20151014 090711 8525
20151014 090712 8526
20151014 090726 8522
20151014 090740 8524
20151014 090824 8500
20151014 090824 8520
20151014 090830 8497
20151014 090830 8497
20151014 090830 8517
20151014 090830 8517
20151014 091114 8517
20151014 091127 8514
20151014 091128 8506
20151014 091128 8506
20151014 091128 8506
20151014 091128 8506
20151014 091128 8506
20151014 091128 8506
20151014 091128 8506
20151014 091128 8506
20151014 091128 8506
20151014 091128 8507
20151014 091128 8507
20151014 091128 8508
20151014 091128 8508
20151014 091128 8509
20151014 091128 8509
20151014 091128 8509
20151014 091128 8509
20151014 091128 8509
20151014 091128 8509
20151014 091128 8509
20151014 091128 8509
20151014 091128 8511
20151014 091128 8511
20151014 091128 8511
20151014 091128 8511
20151014 091128 8511
20151014 091128 8511
20151014 091128 8511
20151014 091128 8511
20151014 091128 8511
20151014 091128 8511
20151014 091128 8512
20151014 091129 8501
20151014 091129 8501
20151014 091129 8501
20151014 091129 8501
20151014 091129 8501
20151014 091129 8501
20151014 091129 8501
20151014 091129 8501
20151014 091129 8501
20151014 091129 8501
20151014 091129 8501
20151014 091129 8501
20151014 091129 8501
20151014 091129 8501
20151014 091129 8501
20151014 091129 8501
20151014 091129 8501
20151014 091129 8501
20151014 091129 8501
20151014 091129 8501
20151014 091129 8501
20151014 091129 8501
20151014 091129 8501
20151014 091129 8502
20151014 091129 8502
20151014 091129 8502
20151014 091129 8502
20151014 091129 8503
20151014 091129 8503
20151014 091129 8503
20151014 091129 8503
20151014 091129 8503
20151014 091129 8504
20151014 091129 8504
20151014 091130 8502
20151014 091130 8502
20151014 091131 8505
20151014 091131 8505
20151014 091131 8505
20151014 091132 8507
20151014 091132 8507
20151014 091132 8507
20151014 091132 8507
20151014 091140 8506
20151014 091140 8506
20151014 091140 8506
20151014 091148 8508
20151014 091148 8508
20151014 091149 8509
20151014 091149 8509
20151014 091149 8509
20151014 091149 8509
20151014 091149 8509
20151014 091149 8509
20151014 091149 8509
20151014 091149 8509
20151014 091149 8509
20151014 091149 8509
20151014 091153 8507
20151014 091154 8507
20151014 091154 8507
20151014 091154 8507
20151014 091157 8505
20151014 091157 8506
20151014 091157 8506
20151014 091157 8506
20151014 091158 8505
20151014 091158 8506
20151014 091158 8506
20151014 091158 8507
20151014 091200 8503
20151014 091200 8503
20151014 091200 8505
20151014 091200 8505
20151014 091200 8505
20151014 091200 8506
20151014 091200 8507
20151014 091200 8507
20151014 091200 8507
20151014 091201 8503
20151014 091201 8503
20151014 091204 8506
20151014 091205 8507
20151014 091205 8507
20151014 091207 8505
20151014 091207 8505
20151014 091211 8507
20151014 091211 8507
20151014 091211 8507
20151014 091211 8510
20151014 091211 8510
20151014 091211 8510
20151014 091211 8510
20151014 091211 8510
20151014 091214 8507
20151014 091216 8507
20151014 091217 8507
20151014 091231 8507
20151014 091237 8508
20151014 091239 8507
20151014 091239 8507
20151014 091239 8507
20151014 091240 8507
20151014 091241 8509
20151014 091252 8506
20151014 091255 8507
20151014 091255 8507
20151014 091256 8507
20151014 091259 8505
20151014 091259 8505
20151014 091302 8503
20151014 091305 8502
20151014 091306 8500
20151014 091306 8500
20151014 091306 8501
20151014 091306 8501
20151014 091307 8497
20151014 091307 8497
20151014 091307 8497
20151014 091307 8497
20151014 091307 8498
20151014 091307 8498
20151014 091307 8498
20151014 091307 8499
20151014 091307 8499
20151014 091307 8499
20151014 091307 8499
20151014 091307 8500
20151014 091333 8500
20151014 091339 8497
20151014 091345 8500
20151014 091351 8503
20151014 091353 8506
20151014 091410 8502
20151014 091411 8501
20151014 091411 8501
20151014 091418 8503
20151014 091418 8503
20151014 091430 8502
20151014 091436 8503
20151014 091436 8503
20151014 091437 8503
20151014 091437 8503
20151014 091438 8503
20151014 091459 8500
20151014 091500 8498
20151014 091500 8498
20151014 091501 8496
20151014 091501 8496
20151014 091501 8496
20151014 091501 8496
20151014 091501 8496
20151014 091501 8497
20151014 091501 8497
20151014 091501 8497
20151014 091502 8494
20151014 091502 8494
20151014 091502 8494
20151014 091502 8494
20151014 091502 8494
20151014 091502 8494
20151014 091502 8494
20151014 091502 8494
20151014 091502 8494
20151014 091502 8494
20151014 091502 8494
20151014 091502 8495
20151014 091502 8495
20151014 091507 8500
20151014 091524 8496
20151014 091542 8495
20151014 091543 8495
20151014 091543 8495
20151014 091553 8496
20151014 091557 8495
20151014 091607 8497
20151014 091626 8497
20151014 091626 8497
20151014 091626 8497
20151014 091651 8499
20151014 091704 8501
20151014 091704 8502
20151014 091704 8503
20151014 091705 8502
20151014 091705 8502
20151014 091705 8503
20151014 091705 8504
20151014 091727 8502
20151014 091734 8502
20151014 091742 8503
20151014 091742 8503
20151014 091757 8501
20151014 091757 8502
20151014 091757 8502
20151014 091808 8499
20151014 091808 8499
20151014 091808 8499
20151014 091816 8498
20151014 091817 8497
20151014 091818 8496
20151014 091832 8498
20151014 091845 8497
20151014 091848 8497
20151014 091849 8494
20151014 091849 8495
20151014 091849 8495
20151014 091849 8495
20151014 091849 8495
20151014 091849 8495
20151014 091849 8496
20151014 091851 8496
20151014 091901 8492
20151014 091901 8492
20151014 091901 8492
20151014 091901 8492
20151014 091901 8492
20151014 091901 8492
20151014 091901 8492
20151014 091901 8493
20151014 091901 8493
20151014 091901 8493
20151014 091901 8493
20151014 091901 8493
20151014 091921 8499
20151014 091942 8500
20151014 091953 8502
20151014 092000 8502
20151014 092014 8502
20151014 092022 8504
20151014 092024 8504
20151014 092028 8504
20151014 092040 8502
20151014 092043 8500
20151014 092044 8501
20151014 092051 8502
20151014 092103 8504
20151014 092104 8505
20151014 092122 8503
20151014 092127 8505
20151014 092127 8505
20151014 092128 8489
20151014 092128 8506
20151014 092128 8506
20151014 092128 8506
20151014 092128 8508
20151014 092128 8508
20151014 092128 8508
20151014 092128 8509
20151014 092128 8509
20151014 092128 8510
20151014 092128 8510
20151014 092129 8511
20151014 092129 8512
20151014 092129 8513
20151014 092129 8514
20151014 092129 8515
20151014 092129 8516
20151014 092129 8516
20151014 092129 8516
20151014 092129 8517
20151014 092129 8518
20151014 092129 8518
20151014 092129 8518
20151014 092129 8518
20151014 092129 8518
20151014 092129 8518
20151014 092129 8518
20151014 092129 8519
20151014 092129 8519
20151014 092129 8519
20151014 092130 8515
20151014 092133 8518
20151014 092135 8515
20151014 092146 8513
20151014 092152 8513
20151014 092154 8510
20151014 092210 8508
20151014 092219 8510
20151014 092236 8511
20151014 092308 8511
20151014 092308 8511
20151014 092312 8512
20151014 092322 8505
20151014 092322 8506
20151014 092322 8508
20151014 092326 8505
20151014 092332 8507
20151014 092412 8507
20151014 092440 8509
20151014 092441 8509
20151014 092448 8510
20151014 092449 8512
20151014 092453 8513
20151014 092454 8512
20151014 092454 8513
20151014 092454 8513
20151014 092618 8511
20151014 092701 8513
20151014 092701 8513
20151014 092701 8514
20151014 092706 8515
20151014 092712 8515
20151014 092720 8516
20151014 092725 8514
20151014 092733 8515
20151014 092744 8514
20151014 092744 8514
20151014 092855 8509
20151014 092922 8508
20151014 092922 8508
20151014 093000 8509
20151014 093003 8509
20151014 093016 8511
20151014 093027 8510
20151014 093047 8510
20151014 093059 8513
20151014 093104 8515
20151014 093104 8516
20151014 093104 8516
20151014 093128 8505
20151014 093128 8506
20151014 093128 8507
20151014 093129 8503
20151014 093129 8503
20151014 093129 8503
20151014 093129 8504
20151014 093130 8502
20151014 093130 8502
20151014 093132 8504
20151014 093137 8506
20151014 093137 8506
20151014 093137 8506
20151014 093145 8508
20151014 093145 8508
20151014 093145 8508
20151014 093145 8508
20151014 093147 8508
20151014 093152 8509
20151014 093152 8510
20151014 093158 8511
20151014 093201 8512
20151014 093201 8512
20151014 093208 8513
20151014 093208 8514
20151014 093210 8516
20151014 093214 8517
20151014 093214 8519
20151014 093214 8519
20151014 093214 8520
20151014 093214 8520
20151014 093215 8521
20151014 093215 8521
20151014 093215 8521
20151014 093215 8521
20151014 093215 8522
20151014 093215 8522
20151014 093215 8523
20151014 093215 8523
20151014 093215 8523
20151014 093215 8524
20151014 093215 8524
20151014 093215 8524
20151014 093215 8524
20151014 093215 8524
20151014 093215 8525
20151014 093215 8526
20151014 093217 8514
20151014 093217 8514
20151014 093217 8514
20151014 093217 8515
20151014 093217 8515
20151014 093217 8523
20151014 093217 8526
20151014 093217 8526
20151014 093217 8527
20151014 093218 8520
20151014 093221 8520
20151014 093224 8519
20151014 093228 8519
20151014 093248 8516
20151014 093250 8517
20151014 093323 8519
20151014 093338 8521
20151014 093348 8522
20151014 093349 8522
20151014 093349 8522
20151014 093352 8523
20151014 093355 8522
20151014 093355 8524
20151014 093356 8524
20151014 093409 8522
20151014 093502 8523
20151014 093502 8523
20151014 093503 8524
20151014 093503 8524
20151014 093503 8525
20151014 093503 8525
20151014 093503 8526
20151014 093503 8528
20151014 093504 8529
20151014 093504 8529
20151014 093504 8529
20151014 093504 8530
20151014 093504 8530
20151014 093504 8530
20151014 093504 8530
20151014 093504 8530
20151014 093504 8530
20151014 093504 8530
20151014 093504 8530
20151014 093504 8530
20151014 093504 8531
20151014 093504 8531
20151014 093504 8531
20151014 093504 8531
20151014 093504 8531
20151014 093504 8531
20151014 093504 8531
20151014 093504 8531
20151014 093504 8531
20151014 093504 8531
20151014 093504 8531
20151014 093504 8531
20151014 093504 8531
20151014 093504 8531
20151014 093504 8531
20151014 093504 8531
20151014 093504 8531
20151014 093504 8531
20151014 093504 8531
20151014 093504 8532
20151014 093504 8532
20151014 093505 8526
20151014 093517 8523
20151014 093536 8523
20151014 093541 8525
20151014 093600 8526
20151014 093647 8526
20151014 093857 8522
20151014 093857 8522
20151014 093857 8523
20151014 093915 8518
20151014 093915 8519
20151014 093915 8519
20151014 093915 8519
20151014 093915 8519
20151014 093915 8519
20151014 093915 8519
20151014 093915 8519
20151014 093915 8519
20151014 093915 8519
20151014 093915 8519
20151014 093915 8519
20151014 093915 8519
20151014 093915 8519
20151014 093917 8520
20151014 093932 8522
20151014 093959 8519
20151014 094003 8522
20151014 094051 8526
20151014 094051 8526
20151014 094052 8527
20151014 094052 8528
20151014 094052 8528
20151014 094052 8529
20151014 094053 8529
20151014 094053 8529
20151014 094053 8529
20151014 094053 8529
20151014 094054 8529
20151014 094102 8529
20151014 094102 8529
20151014 094102 8529
20151014 094102 8529
20151014 094102 8529
20151014 094102 8529
20151014 094102 8529
20151014 094102 8529
20151014 094102 8529
20151014 094102 8529
20151014 094102 8529
20151014 094102 8530
20151014 094102 8530
20151014 094102 8530
20151014 094102 8531
20151014 094102 8531
20151014 094103 8532
20151014 094103 8532
20151014 094103 8532
20151014 094103 8532
20151014 094103 8532
20151014 094103 8532
20151014 094103 8533
20151014 094103 8533
20151014 094103 8533
20151014 094103 8533
20151014 094103 8534
20151014 094103 8534
20151014 094103 8534
20151014 094103 8534
20151014 094103 8534
20151014 094103 8534
20151014 094103 8534
20151014 094103 8534
20151014 094103 8534
20151014 094104 8531
20151014 094116 8532
20151014 094200 8531
20151014 094202 8531
20151014 094315 8529
20151014 094333 8529
20151014 094421 8529
20151014 094439 8529
20151014 094439 8529
20151014 094440 8530
20151014 094442 8530
20151014 094444 8531
20151014 094445 8532
20151014 094445 8532
20151014 094445 8532
20151014 094451 8530
20151014 094501 8533
20151014 094501 8534
20151014 094501 8534
20151014 094501 8534
20151014 094502 8534
20151014 094502 8535
20151014 094502 8535
20151014 094502 8536
20151014 094502 8536
20151014 094502 8536
20151014 094515 8536
20151014 094517 8537
20151014 094517 8538
20151014 094517 8538
20151014 094517 8538
20151014 094521 8536
20151014 094524 8537
20151014 094553 8536
20151014 094553 8536
20151014 094554 8536
20151014 094558 8539
20151014 094558 8539
20151014 094559 8539
20151014 094559 8539
20151014 094559 8539
20151014 094559 8539
20151014 094559 8539
20151014 094559 8539
20151014 094559 8539
20151014 094559 8540
20151014 094559 8540
20151014 094559 8540
20151014 094559 8540
20151014 094559 8540
20151014 094601 8541
20151014 094602 8539
20151014 094602 8541
20151014 094602 8541
20151014 094603 8539
20151014 094606 8541
20151014 094606 8541
20151014 094606 8542
20151014 094607 8542
20151014 094607 8542
20151014 094607 8543
20151014 094607 8543
20151014 094607 8543
20151014 094607 8544
20151014 094607 8544
20151014 094607 8544
20151014 094607 8544
20151014 094607 8544
20151014 094607 8544
20151014 094607 8544
20151014 094607 8544
20151014 094607 8545
20151014 094607 8546
20151014 094607 8546
20151014 094607 8547
20151014 094608 8547
20151014 094608 8548
20151014 094608 8549
20151014 094608 8549
20151014 094608 8549
20151014 094608 8549
20151014 094608 8549
20151014 094608 8550
20151014 094608 8550
20151014 094609 8545
20151014 094609 8546
20151014 094619 8543
20151014 094622 8542
20151014 094623 8538
20151014 094648 8539
20151014 094704 8541
20151014 094716 8540
20151014 094735 8540
20151014 094750 8539
20151014 094752 8540
20151014 094759 8540
20151014 094759 8540
20151014 094800 8539
20151014 094800 8539
20151014 094800 8540
20151014 094808 8538
20151014 094808 8538
20151014 094808 8538
20151014 094808 8538
20151014 094808 8538
20151014 094814 8538
20151014 094829 8524
20151014 094829 8538
20151014 094843 8540
20151014 094852 8539
20151014 094859 8541
20151014 094907 8541
20151014 094916 8539
20151014 094946 8538
20151014 094951 8541
20151014 095029 8539
20151014 095048 8523
20151014 095104 8539
20151014 095105 8538
20151014 095105 8539
20151014 095107 8539
20151014 095124 8539
20151014 095224 8537
20151014 095233 8521
20151014 095235 8536
20151014 095235 8536
20151014 095235 8536
20151014 095235 8536
20151014 095235 8536
20151014 095238 8535
20151014 095238 8535
20151014 095238 8535
20151014 095238 8535
20151014 095238 8535
20151014 095238 8535
20151014 095238 8535
20151014 095238 8535
20151014 095238 8535
20151014 095238 8535
20151014 095238 8535
20151014 095238 8535
20151014 095238 8535
20151014 095238 8535
20151014 095240 8535
20151014 095240 8535
20151014 095243 8535
20151014 095243 8535
20151014 095244 8535
20151014 095244 8535
20151014 095244 8535
20151014 095254 8534
20151014 095254 8534
20151014 095254 8534
20151014 095254 8534
20151014 095254 8534
20151014 095304 8534
20151014 095304 8534
20151014 095304 8534
20151014 095304 8534
20151014 095304 8534
20151014 095304 8534
20151014 095304 8534
20151014 095425 8532
20151014 095435 8528
20151014 095435 8529
20151014 095435 8529
20151014 095435 8529
20151014 095435 8529
20151014 095435 8529
20151014 095435 8531
20151014 095437 8530
20151014 095550 8528
20151014 095550 8528
20151014 095615 8532
20151014 095616 8533
20151014 095616 8533
20151014 095831 8526
20151014 095831 8526
20151014 095831 8526
20151014 095831 8526
20151014 095831 8526
20151014 095831 8526
20151014 095831 8527
20151014 095831 8527
20151014 095831 8527
20151014 095831 8527
20151014 095831 8527
20151014 095832 8525
20151014 095832 8525
20151014 095832 8525
20151014 095832 8525
20151014 095833 8524
20151014 095833 8524
20151014 095833 8524
20151014 095835 8523
20151014 095835 8523
20151014 095836 8524
20151014 095939 8527
20151014 095942 8527
20151014 100005 8529
20151014 100005 8529
20151014 100100 8529
20151014 100131 8531
20151014 100131 8531
20151014 100131 8532
20151014 100131 8533
20151014 100131 8533
20151014 100131 8533
20151014 100131 8533
20151014 100318 8529
20151014 100402 8531
20151014 100402 8531
20151014 100431 8532
20151014 100432 8532
20151014 100433 8532
20151014 100433 8532
20151014 100433 8532
20151014 100434 8532
20151014 100434 8532
20151014 100435 8532
20151014 100458 8533
20151014 100458 8533
20151014 100458 8533
20151014 100459 8533
20151014 100459 8533
20151014 100501 8534
20151014 100501 8534
20151014 100501 8534
20151014 100501 8534
20151014 100501 8535
20151014 100607 8531
20151014 100623 8529
20151014 100709 8529
20151014 100718 8528
20151014 100738 8527
20151014 100803 8526
20151014 100806 8523
20151014 100806 8523
20151014 100806 8523
20151014 100806 8524
20151014 100806 8524
20151014 100806 8524
20151014 100806 8524
20151014 100806 8524
20151014 100806 8524
20151014 100806 8525
20151014 100808 8522
20151014 100808 8522
20151014 100944 8525
20151014 101029 8523
20151014 101030 8523
20151014 101129 8525
20151014 101141 8525
20151014 101226 8524
20151014 101229 8525
20151014 101248 8524
20151014 101337 8523
20151014 101402 8523
20151014 101455 8524
20151014 101455 8524
20151014 101455 8527
20151014 101455 8527
20151014 101456 8528
20151014 101459 8524
20151014 101512 8524
20151014 101644 8520
20151014 101644 8520
20151014 101644 8520
20151014 101644 8521
20151014 101644 8521
20151014 101644 8521
20151014 101644 8522
20151014 101644 8522
20151014 101644 8522
20151014 101645 8517
20151014 101645 8517
20151014 101645 8517
20151014 101645 8517
20151014 101645 8517
20151014 101645 8517
20151014 101645 8518
20151014 101645 8518
20151014 101645 8518
20151014 101645 8518
20151014 101645 8518
20151014 101645 8519
20151014 101645 8519
20151014 101647 8519
20151014 101715 8522
20151014 101735 8520
20151014 101752 8519
20151014 101757 8519
20151014 101808 8519
20151014 101819 8518
20151014 101829 8521
20151014 102022 8519
20151014 102038 8517
20151014 102042 8517
20151014 102043 8517
20151014 102043 8517
20151014 102043 8517
20151014 102046 8517
20151014 102048 8517
20151014 102051 8516
20151014 102051 8516
20151014 102051 8516
20151014 102051 8516
20151014 102051 8516
20151014 102051 8516
20151014 102051 8516
20151014 102051 8516
20151014 102052 8515
20151014 102052 8515
20151014 102052 8515
20151014 102059 8513
20151014 102059 8513
20151014 102059 8513
20151014 102059 8513
20151014 102059 8513
20151014 102059 8513
20151014 102059 8513
20151014 102059 8513
20151014 102059 8513
20151014 102059 8513
20151014 102059 8513
20151014 102059 8513
20151014 102059 8514
20151014 102059 8514
20151014 102059 8514
20151014 102059 8514
20151014 102059 8514
20151014 102059 8514
20151014 102059 8514
20151014 102059 8514
20151014 102059 8514
20151014 102059 8514
20151014 102059 8514
20151014 102059 8514
20151014 102059 8514
20151014 102059 8514
20151014 102059 8514
20151014 102059 8515
20151014 102100 8513
20151014 102100 8513
20151014 102100 8513
20151014 102100 8513
20151014 102100 8513
20151014 102100 8513
20151014 102100 8513
20151014 102100 8513
20151014 102105 8512
20151014 102112 8515
20151014 102122 8516
20151014 102152 8515
20151014 102206 8514
20151014 102206 8514
20151014 102227 8515
20151014 102235 8513
20151014 102236 8513
20151014 102237 8513
20151014 102244 8513
20151014 102245 8512
20151014 102258 8514
20151014 102300 8512
20151014 102300 8512
20151014 102300 8512
20151014 102316 8511
20151014 102336 8514
20151014 102336 8514
20151014 102336 8514
20151014 102336 8514
20151014 102426 8515
20151014 102431 8514
20151014 102431 8515
20151014 102600 8518
20151014 102600 8518
20151014 102600 8518
20151014 102605 8520
20151014 102605 8520
20151014 102627 8518
20151014 102716 8520
20151014 102739 8520
20151014 102815 8520
20151014 102815 8520
20151014 102936 8523
20151014 102937 8522
20151014 102950 8523
20151014 102955 8524
20151014 103000 8524
20151014 103120 8522
20151014 103200 8524
20151014 103258 8523
20151014 103258 8523
20151014 103258 8523
20151014 103311 8524
20151014 103328 8525
20151014 103335 8526
20151014 103336 8526
20151014 103336 8526
20151014 103336 8526
20151014 103336 8526
20151014 103336 8526
20151014 103336 8526
20151014 103336 8526
20151014 103336 8526
20151014 103336 8526
20151014 103343 8527
20151014 103343 8527
20151014 103349 8528
20151014 103350 8528
20151014 103351 8528
20151014 103357 8528
20151014 103459 8528
20151014 103502 8528
20151014 103505 8528
20151014 103505 8529
20151014 103506 8529
20151014 103708 8525
20151014 103732 8526
20151014 103737 8527
20151014 103737 8527
20151014 103739 8527
20151014 103740 8528
20151014 103801 8528
20151014 103807 8528
20151014 103807 8528
20151014 103811 8529
20151014 103842 8528
20151014 103854 8529
20151014 103854 8529
20151014 103855 8529
20151014 103855 8529
20151014 103855 8529
20151014 103855 8529
20151014 103856 8529
20151014 103857 8529
20151014 103857 8530
20151014 103857 8530
20151014 103857 8530
20151014 103857 8530
20151014 103859 8530
20151014 103859 8531
20151014 103859 8531
20151014 103900 8531
20151014 103901 8531
20151014 103902 8531
20151014 103902 8531
20151014 103902 8531
20151014 103908 8532
20151014 103910 8532
20151014 103934 8530
20151014 103934 8530
20151014 103947 8531
20151014 103959 8532
20151014 104006 8533
20151014 104006 8533
20151014 104006 8533
20151014 104006 8533
20151014 104006 8533
20151014 104006 8533
20151014 104006 8533
20151014 104006 8533
20151014 104007 8521
20151014 104008 8534
20151014 104008 8534
20151014 104008 8534
20151014 104009 8534
20151014 104022 8533
20151014 104022 8533
20151014 104023 8533
20151014 104031 8534
20151014 104102 8533
20151014 104110 8534
20151014 104112 8533
20151014 104119 8534
20151014 104124 8534
20151014 104126 8534
20151014 104127 8533
20151014 104145 8532
20151014 104158 8532
20151014 104230 8531
20151014 104250 8531
20151014 104256 8529
20151014 104356 8529
20151014 104400 8531
20151014 104400 8531
20151014 104400 8531
20151014 104400 8531
20151014 104405 8530
20151014 104409 8531
20151014 104556 8528
20151014 104556 8528
20151014 104634 8529
20151014 104635 8528
20151014 104639 8529
20151014 104639 8530
20151014 104639 8530
20151014 104639 8530
20151014 104639 8530
20151014 104639 8530
20151014 104640 8531
20151014 104656 8530
20151014 104656 8530
20151014 104656 8530
20151014 104727 8527
20151014 104728 8528
20151014 104728 8528
20151014 104728 8528
20151014 104728 8528
20151014 104728 8528
20151014 104728 8528
20151014 104728 8528
20151014 104804 8525
20151014 104849 8526
20151014 104849 8527
20151014 104849 8527
20151014 104849 8527
20151014 104849 8527
20151014 104849 8527
20151014 104902 8528
20151014 104904 8529
20151014 104904 8529
20151014 104907 8528
20151014 104908 8528
20151014 104932 8527
20151014 104950 8527
20151014 105008 8528
20151014 105030 8529
20151014 105037 8529
20151014 105040 8529
20151014 105059 8528
20151014 105112 8529
20151014 105143 8530
20151014 105152 8531
20151014 105155 8530
20151014 105205 8531
20151014 105207 8531
20151014 105210 8532
20151014 105210 8533
20151014 105210 8533
20151014 105210 8533
20151014 105211 8534
20151014 105217 8532
20151014 105236 8530
20151014 105246 8530
20151014 105247 8530
20151014 105300 8528
20151014 105303 8528
20151014 105304 8527
20151014 105331 8528
20151014 105331 8528
20151014 105341 8529
20151014 105341 8529
20151014 105347 8529
20151014 105412 8530
20151014 105412 8530
20151014 105413 8531
20151014 105414 8532
20151014 105416 8531
20151014 105416 8532
20151014 105416 8532
20151014 105416 8532
20151014 105416 8532
20151014 105418 8533
20151014 105418 8533
20151014 105422 8532
20151014 105544 8535
20151014 105544 8535
20151014 105544 8536
20151014 105544 8536
20151014 105544 8536
20151014 105544 8537
20151014 105544 8537
20151014 105544 8537
20151014 105544 8537
20151014 105544 8537
20151014 105544 8537
20151014 105544 8537
20151014 105544 8537
20151014 105544 8537
20151014 105544 8538
20151014 105544 8538
20151014 105544 8538
20151014 105544 8538
20151014 105544 8538
20151014 105544 8538
20151014 105544 8538
20151014 105544 8538
20151014 105544 8538
20151014 105544 8538
20151014 105545 8539
20151014 105545 8539
20151014 105545 8539
20151014 105545 8539
20151014 105545 8539
20151014 105545 8539
20151014 105545 8539
20151014 105545 8539
20151014 105545 8539
20151014 105545 8539
20151014 105545 8539
20151014 105545 8539
20151014 105545 8539
20151014 105545 8539
20151014 105546 8537
20151014 105546 8537
20151014 105546 8537
20151014 105606 8538
20151014 105611 8540
20151014 105624 8536
20151014 105625 8538
20151014 105626 8537
20151014 105632 8538
20151014 105635 8538
20151014 105635 8538
20151014 105635 8538
20151014 105641 8538
20151014 105642 8538
20151014 105642 8538
20151014 105642 8538
20151014 105702 8539
20151014 105724 8537
20151014 105728 8534
20151014 105728 8534
20151014 105728 8535
20151014 105730 8534
20151014 105734 8535
20151014 105749 8533
20151014 105759 8534
20151014 105845 8534
20151014 105911 8533
20151014 110000 8534
20151014 110054 8538
20151014 110054 8538
20151014 110056 8539
20151014 110059 8540
20151014 110059 8540
20151014 110102 8541
20151014 110102 8541
20151014 110102 8541
20151014 110102 8541
20151014 110102 8541
20151014 110102 8541
20151014 110102 8541
20151014 110102 8541
20151014 110102 8541
20151014 110102 8541
20151014 110102 8541
20151014 110105 8539
20151014 110154 8537
20151014 110155 8537
20151014 110303 8538
20151014 110303 8538
20151014 110303 8538
20151014 110315 8539
20151014 110316 8539
20151014 110316 8539
20151014 110322 8528
20151014 110322 8540
20151014 110322 8540
20151014 110322 8541
20151014 110322 8541
20151014 110322 8541
20151014 110322 8541
20151014 110322 8541
20151014 110322 8541
20151014 110322 8541
20151014 110322 8541
20151014 110323 8542
20151014 110323 8542
20151014 110323 8542
20151014 110323 8542
20151014 110324 8543
20151014 110324 8543
20151014 110324 8543
20151014 110324 8543
20151014 110324 8543
20151014 110324 8543
20151014 110328 8541
20151014 110401 8540
20151014 110401 8540
20151014 110401 8540
20151014 110402 8539
20151014 110426 8539
20151014 110426 8539
20151014 110426 8539
20151014 110426 8539
20151014 110457 8540
20151014 110501 8540
20151014 110502 8541
20151014 110502 8541
20151014 110505 8541
20151014 110506 8543
20151014 110506 8543
20151014 110506 8543
20151014 110506 8543
20151014 110507 8544
20151014 110507 8544
20151014 110508 8544
20151014 110533 8545
20151014 110534 8545
20151014 110536 8545
20151014 110536 8545
20151014 110537 8545
20151014 110537 8545
20151014 110537 8545
20151014 110537 8545
20151014 110537 8546
20151014 110537 8546
20151014 110537 8546
20151014 110537 8546
20151014 110537 8546
20151014 110538 8545
20151014 110538 8546
20151014 110546 8545
20151014 110549 8547
20151014 110549 8547
20151014 110549 8547
20151014 110600 8546
20151014 110612 8548
20151014 110622 8545
20151014 110622 8545
20151014 110643 8545
20151014 110705 8545
20151014 110723 8543
20151014 110723 8543
20151014 110727 8544
20151014 110730 8545
20151014 110731 8546
20151014 110754 8541
20151014 110825 8543
20151014 110825 8543
20151014 110825 8543
20151014 110827 8543
20151014 110835 8543
20151014 110841 8544
20151014 110849 8545
20151014 110849 8546
20151014 110849 8546
20151014 110849 8546
20151014 110850 8547
20151014 110850 8547
20151014 110859 8547
20151014 110859 8547
20151014 110859 8547
20151014 110900 8548
20151014 110900 8548
20151014 110900 8548
20151014 110901 8549
20151014 110901 8549
20151014 110901 8549
20151014 110901 8549
20151014 110901 8549
20151014 110901 8549
20151014 110901 8549
20151014 110901 8549
20151014 110902 8550
20151014 110902 8550
20151014 110902 8550
20151014 110902 8550
20151014 110902 8550
20151014 110902 8550
20151014 110902 8550
20151014 110902 8551
20151014 110902 8551
20151014 110902 8551
20151014 110902 8552
20151014 110902 8552
20151014 110902 8552
20151014 110902 8552
20151014 110902 8552
20151014 110902 8552
20151014 110902 8553
20151014 110902 8553
20151014 110902 8553
20151014 110902 8553
20151014 110902 8553
20151014 110902 8553
20151014 110902 8553
20151014 110902 8553
20151014 110903 8553
20151014 110906 8553
20151014 110906 8554
20151014 110906 8554
20151014 110908 8553
20151014 110908 8553
20151014 110908 8553
20151014 110908 8554
20151014 110908 8554
20151014 110913 8551
20151014 110913 8551
20151014 110913 8551
20151014 110919 8552
20151014 110919 8552
20151014 110922 8551
20151014 110929 8550
20151014 111000 8551
20151014 111000 8551
20151014 111000 8551
20151014 111001 8552
20151014 111003 8553
20151014 111200 8548
20151014 111205 8549
20151014 111205 8549
20151014 111208 8548
20151014 111256 8549
20151014 111256 8549
20151014 111256 8549
20151014 111257 8549
20151014 111257 8549
20151014 111300 8550
20151014 111305 8550
20151014 111412 8548
20151014 111412 8548
20151014 111456 8547
20151014 111456 8547
20151014 111458 8548
20151014 111458 8548
20151014 111458 8548
20151014 111458 8548
20151014 111459 8548
20151014 111501 8549
20151014 111501 8549
20151014 111501 8549
20151014 111501 8549
20151014 111501 8550
20151014 111501 8550
20151014 111507 8548
20151014 111518 8548
20151014 111522 8548
20151014 111525 8548
20151014 111525 8548
20151014 111525 8548
20151014 111525 8548
20151014 111527 8549
20151014 111544 8547
20151014 111544 8548
20151014 111544 8548
20151014 111544 8548
20151014 111544 8548
20151014 111544 8548
20151014 111558 8548
20151014 111606 8548
20151014 111613 8547
20151014 111657 8546
20151014 111657 8546
20151014 111705 8548
20151014 111715 8547
20151014 111725 8547
20151014 111728 8547
20151014 111823 8545
20151014 111823 8545
20151014 111823 8545
20151014 111823 8545
20151014 111823 8545
20151014 111823 8545
20151014 111903 8541
20151014 111903 8542
20151014 111903 8542
20151014 111903 8542
20151014 111903 8542
20151014 111917 8540
20151014 111932 8542
20151014 111932 8542
20151014 111932 8542
20151014 111932 8542
20151014 111932 8542
20151014 112001 8541
20151014 112001 8541
20151014 112001 8541
20151014 112001 8541
20151014 112001 8541
20151014 112120 8543
20151014 112147 8542
20151014 112158 8543
20151014 112210 8541
20151014 112228 8543
20151014 112357 8542
20151014 112357 8542
20151014 112422 8541
20151014 112458 8543
20151014 112458 8543
20151014 112458 8543
20151014 112504 8543
20151014 112605 8543
20151014 112708 8543
20151014 112708 8543
20151014 112720 8544
20151014 112735 8543
20151014 112854 8545
20151014 112856 8543
20151014 112916 8542
20151014 112916 8542
20151014 112916 8542
20151014 113005 8542
20151014 113048 8540
20151014 113048 8540
20151014 113048 8540
20151014 113048 8540
20151014 113048 8541
20151014 113048 8541
20151014 113048 8541
20151014 113049 8541
20151014 113126 8541
20151014 113202 8541
20151014 113202 8541
20151014 113202 8542
20151014 113202 8542
20151014 113213 8541
20151014 113232 8543
20151014 113255 8544
20151014 113310 8544
20151014 113314 8545
20151014 113314 8547
20151014 113314 8547
20151014 113314 8547
20151014 113319 8549
20151014 113319 8549
20151014 113319 8549
20151014 113319 8551
20151014 113320 8551
20151014 113320 8552
20151014 113320 8552
20151014 113320 8552
20151014 113320 8552
20151014 113332 8550
20151014 113339 8550
20151014 113341 8552
20151014 113342 8553
20151014 113342 8553
20151014 113342 8553
20151014 113342 8553
20151014 113343 8553
20151014 113345 8552
20151014 113345 8553
20151014 113349 8553
20151014 113354 8551
20151014 113416 8552
20151014 113429 8550
20151014 113430 8551
20151014 113502 8552
20151014 113559 8548
20151014 113652 8548
20151014 113653 8548
20151014 113653 8548
20151014 113701 8548
20151014 113707 8547
20151014 113716 8548
20151014 113731 8548
20151014 113742 8548
20151014 113809 8547
20151014 114009 8543
20151014 114016 8542
20151014 114017 8542
20151014 114018 8542
20151014 114020 8541
20151014 114020 8541
20151014 114038 8543
20151014 114104 8541
20151014 114108 8541
20151014 114115 8541
20151014 114118 8543
20151014 114121 8543
20151014 114202 8541
20151014 114203 8541
20151014 114203 8541
20151014 114329 8542
20151014 114502 8542
20151014 114511 8541
20151014 114538 8543
20151014 114538 8543
20151014 114538 8543
20151014 114543 8543
20151014 114654 8544
20151014 114718 8544
20151014 114910 8542
20151014 114910 8542
20151014 114910 8542
20151014 114910 8542
20151014 114910 8542
20151014 114910 8542
20151014 115016 8540
20151014 115055 8537
20151014 115055 8538
20151014 115056 8537
20151014 115100 8539
20151014 115114 8538
20151014 115124 8539
20151014 115204 8540
20151014 115330 8539
20151014 115501 8539
20151014 115548 8540
20151014 115602 8539
20151014 115619 8540
20151014 115755 8541
20151014 115812 8542
20151014 115812 8544
20151014 115812 8544
20151014 115904 8539
20151014 120147 8541
20151014 120245 8541
20151014 120319 8541
20151014 120447 8542
20151014 120447 8542
20151014 120447 8542
20151014 120457 8542
20151014 120504 8543
20151014 120504 8543
20151014 120550 8542
20151014 120752 8542
20151014 120857 8540
20151014 120938 8541
20151014 120944 8540
20151014 121133 8534
20151014 121133 8534
20151014 121133 8534
20151014 121133 8535
20151014 121133 8535
20151014 121133 8535
20151014 121133 8535
20151014 121133 8535
20151014 121133 8536
20151014 121133 8536
20151014 121133 8536
20151014 121133 8536
20151014 121133 8536
20151014 121133 8536
20151014 121133 8536
20151014 121133 8536
20151014 121133 8537
20151014 121133 8537
20151014 121133 8537
20151014 121133 8537
20151014 121133 8537
20151014 121134 8534
20151014 121134 8534
20151014 121136 8534
20151014 121139 8534
20151014 121201 8534
20151014 121202 8533
20151014 121202 8533
20151014 121202 8533
20151014 121202 8533
20151014 121202 8533
20151014 121202 8533
20151014 121202 8533
20151014 121202 8533
20151014 121202 8533
20151014 121203 8533
20151014 121203 8533
20151014 121437 8535
20151014 121501 8532
20151014 121501 8532
20151014 121501 8532
20151014 121501 8532
20151014 121501 8532
20151014 121501 8532
20151014 121501 8532
20151014 121501 8532
20151014 121501 8532
20151014 121501 8532
20151014 121501 8532
20151014 121501 8532
20151014 121501 8533
20151014 121501 8533
20151014 121501 8533
20151014 121502 8532
20151014 121538 8535
20151014 121539 8536
20151014 121609 8535
20151014 121707 8536
20151014 121921 8539
20151014 121954 8540
20151014 121955 8541
20151014 121958 8541
20151014 122008 8538
20151014 122026 8541
20151014 122026 8541
20151014 122026 8541
20151014 122039 8542
20151014 122258 8538
20151014 122258 8538
20151014 122445 8539
20151014 122509 8540
20151014 122509 8540
20151014 122509 8540
20151014 122509 8540
20151014 122509 8540
20151014 122509 8540
20151014 122509 8540
20151014 122509 8540
20151014 122521 8539
20151014 122521 8539
20151014 122521 8539
20151014 122524 8539
20151014 122524 8540
20151014 122524 8540
20151014 122542 8538
20151014 122542 8538
20151014 122653 8536
20151014 122653 8537
20151014 122653 8537
20151014 123024 8540
20151014 123034 8540
20151014 123240 8542
20151014 123241 8530
20151014 123241 8543
20151014 123241 8543
20151014 123241 8543
20151014 123241 8543
20151014 123242 8530
20151014 123242 8530
20151014 123242 8543
20151014 123242 8543
20151014 123242 8543
20151014 123242 8543
20151014 123242 8543
20151014 123242 8543
20151014 123242 8543
20151014 123242 8543
20151014 123242 8543
20151014 123242 8543
20151014 123242 8543
20151014 123242 8543
20151014 123242 8543
20151014 123242 8543
20151014 123242 8543
20151014 123250 8530
20151014 123250 8543
20151014 123253 8530
20151014 123253 8543
20151014 123254 8544
20151014 123300 8543
20151014 123301 8543
20151014 123302 8544
20151014 123302 8544
20151014 123303 8544
20151014 123304 8544
20151014 123304 8545
20151014 123304 8545
20151014 123308 8545
20151014 123308 8545
20151014 123308 8545
20151014 123308 8545
20151014 123308 8546
20151014 123308 8546
20151014 123311 8545
20151014 123311 8546
20151014 123335 8546
20151014 123336 8547
20151014 123336 8547
20151014 123336 8548
20151014 123336 8548
20151014 123336 8548
20151014 123336 8548
20151014 123337 8548
20151014 123337 8548
20151014 123337 8548
20151014 123350 8546
20151014 123350 8547
20151014 123402 8547
20151014 123800 8540
20151014 123800 8541
20151014 123800 8542
20151014 123800 8542
20151014 123801 8539
20151014 123801 8539
20151014 123801 8540
20151014 123801 8540
20151014 123801 8540
20151014 124259 8540
20151014 124304 8541
20151014 124546 8538
20151014 124549 8538
20151014 124551 8539
20151014 124641 8539
20151014 124642 8539
20151014 124739 8537
20151014 124739 8537
20151014 124739 8537
20151014 124743 8537
20151014 125002 8537
20151014 125009 8524
20151014 125030 8536
20151014 125040 8537
20151014 125040 8537
20151014 125051 8535
20151014 125051 8535
20151014 125051 8535
20151014 125051 8535
20151014 125051 8536
20151014 125052 8534
20151014 125052 8534
20151014 125052 8534
20151014 125052 8534
20151014 125052 8535
20151014 125057 8533
20151014 125057 8533
20151014 125057 8533
20151014 125057 8533
20151014 125057 8533
20151014 125057 8533
20151014 125057 8533
20151014 125057 8533
20151014 125057 8533
20151014 125057 8533
20151014 125057 8533
20151014 125057 8533
20151014 125057 8533
20151014 125057 8533
20151014 125057 8533
20151014 125057 8533
20151014 125057 8533
20151014 125057 8533
20151014 125057 8533
20151014 125057 8533
20151014 125057 8533
20151014 125057 8533
20151014 125057 8533
20151014 125058 8531
20151014 125058 8532
20151014 125058 8532
20151014 125058 8532
20151014 125058 8532
20151014 125058 8532
20151014 125113 8533
20151014 125159 8532
20151014 125159 8532
20151014 125159 8534
20151014 125235 8535
20151014 125245 8534
20151014 125249 8534
20151014 125509 8534
20151014 125539 8535
20151014 125548 8534
20151014 125548 8534
20151014 125706 8534
20151014 125756 8531
20151014 125756 8532
20151014 125756 8532
20151014 125756 8532
20151014 125756 8532
20151014 125804 8531
20151014 125804 8531
20151014 125806 8531
20151014 125808 8531
20151014 125810 8531
20151014 125811 8518
20151014 125811 8531
20151014 125814 8531
20151014 125850 8529
20151014 125850 8529
20151014 125850 8530
20151014 125850 8530
20151014 125850 8530
20151014 125850 8530
20151014 125850 8530
20151014 125852 8529
20151014 125901 8528
20151014 125901 8528
20151014 125902 8528
20151014 125918 8530
20151014 130007 8530
20151014 130025 8530
20151014 130100 8529
20151014 130102 8527
20151014 130102 8527
20151014 130102 8527
20151014 130102 8528
20151014 130103 8527
20151014 130103 8527
20151014 130103 8527
20151014 130105 8527
20151014 130106 8527
20151014 130106 8527
20151014 130107 8527
20151014 130123 8527
20151014 130123 8527
20151014 130124 8526
20151014 130124 8526
20151014 130125 8525
20151014 130146 8525
20151014 130148 8526
20151014 130152 8524
20151014 130152 8524
20151014 130152 8524
20151014 130152 8524
20151014 130152 8524
20151014 130152 8525
20151014 130153 8522
20151014 130153 8522
20151014 130154 8522
20151014 130241 8527
20151014 130241 8527
20151014 130241 8527
20151014 130241 8527
20151014 130302 8526
20151014 130316 8527
20151014 130317 8526
20151014 130317 8526
20151014 130324 8527
20151014 130324 8528
20151014 130346 8528
20151014 130349 8527
20151014 130358 8527
20151014 130413 8527
20151014 130425 8528
20151014 130426 8528
20151014 130447 8527
20151014 130452 8528
20151014 130523 8526
20151014 130523 8526
20151014 130523 8526
20151014 130523 8526
20151014 130523 8526
20151014 130527 8527
20151014 130527 8527
20151014 130527 8527
20151014 130549 8527
20151014 130551 8525
20151014 130551 8525
20151014 130551 8525
20151014 130625 8524
20151014 130625 8524
20151014 130717 8524
20151014 130803 8526
20151014 130830 8527
20151014 130854 8530
20151014 130854 8530
20151014 130946 8526
20151014 130946 8527
20151014 130946 8527
20151014 130957 8525
20151014 131003 8512
20151014 131022 8526
20151014 131028 8526
20151014 131055 8526
20151014 131056 8525
20151014 131129 8525
20151014 131146 8524
20151014 131223 8525
20151014 131223 8525
20151014 131234 8525
20151014 131234 8525
20151014 131234 8525
20151014 131234 8525
20151014 131234 8525
20151014 131241 8526
20151014 131246 8526
20151014 131306 8525
20151014 131343 8524
20151014 131400 8524
20151014 131414 8525
20151014 131414 8525
20151014 131414 8525
20151014 131422 8525
20151014 131428 8525
20151014 131441 8525
20151014 131449 8525
20151014 131450 8525
20151014 131500 8525
20151014 131501 8525
20151014 131502 8525
20151014 131521 8525
20151014 131525 8526
20151014 131549 8526
20151014 131601 8525
20151014 131601 8525
20151014 131611 8526
20151014 131611 8526
20151014 131611 8526
20151014 131613 8527
20151014 131615 8528
20151014 131724 8526
20151014 131734 8526
20151014 131735 8525
20151014 131752 8526
20151014 131759 8525
20151014 131802 8525
20151014 131807 8526
20151014 131809 8526
20151014 131836 8527
20151014 131837 8527
20151014 131855 8527
20151014 131857 8527
20151014 131920 8526
20151014 131933 8525
20151014 131941 8525
20151014 132050 8527
20151014 132055 8527
20151014 132101 8528
20151014 132121 8525
20151014 132134 8525
20151014 132206 8523
20151014 132214 8524
20151014 132219 8525
20151014 132221 8525
20151014 132222 8525
20151014 132222 8525
20151014 132225 8525
20151014 132234 8525
20151014 132244 8527
20151014 132301 8527
20151014 132316 8526
20151014 132320 8526
20151014 132345 8526
20151014 132401 8526
20151014 132438 8526
20151014 132509 8524
20151014 132509 8525
20151014 132509 8525
20151014 132509 8525
20151014 132515 8527
20151014 132524 8526
20151014 132534 8527
20151014 132534 8527
20151014 132534 8527
20151014 132537 8528
20151014 132537 8528
20151014 132538 8528
20151014 132543 8528
20151014 132543 8529
20151014 132554 8529
20151014 132621 8529
20151014 132647 8526
20151014 132647 8526
20151014 132700 8527
20151014 132839 8527
20151014 132900 8525
20151014 132900 8525
20151014 132900 8525
20151014 132900 8525
20151014 132908 8524
20151014 132920 8525
20151014 132936 8525
20151014 133014 8524
20151014 133014 8524
20151014 133014 8524
20151014 133017 8523
20151014 133023 8523
20151014 133023 8523
20151014 133023 8523
20151014 133024 8523
20151014 133025 8523
20151014 133025 8523
20151014 133032 8523
20151014 133034 8523
20151014 133037 8523
20151014 133115 8522
20151014 133115 8522
20151014 133115 8522
20151014 133115 8522
20151014 133115 8522
20151014 133115 8522
20151014 133115 8522
20151014 133115 8522
20151014 133115 8522
20151014 133117 8521
20151014 133117 8521
20151014 133118 8521
20151014 133118 8521
20151014 133119 8521
20151014 133119 8521
20151014 133120 8521
20151014 133120 8521
20151014 133120 8521
20151014 133129 8521
20151014 133129 8521
20151014 133129 8521
20151014 133129 8522
20151014 133131 8521
20151014 133132 8521
20151014 133132 8521
20151014 133132 8521
20151014 133132 8521
20151014 133132 8521
20151014 133132 8521
20151014 133132 8521
20151014 133132 8521
20151014 133151 8521
20151014 133216 8521
20151014 133257 8522
20151014 133259 8522
20151014 133326 8523
20151014 133326 8523
20151014 133326 8523
20151014 133327 8523
20151014 133349 8524
20151014 133403 8524
20151014 133403 8524
20151014 133419 8524
20151014 133426 8525
20151014 133435 8524
20151014 133438 8525
20151014 133439 8525
20151014 133441 8525
20151014 133554 8523
20151014 133603 8522
20151014 133746 8521
20151014 133758 8521
20151014 133835 8523
20151014 133838 8523
20151014 133842 8523
20151014 133924 8523
20151014 133924 8523
20151014 133928 8523
20151014 133942 8523
20151014 134015 8523
20151014 134017 8523
20151014 134029 8523
20151014 134117 8524
20151014 134118 8511
20151014 134142 8511
20151014 134305 8524
20151014 134310 8511
20151014 134310 8523
20151014 134310 8523
20151014 134316 8510
20151014 134316 8510
20151014 134316 8523
20151014 134334 8522
20151014 134336 8523
20151014 134351 8522
20151014 134353 8522
20151014 134358 8521
20151014 134359 8521
20151014 134359 8521
20151014 134359 8521
20151014 134410 8521
20151014 134410 8521
20151014 134412 8521
20151014 134416 8521
20151014 134424 8522
20151014 134424 8522
20151014 134424 8522
20151014 134424 8522
20151014 134424 8522
20151014 134439 8521
20151014 134449 8522
20151014 134456 8509
20151014 134458 8520
20151014 134458 8520
20151014 134500 8519
