20151103 084500 8664
20151103 084500 8664
20151103 084500 8665
20151103 084501 8667
20151103 084501 8667
20151103 084501 8667
20151103 084501 8667
20151103 084502 8665
20151103 084502 8667
20151103 084507 8665
20151103 084507 8665
20151103 084523 8661
20151103 084524 8659
20151103 084524 8659
20151103 084524 8659
20151103 084525 8657
20151103 084541 8662
20151103 084541 8662
20151103 084541 8662
20151103 084548 8660
20151103 084556 8659
20151103 084556 8659
20151103 084601 8657
20151103 084608 8661
20151103 084611 8660
20151103 084612 8662
20151103 084612 8662
20151103 084612 8662
20151103 084613 8661
20151103 084615 8662
20151103 084617 8662
20151103 084620 8661
20151103 084622 8661
20151103 084622 8661
20151103 084622 8662
20151103 084622 8662
20151103 084637 8657
20151103 084646 8653
20151103 084653 8652
20151103 084701 8652
20151103 084710 8651
20151103 084710 8652
20151103 084710 8652
20151103 084710 8652
20151103 084710 8652
20151103 084710 8652
20151103 084710 8654
20151103 084711 8652
20151103 084712 8654
20151103 084713 8654
20151103 084726 8653
20151103 084726 8653
20151103 084726 8653
20151103 084726 8653
20151103 084726 8653
20151103 084726 8653
20151103 084726 8653
20151103 084726 8653
20151103 084727 8652
20151103 084730 8654
20151103 084742 8653
20151103 084757 8651
20151103 084801 8646
20151103 084801 8646
20151103 084801 8646
20151103 084801 8646
20151103 084801 8646
20151103 084801 8648
20151103 084813 8650
20151103 084826 8652
20151103 084826 8652
20151103 084827 8652
20151103 084905 8653
20151103 084922 8654
20151103 084936 8655
20151103 084950 8654
20151103 085016 8656
20151103 085016 8656
20151103 085019 8654
20151103 085022 8653
20151103 085120 8655
20151103 085125 8655
20151103 085132 8655
20151103 085134 8655
20151103 085217 8657
20151103 085224 8658
20151103 085235 8659
20151103 085235 8660
20151103 085319 8659
20151103 085320 8661
20151103 085320 8661
20151103 085321 8662
20151103 085321 8662
20151103 085337 8662
20151103 085341 8661
20151103 085348 8661
20151103 085352 8660
20151103 085359 8661
20151103 085415 8660
20151103 085418 8661
20151103 085419 8660
20151103 085450 8659
20151103 085550 8658
20151103 085554 8658
20151103 085610 8658
20151103 085613 8658
20151103 085633 8658
20151103 085643 8657
20151103 085700 8658
20151103 085700 8658
20151103 085710 8659
20151103 085724 8658
20151103 085724 8658
20151103 085730 8657
20151103 085812 8659
20151103 085819 8658
20151103 085822 8659
20151103 085834 8646
20151103 085845 8660
20151103 085849 8659
20151103 085909 8659
20151103 085910 8660
20151103 085923 8660
20151103 090000 8661
20151103 090000 8661
20151103 090000 8661
20151103 090000 8661
20151103 090000 8661
20151103 090002 8662
20151103 090002 8662
20151103 090002 8663
20151103 090013 8664
20151103 090014 8664
20151103 090014 8665
20151103 090014 8665
20151103 090014 8666
20151103 090014 8666
20151103 090015 8667
20151103 090015 8667
20151103 090015 8667
20151103 090015 8668
20151103 090015 8668
20151103 090015 8668
20151103 090015 8668
20151103 090015 8668
20151103 090015 8668
20151103 090015 8669
20151103 090015 8670
20151103 090015 8670
20151103 090016 8670
20151103 090016 8670
20151103 090019 8671
20151103 090019 8671
20151103 090019 8671
20151103 090019 8672
20151103 090019 8672
20151103 090019 8672
20151103 090019 8673
20151103 090029 8667
20151103 090030 8664
20151103 090031 8664
20151103 090031 8665
20151103 090031 8665
20151103 090038 8666
20151103 090038 8666
20151103 090051 8665
20151103 090115 8672
20151103 090115 8672
20151103 090142 8668
20151103 090150 8665
20151103 090151 8664
20151103 090154 8663
20151103 090154 8663
20151103 090223 8663
20151103 090223 8663
20151103 090227 8663
20151103 090227 8663
20151103 090239 8662
20151103 090251 8661
20151103 090305 8667
20151103 090305 8667
20151103 090308 8665
20151103 090308 8665
20151103 090310 8666
20151103 090311 8667
20151103 090314 8671
20151103 090314 8672
20151103 090314 8672
20151103 090314 8673
20151103 090315 8672
20151103 090357 8671
20151103 090358 8671
20151103 090402 8674
20151103 090402 8674
20151103 090402 8674
20151103 090402 8675
20151103 090402 8675
20151103 090402 8675
20151103 090402 8675
20151103 090402 8675
20151103 090402 8676
20151103 090402 8677
20151103 090402 8677
20151103 090402 8677
20151103 090416 8672
20151103 090417 8672
20151103 090419 8667
20151103 090423 8666
20151103 090426 8664
20151103 090426 8665
20151103 090426 8665
20151103 090427 8664
20151103 090435 8661
20151103 090437 8659
20151103 090437 8659
20151103 090437 8659
20151103 090501 8667
20151103 090504 8669
20151103 090507 8674
20151103 090544 8661
20151103 090550 8659
20151103 090551 8660
20151103 090614 8658
20151103 090621 8658
20151103 090629 8660
20151103 090640 8660
20151103 090649 8659
20151103 090736 8659
20151103 090748 8659
20151103 090749 8658
20151103 090754 8655
20151103 090754 8656
20151103 090754 8656
20151103 090755 8654
20151103 090755 8654
20151103 090755 8655
20151103 090756 8650
20151103 090756 8650
20151103 090756 8650
20151103 090756 8650
20151103 090800 8653
20151103 090805 8654
20151103 090813 8653
20151103 090827 8657
20151103 090837 8656
20151103 090900 8662
20151103 090900 8662
20151103 090900 8662
20151103 090901 8663
20151103 090901 8663
20151103 090902 8665
20151103 091037 8659
20151103 091149 8663
20151103 091149 8663
20151103 091150 8663
20151103 091154 8665
20151103 091203 8667
20151103 091203 8667
20151103 091204 8667
20151103 091204 8668
20151103 091209 8667
20151103 091209 8667
20151103 091250 8667
20151103 091250 8667
20151103 091250 8667
20151103 091250 8667
20151103 091254 8667
20151103 091304 8669
20151103 091305 8672
20151103 091305 8672
20151103 091305 8672
20151103 091305 8672
20151103 091305 8674
20151103 091305 8677
20151103 091305 8677
20151103 091305 8677
20151103 091305 8677
20151103 091305 8677
20151103 091305 8677
20151103 091305 8678
20151103 091305 8678
20151103 091306 8679
20151103 091306 8679
20151103 091306 8680
20151103 091306 8680
20151103 091306 8680
20151103 091306 8680
20151103 091306 8681
20151103 091306 8681
20151103 091306 8681
20151103 091306 8681
20151103 091306 8681
20151103 091306 8681
20151103 091306 8681
20151103 091306 8681
20151103 091306 8682
20151103 091306 8682
20151103 091306 8682
20151103 091306 8682
20151103 091306 8682
20151103 091306 8682
20151103 091306 8683
20151103 091306 8684
20151103 091306 8684
20151103 091306 8684
20151103 091307 8687
20151103 091307 8687
20151103 091307 8687
20151103 091307 8687
20151103 091307 8687
20151103 091310 8688
20151103 091310 8688
20151103 091310 8688
20151103 091339 8682
20151103 091344 8682
20151103 091350 8685
20151103 091350 8685
20151103 091350 8685
20151103 091350 8685
20151103 091350 8685
20151103 091353 8687
20151103 091353 8687
20151103 091353 8687
20151103 091359 8687
20151103 091359 8687
20151103 091400 8688
20151103 091402 8689
20151103 091402 8689
20151103 091402 8690
20151103 091402 8690
20151103 091402 8690
20151103 091403 8691
20151103 091403 8691
20151103 091404 8692
20151103 091404 8692
20151103 091404 8692
20151103 091404 8692
20151103 091406 8689
20151103 091409 8692
20151103 091409 8692
20151103 091418 8693
20151103 091420 8693
20151103 091421 8694
20151103 091422 8695
20151103 091431 8693
20151103 091432 8692
20151103 091436 8694
20151103 091440 8694
20151103 091453 8695
20151103 091453 8696
20151103 091500 8697
20151103 091500 8697
20151103 091500 8697
20151103 091500 8698
20151103 091500 8699
20151103 091500 8699
20151103 091500 8699
20151103 091500 8699
20151103 091501 8699
20151103 091510 8698
20151103 091513 8696
20151103 091514 8696
20151103 091514 8696
20151103 091514 8696
20151103 091525 8696
20151103 091527 8698
20151103 091527 8699
20151103 091529 8701
20151103 091529 8701
20151103 091529 8701
20151103 091529 8701
20151103 091529 8702
20151103 091529 8702
20151103 091529 8702
20151103 091529 8702
20151103 091529 8702
20151103 091529 8702
20151103 091529 8702
20151103 091529 8702
20151103 091529 8702
20151103 091529 8702
20151103 091529 8702
20151103 091529 8702
20151103 091529 8702
20151103 091529 8702
20151103 091529 8702
20151103 091529 8702
20151103 091529 8702
20151103 091529 8703
20151103 091530 8704
20151103 091532 8703
20151103 091534 8702
20151103 091535 8701
20151103 091540 8707
20151103 091540 8707
20151103 091541 8707
20151103 091542 8707
20151103 091545 8705
20151103 091547 8704
20151103 091550 8707
20151103 091552 8708
20151103 091555 8708
20151103 091600 8708
20151103 091600 8710
20151103 091600 8710
20151103 091603 8709
20151103 091606 8705
20151103 091612 8705
20151103 091622 8700
20151103 091622 8701
20151103 091622 8702
20151103 091622 8702
20151103 091624 8699
20151103 091624 8699
20151103 091626 8700
20151103 091627 8701
20151103 091627 8701
20151103 091627 8701
20151103 091629 8702
20151103 091629 8702
20151103 091629 8702
20151103 091631 8703
20151103 091631 8705
20151103 091634 8702
20151103 091634 8702
20151103 091640 8706
20151103 091640 8706
20151103 091640 8706
20151103 091640 8707
20151103 091640 8707
20151103 091640 8707
20151103 091640 8707
20151103 091644 8704
20151103 091703 8705
20151103 091716 8703
20151103 091723 8699
20151103 091723 8700
20151103 091723 8700
20151103 091723 8700
20151103 091723 8700
20151103 091724 8701
20151103 091724 8701
20151103 091725 8701
20151103 091725 8701
20151103 091725 8701
20151103 091725 8701
20151103 091725 8701
20151103 091725 8701
20151103 091725 8701
20151103 091727 8702
20151103 091727 8702
20151103 091727 8702
20151103 091733 8702
20151103 091746 8703
20151103 091746 8703
20151103 091747 8704
20151103 091747 8704
20151103 091747 8704
20151103 091747 8704
20151103 091747 8704
20151103 091757 8701
20151103 091815 8702
20151103 091859 8702
20151103 091900 8702
20151103 091901 8704
20151103 091902 8704
20151103 091903 8704
20151103 091904 8704
20151103 091904 8704
20151103 091904 8704
20151103 091904 8704
20151103 091904 8704
20151103 091909 8705
20151103 091910 8705
20151103 091911 8703
20151103 091911 8705
20151103 091935 8705
20151103 091935 8705
20151103 091935 8705
20151103 091958 8702
20151103 092010 8698
20151103 092023 8698
20151103 092027 8699
20151103 092027 8699
20151103 092028 8697
20151103 092028 8697
20151103 092032 8698
20151103 092032 8698
20151103 092032 8698
20151103 092032 8698
20151103 092055 8696
20151103 092055 8696
20151103 092055 8696
20151103 092100 8698
20151103 092108 8702
20151103 092108 8702
20151103 092110 8702
20151103 092125 8699
20151103 092135 8698
20151103 092159 8698
20151103 092213 8698
20151103 092213 8698
20151103 092220 8697
20151103 092220 8697
20151103 092220 8697
20151103 092220 8697
20151103 092220 8697
20151103 092220 8697
20151103 092220 8697
20151103 092220 8697
20151103 092307 8700
20151103 092307 8700
20151103 092315 8698
20151103 092401 8701
20151103 092442 8701
20151103 092442 8702
20151103 092505 8702
20151103 092505 8702
20151103 092506 8702
20151103 092506 8702
20151103 092506 8702
20151103 092506 8702
20151103 092510 8701
20151103 092527 8701
20151103 092527 8702
20151103 092555 8703
20151103 092556 8704
20151103 092557 8705
20151103 092557 8706
20151103 092557 8706
20151103 092557 8706
20151103 092557 8706
20151103 092558 8706
20151103 092558 8707
20151103 092558 8707
20151103 092558 8707
20151103 092559 8707
20151103 092559 8707
20151103 092600 8707
20151103 092601 8707
20151103 092601 8707
20151103 092603 8708
20151103 092603 8708
20151103 092603 8708
20151103 092603 8708
20151103 092603 8708
20151103 092608 8709
20151103 092608 8710
20151103 092608 8710
20151103 092608 8710
20151103 092608 8710
20151103 092608 8710
20151103 092608 8710
20151103 092608 8711
20151103 092608 8711
20151103 092608 8712
20151103 092608 8712
20151103 092608 8712
20151103 092608 8712
20151103 092608 8712
20151103 092608 8712
20151103 092608 8712
20151103 092608 8712
20151103 092608 8712
20151103 092608 8712
20151103 092608 8712
20151103 092608 8712
20151103 092608 8712
20151103 092608 8712
20151103 092608 8712
20151103 092608 8712
20151103 092608 8712
20151103 092608 8712
20151103 092608 8712
20151103 092608 8712
20151103 092608 8713
20151103 092608 8714
20151103 092608 8714
20151103 092608 8715
20151103 092609 8715
20151103 092609 8715
20151103 092609 8716
20151103 092609 8716
20151103 092609 8717
20151103 092609 8717
20151103 092609 8717
20151103 092609 8717
20151103 092609 8717
20151103 092609 8717
20151103 092609 8717
20151103 092611 8715
20151103 092611 8716
20151103 092615 8715
20151103 092615 8716
20151103 092615 8716
20151103 092615 8716
20151103 092615 8716
20151103 092620 8716
20151103 092620 8716
20151103 092620 8716
20151103 092620 8716
20151103 092620 8716
20151103 092620 8717
20151103 092620 8717
20151103 092620 8717
20151103 092620 8717
20151103 092622 8716
20151103 092623 8716
20151103 092630 8716
20151103 092640 8714
20151103 092644 8715
20151103 092644 8715
20151103 092645 8715
20151103 092656 8716
20151103 092700 8716
20151103 092701 8718
20151103 092701 8719
20151103 092701 8720
20151103 092701 8720
20151103 092701 8720
20151103 092701 8720
20151103 092701 8720
20151103 092701 8720
20151103 092701 8720
20151103 092701 8720
20151103 092701 8720
20151103 092701 8721
20151103 092701 8721
20151103 092701 8721
20151103 092701 8721
20151103 092701 8721
20151103 092703 8722
20151103 092715 8721
20151103 092719 8722
20151103 092719 8722
20151103 092719 8722
20151103 092719 8722
20151103 092720 8722
20151103 092721 8724
20151103 092721 8724
20151103 092721 8724
20151103 092722 8727
20151103 092722 8727
20151103 092722 8727
20151103 092722 8727
20151103 092722 8727
20151103 092722 8727
20151103 092723 8726
20151103 092725 8727
20151103 092726 8727
20151103 092729 8727
20151103 092731 8724
20151103 092731 8725
20151103 092732 8727
20151103 092747 8730
20151103 092747 8730
20151103 092747 8731
20151103 092747 8731
20151103 092749 8729
20151103 092755 8730
20151103 092756 8730
20151103 092807 8730
20151103 092807 8731
20151103 092811 8727
20151103 092811 8729
20151103 092812 8726
20151103 092812 8727
20151103 092812 8728
20151103 092812 8728
20151103 092812 8728
20151103 092812 8728
20151103 092812 8728
20151103 092814 8725
20151103 092816 8725
20151103 092820 8724
20151103 092821 8724
20151103 092821 8725
20151103 092821 8725
20151103 092827 8726
20151103 092827 8726
20151103 092827 8726
20151103 092827 8726
20151103 092827 8726
20151103 092827 8726
20151103 092827 8726
20151103 092829 8726
20151103 092829 8726
20151103 092829 8726
20151103 092829 8727
20151103 092829 8727
20151103 092829 8727
20151103 092835 8726
20151103 092838 8725
20151103 092838 8727
20151103 092839 8726
20151103 092845 8727
20151103 092845 8727
20151103 092845 8727
20151103 092845 8727
20151103 092845 8727
20151103 092845 8727
20151103 092845 8727
20151103 092853 8730
20151103 092857 8729
20151103 092916 8727
20151103 092925 8728
20151103 092932 8730
20151103 092933 8732
20151103 092933 8732
20151103 092933 8732
20151103 092933 8732
20151103 092933 8732
20151103 092933 8732
20151103 092933 8732
20151103 092933 8733
20151103 092933 8733
20151103 092933 8733
20151103 092934 8734
20151103 092934 8734
20151103 092949 8733
20151103 092950 8734
20151103 092950 8734
20151103 092950 8734
20151103 092950 8734
20151103 092950 8735
20151103 092951 8735
20151103 092951 8736
20151103 092952 8736
20151103 092955 8736
20151103 092956 8736
20151103 093010 8732
20151103 093015 8733
20151103 093024 8729
20151103 093026 8729
20151103 093045 8728
20151103 093045 8729
20151103 093054 8729
20151103 093137 8724
20151103 093221 8726
20151103 093226 8726
20151103 093230 8727
20151103 093230 8727
20151103 093230 8727
20151103 093233 8726
20151103 093234 8726
20151103 093301 8726
20151103 093302 8727
20151103 093302 8728
20151103 093329 8728
20151103 093331 8728
20151103 093340 8728
20151103 093343 8726
20151103 093352 8725
20151103 093414 8729
20151103 093438 8730
20151103 093439 8731
20151103 093451 8732
20151103 093451 8732
20151103 093451 8732
20151103 093451 8732
20151103 093456 8734
20151103 093456 8734
20151103 093457 8730
20151103 093457 8730
20151103 093457 8730
20151103 093457 8733
20151103 093457 8733
20151103 093458 8731
20151103 093507 8728
20151103 093515 8726
20151103 093521 8726
20151103 093600 8729
20151103 093615 8727
20151103 093624 8729
20151103 093721 8730
20151103 093721 8730
20151103 093721 8730
20151103 093823 8725
20151103 093823 8725
20151103 093902 8729
20151103 093902 8729
20151103 093958 8729
20151103 093958 8729
20151103 093958 8729
20151103 093959 8729
20151103 094000 8729
20151103 094000 8729
20151103 094015 8728
20151103 094058 8721
20151103 094058 8722
20151103 094058 8722
20151103 094058 8722
20151103 094112 8721
20151103 094112 8721
20151103 094119 8718
20151103 094123 8719
20151103 094159 8718
20151103 094220 8720
20151103 094241 8718
20151103 094337 8718
20151103 094337 8718
20151103 094440 8718
20151103 094515 8721
20151103 094522 8722
20151103 094522 8722
20151103 094531 8723
20151103 094559 8724
20151103 094601 8724
20151103 094647 8724
20151103 094647 8724
20151103 094654 8725
20151103 094654 8726
20151103 094654 8726
20151103 094655 8727
20151103 094656 8727
20151103 094719 8724
20151103 094719 8724
20151103 094719 8724
20151103 094719 8724
20151103 094722 8724
20151103 094724 8724
20151103 094753 8715
20151103 094753 8715
20151103 094753 8715
20151103 094754 8715
20151103 094823 8716
20151103 094842 8717
20151103 094954 8719
20151103 094956 8719
20151103 094956 8719
20151103 094957 8719
20151103 094958 8719
20151103 094958 8719
20151103 094958 8719
20151103 094958 8719
20151103 094958 8719
20151103 094958 8721
20151103 094958 8721
20151103 095002 8722
20151103 095002 8722
20151103 095054 8720
20151103 095059 8718
20151103 095059 8718
20151103 095059 8719
20151103 095059 8719
20151103 095144 8717
20151103 095144 8717
20151103 095152 8715
20151103 095224 8716
20151103 095237 8717
20151103 095237 8717
20151103 095237 8717
20151103 095237 8717
20151103 095311 8717
20151103 095338 8717
20151103 095517 8715
20151103 095550 8718
20151103 095550 8718
20151103 095616 8718
20151103 095616 8718
20151103 095616 8718
20151103 095616 8718
20151103 095616 8718
20151103 095616 8718
20151103 095616 8718
20151103 095616 8718
20151103 095620 8719
20151103 095620 8719
20151103 095628 8719
20151103 095628 8719
20151103 095630 8719
20151103 095655 8715
20151103 095658 8713
20151103 095822 8715
20151103 095856 8715
20151103 095858 8714
20151103 095902 8712
20151103 095902 8712
20151103 100001 8712
20151103 100003 8711
20151103 100040 8712
20151103 100047 8711
20151103 100048 8711
20151103 100051 8705
20151103 100051 8705
20151103 100051 8705
20151103 100051 8705
20151103 100051 8706
20151103 100051 8706
20151103 100051 8708
20151103 100051 8710
20151103 100051 8710
20151103 100051 8710
20151103 100052 8703
20151103 100220 8711
20151103 100302 8712
20151103 100422 8713
20151103 100506 8711
20151103 100532 8711
20151103 100720 8712
20151103 100914 8710
20151103 101019 8706
20151103 101140 8707
20151103 101310 8711
20151103 101322 8712
20151103 101335 8711
20151103 101335 8711
20151103 101335 8711
20151103 101417 8710
20151103 101501 8706
20151103 101700 8710
20151103 101735 8710
20151103 101758 8706
20151103 101800 8701
20151103 101800 8701
20151103 101800 8701
20151103 101800 8701
20151103 101800 8701
20151103 101800 8702
20151103 101800 8703
20151103 101800 8705
20151103 101800 8705
20151103 101801 8700
20151103 101801 8700
20151103 101801 8701
20151103 101801 8701
20151103 101801 8701
20151103 101807 8703
20151103 101809 8703
20151103 101835 8704
20151103 101840 8705
20151103 101947 8703
20151103 101948 8702
20151103 101948 8702
20151103 101948 8703
20151103 101951 8700
20151103 101951 8700
20151103 101951 8701
20151103 101952 8697
20151103 101952 8697
20151103 101952 8697
20151103 101952 8697
20151103 101952 8698
20151103 101952 8698
20151103 101952 8698
20151103 101952 8699
20151103 102029 8702
20151103 102059 8704
20151103 102146 8706
20151103 102146 8706
20151103 102146 8706
20151103 102146 8706
20151103 102147 8707
20151103 102147 8707
20151103 102147 8707
20151103 102147 8707
20151103 102314 8704
20151103 102326 8704
20151103 102419 8705
20151103 102517 8703
20151103 102518 8702
20151103 102518 8702
20151103 102518 8702
20151103 102519 8702
20151103 102520 8701
20151103 102520 8701
20151103 102521 8701
20151103 102521 8701
20151103 102521 8701
20151103 102524 8700
20151103 102524 8700
20151103 102542 8703
20151103 102630 8707
20151103 102639 8708
20151103 102642 8709
20151103 102701 8711
20151103 102701 8711
20151103 102701 8711
20151103 102702 8711
20151103 102706 8709
20151103 102706 8709
20151103 102746 8712
20151103 102746 8712
20151103 102803 8711
20151103 102815 8711
20151103 102815 8712
20151103 102834 8714
20151103 102834 8714
20151103 103003 8710
20151103 103020 8713
20151103 103202 8711
20151103 103212 8708
20151103 103254 8707
20151103 103256 8707
20151103 103319 8709
20151103 103405 8712
20151103 103407 8711
20151103 103518 8710
20151103 103521 8711
20151103 103533 8712
20151103 103625 8714
20151103 103632 8714
20151103 103632 8714
20151103 103720 8714
20151103 103743 8714
20151103 103819 8715
20151103 103819 8715
20151103 103820 8715
20151103 103823 8716
20151103 103823 8716
20151103 103826 8716
20151103 103826 8716
20151103 103826 8716
20151103 103826 8717
20151103 103826 8717
20151103 103826 8717
20151103 103827 8717
20151103 103838 8717
20151103 103838 8717
20151103 103920 8718
20151103 103920 8719
20151103 103920 8719
20151103 103920 8719
20151103 103928 8719
20151103 103929 8719
20151103 103929 8719
20151103 103929 8719
20151103 103930 8719
20151103 103932 8720
20151103 103933 8720
20151103 103933 8720
20151103 103933 8720
20151103 103933 8720
20151103 103933 8720
20151103 103933 8720
20151103 103933 8720
20151103 103933 8720
20151103 103940 8719
20151103 103940 8720
20151103 104000 8719
20151103 104016 8716
20151103 104016 8716
20151103 104016 8716
20151103 104016 8716
20151103 104202 8714
20151103 104225 8713
20151103 104225 8713
20151103 104234 8713
20151103 104237 8713
20151103 104351 8716
20151103 104458 8714
20151103 104905 8716
20151103 105046 8718
20151103 105046 8718
20151103 105047 8719
20151103 105102 8720
20151103 105103 8721
20151103 105103 8721
20151103 105103 8721
20151103 105103 8721
20151103 105103 8721
20151103 105103 8721
20151103 105103 8722
20151103 105103 8722
20151103 105103 8722
20151103 105105 8723
20151103 105108 8721
20151103 105205 8718
20151103 105501 8715
20151103 105833 8715
20151103 105833 8715
20151103 105833 8715
20151103 105833 8715
20151103 105833 8715
20151103 105833 8715
20151103 105840 8714
20151103 105841 8714
20151103 105841 8714
20151103 105844 8713
20151103 105844 8713
20151103 105844 8713
20151103 105845 8713
20151103 105846 8712
20151103 105846 8712
20151103 105846 8712
20151103 105846 8712
20151103 105846 8712
20151103 105847 8713
20151103 105848 8713
20151103 105851 8713
20151103 105851 8713
20151103 105853 8713
20151103 105856 8712
20151103 105856 8712
20151103 105856 8712
20151103 105856 8712
20151103 105856 8712
20151103 105859 8711
20151103 105859 8711
20151103 105859 8711
20151103 105859 8711
20151103 105859 8711
20151103 105859 8711
20151103 105859 8711
20151103 105901 8710
20151103 105901 8710
20151103 105902 8710
20151103 105949 8709
20151103 110001 8710
20151103 110001 8710
20151103 110001 8710
20151103 110001 8710
20151103 110001 8710
20151103 110001 8710
20151103 110001 8710
20151103 110015 8707
20151103 110015 8707
20151103 110015 8707
20151103 110015 8707
20151103 110015 8707
20151103 110015 8707
20151103 110015 8708
20151103 110015 8708
20151103 110015 8708
20151103 110015 8708
20151103 110016 8706
20151103 110016 8706
20151103 110016 8706
20151103 110016 8706
20151103 110016 8706
20151103 110016 8706
20151103 110016 8706
20151103 110016 8706
20151103 110016 8706
20151103 110016 8706
20151103 110137 8710
20151103 110322 8712
20151103 110408 8712
20151103 110639 8711
20151103 110905 8711
20151103 110905 8711
20151103 110959 8710
20151103 111154 8712
20151103 111236 8714
20151103 111546 8712
20151103 111801 8716
20151103 111801 8716
20151103 111843 8716
20151103 112258 8713
20151103 112331 8714
20151103 112601 8714
20151103 112652 8714
20151103 112711 8714
20151103 112713 8714
20151103 112838 8715
20151103 112937 8715
20151103 112951 8714
20151103 113001 8711
20151103 113001 8712
20151103 113001 8713
20151103 113001 8713
20151103 113001 8713
20151103 113001 8713
20151103 113001 8713
20151103 113242 8714
20151103 113452 8714
20151103 113604 8713
20151103 113604 8713
20151103 113604 8713
20151103 113604 8713
20151103 114643 8716
20151103 114643 8716
20151103 114643 8716
20151103 114657 8716
20151103 114750 8715
20151103 114750 8715
20151103 114800 8716
20151103 115252 8714
20151103 115252 8714
20151103 115253 8714
20151103 115306 8714
20151103 115345 8714
20151103 115345 8714
20151103 115345 8714
20151103 115346 8714
20151103 115444 8714
20151103 115444 8714
20151103 115444 8714
20151103 115444 8714
20151103 115444 8714
20151103 115445 8714
20151103 115445 8714
20151103 115445 8714
20151103 115451 8714
20151103 120152 8713
20151103 120154 8712
20151103 120523 8714
20151103 121234 8714
20151103 121234 8714
20151103 121250 8715
20151103 121342 8716
20151103 121346 8716
20151103 121403 8716
20151103 121406 8716
20151103 121442 8717
20151103 121442 8717
20151103 121455 8717
20151103 121501 8718
20151103 121502 8718
20151103 121510 8719
20151103 121510 8719
20151103 121510 8719
20151103 121511 8719
20151103 121525 8720
20151103 121526 8720
20151103 121528 8719
20151103 121529 8720
20151103 121532 8721
20151103 121532 8721
20151103 121606 8722
20151103 121606 8722
20151103 121606 8722
20151103 121608 8723
20151103 121608 8723
20151103 121608 8723
20151103 122057 8719
20151103 122217 8720
20151103 122217 8720
20151103 122732 8722
20151103 122810 8723
20151103 122811 8723
20151103 122811 8723
20151103 122811 8723
20151103 122811 8723
20151103 122811 8723
20151103 122811 8723
20151103 122821 8724
20151103 122821 8724
20151103 122821 8724
20151103 122821 8724
20151103 122826 8724
20151103 122836 8724
20151103 122838 8725
20151103 122838 8725
20151103 122838 8725
20151103 122938 8723
20151103 123015 8722
20151103 123015 8722
20151103 123015 8722
20151103 123015 8722
20151103 123015 8722
20151103 123215 8724
20151103 123215 8724
20151103 123307 8726
20151103 123307 8727
20151103 123307 8727
20151103 123307 8727
20151103 123307 8727
20151103 123404 8728
20151103 123404 8728
20151103 123406 8729
20151103 123420 8730
20151103 123420 8730
20151103 123420 8730
20151103 123421 8730
20151103 123421 8730
20151103 123421 8730
20151103 123421 8730
20151103 123424 8730
20151103 123424 8730
20151103 123427 8730
20151103 123427 8730
20151103 123430 8731
20151103 123430 8731
20151103 123436 8731
20151103 123438 8731
20151103 123458 8731
20151103 123458 8731
20151103 123459 8732
20151103 123459 8732
20151103 123459 8732
20151103 123459 8732
20151103 123500 8732
20151103 123500 8732
20151103 123501 8733
20151103 123501 8733
20151103 123512 8732
20151103 123551 8729
20151103 123609 8729
20151103 123712 8729
20151103 123726 8728
20151103 123822 8728
20151103 124051 8728
20151103 124051 8728
20151103 124051 8728
20151103 124110 8729
20151103 124110 8729
20151103 124111 8730
20151103 124111 8730
20151103 124111 8730
20151103 124111 8730
20151103 124111 8730
20151103 124111 8730
20151103 124111 8730
20151103 124111 8730
20151103 124206 8730
20151103 124245 8728
20151103 124245 8728
20151103 124246 8729
20151103 124435 8729
20151103 124436 8729
20151103 124439 8729
20151103 124441 8729
20151103 124443 8730
20151103 124457 8730
20151103 124500 8730
20151103 124500 8730
20151103 124502 8730
20151103 124518 8731
20151103 124526 8732
20151103 124527 8732
20151103 124527 8732
20151103 124647 8732
20151103 124648 8733
20151103 124652 8732
20151103 124652 8733
20151103 124652 8733
20151103 124808 8734
20151103 124808 8735
20151103 124808 8735
20151103 124808 8735
20151103 124808 8735
20151103 124808 8735
20151103 124808 8735
20151103 124808 8735
20151103 124808 8735
20151103 124808 8735
20151103 124808 8735
20151103 124809 8735
20151103 124809 8736
20151103 124809 8736
20151103 124809 8736
20151103 124809 8736
20151103 124809 8736
20151103 124809 8736
20151103 124809 8737
20151103 124809 8737
20151103 124809 8737
20151103 124809 8737
20151103 124809 8737
20151103 124809 8738
20151103 124809 8738
20151103 124810 8737
20151103 124810 8738
20151103 124810 8738
20151103 124810 8738
20151103 124810 8738
20151103 124810 8738
20151103 124810 8738
20151103 124810 8739
20151103 124810 8739
20151103 124810 8739
20151103 124810 8739
20151103 124810 8739
20151103 124810 8739
20151103 124810 8739
20151103 124810 8739
20151103 124810 8740
20151103 124810 8740
20151103 124810 8740
20151103 124810 8740
20151103 124811 8737
20151103 124829 8734
20151103 124830 8735
20151103 124838 8734
20151103 124900 8730
20151103 125014 8732
20151103 125021 8729
20151103 125022 8728
20151103 125023 8728
20151103 125026 8728
20151103 125027 8726
20151103 125030 8726
20151103 125030 8726
20151103 125039 8725
20151103 125155 8727
20151103 125217 8726
20151103 125219 8726
20151103 125222 8726
20151103 125232 8724
20151103 125232 8724
20151103 125315 8723
20151103 125343 8727
20151103 125411 8727
20151103 125519 8725
20151103 125520 8725
20151103 125538 8724
20151103 125554 8723
20151103 125612 8723
20151103 125639 8724
20151103 125732 8721
20151103 125732 8721
20151103 125732 8721
20151103 125732 8722
20151103 125845 8723
20151103 125916 8722
20151103 130019 8724
20151103 130041 8723
20151103 130123 8724
20151103 130329 8724
20151103 130337 8725
20151103 130358 8725
20151103 130358 8725
20151103 130358 8725
20151103 130358 8725
20151103 130358 8725
20151103 130358 8725
20151103 130358 8725
20151103 130358 8725
20151103 130358 8725
20151103 130359 8725
20151103 130401 8724
20151103 130401 8724
20151103 130401 8724
20151103 130401 8724
20151103 130401 8724
20151103 130401 8724
20151103 130401 8724
20151103 130401 8724
20151103 130401 8724
20151103 130401 8724
20151103 130401 8724
20151103 130401 8724
20151103 130401 8724
20151103 130412 8723
20151103 130416 8724
20151103 130522 8726
20151103 130823 8723
20151103 130834 8723
20151103 130914 8723
20151103 130914 8723
20151103 130915 8723
20151103 131013 8722
20151103 131216 8725
20151103 131255 8724
20151103 131255 8726
20151103 131256 8724
20151103 131256 8726
20151103 131356 8723
20151103 131400 8723
20151103 131400 8725
20151103 131402 8724
20151103 131403 8723
20151103 131403 8725
20151103 131408 8723
20151103 131408 8725
20151103 131413 8723
20151103 131423 8722
20151103 131425 8721
20151103 131425 8721
20151103 131425 8721
20151103 131437 8709
20151103 131437 8720
20151103 131440 8720
20151103 131444 8719
20151103 131500 8718
20151103 131500 8718
20151103 131500 8718
20151103 131500 8718
20151103 131500 8718
20151103 131500 8719
20151103 131501 8717
20151103 131501 8718
20151103 131518 8720
20151103 131518 8720
20151103 131700 8719
20151103 131700 8719
20151103 131701 8719
20151103 131701 8719
20151103 131810 8719
20151103 131832 8719
20151103 131838 8719
20151103 131917 8718
20151103 131948 8719
20151103 131948 8720
20151103 132001 8716
20151103 132001 8716
20151103 132002 8715
20151103 132007 8715
20151103 132036 8716
20151103 132036 8716
20151103 132037 8715
20151103 132040 8715
20151103 132101 8713
20151103 132101 8714
20151103 132101 8714
20151103 132101 8714
20151103 132137 8715
20151103 132202 8715
20151103 132202 8715
20151103 132202 8715
20151103 132317 8715
20151103 132340 8715
20151103 132353 8717
20151103 132353 8718
20151103 132453 8720
20151103 132509 8717
20151103 132617 8719
20151103 132623 8719
20151103 132627 8720
20151103 132658 8722
20151103 132700 8721
20151103 132720 8722
20151103 132736 8723
20151103 132742 8722
20151103 132805 8720
20151103 132805 8720
20151103 132901 8718
20151103 132903 8717
20151103 132903 8717
20151103 132903 8717
20151103 132903 8717
20151103 132946 8718
20151103 132951 8718
20151103 133044 8717
20151103 133104 8714
20151103 133104 8714
20151103 133152 8719
20151103 133153 8719
20151103 133153 8719
20151103 133153 8719
20151103 133153 8719
20151103 133153 8719
20151103 133153 8719
20151103 133159 8719
20151103 133300 8716
20151103 133301 8715
20151103 133301 8715
20151103 133310 8716
20151103 133310 8716
20151103 133310 8716
20151103 133310 8716
20151103 133310 8716
20151103 133315 8716
20151103 133338 8716
20151103 133406 8719
20151103 133414 8719
20151103 133451 8718
20151103 133451 8718
20151103 133451 8718
20151103 133451 8719
20151103 133451 8719
20151103 133500 8717
20151103 133502 8716
20151103 133536 8719
20151103 133540 8719
20151103 133718 8723
20151103 133720 8723
20151103 133720 8724
20151103 133723 8724
20151103 133727 8724
20151103 133727 8724
20151103 133744 8725
20151103 133749 8724
20151103 133752 8724
20151103 133752 8726
20151103 133800 8722
20151103 133800 8722
20151103 133805 8723
20151103 133805 8726
20151103 133900 8720
20151103 133903 8720
20151103 133908 8720
20151103 133918 8718
20151103 133918 8718
20151103 133921 8718
20151103 133933 8717
20151103 133934 8717
20151103 133940 8718
20151103 133947 8721
20151103 133949 8719
20151103 133949 8721
20151103 133951 8718
20151103 133956 8718
20151103 134000 8717
20151103 134000 8717
20151103 134000 8717
20151103 134003 8719
20151103 134050 8721
20151103 134057 8720
20151103 134109 8720
20151103 134114 8720
20151103 134200 8720
20151103 134201 8720
20151103 134207 8721
20151103 134210 8721
20151103 134213 8722
20151103 134213 8722
20151103 134245 8722
20151103 134245 8723
20151103 134259 8722
20151103 134300 8721
20151103 134305 8722
20151103 134313 8720
20151103 134319 8721
20151103 134328 8720
20151103 134330 8719
20151103 134339 8720
20151103 134414 8718
20151103 134415 8718
20151103 134415 8718
20151103 134419 8719
20151103 134419 8719
20151103 134432 8720
20151103 134440 8720
20151103 134442 8720
20151103 134442 8720
20151103 134448 8719
20151103 134448 8719
20151103 134451 8720
20151103 134451 8720
20151103 134452 8720
20151103 134459 8721
20151103 134500 8721
