20151030 084500 8561
20151030 084500 8563
20151030 084500 8563
20151030 084500 8563
20151030 084501 8565
20151030 084501 8565
20151030 084501 8568
20151030 084501 8568
20151030 084503 8567
20151030 084503 8567
20151030 084523 8564
20151030 084532 8562
20151030 084542 8563
20151030 084543 8563
20151030 084545 8563
20151030 084545 8563
20151030 084552 8567
20151030 084601 8567
20151030 084605 8567
20151030 084608 8568
20151030 084614 8568
20151030 084616 8569
20151030 084618 8569
20151030 084621 8569
20151030 084624 8570
20151030 084627 8570
20151030 084631 8572
20151030 084643 8572
20151030 084643 8573
20151030 084643 8573
20151030 084643 8573
20151030 084644 8572
20151030 084644 8574
20151030 084649 8574
20151030 084649 8575
20151030 084650 8574
20151030 084650 8575
20151030 084652 8576
20151030 084653 8575
20151030 084655 8577
20151030 084658 8577
20151030 084659 8577
20151030 084702 8577
20151030 084713 8573
20151030 084801 8568
20151030 084815 8567
20151030 084821 8567
20151030 084821 8567
20151030 084839 8566
20151030 084852 8563
20151030 084944 8564
20151030 085034 8560
20151030 085051 8561
20151030 085105 8557
20151030 085106 8557
20151030 085109 8557
20151030 085113 8558
20151030 085113 8558
20151030 085130 8557
20151030 085130 8557
20151030 085141 8556
20151030 085143 8556
20151030 085200 8556
20151030 085203 8554
20151030 085217 8551
20151030 085222 8551
20151030 085300 8550
20151030 085321 8553
20151030 085321 8553
20151030 085322 8554
20151030 085340 8556
20151030 085404 8556
20151030 085412 8555
20151030 085512 8557
20151030 085529 8557
20151030 085644 8556
20151030 085650 8558
20151030 085650 8558
20151030 085712 8561
20151030 085712 8561
20151030 085712 8561
20151030 085713 8561
20151030 085714 8562
20151030 085715 8562
20151030 085716 8565
20151030 085716 8565
20151030 085725 8550
20151030 085728 8564
20151030 085730 8564
20151030 085734 8564
20151030 085740 8564
20151030 085744 8564
20151030 085747 8564
20151030 085747 8564
20151030 085757 8564
20151030 085806 8565
20151030 085809 8564
20151030 085813 8563
20151030 085853 8562
20151030 085926 8564
20151030 085926 8564
20151030 090000 8564
20151030 090000 8564
20151030 090011 8561
20151030 090033 8563
20151030 090037 8565
20151030 090114 8563
20151030 090114 8563
20151030 090114 8563
20151030 090128 8555
20151030 090129 8551
20151030 090129 8553
20151030 090132 8552
20151030 090136 8542
20151030 090136 8543
20151030 090136 8543
20151030 090136 8546
20151030 090136 8548
20151030 090137 8542
20151030 090138 8542
20151030 090142 8544
20151030 090206 8530
20151030 090206 8550
20151030 090211 8548
20151030 090213 8548
20151030 090222 8551
20151030 090222 8551
20151030 090222 8551
20151030 090222 8552
20151030 090226 8553
20151030 090237 8551
20151030 090320 8530
20151030 090320 8548
20151030 090320 8549
20151030 090330 8550
20151030 090333 8553
20151030 090333 8554
20151030 090334 8534
20151030 090334 8554
20151030 090335 8552
20151030 090335 8552
20151030 090335 8552
20151030 090338 8554
20151030 090347 8558
20151030 090348 8540
20151030 090348 8559
20151030 090348 8560
20151030 090358 8560
20151030 090407 8560
20151030 090420 8557
20151030 090429 8554
20151030 090430 8553
20151030 090455 8553
20151030 090459 8535
20151030 090459 8555
20151030 090459 8555
20151030 090501 8556
20151030 090524 8528
20151030 090527 8549
20151030 090532 8551
20151030 090533 8551
20151030 090534 8551
20151030 090540 8553
20151030 090547 8555
20151030 090549 8555
20151030 090556 8558
20151030 090601 8557
20151030 090601 8557
20151030 090617 8555
20151030 090707 8557
20151030 090811 8547
20151030 090811 8547
20151030 090820 8548
20151030 090850 8545
20151030 090851 8542
20151030 090851 8542
20151030 090851 8545
20151030 090852 8542
20151030 090852 8542
20151030 090852 8542
20151030 090854 8540
20151030 090856 8536
20151030 090901 8533
20151030 090901 8534
20151030 090901 8535
20151030 090903 8532
20151030 090924 8535
20151030 090927 8535
20151030 090934 8535
20151030 090942 8535
20151030 090942 8535
20151030 090950 8531
20151030 091000 8529
20151030 091000 8530
20151030 091012 8527
20151030 091020 8528
20151030 091027 8527
20151030 091027 8527
20151030 091036 8523
20151030 091038 8522
20151030 091038 8522
20151030 091038 8522
20151030 091038 8524
20151030 091039 8524
20151030 091041 8524
20151030 091043 8503
20151030 091043 8523
20151030 091043 8523
20151030 091044 8522
20151030 091045 8522
20151030 091057 8520
20151030 091057 8520
20151030 091058 8518
20151030 091058 8518
20151030 091100 8516
20151030 091100 8517
20151030 091100 8517
20151030 091101 8518
20151030 091116 8523
20151030 091117 8523
20151030 091117 8523
20151030 091119 8524
20151030 091122 8526
20151030 091125 8526
20151030 091125 8526
20151030 091127 8527
20151030 091134 8529
20151030 091139 8527
20151030 091139 8527
20151030 091141 8527
20151030 091141 8527
20151030 091151 8527
20151030 091209 8525
20151030 091214 8505
20151030 091228 8526
20151030 091228 8526
20151030 091231 8527
20151030 091242 8526
20151030 091248 8525
20151030 091301 8505
20151030 091312 8526
20151030 091316 8529
20151030 091316 8530
20151030 091325 8533
20151030 091329 8535
20151030 091332 8537
20151030 091333 8537
20151030 091357 8533
20151030 091409 8530
20151030 091431 8522
20151030 091431 8523
20151030 091438 8523
20151030 091504 8529
20151030 091522 8531
20151030 091522 8531
20151030 091526 8520
20151030 091526 8530
20151030 091533 8533
20151030 091551 8529
20151030 091554 8530
20151030 091555 8530
20151030 091607 8529
20151030 091607 8529
20151030 091607 8529
20151030 091607 8529
20151030 091607 8529
20151030 091607 8529
20151030 091607 8530
20151030 091607 8530
20151030 091631 8525
20151030 091635 8529
20151030 091636 8530
20151030 091637 8530
20151030 091640 8530
20151030 091640 8530
20151030 091640 8530
20151030 091641 8530
20151030 091648 8530
20151030 091746 8526
20151030 091746 8526
20151030 091749 8526
20151030 091751 8505
20151030 091754 8526
20151030 091759 8526
20151030 091817 8526
20151030 091818 8527
20151030 091825 8532
20151030 091825 8532
20151030 091826 8533
20151030 091826 8533
20151030 091827 8534
20151030 091827 8536
20151030 091828 8536
20151030 091904 8535
20151030 091908 8533
20151030 091940 8522
20151030 091943 8521
20151030 092000 8510
20151030 092004 8533
20151030 092012 8538
20151030 092012 8539
20151030 092039 8532
20151030 092046 8532
20151030 092212 8526
20151030 092215 8531
20151030 092215 8532
20151030 092242 8526
20151030 092250 8524
20151030 092302 8522
20151030 092303 8518
20151030 092303 8518
20151030 092303 8518
20151030 092303 8519
20151030 092303 8519
20151030 092303 8519
20151030 092303 8520
20151030 092304 8512
20151030 092304 8512
20151030 092304 8513
20151030 092304 8513
20151030 092304 8513
20151030 092304 8513
20151030 092304 8516
20151030 092304 8517
20151030 092304 8517
20151030 092310 8519
20151030 092324 8518
20151030 092324 8518
20151030 092332 8521
20151030 092337 8525
20151030 092337 8525
20151030 092354 8525
20151030 092417 8527
20151030 092424 8528
20151030 092432 8524
20151030 092435 8525
20151030 092540 8528
20151030 092547 8529
20151030 092608 8531
20151030 092609 8531
20151030 092619 8533
20151030 092619 8533
20151030 092620 8534
20151030 092628 8532
20151030 092656 8534
20151030 092712 8532
20151030 092713 8533
20151030 092843 8532
20151030 092903 8531
20151030 092910 8529
20151030 092910 8529
20151030 092917 8529
20151030 092942 8525
20151030 092956 8522
20151030 092957 8521
20151030 092957 8521
20151030 092957 8521
20151030 092957 8521
20151030 092957 8521
20151030 092957 8521
20151030 092957 8521
20151030 093000 8519
20151030 093000 8520
20151030 093001 8514
20151030 093001 8514
20151030 093001 8515
20151030 093001 8515
20151030 093017 8525
20151030 093056 8512
20151030 093056 8512
20151030 093056 8512
20151030 093058 8507
20151030 093058 8508
20151030 093058 8508
20151030 093058 8509
20151030 093100 8512
20151030 093106 8512
20151030 093113 8511
20151030 093124 8513
20151030 093141 8516
20151030 093141 8516
20151030 093145 8515
20151030 093210 8510
20151030 093228 8512
20151030 093228 8512
20151030 093300 8512
20151030 093308 8512
20151030 093316 8511
20151030 093352 8508
20151030 093421 8511
20151030 093425 8510
20151030 093428 8507
20151030 093432 8508
20151030 093437 8508
20151030 093442 8508
20151030 093447 8510
20151030 093451 8510
20151030 093508 8505
20151030 093508 8505
20151030 093509 8504
20151030 093509 8504
20151030 093509 8504
20151030 093523 8506
20151030 093542 8503
20151030 093556 8502
20151030 093556 8502
20151030 093556 8502
20151030 093557 8502
20151030 093557 8502
20151030 093557 8503
20151030 093559 8502
20151030 093600 8502
20151030 093600 8502
20151030 093605 8502
20151030 093620 8502
20151030 093702 8500
20151030 093708 8503
20151030 093731 8504
20151030 093732 8505
20151030 093732 8506
20151030 093732 8508
20151030 093732 8508
20151030 093737 8506
20151030 093834 8507
20151030 093859 8509
20151030 093931 8508
20151030 093934 8508
20151030 093934 8508
20151030 093934 8508
20151030 094002 8511
20151030 094004 8512
20151030 094008 8512
20151030 094009 8511
20151030 094009 8512
20151030 094010 8513
20151030 094013 8512
20151030 094018 8513
20151030 094036 8513
20151030 094052 8511
20151030 094104 8508
20151030 094111 8508
20151030 094111 8508
20151030 094127 8507
20151030 094129 8507
20151030 094134 8505
20151030 094134 8505
20151030 094135 8504
20151030 094140 8505
20151030 094144 8505
20151030 094208 8504
20151030 094208 8505
20151030 094222 8504
20151030 094232 8504
20151030 094255 8500
20151030 094407 8494
20151030 094408 8494
20151030 094408 8494
20151030 094425 8496
20151030 094426 8495
20151030 094444 8494
20151030 094444 8494
20151030 094449 8494
20151030 094450 8492
20151030 094450 8492
20151030 094450 8492
20151030 094450 8493
20151030 094450 8494
20151030 094451 8492
20151030 094452 8492
20151030 094500 8488
20151030 094500 8489
20151030 094501 8485
20151030 094501 8485
20151030 094501 8486
20151030 094501 8486
20151030 094501 8486
20151030 094501 8487
20151030 094501 8487
20151030 094501 8487
20151030 094501 8487
20151030 094501 8487
20151030 094501 8487
20151030 094501 8487
20151030 094501 8487
20151030 094501 8487
20151030 094501 8488
20151030 094502 8490
20151030 094503 8489
20151030 094507 8484
20151030 094529 8488
20151030 094529 8488
20151030 094529 8488
20151030 094533 8488
20151030 094535 8489
20151030 094536 8491
20151030 094536 8493
20151030 094537 8493
20151030 094539 8493
20151030 094543 8494
20151030 094551 8491
20151030 094551 8491
20151030 094608 8493
20151030 094608 8493
20151030 094609 8493
20151030 094613 8493
20151030 094618 8493
20151030 094629 8495
20151030 094630 8496
20151030 094636 8497
20151030 094637 8499
20151030 094637 8499
20151030 094649 8497
20151030 094655 8497
20151030 094655 8499
20151030 094656 8498
20151030 094656 8498
20151030 094701 8498
20151030 094704 8498
20151030 094720 8501
20151030 094729 8501
20151030 094731 8502
20151030 094737 8502
20151030 094738 8502
20151030 094749 8500
20151030 094800 8496
20151030 094812 8493
20151030 094815 8492
20151030 094815 8492
20151030 094832 8494
20151030 094947 8496
20151030 095003 8501
20151030 095007 8500
20151030 095012 8502
20151030 095018 8501
20151030 095136 8498
20151030 095136 8498
20151030 095140 8501
20151030 095140 8501
20151030 095143 8501
20151030 095143 8501
20151030 095214 8497
20151030 095226 8503
20151030 095236 8503
20151030 095328 8490
20151030 095330 8504
20151030 095340 8509
20151030 095341 8494
20151030 095342 8511
20151030 095347 8511
20151030 095347 8511
20151030 095347 8511
20151030 095347 8511
20151030 095359 8511
20151030 095623 8512
20151030 095625 8512
20151030 095625 8512
20151030 095626 8512
20151030 095643 8513
20151030 095644 8513
20151030 095644 8513
20151030 095644 8514
20151030 095701 8514
20151030 095702 8514
20151030 095702 8515
20151030 095703 8516
20151030 095703 8517
20151030 095703 8518
20151030 095703 8521
20151030 095703 8521
20151030 095703 8521
20151030 095705 8517
20151030 095705 8517
20151030 095705 8517
20151030 095730 8518
20151030 095730 8518
20151030 095805 8517
20151030 095813 8517
20151030 095849 8519
20151030 095933 8520
20151030 095933 8521
20151030 095933 8521
20151030 095933 8521
20151030 095933 8521
20151030 095934 8522
20151030 095935 8519
20151030 095951 8522
20151030 100001 8523
20151030 100001 8523
20151030 100002 8521
20151030 100009 8520
20151030 100022 8517
20151030 100022 8517
20151030 100048 8516
20151030 100050 8519
20151030 100051 8523
20151030 100139 8521
20151030 100140 8523
20151030 100140 8523
20151030 100140 8523
20151030 100155 8522
20151030 100158 8524
20151030 100159 8525
20151030 100159 8526
20151030 100159 8526
20151030 100159 8526
20151030 100159 8526
20151030 100159 8526
20151030 100159 8526
20151030 100159 8526
20151030 100159 8526
20151030 100159 8526
20151030 100159 8526
20151030 100159 8526
20151030 100159 8527
20151030 100200 8528
20151030 100200 8528
20151030 100204 8528
20151030 100204 8528
20151030 100204 8528
20151030 100206 8528
20151030 100219 8528
20151030 100238 8527
20151030 100247 8524
20151030 100253 8525
20151030 100333 8525
20151030 100340 8526
20151030 100351 8529
20151030 100351 8529
20151030 100351 8529
20151030 100401 8530
20151030 100402 8530
20151030 100503 8530
20151030 100504 8531
20151030 100505 8532
20151030 100512 8531
20151030 100512 8531
20151030 100517 8533
20151030 100517 8533
20151030 100517 8533
20151030 100517 8533
20151030 100517 8533
20151030 100518 8533
20151030 100519 8533
20151030 100519 8533
20151030 100519 8533
20151030 100519 8534
20151030 100526 8535
20151030 100537 8533
20151030 100545 8532
20151030 100554 8534
20151030 100554 8535
20151030 100603 8533
20151030 100618 8535
20151030 100628 8534
20151030 100646 8536
20151030 100716 8533
20151030 100720 8532
20151030 100720 8532
20151030 100727 8531
20151030 100732 8533
20151030 100759 8530
20151030 100802 8530
20151030 100802 8530
20151030 100807 8531
20151030 100809 8530
20151030 100822 8530
20151030 100837 8529
20151030 100847 8529
20151030 100847 8529
20151030 100847 8529
20151030 100847 8529
20151030 100851 8528
20151030 100851 8528
20151030 100851 8528
20151030 100902 8531
20151030 101000 8528
20151030 101018 8525
20151030 101022 8525
20151030 101029 8527
20151030 101035 8526
20151030 101038 8526
20151030 101051 8525
20151030 101121 8523
20151030 101134 8520
20151030 101137 8522
20151030 101137 8522
20151030 101149 8523
20151030 101149 8523
20151030 101204 8522
20151030 101227 8522
20151030 101340 8505
20151030 101340 8505
20151030 101340 8505
20151030 101340 8518
20151030 101340 8518
20151030 101340 8518
20151030 101340 8518
20151030 101353 8518
20151030 101356 8518
20151030 101409 8520
20151030 101412 8520
20151030 101500 8521
20151030 101501 8521
20151030 101501 8521
20151030 101501 8521
20151030 101511 8517
20151030 101511 8517
20151030 101511 8517
20151030 101511 8517
20151030 101511 8517
20151030 101512 8517
20151030 101514 8517
20151030 101514 8517
20151030 101541 8517
20151030 101544 8516
20151030 101603 8518
20151030 101623 8520
20151030 101808 8520
20151030 101816 8519
20151030 101823 8517
20151030 101824 8517
20151030 102016 8519
20151030 102027 8521
20151030 102040 8522
20151030 102053 8524
20151030 102053 8525
20151030 102101 8525
20151030 102121 8524
20151030 102301 8510
20151030 102301 8523
20151030 102331 8522
20151030 102340 8525
20151030 102340 8525
20151030 102405 8528
20151030 102413 8525
20151030 102423 8524
20151030 102446 8510
20151030 102446 8523
20151030 102619 8509
20151030 102619 8522
20151030 102639 8522
20151030 102658 8524
20151030 102659 8524
20151030 102659 8524
20151030 102659 8524
20151030 102744 8524
20151030 102746 8524
20151030 102811 8523
20151030 102839 8522
20151030 102853 8522
20151030 102923 8523
20151030 103110 8524
20151030 103145 8526
20151030 103219 8530
20151030 103220 8531
20151030 103220 8532
20151030 103220 8533
20151030 103220 8533
20151030 103221 8533
20151030 103221 8533
20151030 103228 8533
20151030 103228 8533
20151030 103229 8534
20151030 103229 8534
20151030 103229 8534
20151030 103229 8534
20151030 103236 8533
20151030 103238 8533
20151030 103249 8533
20151030 103249 8533
20151030 103408 8534
20151030 103409 8535
20151030 103409 8537
20151030 103410 8538
20151030 103410 8538
20151030 103410 8538
20151030 103410 8538
20151030 103410 8538
20151030 103410 8538
20151030 103410 8538
20151030 103410 8539
20151030 103410 8540
20151030 103410 8540
20151030 103410 8542
20151030 103410 8542
20151030 103418 8542
20151030 103418 8543
20151030 103418 8543
20151030 103418 8543
20151030 103422 8545
20151030 103422 8545
20151030 103423 8544
20151030 103434 8545
20151030 103437 8544
20151030 103454 8544
20151030 103457 8544
20151030 103503 8548
20151030 103503 8548
20151030 103511 8547
20151030 103511 8547
20151030 103553 8547
20151030 103554 8547
20151030 103555 8548
20151030 103556 8548
20151030 103557 8550
20151030 103557 8550
20151030 103557 8551
20151030 103557 8553
20151030 103557 8553
20151030 103557 8553
20151030 103602 8552
20151030 103606 8554
20151030 103607 8554
20151030 103612 8555
20151030 103613 8556
20151030 103616 8558
20151030 103617 8558
20151030 103618 8555
20151030 103619 8558
20151030 103629 8556
20151030 103639 8557
20151030 103639 8559
20151030 103640 8561
20151030 103641 8563
20151030 103641 8563
20151030 103642 8562
20151030 103652 8564
20151030 103652 8564
20151030 103653 8566
20151030 103653 8567
20151030 103653 8567
20151030 103653 8567
20151030 103654 8568
20151030 103654 8568
20151030 103654 8568
20151030 103655 8565
20151030 103655 8565
20151030 103656 8564
20151030 103657 8565
20151030 103704 8558
20151030 103706 8558
20151030 103713 8558
20151030 103717 8556
20151030 103717 8557
20151030 103717 8557
20151030 103721 8557
20151030 103722 8558
20151030 103731 8560
20151030 103731 8560
20151030 103733 8558
20151030 103740 8558
20151030 103747 8557
20151030 103801 8556
20151030 103926 8558
20151030 103941 8558
20151030 103941 8558
20151030 103941 8558
20151030 103941 8558
20151030 103955 8558
20151030 104001 8561
20151030 104001 8561
20151030 104001 8561
20151030 104012 8561
20151030 104025 8562
20151030 104025 8563
20151030 104030 8564
20151030 104046 8564
20151030 104105 8562
20151030 104124 8566
20151030 104205 8561
20151030 104207 8561
20151030 104211 8561
20151030 104212 8560
20151030 104219 8557
20151030 104223 8556
20151030 104227 8559
20151030 104254 8560
20151030 104254 8560
20151030 104308 8563
20151030 104308 8563
20151030 104309 8563
20151030 104309 8563
20151030 104311 8564
20151030 104334 8566
20151030 104334 8567
20151030 104335 8568
20151030 104335 8568
20151030 104335 8568
20151030 104335 8569
20151030 104335 8569
20151030 104335 8569
20151030 104335 8569
20151030 104335 8570
20151030 104335 8570
20151030 104335 8572
20151030 104336 8572
20151030 104337 8573
20151030 104337 8573
20151030 104337 8573
20151030 104337 8575
20151030 104337 8575
20151030 104338 8578
20151030 104338 8579
20151030 104338 8580
20151030 104338 8580
20151030 104338 8581
20151030 104338 8582
20151030 104338 8583
20151030 104338 8583
20151030 104338 8583
20151030 104340 8578
20151030 104340 8578
20151030 104340 8578
20151030 104340 8578
20151030 104357 8579
20151030 104358 8579
20151030 104406 8573
20151030 104406 8573
20151030 104438 8575
20151030 104502 8579
20151030 104502 8579
20151030 104502 8580
20151030 104509 8582
20151030 104513 8584
20151030 104513 8585
20151030 104513 8587
20151030 104513 8587
20151030 104516 8585
20151030 104529 8586
20151030 104529 8586
20151030 104540 8588
20151030 104547 8584
20151030 104609 8590
20151030 104609 8591
20151030 104609 8591
20151030 104610 8592
20151030 104610 8592
20151030 104610 8594
20151030 104610 8594
20151030 104610 8594
20151030 104610 8595
20151030 104610 8595
20151030 104610 8596
20151030 104612 8594
20151030 104621 8594
20151030 104621 8594
20151030 104621 8594
20151030 104621 8594
20151030 104621 8594
20151030 104621 8594
20151030 104621 8594
20151030 104625 8595
20151030 104629 8596
20151030 104629 8596
20151030 104629 8596
20151030 104629 8596
20151030 104634 8595
20151030 104635 8595
20151030 104641 8594
20151030 104653 8592
20151030 104654 8591
20151030 104654 8591
20151030 104654 8591
20151030 104654 8591
20151030 104654 8591
20151030 104659 8593
20151030 104756 8584
20151030 104802 8584
20151030 104827 8585
20151030 104828 8585
20151030 104841 8583
20151030 104849 8582
20151030 104856 8583
20151030 104857 8583
20151030 104857 8583
20151030 104931 8583
20151030 104935 8582
20151030 104947 8584
20151030 104948 8584
20151030 105006 8584
20151030 105027 8583
20151030 105030 8582
20151030 105046 8581
20151030 105049 8580
20151030 105051 8579
20151030 105052 8579
20151030 105108 8580
20151030 105110 8580
20151030 105111 8580
20151030 105133 8579
20151030 105139 8580
20151030 105140 8580
20151030 105140 8580
20151030 105140 8581
20151030 105225 8574
20151030 105242 8575
20151030 105254 8575
20151030 105255 8574
20151030 105300 8577
20151030 105323 8574
20151030 105407 8574
20151030 105428 8575
20151030 105429 8576
20151030 105506 8574
20151030 105537 8575
20151030 105623 8579
20151030 105626 8578
20151030 105626 8578
20151030 105647 8578
20151030 105705 8578
20151030 105705 8578
20151030 105705 8578
20151030 105719 8577
20151030 105731 8579
20151030 105800 8579
20151030 105831 8577
20151030 105930 8576
20151030 105953 8574
20151030 110031 8573
20151030 110031 8573
20151030 110033 8572
20151030 110034 8571
20151030 110034 8571
20151030 110034 8571
20151030 110034 8571
20151030 110035 8571
20151030 110035 8571
20151030 110044 8567
20151030 110111 8564
20151030 110112 8564
20151030 110149 8567
20151030 110149 8567
20151030 110149 8567
20151030 110149 8567
20151030 110149 8567
20151030 110149 8567
20151030 110149 8567
20151030 110149 8567
20151030 110208 8566
20151030 110313 8565
20151030 110313 8565
20151030 110313 8565
20151030 110313 8565
20151030 110313 8565
20151030 110313 8565
20151030 110313 8565
20151030 110318 8564
20151030 110318 8564
20151030 110318 8564
20151030 110318 8564
20151030 110318 8564
20151030 110318 8565
20151030 110318 8565
20151030 110408 8568
20151030 110410 8569
20151030 110542 8569
20151030 110558 8567
20151030 110646 8568
20151030 110646 8568
20151030 110646 8568
20151030 110717 8571
20151030 110717 8571
20151030 110804 8570
20151030 111038 8567
20151030 111112 8569
20151030 111118 8571
20151030 111122 8571
20151030 111148 8570
20151030 111208 8573
20151030 111209 8573
20151030 111504 8572
20151030 111607 8577
20151030 111614 8575
20151030 111648 8578
20151030 111648 8578
20151030 111656 8579
20151030 111659 8580
20151030 111720 8577
20151030 111747 8577
20151030 111850 8578
20151030 111850 8578
20151030 111850 8578
20151030 111957 8579
20151030 111958 8580
20151030 112154 8578
20151030 112202 8574
20151030 112203 8574
20151030 112204 8573
20151030 112204 8573
20151030 112207 8570
20151030 112208 8570
20151030 112226 8569
20151030 112233 8569
20151030 112408 8568
20151030 112448 8579
20151030 112448 8579
20151030 112448 8580
20151030 112448 8580
20151030 112448 8582
20151030 112449 8582
20151030 112552 8569
20151030 112609 8568
20151030 112611 8569
20151030 112638 8572
20151030 112706 8568
20151030 112707 8567
20151030 112708 8566
20151030 112711 8566
20151030 112711 8566
20151030 113000 8572
20151030 113040 8567
20151030 113057 8567
20151030 113108 8566
20151030 113108 8566
20151030 113136 8566
20151030 113240 8566
20151030 113334 8566
20151030 113401 8564
20151030 113416 8567
20151030 113418 8567
20151030 113506 8569
20151030 113506 8569
20151030 113506 8569
20151030 113600 8568
20151030 113654 8569
20151030 113826 8567
20151030 113852 8566
20151030 113920 8562
20151030 113921 8562
20151030 113948 8560
20151030 113957 8561
20151030 114014 8560
20151030 114021 8561
20151030 114035 8563
20151030 114049 8565
20151030 114053 8564
20151030 114210 8569
20151030 114251 8568
20151030 114314 8568
20151030 114314 8568
20151030 114345 8569
20151030 114401 8568
20151030 114407 8570
20151030 114407 8570
20151030 114408 8571
20151030 114408 8571
20151030 114409 8572
20151030 114415 8569
20151030 114509 8570
20151030 114554 8569
20151030 114554 8569
20151030 114554 8569
20151030 114650 8571
20151030 114650 8571
20151030 114650 8571
20151030 114650 8571
20151030 114701 8572
20151030 114701 8572
20151030 114701 8572
20151030 114701 8572
20151030 114703 8573
20151030 114720 8574
20151030 114735 8574
20151030 114752 8574
20151030 114755 8576
20151030 114801 8576
20151030 114822 8578
20151030 114825 8577
20151030 114840 8575
20151030 114840 8575
20151030 114844 8576
20151030 114924 8576
20151030 114937 8577
20151030 114954 8580
20151030 114954 8580
20151030 115003 8582
20151030 115101 8581
20151030 115101 8581
20151030 115119 8578
20151030 115207 8579
20151030 115207 8579
20151030 115207 8579
20151030 115236 8579
20151030 115243 8580
20151030 115303 8583
20151030 115308 8585
20151030 115308 8585
20151030 115319 8589
20151030 115417 8591
20151030 115417 8591
20151030 115453 8587
20151030 115519 8583
20151030 115720 8581
20151030 115720 8581
20151030 115720 8581
20151030 115827 8581
20151030 115832 8582
20151030 115835 8582
20151030 115952 8578
20151030 115956 8577
20151030 120030 8578
20151030 120157 8576
20151030 120258 8576
20151030 120305 8575
20151030 120316 8574
20151030 120350 8575
20151030 120504 8581
20151030 120751 8564
20151030 120751 8577
20151030 120823 8576
20151030 120827 8574
20151030 120829 8559
20151030 120829 8572
20151030 120829 8572
20151030 120829 8573
20151030 121018 8573
20151030 121021 8572
20151030 121144 8572
20151030 121147 8572
20151030 121334 8574
20151030 121427 8577
20151030 121501 8578
20151030 121502 8579
20151030 121509 8579
20151030 121613 8579
20151030 121618 8580
20151030 121620 8580
20151030 121621 8580
20151030 121621 8580
20151030 121622 8580
20151030 121848 8579
20151030 121848 8579
20151030 121856 8580
20151030 121906 8565
20151030 121906 8578
20151030 121910 8576
20151030 121912 8577
20151030 121930 8572
20151030 122048 8576
20151030 122151 8577
20151030 122355 8580
20151030 122454 8580
20151030 122458 8581
20151030 122459 8583
20151030 122459 8583
20151030 122556 8581
20151030 122644 8583
20151030 122658 8586
20151030 122728 8586
20151030 122931 8570
20151030 122931 8583
20151030 123004 8585
20151030 123153 8586
20151030 123205 8587
20151030 123205 8587
20151030 123205 8587
20151030 123252 8586
20151030 123317 8586
20151030 123437 8583
20151030 123438 8583
20151030 123611 8583
20151030 123725 8582
20151030 123910 8579
20151030 124118 8580
20151030 124251 8580
20151030 124352 8581
20151030 124352 8582
20151030 124415 8585
20151030 124424 8588
20151030 124424 8588
20151030 124424 8589
20151030 124424 8589
20151030 124424 8589
20151030 124434 8588
20151030 124444 8589
20151030 124447 8590
20151030 124447 8590
20151030 124456 8592
20151030 124456 8592
20151030 124456 8592
20151030 124456 8594
20151030 124456 8594
20151030 124457 8595
20151030 124457 8597
20151030 124457 8597
20151030 124458 8598
20151030 124459 8598
20151030 124459 8598
20151030 124459 8598
20151030 124459 8598
20151030 124500 8598
20151030 124513 8594
20151030 124614 8593
20151030 124726 8589
20151030 124752 8591
20151030 124927 8587
20151030 124940 8590
20151030 124958 8591
20151030 125052 8590
20151030 125052 8590
20151030 125052 8590
20151030 125052 8590
20151030 125052 8590
20151030 125149 8586
20151030 125618 8574
20151030 125618 8586
20151030 125636 8583
20151030 125715 8582
20151030 125716 8582
20151030 125717 8582
20151030 125728 8582
20151030 125916 8584
20151030 125932 8584
20151030 125944 8583
20151030 130002 8585
20151030 130248 8583
20151030 130248 8583
20151030 130248 8584
20151030 130249 8582
20151030 130249 8582
20151030 130249 8582
20151030 130316 8583
20151030 130341 8584
20151030 130404 8582
20151030 130404 8582
20151030 130406 8581
20151030 130406 8581
20151030 130410 8581
20151030 130410 8581
20151030 130410 8581
20151030 130413 8567
20151030 130413 8579
20151030 130413 8579
20151030 130413 8579
20151030 130413 8579
20151030 130413 8579
20151030 130413 8579
20151030 130413 8580
20151030 130808 8587
20151030 130808 8588
20151030 130808 8588
20151030 130816 8588
20151030 130923 8587
20151030 130934 8587
20151030 131323 8572
20151030 131323 8584
20151030 131336 8582
20151030 131336 8582
20151030 131337 8581
20151030 131337 8581
20151030 131340 8580
20151030 131341 8580
20151030 131342 8580
20151030 131346 8581
20151030 131500 8580
20151030 131501 8579
20151030 131501 8580
20151030 131537 8582
20151030 131615 8583
20151030 131632 8583
20151030 131741 8584
20151030 132135 8580
20151030 132139 8580
20151030 132408 8580
20151030 132412 8579
20151030 132414 8579
20151030 132513 8575
20151030 132513 8575
20151030 132513 8576
20151030 132513 8577
20151030 132513 8578
20151030 132513 8578
20151030 132513 8578
20151030 132513 8578
20151030 132513 8578
20151030 132514 8575
20151030 132515 8574
20151030 132520 8573
20151030 132521 8572
20151030 132521 8573
20151030 132524 8559
20151030 132524 8571
20151030 132524 8571
20151030 132605 8571
20151030 132615 8570
20151030 132615 8570
20151030 132615 8570
20151030 132615 8570
20151030 132615 8570
20151030 132615 8570
20151030 132616 8568
20151030 132618 8566
20151030 132641 8568
20151030 132650 8568
20151030 132700 8567
20151030 132700 8567
20151030 132701 8567
20151030 132704 8566
20151030 132704 8567
20151030 132709 8565
20151030 132710 8565
20151030 132712 8563
20151030 132744 8568
20151030 132744 8568
20151030 132828 8567
20151030 132828 8567
20151030 132904 8564
20151030 132914 8568
20151030 132914 8568
20151030 132920 8567
20151030 132920 8567
20151030 132924 8568
20151030 132943 8571
20151030 132943 8571
20151030 132957 8572
20151030 133000 8573
20151030 133006 8570
20151030 133101 8567
20151030 133101 8567
20151030 133134 8566
20151030 133156 8566
20151030 133251 8566
20151030 133302 8565
20151030 133326 8564
20151030 133328 8564
20151030 133329 8564
20151030 133334 8564
20151030 133352 8563
20151030 133353 8563
20151030 133353 8563
20151030 133353 8563
20151030 133356 8564
20151030 133358 8562
20151030 133401 8562
20151030 133423 8562
20151030 133431 8561
20151030 133431 8561
20151030 133432 8560
20151030 133432 8560
20151030 133436 8561
20151030 133441 8560
20151030 133441 8560
20151030 133441 8560
20151030 133500 8560
20151030 133500 8560
20151030 133500 8560
20151030 133502 8559
20151030 133502 8559
20151030 133522 8562
20151030 133621 8564
20151030 133635 8549
20151030 133635 8562
20151030 133740 8565
20151030 133746 8566
20151030 133746 8566
20151030 133752 8565
20151030 133752 8565
20151030 133805 8565
20151030 133805 8565
20151030 133819 8565
20151030 134007 8565
20151030 134017 8567
20151030 134017 8567
20151030 134017 8567
20151030 134017 8567
20151030 134025 8568
20151030 134119 8554
20151030 134119 8555
20151030 134119 8566
20151030 134119 8567
20151030 134121 8555
20151030 134121 8567
20151030 134123 8566
20151030 134140 8566
20151030 134142 8565
20151030 134201 8567
20151030 134220 8569
20151030 134225 8569
20151030 134240 8568
20151030 134300 8568
20151030 134304 8567
20151030 134336 8568
20151030 134336 8568
20151030 134347 8569
20151030 134347 8570
20151030 134355 8570
20151030 134355 8570
20151030 134355 8570
20151030 134355 8570
20151030 134438 8572
20151030 134439 8572
20151030 134439 8572
20151030 134440 8572
20151030 134441 8572
20151030 134441 8572
20151030 134442 8570
20151030 134442 8570
20151030 134454 8569
20151030 134455 8569
20151030 134455 8569
20151030 134455 8569
20151030 134455 8569
20151030 134455 8569
20151030 134457 8571
20151030 134457 8571
20151030 134459 8570
