20151111 084500 8507
20151111 084500 8507
20151111 084500 8508
20151111 084500 8508
20151111 084500 8508
20151111 084500 8508
20151111 084500 8508
20151111 084500 8509
20151111 084500 8509
20151111 084501 8496
20151111 084501 8508
20151111 084503 8507
20151111 084508 8515
20151111 084509 8514
20151111 084510 8515
20151111 084512 8518
20151111 084512 8519
20151111 084513 8519
20151111 084513 8519
20151111 084513 8519
20151111 084513 8519
20151111 084519 8519
20151111 084519 8519
20151111 084520 8519
20151111 084524 8528
20151111 084525 8529
20151111 084528 8523
20151111 084529 8523
20151111 084530 8523
20151111 084532 8521
20151111 084534 8522
20151111 084536 8522
20151111 084537 8523
20151111 084541 8525
20151111 084544 8524
20151111 084549 8525
20151111 084550 8525
20151111 084553 8515
20151111 084558 8525
20151111 084558 8525
20151111 084607 8522
20151111 084607 8522
20151111 084609 8524
20151111 084616 8522
20151111 084622 8520
20151111 084625 8522
20151111 084628 8522
20151111 084628 8522
20151111 084628 8522
20151111 084628 8522
20151111 084628 8523
20151111 084637 8522
20151111 084642 8524
20151111 084645 8524
20151111 084656 8523
20151111 084656 8523
20151111 084700 8522
20151111 084700 8522
20151111 084700 8523
20151111 084705 8522
20151111 084705 8522
20151111 084705 8522
20151111 084705 8522
20151111 084705 8524
20151111 084706 8522
20151111 084707 8522
20151111 084714 8521
20151111 084714 8521
20151111 084724 8520
20151111 084725 8519
20151111 084725 8520
20151111 084726 8519
20151111 084726 8519
20151111 084748 8519
20151111 084753 8524
20151111 084817 8520
20151111 084817 8520
20151111 084817 8520
20151111 084817 8520
20151111 084817 8520
20151111 084817 8520
20151111 084820 8520
20151111 084829 8521
20151111 084832 8522
20151111 084853 8519
20151111 084859 8521
20151111 084908 8520
20151111 084908 8521
20151111 084911 8521
20151111 084916 8520
20151111 084919 8520
20151111 084926 8520
20151111 084929 8520
20151111 084929 8520
20151111 085000 8521
20151111 085004 8521
20151111 085017 8523
20151111 085018 8523
20151111 085020 8524
20151111 085020 8524
20151111 085020 8524
20151111 085020 8524
20151111 085021 8524
20151111 085021 8524
20151111 085021 8525
20151111 085021 8525
20151111 085021 8525
20151111 085021 8525
20151111 085023 8526
20151111 085023 8526
20151111 085023 8526
20151111 085023 8526
20151111 085024 8526
20151111 085025 8527
20151111 085026 8527
20151111 085026 8527
20151111 085027 8527
20151111 085027 8527
20151111 085027 8527
20151111 085027 8527
20151111 085027 8527
20151111 085027 8527
20151111 085029 8527
20151111 085030 8528
20151111 085030 8528
20151111 085031 8528
20151111 085032 8528
20151111 085038 8530
20151111 085039 8529
20151111 085040 8529
20151111 085040 8529
20151111 085100 8533
20151111 085104 8534
20151111 085106 8536
20151111 085109 8538
20151111 085110 8537
20151111 085116 8540
20151111 085121 8540
20151111 085123 8538
20151111 085124 8537
20151111 085130 8538
20151111 085135 8538
20151111 085135 8539
20151111 085137 8540
20151111 085144 8537
20151111 085149 8537
20151111 085149 8538
20151111 085158 8538
20151111 085202 8538
20151111 085207 8536
20151111 085208 8534
20151111 085218 8530
20151111 085221 8528
20151111 085221 8528
20151111 085230 8528
20151111 085300 8527
20151111 085300 8527
20151111 085300 8527
20151111 085300 8527
20151111 085300 8527
20151111 085300 8527
20151111 085302 8527
20151111 085305 8525
20151111 085309 8527
20151111 085312 8528
20151111 085347 8531
20151111 085347 8531
20151111 085418 8536
20151111 085420 8535
20151111 085426 8537
20151111 085436 8534
20151111 085436 8535
20151111 085456 8534
20151111 085456 8534
20151111 085457 8535
20151111 085506 8535
20151111 085510 8535
20151111 085642 8534
20151111 085642 8534
20151111 085710 8535
20151111 085728 8535
20151111 085817 8533
20151111 085817 8533
20151111 085817 8533
20151111 085817 8533
20151111 085822 8531
20151111 085822 8531
20151111 085822 8531
20151111 085822 8531
20151111 085832 8529
20151111 085852 8529
20151111 085854 8528
20151111 085854 8529
20151111 085856 8529
20151111 085901 8528
20151111 085901 8528
20151111 085901 8528
20151111 085901 8528
20151111 085901 8528
20151111 085901 8528
20151111 085902 8527
20151111 085911 8527
20151111 085915 8529
20151111 085916 8529
20151111 085922 8529
20151111 085954 8531
20151111 090003 8533
20151111 090010 8530
20151111 090011 8528
20151111 090013 8525
20151111 090013 8526
20151111 090013 8526
20151111 090013 8526
20151111 090021 8529
20151111 090030 8530
20151111 090034 8528
20151111 090035 8527
20151111 090041 8525
20151111 090042 8525
20151111 090042 8525
20151111 090042 8525
20151111 090043 8523
20151111 090043 8523
20151111 090043 8523
20151111 090043 8523
20151111 090049 8524
20151111 090051 8523
20151111 090054 8525
20151111 090110 8536
20151111 090111 8537
20151111 090111 8537
20151111 090111 8537
20151111 090111 8537
20151111 090111 8538
20151111 090112 8538
20151111 090112 8538
20151111 090112 8539
20151111 090113 8539
20151111 090113 8540
20151111 090113 8540
20151111 090114 8540
20151111 090114 8540
20151111 090114 8541
20151111 090114 8541
20151111 090120 8541
20151111 090120 8542
20151111 090121 8541
20151111 090135 8540
20151111 090141 8541
20151111 090143 8542
20151111 090146 8544
20151111 090148 8543
20151111 090153 8543
20151111 090153 8544
20151111 090155 8543
20151111 090155 8544
20151111 090158 8543
20151111 090201 8544
20151111 090204 8544
20151111 090209 8543
20151111 090211 8544
20151111 090214 8533
20151111 090214 8545
20151111 090215 8543
20151111 090221 8543
20151111 090226 8544
20151111 090235 8542
20151111 090235 8544
20151111 090236 8541
20151111 090236 8541
20151111 090236 8541
20151111 090247 8540
20151111 090253 8539
20151111 090303 8543
20151111 090304 8544
20151111 090304 8544
20151111 090304 8544
20151111 090311 8541
20151111 090315 8539
20151111 090320 8537
20151111 090321 8535
20151111 090321 8535
20151111 090321 8535
20151111 090321 8535
20151111 090322 8534
20151111 090334 8532
20151111 090405 8530
20151111 090408 8522
20151111 090408 8524
20151111 090408 8527
20151111 090409 8515
20151111 090409 8516
20151111 090409 8517
20151111 090409 8517
20151111 090409 8517
20151111 090409 8517
20151111 090409 8517
20151111 090409 8517
20151111 090409 8517
20151111 090409 8519
20151111 090409 8519
20151111 090409 8519
20151111 090409 8519
20151111 090409 8520
20151111 090409 8521
20151111 090409 8521
20151111 090409 8521
20151111 090409 8522
20151111 090410 8512
20151111 090410 8512
20151111 090410 8512
20151111 090410 8512
20151111 090410 8512
20151111 090410 8513
20151111 090410 8514
20151111 090410 8514
20151111 090410 8514
20151111 090410 8514
20151111 090429 8512
20151111 090429 8512
20151111 090431 8510
20151111 090433 8509
20151111 090433 8511
20151111 090434 8504
20151111 090434 8505
20151111 090434 8505
20151111 090434 8505
20151111 090434 8505
20151111 090434 8505
20151111 090434 8506
20151111 090434 8506
20151111 090434 8506
20151111 090434 8507
20151111 090434 8507
20151111 090434 8507
20151111 090434 8507
20151111 090434 8507
20151111 090434 8507
20151111 090434 8507
20151111 090434 8507
20151111 090434 8507
20151111 090434 8507
20151111 090434 8507
20151111 090434 8507
20151111 090434 8507
20151111 090434 8507
20151111 090434 8508
20151111 090434 8508
20151111 090434 8508
20151111 090441 8508
20151111 090446 8512
20151111 090459 8511
20151111 090459 8511
20151111 090504 8504
20151111 090504 8504
20151111 090505 8491
20151111 090505 8503
20151111 090505 8504
20151111 090508 8503
20151111 090508 8503
20151111 090508 8503
20151111 090508 8503
20151111 090508 8503
20151111 090508 8503
20151111 090508 8503
20151111 090508 8503
20151111 090508 8503
20151111 090509 8505
20151111 090512 8503
20151111 090513 8504
20151111 090516 8503
20151111 090522 8503
20151111 090531 8503
20151111 090536 8509
20151111 090536 8509
20151111 090538 8509
20151111 090542 8496
20151111 090542 8508
20151111 090542 8508
20151111 090554 8511
20151111 090555 8512
20151111 090556 8500
20151111 090556 8512
20151111 090559 8510
20151111 090559 8510
20151111 090559 8510
20151111 090604 8509
20151111 090604 8509
20151111 090608 8508
20151111 090608 8508
20151111 090620 8508
20151111 090624 8505
20151111 090624 8505
20151111 090628 8507
20151111 090631 8506
20151111 090637 8504
20151111 090638 8503
20151111 090639 8503
20151111 090639 8503
20151111 090641 8503
20151111 090650 8507
20151111 090651 8496
20151111 090651 8508
20151111 090653 8507
20151111 090653 8508
20151111 090654 8509
20151111 090654 8509
20151111 090658 8508
20151111 090703 8497
20151111 090703 8509
20151111 090703 8509
20151111 090705 8510
20151111 090705 8510
20151111 090705 8510
20151111 090705 8510
20151111 090705 8510
20151111 090705 8510
20151111 090707 8511
20151111 090707 8512
20151111 090710 8514
20151111 090715 8518
20151111 090715 8518
20151111 090716 8519
20151111 090716 8519
20151111 090716 8519
20151111 090718 8519
20151111 090719 8518
20151111 090722 8518
20151111 090722 8518
20151111 090724 8516
20151111 090724 8516
20151111 090724 8516
20151111 090724 8517
20151111 090732 8503
20151111 090732 8515
20151111 090733 8503
20151111 090733 8515
20151111 090734 8503
20151111 090734 8515
20151111 090738 8504
20151111 090738 8516
20151111 090749 8518
20151111 090752 8518
20151111 090754 8518
20151111 090754 8518
20151111 090756 8507
20151111 090756 8519
20151111 090805 8516
20151111 090825 8514
20151111 090833 8517
20151111 090833 8518
20151111 090851 8516
20151111 090859 8515
20151111 090903 8510
20151111 090903 8511
20151111 090909 8506
20151111 090909 8507
20151111 090919 8509
20151111 090921 8509
20151111 090921 8509
20151111 090927 8513
20151111 090928 8501
20151111 090928 8513
20151111 090936 8513
20151111 090936 8513
20151111 090936 8513
20151111 090936 8513
20151111 090936 8513
20151111 090941 8512
20151111 090941 8512
20151111 091000 8511
20151111 091000 8511
20151111 091000 8512
20151111 091003 8515
20151111 091003 8515
20151111 091003 8515
20151111 091003 8515
20151111 091004 8516
20151111 091004 8516
20151111 091004 8516
20151111 091012 8514
20151111 091015 8513
20151111 091019 8509
20151111 091028 8511
20151111 091048 8519
20151111 091049 8520
20151111 091049 8520
20151111 091050 8523
20151111 091051 8524
20151111 091052 8524
20151111 091052 8525
20151111 091052 8525
20151111 091052 8525
20151111 091104 8521
20151111 091104 8522
20151111 091108 8510
20151111 091108 8522
20151111 091109 8522
20151111 091109 8522
20151111 091109 8522
20151111 091109 8522
20151111 091113 8521
20151111 091123 8522
20151111 091124 8522
20151111 091126 8523
20151111 091131 8524
20151111 091133 8524
20151111 091138 8527
20151111 091138 8527
20151111 091138 8527
20151111 091139 8529
20151111 091139 8529
20151111 091140 8530
20151111 091140 8530
20151111 091140 8530
20151111 091140 8530
20151111 091140 8530
20151111 091140 8530
20151111 091143 8530
20151111 091143 8531
20151111 091143 8531
20151111 091143 8531
20151111 091143 8531
20151111 091144 8531
20151111 091144 8531
20151111 091155 8528
20151111 091208 8525
20151111 091211 8522
20151111 091211 8523
20151111 091213 8521
20151111 091215 8522
20151111 091228 8524
20151111 091241 8515
20151111 091241 8527
20151111 091314 8532
20151111 091314 8532
20151111 091315 8533
20151111 091315 8533
20151111 091316 8534
20151111 091316 8534
20151111 091316 8535
20151111 091316 8535
20151111 091316 8536
20151111 091316 8536
20151111 091316 8536
20151111 091316 8536
20151111 091316 8538
20151111 091319 8535
20151111 091319 8535
20151111 091325 8536
20151111 091325 8536
20151111 091325 8536
20151111 091329 8536
20151111 091333 8539
20151111 091334 8539
20151111 091334 8540
20151111 091334 8540
20151111 091334 8540
20151111 091335 8542
20151111 091335 8543
20151111 091335 8543
20151111 091335 8543
20151111 091335 8543
20151111 091335 8543
20151111 091336 8544
20151111 091336 8545
20151111 091336 8545
20151111 091336 8545
20151111 091336 8545
20151111 091336 8545
20151111 091336 8546
20151111 091336 8546
20151111 091336 8546
20151111 091336 8546
20151111 091336 8547
20151111 091340 8536
20151111 091340 8536
20151111 091345 8532
20151111 091346 8535
20151111 091346 8535
20151111 091353 8539
20151111 091422 8535
20151111 091431 8533
20151111 091431 8533
20151111 091431 8533
20151111 091434 8533
20151111 091434 8533
20151111 091434 8533
20151111 091437 8519
20151111 091437 8531
20151111 091455 8532
20151111 091455 8532
20151111 091459 8533
20151111 091500 8534
20151111 091502 8536
20151111 091503 8536
20151111 091506 8539
20151111 091506 8539
20151111 091506 8539
20151111 091507 8538
20151111 091508 8539
20151111 091508 8540
20151111 091530 8543
20151111 091530 8544
20151111 091551 8545
20151111 091551 8545
20151111 091551 8545
20151111 091551 8545
20151111 091552 8549
20151111 091553 8549
20151111 091553 8549
20151111 091612 8542
20151111 091621 8536
20151111 091638 8537
20151111 091642 8537
20151111 091659 8540
20151111 091704 8538
20151111 091704 8538
20151111 091710 8537
20151111 091717 8535
20151111 091719 8534
20151111 091719 8534
20151111 091720 8534
20151111 091721 8533
20151111 091728 8532
20151111 091743 8535
20151111 091745 8536
20151111 091755 8533
20151111 091817 8528
20151111 091817 8528
20151111 091818 8525
20151111 091836 8527
20151111 091903 8526
20151111 091920 8530
20151111 091942 8530
20151111 091942 8530
20151111 091942 8530
20151111 091944 8530
20151111 091944 8530
20151111 092006 8532
20151111 092007 8533
20151111 092007 8533
20151111 092012 8533
20151111 092030 8534
20151111 092042 8519
20151111 092042 8532
20151111 092042 8533
20151111 092055 8523
20151111 092055 8525
20151111 092055 8525
20151111 092055 8525
20151111 092055 8526
20151111 092055 8526
20151111 092056 8522
20151111 092056 8523
20151111 092056 8523
20151111 092056 8523
20151111 092122 8522
20151111 092122 8522
20151111 092127 8520
20151111 092127 8521
20151111 092127 8521
20151111 092129 8518
20151111 092129 8518
20151111 092129 8518
20151111 092130 8513
20151111 092130 8513
20151111 092130 8514
20151111 092130 8514
20151111 092130 8514
20151111 092130 8515
20151111 092130 8516
20151111 092130 8516
20151111 092131 8498
20151111 092131 8498
20151111 092131 8512
20151111 092131 8512
20151111 092131 8513
20151111 092131 8513
20151111 092131 8513
20151111 092131 8513
20151111 092132 8514
20151111 092132 8514
20151111 092132 8514
20151111 092132 8514
20151111 092147 8517
20151111 092147 8517
20151111 092206 8513
20151111 092210 8512
20151111 092211 8498
20151111 092211 8511
20151111 092211 8511
20151111 092213 8510
20151111 092213 8510
20151111 092213 8511
20151111 092214 8511
20151111 092215 8490
20151111 092215 8502
20151111 092215 8502
20151111 092215 8503
20151111 092215 8503
20151111 092215 8503
20151111 092215 8503
20151111 092215 8503
20151111 092215 8503
20151111 092215 8503
20151111 092215 8504
20151111 092215 8504
20151111 092215 8506
20151111 092215 8506
20151111 092215 8506
20151111 092215 8506
20151111 092215 8506
20151111 092215 8506
20151111 092215 8507
20151111 092215 8508
20151111 092215 8508
20151111 092215 8508
20151111 092215 8508
20151111 092215 8508
20151111 092216 8488
20151111 092216 8488
20151111 092216 8496
20151111 092216 8497
20151111 092216 8497
20151111 092216 8497
20151111 092216 8497
20151111 092216 8498
20151111 092216 8498
20151111 092216 8498
20151111 092216 8498
20151111 092216 8498
20151111 092216 8498
20151111 092216 8498
20151111 092216 8498
20151111 092216 8498
20151111 092216 8498
20151111 092216 8498
20151111 092216 8498
20151111 092216 8498
20151111 092216 8498
20151111 092216 8498
20151111 092216 8498
20151111 092216 8498
20151111 092216 8498
20151111 092216 8498
20151111 092216 8498
20151111 092216 8498
20151111 092216 8499
20151111 092216 8499
20151111 092216 8499
20151111 092216 8499
20151111 092216 8499
20151111 092216 8499
20151111 092216 8500
20151111 092216 8500
20151111 092216 8500
20151111 092216 8500
20151111 092216 8500
20151111 092216 8501
20151111 092216 8501
20151111 092216 8501
20151111 092216 8501
20151111 092216 8501
20151111 092216 8501
20151111 092216 8501
20151111 092216 8501
20151111 092216 8501
20151111 092216 8501
20151111 092221 8504
20151111 092221 8504
20151111 092221 8505
20151111 092222 8503
20151111 092222 8503
20151111 092232 8503
20151111 092233 8503
20151111 092238 8502
20151111 092248 8508
20151111 092251 8504
20151111 092255 8504
20151111 092302 8505
20151111 092310 8504
20151111 092314 8503
20151111 092318 8504
20151111 092318 8504
20151111 092320 8503
20151111 092320 8503
20151111 092320 8503
20151111 092328 8499
20151111 092329 8502
20151111 092334 8502
20151111 092338 8502
20151111 092340 8501
20151111 092341 8501
20151111 092341 8502
20151111 092347 8504
20151111 092347 8504
20151111 092350 8506
20151111 092350 8506
20151111 092351 8507
20151111 092353 8508
20151111 092356 8508
20151111 092356 8508
20151111 092356 8508
20151111 092400 8508
20151111 092408 8505
20151111 092408 8506
20151111 092408 8506
20151111 092412 8506
20151111 092424 8505
20151111 092430 8502
20151111 092430 8502
20151111 092431 8500
20151111 092432 8499
20151111 092433 8499
20151111 092433 8499
20151111 092435 8501
20151111 092442 8480
20151111 092442 8480
20151111 092442 8493
20151111 092442 8493
20151111 092442 8493
20151111 092442 8493
20151111 092442 8493
20151111 092442 8494
20151111 092442 8494
20151111 092442 8494
20151111 092442 8494
20151111 092442 8494
20151111 092442 8494
20151111 092442 8496
20151111 092442 8496
20151111 092444 8495
20151111 092445 8495
20151111 092445 8495
20151111 092454 8496
20151111 092454 8496
20151111 092456 8495
20151111 092458 8494
20151111 092458 8494
20151111 092459 8495
20151111 092501 8493
20151111 092501 8494
20151111 092504 8478
20151111 092504 8491
20151111 092505 8493
20151111 092505 8493
20151111 092509 8490
20151111 092510 8489
20151111 092510 8489
20151111 092510 8489
20151111 092510 8489
20151111 092510 8489
20151111 092510 8489
20151111 092510 8489
20151111 092510 8489
20151111 092512 8487
20151111 092512 8487
20151111 092512 8487
20151111 092512 8487
20151111 092518 8490
20151111 092519 8490
20151111 092521 8489
20151111 092523 8491
20151111 092524 8490
20151111 092524 8490
20151111 092524 8490
20151111 092524 8491
20151111 092524 8491
20151111 092535 8494
20151111 092535 8494
20151111 092535 8494
20151111 092535 8494
20151111 092540 8495
20151111 092546 8496
20151111 092546 8496
20151111 092547 8496
20151111 092549 8497
20151111 092557 8499
20151111 092557 8499
20151111 092559 8499
20151111 092559 8499
20151111 092603 8498
20151111 092604 8498
20151111 092607 8498
20151111 092607 8498
20151111 092611 8496
20151111 092611 8496
20151111 092622 8497
20151111 092622 8497
20151111 092637 8494
20151111 092645 8496
20151111 092649 8496
20151111 092651 8479
20151111 092651 8495
20151111 092651 8495
20151111 092702 8489
20151111 092702 8490
20151111 092702 8490
20151111 092702 8491
20151111 092702 8492
20151111 092704 8489
20151111 092706 8491
20151111 092706 8491
20151111 092709 8491
20151111 092709 8491
20151111 092717 8491
20151111 092733 8485
20151111 092744 8491
20151111 092747 8493
20151111 092749 8493
20151111 092751 8496
20151111 092752 8495
20151111 092810 8497
20151111 092812 8498
20151111 092813 8500
20151111 092817 8501
20151111 092818 8501
20151111 092820 8501
20151111 092828 8500
20151111 092902 8495
20151111 092902 8495
20151111 092903 8495
20151111 092904 8495
20151111 092924 8481
20151111 092924 8497
20151111 092926 8496
20151111 092931 8495
20151111 092937 8492
20151111 092939 8490
20151111 092939 8490
20151111 092939 8490
20151111 092939 8490
20151111 092939 8490
20151111 092939 8490
20151111 092939 8490
20151111 092944 8487
20151111 092944 8487
20151111 092949 8486
20151111 092957 8489
20151111 092959 8491
20151111 093005 8497
20151111 093033 8499
20151111 093033 8499
20151111 093036 8500
20151111 093037 8501
20151111 093037 8501
20151111 093037 8501
20151111 093037 8501
20151111 093037 8501
20151111 093037 8501
20151111 093037 8501
20151111 093037 8501
20151111 093037 8501
20151111 093037 8501
20151111 093040 8502
20151111 093040 8503
20151111 093042 8506
20151111 093042 8507
20151111 093042 8507
20151111 093042 8507
20151111 093042 8507
20151111 093052 8504
20151111 093103 8501
20151111 093109 8499
20151111 093118 8505
20151111 093118 8506
20151111 093118 8506
20151111 093121 8505
20151111 093121 8505
20151111 093121 8505
20151111 093145 8499
20151111 093146 8500
20151111 093148 8498
20151111 093149 8497
20151111 093202 8482
20151111 093202 8497
20151111 093209 8500
20151111 093209 8500
20151111 093218 8495
20151111 093223 8497
20151111 093223 8497
20151111 093223 8497
20151111 093229 8492
20151111 093232 8493
20151111 093236 8492
20151111 093236 8492
20151111 093236 8492
20151111 093237 8492
20151111 093237 8492
20151111 093238 8490
20151111 093238 8490
20151111 093238 8491
20151111 093238 8492
20151111 093238 8492
20151111 093239 8489
20151111 093239 8489
20151111 093239 8490
20151111 093240 8487
20151111 093241 8486
20151111 093241 8487
20151111 093241 8487
20151111 093241 8487
20151111 093241 8487
20151111 093242 8483
20151111 093242 8483
20151111 093242 8483
20151111 093242 8483
20151111 093242 8483
20151111 093242 8483
20151111 093242 8483
20151111 093242 8483
20151111 093242 8483
20151111 093242 8483
20151111 093242 8484
20151111 093242 8484
20151111 093242 8484
20151111 093242 8484
20151111 093242 8484
20151111 093242 8484
20151111 093242 8484
20151111 093242 8484
20151111 093242 8484
20151111 093242 8484
20151111 093242 8484
20151111 093242 8485
20151111 093242 8485
20151111 093242 8485
20151111 093242 8485
20151111 093242 8487
20151111 093245 8483
20151111 093245 8483
20151111 093248 8488
20151111 093249 8489
20151111 093300 8487
20151111 093302 8484
20151111 093304 8483
20151111 093307 8481
20151111 093307 8481
20151111 093307 8481
20151111 093309 8486
20151111 093313 8488
20151111 093314 8484
20151111 093316 8489
20151111 093316 8490
20151111 093316 8490
20151111 093316 8490
20151111 093316 8490
20151111 093324 8484
20151111 093324 8484
20151111 093324 8485
20151111 093331 8486
20151111 093338 8484
20151111 093338 8484
20151111 093339 8485
20151111 093407 8487
20151111 093409 8488
20151111 093413 8488
20151111 093414 8486
20151111 093415 8484
20151111 093415 8484
20151111 093415 8484
20151111 093415 8484
20151111 093415 8484
20151111 093415 8484
20151111 093415 8485
20151111 093416 8482
20151111 093416 8482
20151111 093416 8483
20151111 093416 8483
20151111 093416 8483
20151111 093417 8484
20151111 093422 8484
20151111 093423 8482
20151111 093424 8480
20151111 093424 8480
20151111 093424 8480
20151111 093424 8480
20151111 093424 8480
20151111 093424 8480
20151111 093424 8480
20151111 093424 8480
20151111 093424 8480
20151111 093424 8481
20151111 093425 8480
20151111 093425 8480
20151111 093428 8479
20151111 093428 8479
20151111 093428 8479
20151111 093428 8479
20151111 093428 8479
20151111 093428 8479
20151111 093428 8479
20151111 093428 8479
20151111 093428 8479
20151111 093428 8479
20151111 093428 8479
20151111 093428 8479
20151111 093428 8479
20151111 093428 8479
20151111 093428 8479
20151111 093429 8478
20151111 093430 8478
20151111 093431 8479
20151111 093434 8478
20151111 093434 8478
20151111 093438 8476
20151111 093438 8477
20151111 093445 8459
20151111 093445 8459
20151111 093445 8473
20151111 093445 8474
20151111 093445 8474
20151111 093445 8474
20151111 093445 8474
20151111 093445 8474
20151111 093445 8474
20151111 093445 8474
20151111 093448 8475
20151111 093452 8474
20151111 093453 8474
20151111 093454 8474
20151111 093455 8474
20151111 093455 8474
20151111 093455 8474
20151111 093455 8474
20151111 093455 8474
20151111 093500 8471
20151111 093500 8471
20151111 093500 8471
20151111 093501 8470
20151111 093501 8470
20151111 093501 8471
20151111 093501 8471
20151111 093501 8472
20151111 093502 8468
20151111 093502 8468
20151111 093502 8469
20151111 093502 8469
20151111 093502 8469
20151111 093502 8469
20151111 093502 8469
20151111 093503 8467
20151111 093503 8467
20151111 093503 8467
20151111 093504 8469
20151111 093506 8469
20151111 093507 8467
20151111 093508 8466
20151111 093509 8452
20151111 093509 8467
20151111 093510 8465
20151111 093510 8465
20151111 093510 8465
20151111 093510 8465
20151111 093511 8464
20151111 093511 8464
20151111 093511 8464
20151111 093511 8464
20151111 093511 8464
20151111 093512 8466
20151111 093517 8451
20151111 093517 8464
20151111 093517 8465
20151111 093517 8465
20151111 093517 8465
20151111 093517 8466
20151111 093518 8464
20151111 093518 8464
20151111 093518 8464
20151111 093518 8465
20151111 093520 8462
20151111 093524 8462
20151111 093524 8462
20151111 093525 8460
20151111 093526 8459
20151111 093527 8459
20151111 093528 8457
20151111 093529 8459
20151111 093530 8445
20151111 093530 8459
20151111 093530 8460
20151111 093537 8462
20151111 093538 8462
20151111 093549 8462
20151111 093550 8463
20151111 093550 8463
20151111 093550 8463
20151111 093551 8462
20151111 093551 8462
20151111 093551 8462
20151111 093551 8462
20151111 093559 8448
20151111 093559 8463
20151111 093600 8460
20151111 093603 8461
20151111 093603 8461
20151111 093603 8461
20151111 093607 8460
20151111 093607 8460
20151111 093608 8463
20151111 093612 8451
20151111 093612 8451
20151111 093612 8466
20151111 093612 8466
20151111 093613 8466
20151111 093613 8467
20151111 093613 8467
20151111 093615 8468
20151111 093616 8465
20151111 093621 8451
20151111 093621 8465
20151111 093621 8466
20151111 093622 8465
20151111 093623 8465
20151111 093635 8453
20151111 093635 8468
20151111 093640 8468
20151111 093641 8468
20151111 093642 8466
20151111 093642 8467
20151111 093642 8467
20151111 093642 8467
20151111 093642 8467
20151111 093642 8468
20151111 093642 8468
20151111 093642 8468
20151111 093642 8468
20151111 093643 8466
20151111 093653 8466
20151111 093659 8465
20151111 093700 8463
20151111 093700 8464
20151111 093700 8464
20151111 093717 8463
20151111 093726 8463
20151111 093727 8464
20151111 093731 8464
20151111 093737 8464
20151111 093753 8460
20151111 093753 8460
20151111 093753 8460
20151111 093754 8457
20151111 093754 8457
20151111 093754 8458
20151111 093806 8459
20151111 093813 8461
20151111 093813 8461
20151111 093813 8461
20151111 093813 8461
20151111 093813 8461
20151111 093813 8461
20151111 093813 8461
20151111 093813 8462
20151111 093816 8464
20151111 093831 8459
20151111 093836 8460
20151111 093837 8460
20151111 093839 8460
20151111 093845 8439
20151111 093845 8456
20151111 093845 8457
20151111 093848 8455
20151111 093848 8455
20151111 093852 8455
20151111 093853 8439
20151111 093853 8439
20151111 093853 8454
20151111 093853 8454
20151111 093853 8454
20151111 093854 8452
20151111 093854 8452
20151111 093902 8451
20151111 093903 8450
20151111 093906 8451
20151111 093907 8450
20151111 093907 8450
20151111 093907 8450
20151111 093907 8450
20151111 093907 8450
20151111 093907 8450
20151111 093907 8450
20151111 093907 8450
20151111 093907 8451
20151111 093908 8450
20151111 093908 8450
20151111 093909 8450
20151111 093912 8453
20151111 093913 8453
20151111 093914 8454
20151111 093916 8456
20151111 093917 8457
20151111 093933 8457
20151111 093938 8459
20151111 093940 8459
20151111 093940 8459
20151111 093941 8460
20151111 093949 8460
20151111 093954 8462
20151111 094000 8459
20151111 094001 8441
20151111 094001 8458
20151111 094001 8458
20151111 094001 8458
20151111 094001 8458
20151111 094002 8459
20151111 094008 8461
20151111 094008 8461
20151111 094010 8463
20151111 094010 8463
20151111 094011 8464
20151111 094012 8464
20151111 094012 8465
20151111 094019 8467
20151111 094028 8463
20151111 094032 8461
20151111 094033 8460
20151111 094055 8460
20151111 094100 8459
20151111 094100 8459
20151111 094111 8459
20151111 094111 8459
20151111 094115 8460
20151111 094121 8446
20151111 094121 8460
20151111 094134 8456
20151111 094134 8456
20151111 094134 8456
20151111 094136 8455
20151111 094136 8456
20151111 094140 8452
20151111 094140 8452
20151111 094142 8447
20151111 094142 8448
20151111 094142 8448
20151111 094142 8449
20151111 094142 8450
20151111 094142 8450
20151111 094142 8450
20151111 094142 8450
20151111 094142 8450
20151111 094142 8450
20151111 094142 8450
20151111 094142 8450
20151111 094142 8450
20151111 094142 8450
20151111 094142 8451
20151111 094142 8451
20151111 094143 8446
20151111 094144 8448
20151111 094154 8449
20151111 094155 8453
20151111 094155 8454
20151111 094155 8454
20151111 094155 8454
20151111 094155 8455
20151111 094204 8453
20151111 094206 8452
20151111 094214 8454
20151111 094221 8452
20151111 094222 8452
20151111 094222 8452
20151111 094223 8451
20151111 094224 8450
20151111 094234 8449
20151111 094236 8450
20151111 094237 8451
20151111 094237 8451
20151111 094239 8450
20151111 094242 8448
20151111 094242 8448
20151111 094242 8448
20151111 094244 8449
20151111 094249 8447
20151111 094252 8449
20151111 094256 8451
20151111 094256 8452
20151111 094256 8452
20151111 094258 8454
20151111 094258 8454
20151111 094304 8455
20151111 094304 8455
20151111 094305 8456
20151111 094316 8457
20151111 094323 8458
20151111 094323 8458
20151111 094323 8458
20151111 094323 8459
20151111 094327 8457
20151111 094328 8458
20151111 094347 8459
20151111 094355 8460
20151111 094411 8461
20151111 094415 8462
20151111 094416 8460
20151111 094416 8460
20151111 094418 8462
20151111 094425 8463
20151111 094428 8463
20151111 094500 8463
20151111 094500 8463
20151111 094501 8461
20151111 094501 8462
20151111 094505 8460
20151111 094527 8459
20151111 094535 8455
20151111 094542 8459
20151111 094551 8459
20151111 094635 8461
20151111 094645 8456
20151111 094645 8457
20151111 094707 8455
20151111 094709 8456
20151111 094712 8452
20151111 094740 8453
20151111 094740 8455
20151111 094748 8451
20151111 094750 8450
20151111 094810 8431
20151111 094810 8431
20151111 094810 8446
20151111 094810 8447
20151111 094810 8447
20151111 094810 8450
20151111 094810 8450
20151111 094810 8450
20151111 094810 8450
20151111 094811 8429
20151111 094811 8429
20151111 094811 8440
20151111 094811 8441
20151111 094811 8441
20151111 094811 8442
20151111 094811 8444
20151111 094811 8444
20151111 094811 8444
20151111 094811 8444
20151111 094811 8444
20151111 094811 8444
20151111 094811 8444
20151111 094811 8444
20151111 094811 8444
20151111 094811 8444
20151111 094811 8444
20151111 094811 8444
20151111 094811 8444
20151111 094811 8444
20151111 094811 8444
20151111 094811 8444
20151111 094811 8444
20151111 094811 8444
20151111 094811 8444
20151111 094811 8445
20151111 094811 8445
20151111 094811 8445
20151111 094811 8445
20151111 094811 8445
20151111 094811 8445
20151111 094811 8445
20151111 094811 8445
20151111 094811 8445
20151111 094811 8445
20151111 094811 8445
20151111 094811 8446
20151111 094814 8444
20151111 094814 8444
20151111 094815 8444
20151111 094819 8446
20151111 094820 8444
20151111 094820 8444
20151111 094823 8440
20151111 094823 8443
20151111 094834 8440
20151111 094835 8440
20151111 094836 8442
20151111 094838 8444
20151111 094851 8445
20151111 094906 8442
20151111 094909 8441
20151111 094909 8441
20151111 094917 8441
20151111 094930 8444
20151111 094931 8444
20151111 094931 8444
20151111 094935 8442
20151111 094937 8441
20151111 094939 8440
20151111 094939 8440
20151111 094940 8438
20151111 094940 8438
20151111 094940 8438
20151111 094941 8439
20151111 094943 8436
20151111 094946 8438
20151111 094947 8438
20151111 094948 8435
20151111 094949 8433
20151111 094949 8436
20151111 094953 8434
20151111 094957 8435
20151111 094959 8433
20151111 095003 8432
20151111 095006 8432
20151111 095007 8430
20151111 095007 8430
20151111 095008 8432
20151111 095009 8431
20151111 095010 8433
20151111 095011 8435
20151111 095011 8435
20151111 095012 8434
20151111 095017 8434
20151111 095019 8435
20151111 095025 8434
20151111 095025 8434
20151111 095028 8434
20151111 095032 8435
20151111 095032 8435
20151111 095035 8435
20151111 095037 8437
20151111 095039 8440
20151111 095039 8441
20151111 095039 8442
20151111 095039 8442
20151111 095039 8442
20151111 095039 8442
20151111 095039 8442
20151111 095039 8442
20151111 095040 8440
20151111 095040 8440
20151111 095041 8440
20151111 095041 8440
20151111 095043 8439
20151111 095048 8437
20151111 095048 8437
20151111 095048 8437
20151111 095102 8435
20151111 095110 8435
20151111 095112 8432
20151111 095112 8432
20151111 095115 8433
20151111 095115 8433
20151111 095115 8433
20151111 095117 8432
20151111 095117 8432
20151111 095120 8431
20151111 095120 8431
20151111 095120 8431
20151111 095121 8433
20151111 095133 8434
20151111 095133 8434
20151111 095147 8415
20151111 095158 8438
20151111 095202 8436
20151111 095204 8435
20151111 095216 8434
20151111 095225 8436
20151111 095225 8437
20151111 095230 8435
20151111 095244 8436
20151111 095250 8435
20151111 095257 8437
20151111 095312 8434
20151111 095318 8434
20151111 095323 8430
20151111 095323 8430
20151111 095323 8430
20151111 095323 8430
20151111 095323 8430
20151111 095323 8431
20151111 095324 8428
20151111 095324 8428
20151111 095324 8428
20151111 095324 8429
20151111 095324 8429
20151111 095324 8430
20151111 095324 8430
20151111 095324 8430
20151111 095324 8430
20151111 095324 8430
20151111 095327 8433
20151111 095336 8432
20151111 095336 8432
20151111 095336 8433
20151111 095336 8433
20151111 095336 8433
20151111 095336 8433
20151111 095336 8433
20151111 095336 8433
20151111 095336 8433
20151111 095336 8433
20151111 095336 8433
20151111 095336 8433
20151111 095336 8434
20151111 095348 8430
20151111 095354 8432
20151111 095354 8432
20151111 095404 8428
20151111 095406 8426
20151111 095407 8426
20151111 095407 8426
20151111 095407 8426
20151111 095407 8427
20151111 095407 8427
20151111 095407 8427
20151111 095408 8426
20151111 095411 8425
20151111 095420 8425
20151111 095421 8424
20151111 095422 8423
20151111 095422 8425
20151111 095424 8422
20151111 095424 8422
20151111 095424 8422
20151111 095424 8422
20151111 095431 8421
20151111 095432 8420
20151111 095432 8420
20151111 095432 8420
20151111 095432 8420
20151111 095432 8420
20151111 095433 8421
20151111 095434 8420
20151111 095436 8422
20151111 095440 8418
20151111 095440 8418
20151111 095440 8418
20151111 095440 8420
20151111 095441 8416
20151111 095441 8416
20151111 095443 8417
20151111 095446 8415
20151111 095446 8415
20151111 095449 8413
20151111 095449 8413
20151111 095455 8415
20151111 095455 8416
20151111 095457 8417
20151111 095457 8417
20151111 095501 8418
20151111 095501 8418
20151111 095506 8420
20151111 095506 8421
20151111 095506 8422
20151111 095506 8422
20151111 095506 8422
20151111 095507 8419
20151111 095510 8421
20151111 095512 8419
20151111 095521 8420
20151111 095528 8418
20151111 095528 8418
20151111 095528 8418
20151111 095528 8419
20151111 095534 8416
20151111 095534 8416
20151111 095534 8416
20151111 095534 8416
20151111 095538 8411
20151111 095538 8411
20151111 095538 8411
20151111 095538 8411
20151111 095538 8413
20151111 095538 8413
20151111 095539 8410
20151111 095539 8410
20151111 095539 8410
20151111 095539 8410
20151111 095546 8413
20151111 095548 8410
20151111 095548 8410
20151111 095548 8410
20151111 095549 8408
20151111 095549 8408
20151111 095549 8408
20151111 095549 8408
20151111 095549 8410
20151111 095550 8406
20151111 095550 8408
20151111 095551 8406
20151111 095556 8408
20151111 095559 8406
20151111 095606 8409
20151111 095607 8409
20151111 095609 8408
20151111 095609 8408
20151111 095611 8408
20151111 095612 8408
20151111 095613 8409
20151111 095613 8409
20151111 095625 8409
20151111 095631 8408
20151111 095632 8410
20151111 095633 8409
20151111 095633 8409
20151111 095633 8409
20151111 095633 8409
20151111 095635 8410
20151111 095635 8410
20151111 095635 8410
20151111 095637 8410
20151111 095639 8411
20151111 095639 8412
20151111 095640 8410
20151111 095640 8410
20151111 095640 8410
20151111 095642 8409
20151111 095645 8412
20151111 095645 8412
20151111 095646 8412
20151111 095646 8412
20151111 095646 8412
20151111 095646 8412
20151111 095646 8413
20151111 095648 8412
20151111 095648 8413
20151111 095649 8413
20151111 095650 8412
20151111 095651 8412
20151111 095651 8412
20151111 095656 8412
20151111 095703 8410
20151111 095703 8411
20151111 095715 8410
20151111 095716 8410
20151111 095716 8410
20151111 095716 8410
20151111 095716 8410
20151111 095720 8410
20151111 095723 8412
20151111 095723 8412
20151111 095726 8412
20151111 095727 8413
20151111 095729 8413
20151111 095729 8413
20151111 095730 8414
20151111 095730 8414
20151111 095731 8414
20151111 095732 8413
20151111 095735 8412
20151111 095747 8414
20151111 095748 8415
20151111 095753 8417
20151111 095756 8418
20151111 095758 8419
20151111 095806 8418
20151111 095806 8418
20151111 095824 8423
20151111 095826 8423
20151111 095849 8424
20151111 095858 8423
20151111 095909 8426
20151111 095909 8426
20151111 095914 8423
20151111 095916 8423
20151111 095921 8421
20151111 095932 8422
20151111 095932 8422
20151111 095934 8422
20151111 095937 8421
20151111 095939 8420
20151111 095939 8420
20151111 095939 8420
20151111 095939 8420
20151111 095959 8420
20151111 100003 8416
20151111 100003 8416
20151111 100003 8417
20151111 100004 8415
20151111 100004 8417
20151111 100005 8415
20151111 100008 8417
20151111 100016 8411
20151111 100018 8416
20151111 100018 8416
20151111 100018 8416
20151111 100018 8419
20151111 100019 8416
20151111 100031 8418
20151111 100033 8421
20151111 100033 8422
20151111 100033 8422
20151111 100035 8422
20151111 100035 8422
20151111 100051 8427
20151111 100051 8427
20151111 100051 8427
20151111 100052 8423
20151111 100052 8423
20151111 100052 8423
20151111 100052 8424
20151111 100056 8424
20151111 100056 8425
20151111 100056 8425
20151111 100057 8426
20151111 100059 8426
20151111 100059 8426
20151111 100102 8427
20151111 100102 8427
20151111 100102 8427
20151111 100104 8429
20151111 100106 8412
20151111 100106 8430
20151111 100106 8430
20151111 100106 8430
20151111 100106 8430
20151111 100106 8430
20151111 100106 8430
20151111 100110 8429
20151111 100110 8430
20151111 100120 8431
20151111 100120 8431
20151111 100124 8430
20151111 100124 8431
20151111 100124 8431
20151111 100124 8431
20151111 100124 8431
20151111 100136 8431
20151111 100136 8431
20151111 100144 8429
20151111 100144 8429
20151111 100200 8431
20151111 100206 8428
20151111 100206 8428
20151111 100206 8429
20151111 100223 8428
20151111 100230 8426
20151111 100235 8428
20151111 100235 8428
20151111 100236 8426
20151111 100236 8426
20151111 100237 8429
20151111 100237 8431
20151111 100237 8431
20151111 100237 8432
20151111 100237 8432
20151111 100239 8430
20151111 100239 8430
20151111 100242 8432
20151111 100242 8432
20151111 100243 8432
20151111 100258 8432
20151111 100306 8430
20151111 100308 8430
20151111 100308 8430
20151111 100314 8433
20151111 100314 8433
20151111 100314 8434
20151111 100314 8434
20151111 100314 8435
20151111 100315 8436
20151111 100319 8433
20151111 100319 8433
20151111 100319 8433
20151111 100320 8436
20151111 100320 8436
20151111 100320 8436
20151111 100326 8434
20151111 100334 8436
20151111 100334 8436
20151111 100345 8435
20151111 100348 8437
20151111 100349 8434
20151111 100351 8438
20151111 100401 8436
20151111 100402 8436
20151111 100402 8436
20151111 100405 8436
20151111 100405 8437
20151111 100408 8437
20151111 100408 8437
20151111 100416 8439
20151111 100416 8439
20151111 100416 8439
20151111 100416 8439
20151111 100416 8439
20151111 100426 8437
20151111 100428 8440
20151111 100436 8439
20151111 100456 8438
20151111 100502 8437
20151111 100506 8437
20151111 100507 8437
20151111 100509 8436
20151111 100511 8437
20151111 100511 8437
20151111 100515 8437
20151111 100522 8438
20151111 100533 8437
20151111 100541 8438
20151111 100541 8438
20151111 100542 8437
20151111 100542 8437
20151111 100542 8437
20151111 100542 8437
20151111 100547 8432
20151111 100547 8434
20151111 100547 8435
20151111 100551 8434
20151111 100558 8432
20151111 100604 8433
20151111 100615 8434
20151111 100615 8434
20151111 100623 8435
20151111 100625 8435
20151111 100633 8435
20151111 100633 8435
20151111 100640 8435
20151111 100640 8435
20151111 100655 8436
20151111 100655 8436
20151111 100655 8436
20151111 100706 8437
20151111 100743 8439
20151111 100746 8441
20151111 100746 8441
20151111 100752 8442
20151111 100752 8443
20151111 100752 8443
20151111 100752 8443
20151111 100753 8444
20151111 100754 8444
20151111 100754 8444
20151111 100755 8444
20151111 100804 8443
20151111 100804 8443
20151111 100806 8442
20151111 100806 8442
20151111 100806 8444
20151111 100808 8443
20151111 100808 8443
20151111 100816 8441
20151111 100816 8441
20151111 100819 8440
20151111 100823 8439
20151111 100824 8438
20151111 100827 8438
20151111 100836 8436
20151111 100839 8438
20151111 100856 8437
20151111 100908 8435
20151111 100913 8435
20151111 100921 8435
20151111 100926 8435
20151111 100926 8435
20151111 100928 8434
20151111 100931 8433
20151111 100934 8430
20151111 100934 8431
20151111 100934 8431
20151111 100934 8431
20151111 100936 8430
20151111 100940 8432
20151111 101011 8431
20151111 101034 8434
20151111 101051 8434
20151111 101107 8434
20151111 101124 8434
20151111 101124 8434
20151111 101138 8434
20151111 101159 8436
20151111 101213 8437
20151111 101235 8434
20151111 101241 8435
20151111 101242 8433
20151111 101246 8433
20151111 101247 8433
20151111 101247 8433
20151111 101255 8432
20151111 101255 8432
20151111 101255 8432
20151111 101255 8432
20151111 101257 8431
20151111 101257 8431
20151111 101257 8431
20151111 101258 8430
20151111 101259 8430
20151111 101318 8428
20151111 101318 8428
20151111 101319 8428
20151111 101321 8427
20151111 101321 8427
20151111 101321 8428
20151111 101321 8428
20151111 101321 8428
20151111 101321 8428
20151111 101321 8428
20151111 101321 8428
20151111 101321 8428
20151111 101321 8428
20151111 101321 8428
20151111 101321 8428
20151111 101321 8428
20151111 101321 8428
20151111 101321 8428
20151111 101336 8426
20151111 101343 8430
20151111 101349 8428
20151111 101408 8428
20151111 101408 8428
20151111 101408 8428
20151111 101422 8428
20151111 101429 8430
20151111 101430 8429
20151111 101439 8432
20151111 101440 8431
20151111 101441 8432
20151111 101444 8432
20151111 101445 8432
20151111 101447 8432
20151111 101447 8432
20151111 101451 8432
20151111 101453 8433
20151111 101459 8432
20151111 101459 8432
20151111 101502 8431
20151111 101508 8432
20151111 101508 8432
20151111 101516 8431
20151111 101516 8431
20151111 101528 8433
20151111 101534 8435
20151111 101541 8435
20151111 101542 8434
20151111 101545 8435
20151111 101549 8435
20151111 101553 8435
20151111 101553 8435
20151111 101600 8435
20151111 101606 8437
20151111 101606 8437
20151111 101608 8435
20151111 101608 8435
20151111 101608 8435
20151111 101608 8435
20151111 101608 8435
20151111 101619 8435
20151111 101621 8435
20151111 101622 8435
20151111 101630 8432
20151111 101630 8432
20151111 101644 8434
20151111 101658 8435
20151111 101816 8433
20151111 101819 8434
20151111 101905 8430
20151111 101905 8430
20151111 101905 8430
20151111 101905 8430
20151111 101908 8428
20151111 101908 8428
20151111 101942 8424
20151111 101943 8422
20151111 101943 8422
20151111 101943 8422
20151111 101943 8422
20151111 101943 8423
20151111 101943 8423
20151111 101943 8423
20151111 101943 8424
20151111 101947 8421
20151111 101949 8420
20151111 101950 8420
20151111 101950 8420
20151111 101953 8420
20151111 101954 8419
20151111 101954 8420
20151111 101954 8420
20151111 101954 8420
20151111 101954 8420
20151111 101954 8420
20151111 101959 8418
20151111 101959 8419
20151111 102032 8416
20151111 102057 8420
20151111 102104 8419
20151111 102104 8420
20151111 102114 8421
20151111 102127 8424
20151111 102211 8424
20151111 102215 8425
20151111 102226 8427
20151111 102228 8427
20151111 102232 8428
20151111 102233 8428
20151111 102305 8426
20151111 102305 8426
20151111 102305 8426
20151111 102313 8425
20151111 102326 8426
20151111 102337 8423
20151111 102337 8423
20151111 102341 8422
20151111 102408 8427
20151111 102409 8427
20151111 102409 8427
20151111 102409 8427
20151111 102409 8427
20151111 102409 8427
20151111 102409 8427
20151111 102409 8427
20151111 102409 8427
20151111 102409 8427
20151111 102409 8427
20151111 102426 8427
20151111 102427 8427
20151111 102450 8427
20151111 102452 8426
20151111 102452 8426
20151111 102507 8425
20151111 102517 8427
20151111 102517 8427
20151111 102517 8427
20151111 102524 8428
20151111 102524 8428
20151111 102524 8428
20151111 102524 8428
20151111 102524 8428
20151111 102538 8431
20151111 102538 8431
20151111 102539 8431
20151111 102539 8431
20151111 102539 8431
20151111 102539 8431
20151111 102539 8432
20151111 102539 8432
20151111 102542 8432
20151111 102542 8432
20151111 102542 8432
20151111 102542 8432
20151111 102542 8432
20151111 102542 8432
20151111 102542 8432
20151111 102545 8433
20151111 102545 8433
20151111 102553 8434
20151111 102610 8435
20151111 102610 8435
20151111 102611 8433
20151111 102618 8434
20151111 102618 8434
20151111 102618 8434
20151111 102620 8436
20151111 102620 8436
20151111 102621 8435
20151111 102621 8435
20151111 102630 8432
20151111 102633 8431
20151111 102633 8431
20151111 102633 8431
20151111 102633 8431
20151111 102634 8432
20151111 102634 8432
20151111 102643 8431
20151111 102643 8432
20151111 102643 8432
20151111 102643 8432
20151111 102643 8432
20151111 102645 8432
20151111 102650 8432
20151111 102650 8432
20151111 102650 8432
20151111 102650 8432
20151111 102650 8432
20151111 102650 8432
20151111 102650 8432
20151111 102650 8432
20151111 102650 8433
20151111 102652 8433
20151111 102710 8431
20151111 102711 8431
20151111 102731 8431
20151111 102738 8428
20151111 102745 8427
20151111 102746 8427
20151111 102752 8429
20151111 102817 8429
20151111 102833 8432
20151111 102833 8432
20151111 102932 8434
20151111 102941 8434
20151111 102943 8434
20151111 103002 8435
20151111 103007 8433
20151111 103018 8434
20151111 103044 8432
20151111 103051 8433
20151111 103113 8434
20151111 103114 8433
20151111 103138 8435
20151111 103157 8434
20151111 103201 8431
20151111 103201 8431
20151111 103210 8430
20151111 103334 8429
20151111 103352 8426
20151111 103352 8426
20151111 103352 8426
20151111 103352 8426
20151111 103353 8426
20151111 103354 8425
20151111 103439 8428
20151111 103445 8431
20151111 103500 8432
20151111 103505 8431
20151111 103514 8432
20151111 103514 8432
20151111 103526 8431
20151111 103526 8431
20151111 103556 8429
20151111 103556 8430
20151111 103617 8429
20151111 103625 8431
20151111 103625 8431
20151111 103638 8434
20151111 103645 8436
20151111 103647 8437
20151111 103647 8437
20151111 103647 8438
20151111 103647 8438
20151111 103647 8438
20151111 103658 8435
20151111 103706 8436
20151111 103718 8438
20151111 103725 8437
20151111 103733 8437
20151111 103733 8438
20151111 103745 8438
20151111 103749 8437
20151111 103811 8436
20151111 103829 8436
20151111 103831 8436
20151111 103841 8438
20151111 103904 8442
20151111 103907 8441
20151111 103914 8439
20151111 103914 8440
20151111 103916 8440
20151111 103933 8440
20151111 103933 8440
20151111 103933 8440
20151111 103933 8440
20151111 103934 8440
20151111 103935 8440
20151111 103935 8441
20151111 103935 8441
20151111 103936 8440
20151111 103944 8443
20151111 103944 8443
20151111 103944 8443
20151111 103947 8444
20151111 103949 8444
20151111 103950 8443
20151111 104002 8443
20151111 104003 8444
20151111 104004 8443
20151111 104010 8439
20151111 104014 8438
20151111 104031 8438
20151111 104039 8420
20151111 104041 8439
20151111 104126 8438
20151111 104126 8438
20151111 104126 8438
20151111 104126 8438
20151111 104131 8438
20151111 104153 8439
20151111 104154 8439
20151111 104227 8438
20151111 104227 8438
20151111 104227 8438
20151111 104230 8436
20151111 104230 8437
20151111 104231 8437
20151111 104248 8437
20151111 104248 8437
20151111 104248 8437
20151111 104310 8438
20151111 104317 8439
20151111 104334 8438
20151111 104338 8437
20151111 104343 8433
20151111 104344 8432
20151111 104344 8432
20151111 104344 8432
20151111 104345 8432
20151111 104349 8430
20151111 104349 8430
20151111 104349 8431
20151111 104359 8430
20151111 104401 8432
20151111 104406 8430
20151111 104426 8427
20151111 104431 8426
20151111 104502 8426
20151111 104525 8428
20151111 104624 8425
20151111 104624 8425
20151111 104624 8425
20151111 104624 8425
20151111 104628 8425
20151111 104629 8425
20151111 104629 8425
20151111 104631 8425
20151111 104633 8424
20151111 104634 8424
20151111 104634 8424
20151111 104634 8424
20151111 104654 8424
20151111 104712 8424
20151111 104712 8424
20151111 104724 8422
20151111 104724 8422
20151111 104725 8421
20151111 104738 8420
20151111 104738 8420
20151111 104738 8420
20151111 104739 8420
20151111 104740 8420
20151111 104746 8418
20151111 104803 8415
20151111 104803 8415
20151111 104803 8415
20151111 104803 8415
20151111 104803 8416
20151111 104803 8416
20151111 104803 8416
20151111 104803 8416
20151111 104804 8413
20151111 104829 8417
20151111 104830 8416
20151111 104830 8416
20151111 104830 8416
20151111 104830 8417
20151111 104830 8417
20151111 104830 8417
20151111 104837 8420
20151111 104839 8420
20151111 104841 8422
20151111 104856 8425
20151111 104856 8425
20151111 104856 8425
20151111 104856 8426
20151111 104859 8425
20151111 104900 8424
20151111 104900 8424
20151111 104900 8424
20151111 104906 8425
20151111 104906 8425
20151111 104919 8427
20151111 104920 8427
20151111 104935 8427
20151111 104943 8426
20151111 105010 8425
20151111 105112 8425
20151111 105153 8425
20151111 105157 8424
20151111 105257 8424
20151111 105301 8424
20151111 105302 8423
20151111 105308 8423
20151111 105312 8422
20151111 105338 8427
20151111 105438 8426
20151111 105508 8427
20151111 105515 8426
20151111 105536 8425
20151111 105631 8430
20151111 105700 8430
20151111 105700 8430
20151111 105715 8428
20151111 105717 8430
20151111 105739 8428
20151111 105853 8430
20151111 105853 8430
20151111 105910 8431
20151111 105943 8434
20151111 105945 8434
20151111 105947 8435
20151111 110014 8436
20151111 110023 8435
20151111 110055 8437
20151111 110057 8437
20151111 110135 8436
20151111 110231 8437
20151111 110231 8437
20151111 110232 8437
20151111 110232 8438
20151111 110232 8438
20151111 110232 8438
20151111 110232 8439
20151111 110232 8439
20151111 110232 8439
20151111 110232 8439
20151111 110232 8439
20151111 110232 8439
20151111 110233 8439
20151111 110239 8439
20151111 110257 8440
20151111 110257 8440
20151111 110257 8441
20151111 110259 8441
20151111 110259 8442
20151111 110259 8442
20151111 110259 8442
20151111 110259 8442
20151111 110259 8442
20151111 110300 8441
20151111 110303 8442
20151111 110310 8440
20151111 110317 8442
20151111 110334 8439
20151111 110343 8437
20151111 110344 8436
20151111 110347 8436
20151111 110348 8436
20151111 110349 8437
20151111 110354 8438
20151111 110358 8440
20151111 110358 8440
20151111 110358 8440
20151111 110358 8441
20151111 110359 8441
20151111 110359 8441
20151111 110404 8442
20151111 110404 8443
20151111 110404 8443
20151111 110404 8443
20151111 110404 8444
20151111 110404 8444
20151111 110405 8444
20151111 110405 8446
20151111 110405 8446
20151111 110405 8447
20151111 110405 8447
20151111 110405 8447
20151111 110405 8447
20151111 110405 8447
20151111 110405 8447
20151111 110405 8447
20151111 110405 8447
20151111 110405 8447
20151111 110405 8447
20151111 110405 8447
20151111 110405 8447
20151111 110405 8448
20151111 110414 8450
20151111 110415 8450
20151111 110415 8451
20151111 110415 8451
20151111 110416 8452
20151111 110416 8452
20151111 110416 8452
20151111 110416 8452
20151111 110416 8453
20151111 110428 8451
20151111 110431 8452
20151111 110431 8452
20151111 110431 8452
20151111 110431 8452
20151111 110436 8452
20151111 110456 8451
20151111 110500 8450
20151111 110501 8450
20151111 110508 8448
20151111 110510 8447
20151111 110510 8447
20151111 110513 8447
20151111 110520 8446
20151111 110528 8447
20151111 110528 8447
20151111 110528 8447
20151111 110528 8447
20151111 110528 8447
20151111 110529 8449
20151111 110532 8450
20151111 110539 8449
20151111 110552 8449
20151111 110645 8450
20151111 110653 8452
20151111 110654 8454
20151111 110654 8454
20151111 110654 8454
20151111 110654 8454
20151111 110654 8455
20151111 110654 8455
20151111 110655 8441
20151111 110655 8441
20151111 110655 8441
20151111 110655 8442
20151111 110655 8442
20151111 110655 8442
20151111 110655 8442
20151111 110655 8442
20151111 110655 8455
20151111 110655 8455
20151111 110655 8456
20151111 110655 8457
20151111 110655 8457
20151111 110655 8457
20151111 110655 8457
20151111 110655 8457
20151111 110655 8457
20151111 110655 8457
20151111 110655 8458
20151111 110655 8458
20151111 110655 8458
20151111 110655 8459
20151111 110655 8459
20151111 110655 8459
20151111 110655 8459
20151111 110655 8459
20151111 110655 8460
20151111 110655 8460
20151111 110655 8460
20151111 110655 8460
20151111 110655 8460
20151111 110655 8460
20151111 110656 8460
20151111 110656 8460
20151111 110656 8460
20151111 110656 8462
20151111 110656 8462
20151111 110656 8462
20151111 110656 8462
20151111 110656 8462
20151111 110656 8462
20151111 110705 8457
20151111 110705 8457
20151111 110706 8458
20151111 110706 8458
20151111 110706 8458
20151111 110710 8457
20151111 110710 8457
20151111 110724 8457
20151111 110736 8457
20151111 110745 8453
20151111 110745 8453
20151111 110810 8453
20151111 110858 8449
20151111 110915 8448
20151111 110931 8447
20151111 110932 8447
20151111 110932 8447
20151111 110932 8447
20151111 110932 8448
20151111 110945 8446
20151111 111016 8448
20151111 111027 8448
20151111 111030 8448
20151111 111032 8448
20151111 111047 8449
20151111 111104 8449
20151111 111109 8450
20151111 111109 8450
20151111 111117 8450
20151111 111130 8450
20151111 111130 8450
20151111 111131 8450
20151111 111131 8450
20151111 111139 8451
20151111 111148 8452
20151111 111153 8451
20151111 111153 8451
20151111 111153 8451
20151111 111243 8450
20151111 111244 8450
20151111 111257 8452
20151111 111422 8449
20151111 111422 8450
20151111 111432 8449
20151111 111444 8447
20151111 111453 8447
20151111 111500 8447
20151111 111529 8452
20151111 111536 8436
20151111 111536 8454
20151111 111541 8437
20151111 111541 8455
20151111 111542 8454
20151111 111547 8456
20151111 111603 8437
20151111 111603 8455
20151111 111606 8456
20151111 111607 8456
20151111 111607 8456
20151111 111608 8456
20151111 111609 8455
20151111 111610 8437
20151111 111610 8455
20151111 111610 8456
20151111 111625 8456
20151111 111625 8456
20151111 111625 8456
20151111 111626 8438
20151111 111626 8456
20151111 111630 8456
20151111 111649 8439
20151111 111649 8457
20151111 111649 8457
20151111 111649 8457
20151111 111651 8440
20151111 111651 8458
20151111 111651 8458
20151111 111708 8459
20151111 111711 8459
20151111 111725 8460
20151111 111753 8456
20151111 111753 8456
20151111 111753 8456
20151111 111753 8456
20151111 111753 8456
20151111 111753 8456
20151111 111758 8455
20151111 111758 8455
20151111 111758 8455
20151111 111758 8455
20151111 111758 8455
20151111 111759 8455
20151111 111759 8455
20151111 111759 8455
20151111 111759 8455
20151111 111759 8455
20151111 111800 8455
20151111 111800 8455
20151111 111800 8455
20151111 111800 8455
20151111 111800 8455
20151111 111801 8455
20151111 111818 8461
20151111 111826 8459
20151111 111834 8459
20151111 111837 8455
20151111 111837 8457
20151111 111838 8455
20151111 111838 8455
20151111 111838 8455
20151111 111838 8456
20151111 111838 8456
20151111 111838 8456
20151111 111838 8456
20151111 111840 8457
20151111 111859 8459
20151111 111904 8461
20151111 111905 8462
20151111 111905 8463
20151111 111906 8463
20151111 111906 8463
20151111 111906 8463
20151111 111906 8463
20151111 111906 8463
20151111 111906 8464
20151111 111906 8464
20151111 111906 8464
20151111 111906 8464
20151111 111906 8464
20151111 111906 8464
20151111 111906 8465
20151111 111906 8465
20151111 111906 8465
20151111 111906 8465
20151111 111906 8466
20151111 111907 8467
20151111 111907 8467
20151111 111907 8468
20151111 111907 8468
20151111 111907 8468
20151111 111907 8468
20151111 111907 8468
20151111 111907 8468
20151111 111914 8466
20151111 111914 8466
20151111 111914 8466
20151111 111914 8466
20151111 111914 8466
20151111 111914 8466
20151111 111921 8449
20151111 111921 8468
20151111 111931 8466
20151111 111932 8466
20151111 111934 8466
20151111 111948 8465
20151111 111948 8465
20151111 112003 8464
20151111 112024 8463
20151111 112024 8463
20151111 112032 8463
20151111 112038 8444
20151111 112038 8463
20151111 112044 8448
20151111 112044 8464
20151111 112127 8460
20151111 112207 8460
20151111 112208 8460
20151111 112315 8460
20151111 112315 8460
20151111 112315 8460
20151111 112343 8461
20151111 112343 8463
20151111 112356 8460
20151111 112406 8459
20151111 112406 8461
20151111 112421 8461
20151111 112421 8462
20151111 112446 8460
20151111 112529 8456
20151111 112529 8457
20151111 112529 8457
20151111 112531 8454
20151111 112536 8453
20151111 112546 8452
20151111 112546 8454
20151111 112547 8453
20151111 112550 8451
20151111 112550 8453
20151111 112624 8452
20151111 112624 8454
20151111 112625 8454
20151111 112640 8455
20151111 112709 8455
20151111 112709 8455
20151111 112804 8456
20151111 112942 8458
20151111 112942 8460
20151111 112947 8459
20151111 113003 8458
20151111 113010 8439
20151111 113116 8455
20151111 113116 8456
20151111 113149 8454
20151111 113149 8455
20151111 113151 8454
20151111 113241 8453
20151111 113241 8455
20151111 113250 8455
20151111 113250 8456
20151111 113257 8456
20151111 113257 8456
20151111 113340 8453
20151111 113349 8450
20151111 113350 8450
20151111 113350 8450
20151111 113350 8450
20151111 113350 8450
20151111 113350 8450
20151111 113352 8448
20151111 113432 8444
20151111 113432 8445
20151111 113432 8445
20151111 113434 8443
20151111 113437 8442
20151111 113437 8442
20151111 113458 8444
20151111 113512 8441
20151111 113514 8439
20151111 113514 8440
20151111 113514 8440
20151111 113521 8440
20151111 113533 8438
20151111 113642 8439
20151111 113642 8439
20151111 113700 8439
20151111 113817 8443
20151111 113826 8439
20151111 113826 8442
20151111 113826 8442
20151111 113826 8442
20151111 113836 8443
20151111 113838 8446
20151111 113857 8446
20151111 114011 8443
20151111 114212 8442
20151111 114228 8439
20151111 114228 8439
20151111 114228 8439
20151111 114228 8439
20151111 114239 8437
20151111 114239 8438
20151111 114356 8444
20151111 114357 8444
20151111 114533 8440
20151111 114619 8438
20151111 114620 8437
20151111 114620 8437
20151111 114620 8437
20151111 114620 8437
20151111 114726 8439
20151111 114750 8438
20151111 114817 8439
20151111 114842 8439
20151111 114904 8438
20151111 114904 8438
20151111 114945 8438
20151111 114956 8439
20151111 115007 8437
20151111 115007 8437
20151111 115012 8434
20151111 115019 8432
20151111 115019 8432
20151111 115019 8432
20151111 115022 8432
20151111 115036 8432
20151111 115043 8431
20151111 115049 8431
20151111 115105 8430
20151111 115105 8430
20151111 115105 8430
20151111 115105 8430
20151111 115105 8430
20151111 115115 8429
20151111 115120 8431
20151111 115120 8431
20151111 115144 8433
20151111 115203 8433
20151111 115215 8432
20151111 115226 8430
20151111 115226 8432
20151111 115329 8435
20151111 115329 8435
20151111 115329 8435
20151111 115331 8434
20151111 115331 8435
20151111 115331 8436
20151111 115400 8433
20151111 115405 8432
20151111 115446 8433
20151111 115446 8433
20151111 115453 8433
20151111 115521 8431
20151111 115521 8431
20151111 115524 8431
20151111 115536 8431
20151111 115611 8430
20151111 115628 8426
20151111 115628 8426
20151111 115628 8428
20151111 115628 8428
20151111 115637 8429
20151111 115643 8428
20151111 115644 8428
20151111 115647 8428
20151111 115649 8427
20151111 115649 8427
20151111 115649 8427
20151111 115715 8431
20151111 115715 8431
20151111 115802 8433
20151111 115803 8433
20151111 115806 8431
20151111 115820 8432
20151111 115833 8432
20151111 115835 8431
20151111 115839 8430
20151111 115841 8430
20151111 115856 8431
20151111 120000 8432
20151111 120001 8429
20151111 120001 8430
20151111 120001 8430
20151111 120011 8429
20151111 120036 8429
20151111 120049 8428
20151111 120049 8428
20151111 120049 8428
20151111 120049 8428
20151111 120050 8424
20151111 120050 8426
20151111 120050 8426
20151111 120050 8427
20151111 120050 8427
20151111 120050 8427
20151111 120050 8427
20151111 120050 8427
20151111 120056 8425
20151111 120056 8425
20151111 120100 8424
20151111 120100 8424
20151111 120100 8424
20151111 120101 8426
20151111 120101 8426
20151111 120102 8426
20151111 120125 8430
20151111 120141 8430
20151111 120209 8430
20151111 120210 8431
20151111 120210 8431
20151111 120210 8431
20151111 120217 8431
20151111 120243 8431
20151111 120243 8431
20151111 120345 8434
20151111 120404 8435
20151111 120459 8431
20151111 120501 8430
20151111 120504 8429
20151111 120508 8429
20151111 120544 8430
20151111 120703 8433
20151111 120738 8433
20151111 120754 8435
20151111 120755 8435
20151111 120755 8435
20151111 120800 8435
20151111 120802 8435
20151111 120818 8433
20151111 120824 8432
20151111 120835 8432
20151111 120845 8432
20151111 120900 8431
20151111 120900 8431
20151111 120900 8431
20151111 120901 8430
20151111 120901 8430
20151111 120921 8429
20151111 120923 8428
20151111 120940 8427
20151111 120940 8427
20151111 120941 8427
20151111 120945 8425
20151111 120945 8427
20151111 120947 8427
20151111 120955 8426
20151111 121004 8428
20151111 121013 8427
20151111 121013 8427
20151111 121013 8427
20151111 121014 8429
20151111 121015 8428
20151111 121015 8428
20151111 121030 8431
20151111 121031 8431
20151111 121101 8431
20151111 121201 8433
20151111 121209 8433
20151111 121209 8433
20151111 121219 8431
20151111 121219 8433
20151111 121301 8433
20151111 121322 8431
20151111 121322 8432
20151111 121336 8432
20151111 121356 8430
20151111 121400 8430
20151111 121448 8431
20151111 121618 8431
20151111 121618 8431
20151111 121630 8432
20151111 121705 8433
20151111 121714 8432
20151111 121714 8432
20151111 121714 8432
20151111 121714 8432
20151111 121714 8432
20151111 121714 8432
20151111 121806 8431
20151111 121806 8431
20151111 121922 8431
20151111 121937 8431
20151111 122039 8430
20151111 122039 8433
20151111 122042 8432
20151111 122042 8435
20151111 122042 8435
20151111 122042 8435
20151111 122313 8436
20151111 122314 8436
20151111 122327 8438
20151111 122345 8438
20151111 122457 8438
20151111 122459 8438
20151111 122459 8438
20151111 122559 8434
20151111 122652 8435
20151111 122933 8435
20151111 122955 8434
20151111 122959 8435
20151111 123024 8434
20151111 123027 8433
20151111 123041 8432
20151111 123050 8433
20151111 123305 8433
20151111 123538 8433
20151111 123619 8431
20151111 123620 8431
20151111 123624 8430
20151111 123713 8427
20151111 123713 8427
20151111 123714 8427
20151111 123714 8427
20151111 123714 8427
20151111 123734 8426
20151111 123736 8426
20151111 123739 8427
20151111 123741 8428
20151111 123823 8429
20151111 123824 8429
20151111 123824 8429
20151111 123832 8426
20151111 123833 8425
20151111 123833 8425
20151111 123835 8424
20151111 123835 8424
20151111 123836 8423
20151111 123837 8423
20151111 123837 8423
20151111 123911 8421
20151111 123911 8421
20151111 123911 8421
20151111 123911 8421
20151111 123911 8421
20151111 123912 8420
20151111 123912 8421
20151111 123912 8421
20151111 123912 8421
20151111 123912 8421
20151111 123912 8421
20151111 123912 8421
20151111 123912 8421
20151111 123912 8421
20151111 123912 8421
20151111 123915 8421
20151111 123919 8419
20151111 123919 8419
20151111 123924 8417
20151111 123925 8416
20151111 123928 8416
20151111 123928 8416
20151111 123928 8416
20151111 124008 8419
20151111 124046 8421
20151111 124046 8421
20151111 124047 8421
20151111 124047 8421
20151111 124053 8421
20151111 124055 8421
20151111 124101 8422
20151111 124106 8417
20151111 124106 8420
20151111 124106 8420
20151111 124106 8420
20151111 124106 8420
20151111 124106 8420
20151111 124106 8420
20151111 124106 8420
20151111 124106 8420
20151111 124108 8417
20151111 124108 8417
20151111 124108 8417
20151111 124108 8417
20151111 124108 8417
20151111 124108 8420
20151111 124108 8420
20151111 124108 8420
20151111 124108 8420
20151111 124108 8420
20151111 124108 8420
20151111 124108 8420
20151111 124108 8420
20151111 124108 8420
20151111 124108 8420
20151111 124108 8420
20151111 124108 8420
20151111 124108 8420
20151111 124110 8420
20151111 124116 8419
20151111 124116 8420
20151111 124121 8417
20151111 124121 8418
20151111 124121 8418
20151111 124121 8418
20151111 124121 8418
20151111 124123 8416
20151111 124123 8416
20151111 124123 8416
20151111 124151 8413
20151111 124151 8413
20151111 124151 8413
20151111 124151 8413
20151111 124151 8413
20151111 124151 8414
20151111 124151 8415
20151111 124151 8415
20151111 124151 8415
20151111 124203 8415
20151111 124209 8414
20151111 124209 8414
20151111 124213 8415
20151111 124225 8413
20151111 124225 8413
20151111 124225 8413
20151111 124227 8414
20151111 124228 8411
20151111 124228 8411
20151111 124234 8411
20151111 124300 8412
20151111 124309 8411
20151111 124309 8411
20151111 124309 8411
20151111 124309 8411
20151111 124309 8412
20151111 124310 8411
20151111 124310 8411
20151111 124311 8411
20151111 124311 8411
20151111 124311 8411
20151111 124311 8411
20151111 124311 8411
20151111 124311 8411
20151111 124311 8411
20151111 124311 8411
20151111 124311 8411
20151111 124312 8411
20151111 124313 8411
20151111 124318 8409
20151111 124318 8409
20151111 124318 8409
20151111 124318 8410
20151111 124318 8410
20151111 124318 8410
20151111 124332 8410
20151111 124402 8412
20151111 124405 8412
20151111 124408 8411
20151111 124415 8410
20151111 124416 8409
20151111 124416 8409
20151111 124418 8406
20151111 124418 8406
20151111 124430 8409
20151111 124434 8409
20151111 124436 8409
20151111 124441 8410
20151111 124453 8412
20151111 124506 8416
20151111 124506 8416
20151111 124507 8415
20151111 124507 8416
20151111 124507 8417
20151111 124512 8418
20151111 124513 8418
20151111 124514 8417
20151111 124514 8418
20151111 124514 8418
20151111 124514 8418
20151111 124516 8418
20151111 124516 8418
20151111 124535 8416
20151111 124536 8417
20151111 124536 8417
20151111 124556 8419
20151111 124604 8417
20151111 124609 8416
20151111 124643 8416
20151111 124643 8416
20151111 124658 8417
20151111 124658 8417
20151111 124712 8416
20151111 124730 8417
20151111 124730 8417
20151111 124903 8417
20151111 124903 8417
20151111 125020 8415
20151111 125026 8414
20151111 125027 8414
20151111 125033 8414
20151111 125055 8417
20151111 125055 8417
20151111 125055 8417
20151111 125110 8416
20151111 125147 8417
20151111 125153 8417
20151111 125202 8417
20151111 125205 8417
20151111 125259 8416
20151111 125259 8416
20151111 125304 8417
20151111 125307 8417
20151111 125307 8417
20151111 125310 8418
20151111 125310 8418
20151111 125310 8418
20151111 125311 8418
20151111 125311 8418
20151111 125312 8418
20151111 125422 8417
20151111 125433 8418
20151111 125438 8421
20151111 125438 8422
20151111 125438 8422
20151111 125439 8420
20151111 125439 8420
20151111 125439 8420
20151111 125439 8420
20151111 125439 8423
20151111 125439 8423
20151111 125439 8423
20151111 125439 8423
20151111 125439 8423
20151111 125440 8420
20151111 125440 8420
20151111 125440 8420
20151111 125440 8423
20151111 125440 8423
20151111 125440 8423
20151111 125440 8423
20151111 125441 8423
20151111 125441 8423
20151111 125442 8423
20151111 125442 8423
20151111 125442 8424
20151111 125450 8428
20151111 125450 8428
20151111 125450 8428
20151111 125450 8428
20151111 125516 8424
20151111 125516 8426
20151111 125533 8426
20151111 125550 8427
20151111 125550 8428
20151111 125551 8429
20151111 125551 8429
20151111 125551 8429
20151111 125551 8429
20151111 125555 8429
20151111 125555 8431
20151111 125555 8431
20151111 125555 8431
20151111 125555 8431
20151111 125555 8431
20151111 125637 8433
20151111 125637 8433
20151111 125643 8435
20151111 125643 8435
20151111 125644 8435
20151111 125649 8434
20151111 125649 8434
20151111 125649 8434
20151111 125650 8434
20151111 125650 8434
20151111 125650 8434
20151111 125654 8436
20151111 125654 8436
20151111 125658 8437
20151111 125658 8437
20151111 125659 8438
20151111 125659 8439
20151111 125659 8439
20151111 125659 8439
20151111 125700 8439
20151111 125706 8438
20151111 125726 8437
20151111 125822 8439
20151111 125826 8439
20151111 125827 8439
20151111 125841 8436
20151111 125841 8439
20151111 125841 8439
20151111 125842 8440
20151111 125842 8440
20151111 125842 8440
20151111 125842 8440
20151111 125843 8436
20151111 125843 8439
20151111 125844 8436
20151111 125844 8436
20151111 125844 8439
20151111 125844 8439
20151111 125930 8437
20151111 125948 8438
20151111 130043 8436
20151111 130108 8433
20151111 130108 8435
20151111 130132 8434
20151111 130153 8434
20151111 130153 8434
20151111 130153 8434
20151111 130154 8435
20151111 130154 8436
20151111 130155 8436
20151111 130205 8436
20151111 130209 8436
20151111 130209 8436
20151111 130217 8436
20151111 130237 8437
20151111 130237 8437
20151111 130300 8436
20151111 130303 8437
20151111 130401 8435
20151111 130405 8434
20151111 130405 8435
20151111 130421 8434
20151111 130427 8433
20151111 130429 8433
20151111 130450 8433
20151111 130458 8433
20151111 130458 8433
20151111 130501 8433
20151111 130501 8433
20151111 130503 8433
20151111 130639 8429
20151111 130639 8432
20151111 130651 8432
20151111 130728 8429
20151111 130728 8429
20151111 130728 8430
20151111 130740 8429
20151111 130741 8430
20151111 130755 8428
20151111 130804 8407
20151111 130804 8427
20151111 130819 8407
20151111 130819 8407
20151111 130819 8427
20151111 130819 8427
20151111 130834 8427
20151111 130834 8427
20151111 130836 8425
20151111 130836 8425
20151111 130836 8428
20151111 130836 8428
20151111 130855 8425
20151111 130855 8428
20151111 130856 8426
20151111 130856 8426
20151111 130856 8426
20151111 130856 8426
20151111 130856 8426
20151111 130856 8426
20151111 130856 8426
20151111 130856 8427
20151111 130856 8427
20151111 130856 8427
20151111 130856 8427
20151111 130856 8427
20151111 130857 8406
20151111 130857 8406
20151111 130857 8406
20151111 130857 8406
20151111 130857 8426
20151111 130857 8426
20151111 130857 8426
20151111 130857 8426
20151111 130911 8428
20151111 130911 8429
20151111 130911 8429
20151111 130912 8429
20151111 130935 8430
20151111 131152 8429
20151111 131220 8428
20151111 131224 8428
20151111 131233 8428
20151111 131249 8427
20151111 131249 8427
20151111 131253 8426
20151111 131254 8426
20151111 131254 8426
20151111 131254 8426
20151111 131255 8423
20151111 131255 8423
20151111 131256 8422
20151111 131256 8422
20151111 131256 8422
20151111 131256 8422
20151111 131257 8420
20151111 131257 8421
20151111 131257 8421
20151111 131257 8421
20151111 131258 8420
20151111 131300 8419
20151111 131300 8419
20151111 131301 8421
20151111 131321 8423
20151111 131322 8424
20151111 131341 8422
20151111 131341 8422
20151111 131354 8420
20151111 131356 8419
20151111 131358 8418
20151111 131407 8418
20151111 131410 8418
20151111 131412 8417
20151111 131415 8417
20151111 131415 8418
20151111 131415 8418
20151111 131416 8417
20151111 131417 8416
20151111 131422 8414
20151111 131423 8414
20151111 131429 8384
20151111 131429 8414
20151111 131429 8415
20151111 131429 8415
20151111 131429 8415
20151111 131429 8415
20151111 131430 8413
20151111 131430 8413
20151111 131436 8412
20151111 131436 8412
20151111 131436 8412
20151111 131445 8415
20151111 131445 8415
20151111 131450 8415
20151111 131450 8415
20151111 131450 8415
20151111 131450 8415
20151111 131450 8415
20151111 131501 8418
20151111 131509 8417
20151111 131509 8417
20151111 131513 8416
20151111 131523 8415
20151111 131523 8415
20151111 131531 8418
20151111 131533 8418
20151111 131538 8419
20151111 131538 8419
20151111 131538 8419
20151111 131542 8421
20151111 131548 8423
20151111 131552 8423
20151111 131600 8422
20151111 131601 8421
20151111 131756 8418
20151111 131756 8418
20151111 131756 8418
20151111 131800 8420
20151111 131801 8420
20151111 131903 8424
20151111 131903 8424
20151111 131903 8424
20151111 131903 8424
20151111 131904 8423
20151111 131919 8424
20151111 131920 8424
20151111 132001 8426
20151111 132002 8425
20151111 132002 8426
20151111 132002 8426
20151111 132010 8424
20151111 132010 8424
20151111 132013 8424
20151111 132015 8424
20151111 132023 8421
20151111 132056 8418
20151111 132127 8419
20151111 132132 8418
20151111 132138 8417
20151111 132212 8418
20151111 132249 8417
20151111 132314 8417
20151111 132343 8418
20151111 132502 8423
20151111 132502 8423
20151111 132502 8423
20151111 132504 8422
20151111 132531 8420
20151111 132533 8419
20151111 132617 8418
20151111 132622 8418
20151111 132636 8417
20151111 132640 8417
20151111 132643 8416
20151111 132701 8417
20151111 132732 8418
20151111 132733 8417
20151111 132736 8417
20151111 132754 8416
20151111 132840 8418
20151111 132841 8418
20151111 132843 8418
20151111 132843 8418
20151111 132844 8418
20151111 132846 8418
20151111 132849 8418
20151111 132851 8418
20151111 132904 8420
20151111 132904 8420
20151111 132916 8419
20151111 132916 8419
20151111 132918 8419
20151111 132928 8419
20151111 132928 8419
20151111 132946 8420
20151111 133001 8416
20151111 133001 8416
20151111 133001 8417
20151111 133001 8417
20151111 133001 8417
20151111 133001 8417
20151111 133001 8418
20151111 133001 8418
20151111 133001 8418
20151111 133001 8419
20151111 133004 8416
20151111 133009 8413
20151111 133009 8414
20151111 133009 8414
20151111 133009 8414
20151111 133009 8414
20151111 133009 8414
20151111 133009 8414
20151111 133010 8413
20151111 133012 8412
20151111 133012 8412
20151111 133024 8412
20151111 133038 8411
20151111 133038 8411
20151111 133038 8411
20151111 133038 8411
20151111 133038 8411
20151111 133038 8411
20151111 133040 8410
20151111 133041 8410
20151111 133044 8410
20151111 133044 8410
20151111 133048 8409
20151111 133049 8409
20151111 133049 8409
20151111 133056 8408
20151111 133056 8408
20151111 133115 8413
20151111 133142 8410
20151111 133200 8413
20151111 133206 8414
20151111 133210 8415
20151111 133210 8415
20151111 133210 8415
20151111 133211 8415
20151111 133211 8415
20151111 133212 8415
20151111 133217 8416
20151111 133224 8415
20151111 133233 8417
20151111 133235 8418
20151111 133235 8418
20151111 133237 8419
20151111 133237 8419
20151111 133237 8419
20151111 133237 8419
20151111 133237 8419
20151111 133237 8419
20151111 133240 8419
20151111 133240 8419
20151111 133258 8420
20151111 133300 8421
20151111 133300 8422
20151111 133301 8423
20151111 133314 8421
20151111 133324 8420
20151111 133324 8420
20151111 133324 8420
20151111 133325 8420
20151111 133326 8420
20151111 133326 8420
20151111 133326 8420
20151111 133326 8420
20151111 133326 8420
20151111 133326 8420
20151111 133336 8417
20151111 133337 8417
20151111 133337 8417
20151111 133425 8415
20151111 133430 8415
20151111 133436 8413
20151111 133438 8414
20151111 133456 8412
20151111 133500 8414
20151111 133500 8414
20151111 133500 8414
20151111 133500 8414
20151111 133500 8414
20151111 133501 8416
20151111 133502 8416
20151111 133507 8414
20151111 133518 8412
20151111 133524 8411
20151111 133524 8411
20151111 133525 8411
20151111 133525 8411
20151111 133525 8411
20151111 133526 8410
20151111 133528 8409
20151111 133529 8409
20151111 133530 8409
20151111 133537 8388
20151111 133538 8409
20151111 133552 8405
20151111 133552 8408
20151111 133605 8410
20151111 133605 8410
20151111 133605 8410
20151111 133609 8411
20151111 133611 8411
20151111 133624 8408
20151111 133625 8408
20151111 133629 8408
20151111 133629 8408
20151111 133629 8408
20151111 133629 8408
20151111 133644 8404
20151111 133644 8405
20151111 133644 8405
20151111 133645 8403
20151111 133646 8403
20151111 133646 8403
20151111 133646 8403
20151111 133646 8403
20151111 133648 8403
20151111 133648 8403
20151111 133651 8403
20151111 133654 8403
20151111 133654 8403
20151111 133654 8403
20151111 133654 8403
20151111 133654 8403
20151111 133654 8403
20151111 133655 8403
20151111 133655 8403
20151111 133656 8403
20151111 133657 8403
20151111 133659 8402
20151111 133659 8402
20151111 133659 8402
20151111 133659 8402
20151111 133700 8401
20151111 133700 8401
20151111 133700 8401
20151111 133700 8401
20151111 133700 8401
20151111 133700 8401
20151111 133700 8401
20151111 133700 8401
20151111 133700 8401
20151111 133700 8401
20151111 133700 8401
20151111 133700 8401
20151111 133700 8401
20151111 133700 8401
20151111 133700 8401
20151111 133700 8401
20151111 133700 8401
20151111 133700 8401
20151111 133700 8401
20151111 133700 8401
20151111 133701 8400
20151111 133703 8400
20151111 133704 8399
20151111 133704 8399
20151111 133707 8396
20151111 133712 8399
20151111 133714 8397
20151111 133715 8396
20151111 133715 8396
20151111 133715 8396
20151111 133715 8397
20151111 133717 8394
20151111 133726 8396
20151111 133730 8397
20151111 133736 8398
20151111 133738 8398
20151111 133742 8398
20151111 133746 8396
20151111 133803 8396
20151111 133805 8396
20151111 133812 8395
20151111 133816 8396
20151111 133819 8394
20151111 133819 8394
20151111 133819 8394
20151111 133819 8394
20151111 133819 8394
20151111 133819 8394
20151111 133819 8394
20151111 133819 8395
20151111 133819 8395
20151111 133819 8395
20151111 133822 8393
20151111 133830 8392
20151111 133830 8392
20151111 133832 8392
20151111 133834 8391
20151111 133834 8391
20151111 133834 8391
20151111 133836 8391
20151111 133840 8390
20151111 133842 8389
20151111 133842 8389
20151111 133842 8389
20151111 133842 8389
20151111 133842 8389
20151111 133849 8392
20151111 133856 8389
20151111 133856 8390
20151111 133858 8386
20151111 133858 8388
20151111 133901 8391
20151111 133901 8391
20151111 133901 8391
20151111 133901 8391
20151111 133901 8391
20151111 133901 8391
20151111 133901 8391
20151111 133901 8391
20151111 133901 8391
20151111 133903 8394
20151111 133903 8394
20151111 133903 8394
20151111 133903 8394
20151111 133905 8394
20151111 133905 8395
20151111 133912 8396
20151111 133912 8396
20151111 133923 8393
20151111 133924 8395
20151111 133935 8395
20151111 133937 8394
20151111 133957 8390
20151111 134005 8387
20151111 134014 8389
20151111 134017 8390
20151111 134017 8390
20151111 134017 8390
20151111 134022 8391
20151111 134028 8388
20151111 134030 8388
20151111 134037 8384
20151111 134037 8386
20151111 134038 8385
20151111 134042 8384
20151111 134042 8384
20151111 134042 8384
20151111 134042 8384
20151111 134042 8384
20151111 134042 8384
20151111 134042 8384
20151111 134042 8384
20151111 134042 8384
20151111 134042 8384
20151111 134042 8384
20151111 134042 8384
20151111 134043 8384
20151111 134044 8384
20151111 134044 8384
20151111 134045 8384
20151111 134046 8381
20151111 134046 8382
20151111 134050 8381
20151111 134050 8381
20151111 134050 8382
20151111 134051 8383
20151111 134051 8383
20151111 134052 8381
20151111 134052 8381
20151111 134052 8381
20151111 134054 8381
20151111 134054 8381
20151111 134054 8382
20151111 134055 8380
20151111 134055 8381
20151111 134055 8381
20151111 134055 8382
20151111 134055 8382
20151111 134058 8380
20151111 134059 8379
20151111 134059 8380
20151111 134059 8380
20151111 134100 8379
20151111 134101 8379
20151111 134103 8377
20151111 134104 8376
20151111 134106 8379
20151111 134107 8381
20151111 134108 8382
20151111 134108 8382
20151111 134118 8379
20151111 134126 8377
20151111 134127 8376
20151111 134134 8377
20151111 134136 8374
20151111 134136 8374
20151111 134137 8374
20151111 134140 8377
20151111 134140 8377
20151111 134143 8374
20151111 134147 8375
20151111 134147 8376
20151111 134147 8376
20151111 134147 8376
20151111 134147 8376
20151111 134147 8376
20151111 134147 8376
20151111 134147 8377
20151111 134147 8377
20151111 134147 8377
20151111 134149 8373
20151111 134149 8374
20151111 134151 8375
20151111 134157 8373
20151111 134202 8376
20151111 134203 8376
20151111 134204 8376
20151111 134205 8378
20151111 134207 8378
20151111 134210 8376
20151111 134212 8376
20151111 134212 8376
20151111 134217 8377
20151111 134217 8378
20151111 134218 8377
20151111 134218 8377
20151111 134218 8378
20151111 134218 8378
20151111 134218 8378
20151111 134229 8377
20151111 134231 8375
20151111 134231 8376
20151111 134234 8376
20151111 134234 8376
20151111 134234 8376
20151111 134234 8376
20151111 134234 8376
20151111 134234 8376
20151111 134234 8376
20151111 134234 8376
20151111 134239 8376
20151111 134242 8375
20151111 134243 8374
20151111 134243 8374
20151111 134243 8374
20151111 134243 8374
20151111 134244 8374
20151111 134245 8375
20151111 134245 8375
20151111 134252 8376
20151111 134252 8376
20151111 134252 8376
20151111 134253 8375
20151111 134304 8377
20151111 134305 8377
20151111 134307 8378
20151111 134311 8379
20151111 134312 8379
20151111 134312 8379
20151111 134312 8379
20151111 134312 8379
20151111 134320 8376
20151111 134320 8377
20151111 134321 8377
20151111 134322 8376
20151111 134322 8376
20151111 134322 8376
20151111 134323 8376
20151111 134327 8376
20151111 134330 8376
20151111 134333 8374
20151111 134333 8374
20151111 134336 8374
20151111 134336 8374
20151111 134342 8375
20151111 134353 8377
20151111 134353 8377
20151111 134353 8377
20151111 134357 8376
20151111 134357 8377
20151111 134357 8377
20151111 134358 8376
20151111 134359 8377
20151111 134359 8377
20151111 134359 8377
20151111 134400 8378
20151111 134400 8378
20151111 134402 8378
20151111 134403 8378
20151111 134405 8378
20151111 134405 8379
20151111 134407 8379
20151111 134408 8379
20151111 134410 8380
20151111 134410 8380
20151111 134410 8380
20151111 134410 8380
20151111 134410 8380
20151111 134410 8380
20151111 134410 8380
20151111 134410 8380
20151111 134411 8380
20151111 134421 8377
20151111 134425 8376
20151111 134425 8377
20151111 134426 8376
20151111 134426 8376
20151111 134426 8376
20151111 134429 8377
20151111 134441 8377
20151111 134441 8377
20151111 134441 8377
20151111 134441 8377
20151111 134442 8377
20151111 134442 8377
20151111 134442 8377
20151111 134443 8378
20151111 134443 8378
20151111 134444 8378
20151111 134448 8379
20151111 134449 8379
20151111 134450 8379
20151111 134454 8379
20151111 134455 8380
20151111 134456 8380
20151111 134456 8380
20151111 134459 8379
