20151029 084500 8681
20151029 084500 8681
20151029 084500 8682
20151029 084500 8682
20151029 084500 8683
20151029 084501 8683
20151029 084501 8684
20151029 084516 8683
20151029 084533 8679
20151029 084537 8678
20151029 084556 8677
20151029 084601 8676
20151029 084622 8674
20151029 084623 8675
20151029 084631 8673
20151029 084633 8672
20151029 084638 8674
20151029 084643 8673
20151029 084654 8670
20151029 084702 8670
20151029 084801 8673
20151029 084816 8660
20151029 085001 8675
20151029 085001 8675
20151029 085010 8675
20151029 085014 8674
20151029 085106 8671
20151029 085106 8673
20151029 085106 8673
20151029 085106 8674
20151029 085116 8674
20151029 085130 8674
20151029 085130 8674
20151029 085142 8674
20151029 085219 8671
20151029 085219 8671
20151029 085219 8671
20151029 085234 8672
20151029 085249 8658
20151029 085249 8672
20151029 085250 8673
20151029 085504 8677
20151029 085539 8678
20151029 085550 8679
20151029 085553 8679
20151029 085621 8669
20151029 085621 8680
20151029 085627 8682
20151029 085703 8680
20151029 085705 8680
20151029 085712 8681
20151029 085716 8680
20151029 085716 8680
20151029 085722 8681
20151029 085722 8681
20151029 085722 8681
20151029 085722 8681
20151029 085722 8681
20151029 085722 8681
20151029 085734 8680
20151029 085736 8680
20151029 085736 8680
20151029 085737 8680
20151029 085739 8680
20151029 085758 8680
20151029 085758 8680
20151029 085823 8677
20151029 085823 8679
20151029 085823 8679
20151029 085823 8679
20151029 085823 8679
20151029 085823 8679
20151029 085837 8678
20151029 085852 8679
20151029 085852 8679
20151029 085852 8679
20151029 090020 8665
20151029 090034 8682
20151029 090034 8682
20151029 090034 8682
20151029 090034 8682
20151029 090109 8683
20151029 090115 8683
20151029 090138 8679
20151029 090219 8674
20151029 090220 8674
20151029 090246 8659
20151029 090246 8673
20151029 090303 8680
20151029 090303 8681
20151029 090303 8681
20151029 090303 8681
20151029 090303 8681
20151029 090304 8681
20151029 090304 8681
20151029 090307 8683
20151029 090308 8683
20151029 090308 8683
20151029 090313 8683
20151029 090313 8683
20151029 090347 8674
20151029 090347 8674
20151029 090432 8671
20151029 090432 8671
20151029 090434 8671
20151029 090434 8671
20151029 090435 8671
20151029 090439 8671
20151029 090443 8671
20151029 090500 8666
20151029 090530 8663
20151029 090530 8663
20151029 090541 8665
20151029 090541 8665
20151029 090558 8665
20151029 090613 8665
20151029 090646 8662
20151029 090648 8661
20151029 090655 8660
20151029 090700 8659
20151029 090700 8659
20151029 090704 8658
20151029 090704 8658
20151029 090710 8658
20151029 090714 8657
20151029 090724 8660
20151029 090812 8657
20151029 090816 8656
20151029 090816 8656
20151029 090818 8655
20151029 090820 8657
20151029 090828 8655
20151029 090856 8656
20151029 090903 8654
20151029 090910 8654
20151029 090939 8650
20151029 090948 8648
20151029 090955 8646
20151029 091003 8644
20151029 091011 8649
20151029 091025 8651
20151029 091028 8651
20151029 091035 8652
20151029 091052 8653
20151029 091119 8657
20151029 091130 8653
20151029 091130 8653
20151029 091134 8653
20151029 091139 8653
20151029 091141 8651
20151029 091149 8654
20151029 091200 8653
20151029 091201 8653
20151029 091204 8652
20151029 091218 8651
20151029 091218 8651
20151029 091304 8651
20151029 091305 8653
20151029 091352 8654
20151029 091412 8652
20151029 091424 8649
20151029 091430 8649
20151029 091455 8648
20151029 091458 8648
20151029 091507 8652
20151029 091517 8655
20151029 091527 8655
20151029 091529 8653
20151029 091645 8648
20151029 091716 8655
20151029 091718 8656
20151029 091718 8657
20151029 091726 8656
20151029 091730 8657
20151029 091732 8658
20151029 091803 8656
20151029 091805 8656
20151029 091806 8656
20151029 091806 8656
20151029 091908 8656
20151029 091908 8656
20151029 091908 8656
20151029 091908 8656
20151029 091913 8656
20151029 091913 8656
20151029 091917 8656
20151029 091917 8656
20151029 091917 8656
20151029 091934 8657
20151029 091934 8657
20151029 092025 8649
20151029 092041 8649
20151029 092118 8656
20151029 092216 8646
20151029 092217 8641
20151029 092217 8641
20151029 092217 8641
20151029 092217 8641
20151029 092217 8641
20151029 092217 8641
20151029 092217 8641
20151029 092217 8641
20151029 092217 8643
20151029 092241 8626
20151029 092241 8640
20151029 092245 8639
20151029 092245 8639
20151029 092247 8638
20151029 092251 8637
20151029 092258 8636
20151029 092258 8636
20151029 092300 8638
20151029 092304 8638
20151029 092312 8639
20151029 092328 8639
20151029 092333 8637
20151029 092334 8635
20151029 092334 8636
20151029 092344 8634
20151029 092347 8632
20151029 092347 8632
20151029 092349 8631
20151029 092351 8631
20151029 092352 8629
20151029 092352 8629
20151029 092352 8629
20151029 092353 8625
20151029 092353 8626
20151029 092353 8627
20151029 092400 8624
20151029 092403 8623
20151029 092413 8626
20151029 092434 8630
20151029 092452 8629
20151029 092509 8630
20151029 092509 8630
20151029 092509 8630
20151029 092509 8630
20151029 092509 8630
20151029 092509 8630
20151029 092509 8630
20151029 092510 8630
20151029 092510 8630
20151029 092510 8630
20151029 092537 8632
20151029 092549 8619
20151029 092549 8630
20151029 092552 8632
20151029 092552 8632
20151029 092622 8628
20151029 092622 8628
20151029 092626 8626
20151029 092655 8629
20151029 092655 8629
20151029 092655 8629
20151029 092729 8629
20151029 092746 8628
20151029 092803 8628
20151029 092810 8627
20151029 092818 8627
20151029 092824 8623
20151029 092824 8624
20151029 092824 8624
20151029 092824 8624
20151029 092825 8620
20151029 092825 8620
20151029 092825 8621
20151029 092828 8620
20151029 092836 8611
20151029 092836 8611
20151029 092836 8612
20151029 092836 8612
20151029 092836 8612
20151029 092836 8612
20151029 092836 8612
20151029 092836 8612
20151029 092836 8612
20151029 092836 8613
20151029 092836 8613
20151029 092836 8614
20151029 092836 8618
20151029 092839 8611
20151029 092844 8611
20151029 092848 8608
20151029 092853 8605
20151029 092855 8606
20151029 092858 8606
20151029 092859 8606
20151029 092859 8606
20151029 092901 8608
20151029 092901 8608
20151029 092902 8609
20151029 092902 8609
20151029 092902 8609
20151029 092907 8609
20151029 092907 8609
20151029 092907 8609
20151029 092907 8609
20151029 092907 8609
20151029 092919 8612
20151029 092959 8609
20151029 092959 8609
20151029 092959 8611
20151029 093000 8608
20151029 093011 8619
20151029 093016 8618
20151029 093016 8618
20151029 093031 8619
20151029 093041 8619
20151029 093052 8617
20151029 093114 8612
20151029 093116 8611
20151029 093116 8611
20151029 093117 8611
20151029 093119 8611
20151029 093121 8611
20151029 093122 8611
20151029 093127 8611
20151029 093128 8610
20151029 093138 8615
20151029 093149 8614
20151029 093226 8616
20151029 093346 8615
20151029 093429 8614
20151029 093432 8612
20151029 093433 8611
20151029 093433 8611
20151029 093434 8609
20151029 093434 8610
20151029 093434 8610
20151029 093434 8611
20151029 093436 8610
20151029 093439 8607
20151029 093442 8607
20151029 093442 8607
20151029 093446 8608
20151029 093446 8608
20151029 093451 8609
20151029 093451 8610
20151029 093454 8612
20151029 093457 8613
20151029 093459 8614
20151029 093501 8613
20151029 093504 8614
20151029 093507 8616
20151029 093514 8615
20151029 093548 8613
20151029 093555 8612
20151029 093555 8613
20151029 093557 8613
20151029 093557 8613
20151029 093557 8613
20151029 093557 8613
20151029 093557 8613
20151029 093606 8612
20151029 093704 8618
20151029 093717 8620
20151029 093719 8620
20151029 093721 8619
20151029 093738 8618
20151029 093742 8618
20151029 093854 8605
20151029 093854 8605
20151029 093854 8617
20151029 093854 8617
20151029 093854 8617
20151029 093948 8616
20151029 093953 8614
20151029 093954 8613
20151029 094007 8613
20151029 094030 8610
20151029 094030 8610
20151029 094030 8610
20151029 094033 8608
20151029 094044 8613
20151029 094058 8611
20151029 094106 8607
20151029 094111 8605
20151029 094111 8606
20151029 094111 8606
20151029 094112 8596
20151029 094112 8599
20151029 094112 8600
20151029 094112 8600
20151029 094112 8601
20151029 094112 8601
20151029 094112 8602
20151029 094112 8602
20151029 094135 8602
20151029 094151 8603
20151029 094156 8603
20151029 094201 8603
20151029 094204 8604
20151029 094209 8605
20151029 094244 8596
20151029 094254 8597
20151029 094254 8597
20151029 094259 8593
20151029 094259 8593
20151029 094317 8590
20151029 094317 8591
20151029 094317 8592
20151029 094320 8591
20151029 094334 8592
20151029 094337 8592
20151029 094340 8592
20151029 094345 8591
20151029 094349 8589
20151029 094352 8591
20151029 094358 8590
20151029 094406 8588
20151029 094406 8590
20151029 094409 8587
20151029 094435 8581
20151029 094435 8581
20151029 094435 8581
20151029 094435 8582
20151029 094435 8582
20151029 094435 8583
20151029 094436 8582
20151029 094440 8580
20151029 094442 8580
20151029 094450 8578
20151029 094450 8578
20151029 094456 8574
20151029 094459 8571
20151029 094459 8571
20151029 094500 8568
20151029 094500 8568
20151029 094500 8569
20151029 094510 8576
20151029 094511 8576
20151029 094512 8575
20151029 094512 8575
20151029 094512 8575
20151029 094513 8574
20151029 094513 8574
20151029 094515 8574
20151029 094519 8577
20151029 094527 8577
20151029 094558 8574
20151029 094605 8578
20151029 094614 8578
20151029 094614 8578
20151029 094645 8582
20151029 094646 8582
20151029 094646 8582
20151029 094654 8579
20151029 094654 8580
20151029 094655 8581
20151029 094722 8580
20151029 094752 8582
20151029 094800 8581
20151029 094803 8580
20151029 094836 8578
20151029 094853 8577
20151029 094903 8575
20151029 094906 8578
20151029 094915 8579
20151029 094924 8578
20151029 094930 8579
20151029 094933 8579
20151029 094940 8578
20151029 094948 8581
20151029 094948 8581
20151029 094948 8581
20151029 094948 8582
20151029 094949 8583
20151029 094959 8582
20151029 095018 8579
20151029 095018 8580
20151029 095019 8579
20151029 095019 8579
20151029 095020 8579
20151029 095028 8579
20151029 095033 8581
20151029 095040 8580
20151029 095047 8577
20151029 095053 8577
20151029 095055 8577
20151029 095055 8577
20151029 095055 8577
20151029 095105 8574
20151029 095105 8574
20151029 095105 8574
20151029 095105 8574
20151029 095105 8574
20151029 095111 8575
20151029 095113 8575
20151029 095143 8579
20151029 095154 8579
20151029 095154 8579
20151029 095201 8580
20151029 095206 8579
20151029 095206 8581
20151029 095213 8581
20151029 095216 8581
20151029 095223 8580
20151029 095223 8580
20151029 095223 8584
20151029 095223 8584
20151029 095223 8584
20151029 095224 8585
20151029 095244 8583
20151029 095249 8585
20151029 095253 8570
20151029 095258 8581
20151029 095327 8583
20151029 095327 8585
20151029 095330 8583
20151029 095331 8580
20151029 095331 8582
20151029 095331 8582
20151029 095333 8583
20151029 095334 8583
20151029 095335 8582
20151029 095336 8583
20151029 095337 8582
20151029 095425 8585
20151029 095425 8588
20151029 095426 8589
20151029 095426 8589
20151029 095426 8589
20151029 095426 8589
20151029 095439 8588
20151029 095447 8587
20151029 095452 8589
20151029 095457 8590
20151029 095503 8576
20151029 095503 8576
20151029 095503 8590
20151029 095503 8590
20151029 095509 8576
20151029 095509 8590
20151029 095550 8577
20151029 095550 8591
20151029 095603 8592
20151029 095603 8592
20151029 095617 8589
20151029 095624 8589
20151029 095624 8589
20151029 095713 8589
20151029 095725 8589
20151029 095829 8594
20151029 095829 8595
20151029 095833 8593
20151029 095846 8592
20151029 095903 8591
20151029 095905 8590
20151029 095915 8591
20151029 095947 8589
20151029 095959 8588
20151029 095959 8588
20151029 095959 8588
20151029 100202 8597
20151029 100208 8597
20151029 100227 8582
20151029 100227 8593
20151029 100227 8595
20151029 100300 8594
20151029 100405 8594
20151029 100414 8593
20151029 100416 8590
20151029 100416 8592
20151029 100447 8594
20151029 100501 8595
20151029 100508 8599
20151029 100508 8599
20151029 100510 8601
20151029 100510 8602
20151029 100510 8602
20151029 100528 8601
20151029 100553 8604
20151029 100553 8604
20151029 100553 8604
20151029 100554 8605
20151029 100558 8602
20151029 100600 8607
20151029 100601 8608
20151029 100601 8609
20151029 100602 8612
20151029 100602 8612
20151029 100604 8612
20151029 100607 8611
20151029 100607 8611
20151029 100621 8610
20151029 100637 8609
20151029 100640 8609
20151029 100646 8609
20151029 100724 8608
20151029 100748 8605
20151029 100748 8606
20151029 100748 8606
20151029 100748 8606
20151029 100748 8606
20151029 100800 8606
20151029 100818 8609
20151029 100859 8611
20151029 100859 8611
20151029 100859 8612
20151029 100907 8613
20151029 100907 8614
20151029 100907 8614
20151029 100907 8614
20151029 100909 8614
20151029 100919 8612
20151029 100921 8612
20151029 100922 8612
20151029 101125 8609
20151029 101133 8608
20151029 101222 8609
20151029 101229 8610
20151029 101232 8590
20151029 101232 8590
20151029 101232 8609
20151029 101255 8608
20151029 101329 8606
20151029 101352 8590
20151029 101352 8609
20151029 101356 8608
20151029 101357 8608
20151029 101430 8606
20151029 101442 8588
20151029 101442 8588
20151029 101442 8605
20151029 101442 8606
20151029 101447 8591
20151029 101447 8604
20151029 101519 8609
20151029 101540 8592
20151029 101540 8606
20151029 101546 8607
20151029 101548 8606
20151029 101636 8602
20151029 101636 8602
20151029 101636 8602
20151029 101636 8602
20151029 101641 8604
20151029 101651 8605
20151029 101729 8604
20151029 101845 8606
20151029 101908 8605
20151029 101919 8604
20151029 101933 8605
20151029 102001 8604
20151029 102137 8604
20151029 102206 8605
20151029 102307 8600
20151029 102507 8606
20151029 102507 8607
20151029 102507 8607
20151029 102507 8607
20151029 102508 8608
20151029 102509 8610
20151029 102510 8610
20151029 102522 8611
20151029 102523 8611
20151029 102523 8612
20151029 102531 8611
20151029 102548 8597
20151029 102548 8611
20151029 102646 8608
20151029 102844 8612
20151029 102850 8614
20151029 102851 8614
20151029 102851 8614
20151029 103126 8608
20151029 103331 8604
20151029 103527 8596
20151029 103531 8592
20151029 103531 8592
20151029 103531 8592
20151029 103531 8592
20151029 103531 8592
20151029 103531 8592
20151029 103531 8592
20151029 103537 8591
20151029 103538 8591
20151029 103539 8578
20151029 103540 8591
20151029 103540 8591
20151029 103540 8591
20151029 103541 8591
20151029 103543 8591
20151029 103544 8592
20151029 103547 8590
20151029 103552 8589
20151029 103556 8591
20151029 103635 8588
20151029 103639 8588
20151029 103639 8589
20151029 103703 8586
20151029 103703 8587
20151029 103703 8587
20151029 103704 8585
20151029 103704 8585
20151029 103707 8584
20151029 103708 8581
20151029 103723 8584
20151029 103725 8584
20151029 103731 8582
20151029 103734 8582
20151029 103734 8582
20151029 103734 8582
20151029 103734 8582
20151029 103735 8584
20151029 103735 8584
20151029 103735 8584
20151029 103754 8584
20151029 103754 8584
20151029 103804 8582
20151029 103808 8583
20151029 103810 8582
20151029 103815 8580
20151029 103816 8580
20151029 103817 8580
20151029 103817 8580
20151029 103817 8580
20151029 103817 8580
20151029 103818 8580
20151029 103818 8580
20151029 103927 8581
20151029 103929 8580
20151029 104005 8580
20151029 104017 8579
20151029 104017 8580
20151029 104108 8582
20151029 104142 8582
20151029 104143 8582
20151029 104159 8579
20151029 104200 8578
20151029 104200 8578
20151029 104223 8584
20151029 104232 8586
20151029 104235 8584
20151029 104235 8585
20151029 104405 8578
20151029 104405 8578
20151029 104405 8578
20151029 104405 8578
20151029 104406 8577
20151029 104438 8574
20151029 104440 8576
20151029 104458 8572
20151029 104458 8572
20151029 104458 8572
20151029 104527 8578
20151029 104604 8576
20151029 104605 8576
20151029 104611 8576
20151029 104647 8574
20151029 104647 8574
20151029 104709 8573
20151029 104710 8572
20151029 104712 8570
20151029 104713 8570
20151029 104714 8569
20151029 104714 8569
20151029 104714 8569
20151029 104714 8569
20151029 104714 8569
20151029 104715 8568
20151029 104715 8568
20151029 104725 8560
20151029 104725 8562
20151029 104725 8562
20151029 104725 8562
20151029 104725 8562
20151029 104725 8562
20151029 104725 8562
20151029 104725 8562
20151029 104725 8562
20151029 104725 8562
20151029 104725 8562
20151029 104725 8562
20151029 104725 8562
20151029 104725 8563
20151029 104725 8563
20151029 104725 8563
20151029 104725 8564
20151029 104725 8564
20151029 104725 8567
20151029 104727 8561
20151029 104736 8561
20151029 104747 8561
20151029 104755 8559
20151029 104755 8559
20151029 104757 8558
20151029 104757 8558
20151029 104758 8557
20151029 104800 8555
20151029 104801 8552
20151029 104801 8552
20151029 104801 8553
20151029 104801 8554
20151029 104801 8554
20151029 104810 8552
20151029 104839 8553
20151029 104855 8555
20151029 104858 8556
20151029 104858 8556
20151029 104858 8556
20151029 104921 8556
20151029 104921 8556
20151029 104921 8556
20151029 104950 8560
20151029 105013 8562
20151029 105017 8561
20151029 105121 8560
20151029 105124 8560
20151029 105132 8559
20151029 105132 8559
20151029 105152 8559
20151029 105156 8559
20151029 105156 8559
20151029 105156 8559
20151029 105156 8559
20151029 105202 8559
20151029 105215 8559
20151029 105331 8563
20151029 105331 8563
20151029 105331 8564
20151029 105341 8563
20151029 105345 8564
20151029 105414 8563
20151029 105500 8560
20151029 105501 8560
20151029 105513 8560
20151029 105517 8560
20151029 105600 8562
20151029 105600 8562
20151029 105615 8563
20151029 105649 8548
20151029 105649 8559
20151029 105707 8560
20151029 105808 8561
20151029 105808 8561
20151029 105808 8561
20151029 105820 8563
20151029 105838 8564
20151029 105846 8565
20151029 105849 8565
20151029 105858 8565
20151029 105859 8565
20151029 105933 8567
20151029 105935 8568
20151029 105950 8566
20151029 105950 8566
20151029 105957 8568
20151029 110003 8564
20151029 110003 8564
20151029 110003 8564
20151029 110003 8564
20151029 110003 8564
20151029 110003 8564
20151029 110003 8564
20151029 110055 8568
20151029 110055 8570
20151029 110058 8570
20151029 110058 8570
20151029 110059 8570
20151029 110106 8570
20151029 110120 8569
20151029 110121 8569
20151029 110232 8569
20151029 110316 8565
20151029 110507 8563
20151029 110523 8563
20151029 110523 8563
20151029 110618 8568
20151029 110618 8568
20151029 110618 8568
20151029 110619 8568
20151029 110619 8568
20151029 110635 8569
20151029 110713 8556
20151029 110713 8567
20151029 110725 8572
20151029 110726 8573
20151029 110731 8573
20151029 110737 8560
20151029 110737 8573
20151029 110754 8573
20151029 110805 8575
20151029 110805 8575
20151029 110805 8575
20151029 110806 8574
20151029 110842 8573
20151029 110945 8570
20151029 110945 8570
20151029 111010 8575
20151029 111020 8575
20151029 111026 8576
20151029 111213 8577
20151029 111239 8574
20151029 111348 8576
20151029 111358 8575
20151029 111412 8574
20151029 111501 8575
20151029 111501 8575
20151029 111501 8575
20151029 111517 8577
20151029 111518 8577
20151029 111520 8577
20151029 111625 8577
20151029 111625 8577
20151029 111625 8577
20151029 111625 8577
20151029 111625 8577
20151029 111626 8577
20151029 111808 8577
20151029 111835 8576
20151029 111918 8574
20151029 112002 8573
20151029 112002 8573
20151029 112002 8573
20151029 112103 8576
20151029 112147 8580
20151029 112204 8580
20151029 112213 8581
20151029 112213 8581
20151029 112213 8582
20151029 112214 8582
20151029 112214 8583
20151029 112226 8585
20151029 112226 8586
20151029 112229 8585
20151029 112232 8584
20151029 112235 8585
20151029 112238 8586
20151029 112248 8586
20151029 112254 8588
20151029 112257 8588
20151029 112257 8588
20151029 112301 8587
20151029 112326 8587
20151029 112346 8587
20151029 112413 8587
20151029 112433 8588
20151029 112441 8588
20151029 112447 8590
20151029 112447 8591
20151029 112447 8591
20151029 112447 8591
20151029 112447 8591
20151029 112447 8591
20151029 112447 8591
20151029 112447 8591
20151029 112447 8591
20151029 112447 8591
20151029 112447 8591
20151029 112447 8592
20151029 112447 8592
20151029 112447 8592
20151029 112451 8594
20151029 112501 8594
20151029 112501 8595
20151029 112501 8596
20151029 112501 8596
20151029 112510 8596
20151029 112510 8596
20151029 112513 8597
20151029 112516 8598
20151029 112516 8598
20151029 112521 8597
20151029 112524 8596
20151029 112542 8597
20151029 112557 8597
20151029 112557 8597
20151029 112557 8597
20151029 112627 8595
20151029 112630 8596
20151029 112631 8596
20151029 112637 8594
20151029 112645 8594
20151029 112703 8596
20151029 112703 8596
20151029 112703 8596
20151029 112703 8596
20151029 112703 8596
20151029 112704 8596
20151029 112804 8593
20151029 112821 8592
20151029 112902 8591
20151029 112956 8593
20151029 113007 8594
20151029 113222 8591
20151029 113225 8590
20151029 113226 8590
20151029 113227 8589
20151029 113257 8588
20151029 113305 8587
20151029 113345 8586
20151029 113347 8587
20151029 113400 8586
20151029 113411 8586
20151029 113455 8588
20151029 113504 8588
20151029 113504 8588
20151029 113507 8588
20151029 113508 8588
20151029 113508 8588
20151029 113508 8588
20151029 113516 8590
20151029 113522 8588
20151029 113603 8587
20151029 113743 8588
20151029 113807 8589
20151029 113819 8590
20151029 113819 8590
20151029 114028 8591
20151029 114138 8582
20151029 114148 8579
20151029 114148 8579
20151029 114200 8576
20151029 114204 8578
20151029 114219 8578
20151029 114246 8581
20151029 114246 8581
20151029 114246 8581
20151029 114314 8583
20151029 114323 8583
20151029 114408 8582
20151029 114408 8582
20151029 114408 8582
20151029 114438 8582
20151029 114537 8579
20151029 114547 8576
20151029 114552 8573
20151029 114552 8573
20151029 114552 8574
20151029 114607 8575
20151029 114607 8575
20151029 114607 8575
20151029 114607 8575
20151029 114608 8575
20151029 114611 8574
20151029 114640 8577
20151029 114727 8578
20151029 114903 8577
20151029 114919 8580
20151029 114924 8580
20151029 115149 8581
20151029 115149 8581
20151029 115149 8581
20151029 115151 8583
20151029 115225 8582
20151029 115354 8581
20151029 115408 8581
20151029 115430 8580
20151029 115552 8578
20151029 115931 8576
20151029 120106 8579
20151029 120106 8579
20151029 120159 8580
20151029 120159 8580
20151029 120226 8582
20151029 120259 8583
20151029 120302 8583
20151029 120338 8584
20151029 120338 8584
20151029 120350 8583
20151029 120512 8582
20151029 120512 8582
20151029 120512 8582
20151029 120550 8580
20151029 120558 8576
20151029 120602 8575
20151029 120621 8573
20151029 120623 8573
20151029 120624 8572
20151029 120624 8572
20151029 120624 8572
20151029 120647 8572
20151029 120723 8573
20151029 120727 8572
20151029 120727 8572
20151029 120730 8570
20151029 120731 8566
20151029 120731 8567
20151029 120731 8568
20151029 120859 8569
20151029 121058 8570
20151029 121134 8572
20151029 121210 8572
20151029 121220 8573
20151029 121549 8573
20151029 121745 8572
20151029 121751 8574
20151029 121752 8574
20151029 121757 8574
20151029 121817 8581
20151029 121818 8580
20151029 121849 8579
20151029 122010 8579
20151029 122019 8579
20151029 122225 8577
20151029 122246 8577
20151029 122443 8577
20151029 122628 8569
20151029 122637 8570
20151029 122642 8570
20151029 122850 8570
20151029 122908 8567
20151029 122952 8573
20151029 123022 8572
20151029 123134 8573
20151029 123328 8575
20151029 123334 8576
20151029 123341 8576
20151029 123356 8577
20151029 123458 8575
20151029 123603 8577
20151029 123611 8578
20151029 123622 8577
20151029 123649 8575
20151029 123649 8575
20151029 123649 8575
20151029 123843 8577
20151029 123922 8575
20151029 123930 8572
20151029 123930 8572
20151029 123930 8572
20151029 124004 8572
20151029 124108 8572
20151029 124332 8571
20151029 124446 8571
20151029 124452 8573
20151029 124452 8573
20151029 124452 8573
20151029 124455 8573
20151029 124455 8573
20151029 124458 8574
20151029 124525 8573
20151029 124635 8573
20151029 124854 8571
20151029 124906 8571
20151029 124946 8571
20151029 124958 8572
20151029 124958 8572
20151029 124958 8572
20151029 125008 8571
20151029 125233 8570
20151029 125246 8570
20151029 125445 8570
20151029 125445 8570
20151029 125445 8570
20151029 125445 8570
20151029 125603 8572
20151029 125603 8572
20151029 125604 8571
20151029 125606 8573
20151029 125609 8574
20151029 125702 8575
20151029 125702 8577
20151029 125702 8578
20151029 125708 8577
20151029 125808 8578
20151029 125829 8577
20151029 125829 8577
20151029 125900 8580
20151029 125900 8581
20151029 125901 8582
20151029 125920 8581
20151029 125938 8583
20151029 125939 8583
20151029 130005 8583
20151029 130007 8582
20151029 130007 8582
20151029 130007 8582
20151029 130012 8580
20151029 130014 8581
20151029 130110 8585
20151029 130126 8585
20151029 130141 8585
20151029 130208 8585
20151029 130329 8587
20151029 130445 8583
20151029 130447 8583
20151029 130448 8583
20151029 130448 8583
20151029 130449 8583
20151029 130517 8585
20151029 130611 8586
20151029 130620 8586
20151029 130732 8584
20151029 130802 8582
20151029 130802 8582
20151029 130802 8582
20151029 130802 8582
20151029 130805 8582
20151029 130818 8581
20151029 130839 8582
20151029 130904 8584
20151029 130904 8584
20151029 130917 8584
20151029 130917 8584
20151029 130930 8583
20151029 130930 8583
20151029 131007 8585
20151029 131012 8586
20151029 131135 8582
20151029 131223 8582
20151029 131250 8582
20151029 131254 8582
20151029 131400 8582
20151029 131411 8581
20151029 131425 8580
20151029 131431 8580
20151029 131445 8580
20151029 131445 8580
20151029 131501 8581
20151029 131501 8581
20151029 131504 8584
20151029 131512 8584
20151029 131704 8581
20151029 131948 8581
20151029 132005 8583
20151029 132006 8584
20151029 132006 8584
20151029 132006 8585
20151029 132007 8586
20151029 132137 8587
20151029 132139 8588
20151029 132139 8588
20151029 132144 8587
20151029 132301 8589
20151029 132303 8590
20151029 132303 8590
20151029 132305 8591
20151029 132305 8591
20151029 132306 8591
20151029 132513 8585
20151029 132513 8586
20151029 132514 8582
20151029 132514 8583
20151029 132514 8583
20151029 132514 8583
20151029 132517 8581
20151029 132517 8581
20151029 132517 8581
20151029 132517 8581
20151029 132518 8581
20151029 132547 8583
20151029 132547 8583
20151029 132548 8583
20151029 132548 8583
20151029 132601 8583
20151029 132609 8583
20151029 132631 8583
20151029 132659 8581
20151029 132708 8580
20151029 132726 8579
20151029 132726 8579
20151029 132726 8579
20151029 132727 8579
20151029 132727 8579
20151029 132731 8579
20151029 132732 8578
20151029 132733 8578
20151029 132733 8578
20151029 132738 8577
20151029 132739 8577
20151029 132739 8577
20151029 132739 8577
20151029 132740 8577
20151029 132745 8577
20151029 132749 8577
20151029 132758 8576
20151029 132819 8577
20151029 132833 8577
20151029 132907 8575
20151029 132911 8574
20151029 132911 8574
20151029 132911 8575
20151029 132911 8575
20151029 132912 8573
20151029 132926 8572
20151029 132926 8572
20151029 132927 8572
20151029 132950 8571
20151029 132950 8571
20151029 132950 8571
20151029 133006 8570
20151029 133017 8571
20151029 133041 8567
20151029 133048 8566
20151029 133049 8565
20151029 133049 8565
20151029 133049 8565
20151029 133103 8563
20151029 133103 8563
20151029 133104 8563
20151029 133109 8564
20151029 133112 8563
20151029 133112 8563
20151029 133123 8565
20151029 133137 8564
20151029 133210 8562
20151029 133214 8561
20151029 133244 8562
20151029 133245 8563
20151029 133259 8564
20151029 133318 8566
20151029 133345 8563
20151029 133420 8563
20151029 133427 8562
20151029 133431 8561
20151029 133431 8561
20151029 133440 8560
20151029 133444 8559
20151029 133444 8559
20151029 133445 8559
20151029 133445 8559
20151029 133506 8558
20151029 133506 8558
20151029 133507 8557
20151029 133520 8556
20151029 133535 8557
20151029 133544 8556
20151029 133546 8555
20151029 133547 8554
20151029 133548 8554
20151029 133604 8555
20151029 133605 8557
20151029 133606 8557
20151029 133608 8557
20151029 133617 8557
20151029 133622 8557
20151029 133624 8557
20151029 133640 8555
20151029 133648 8552
20151029 133649 8551
20151029 133649 8551
20151029 133653 8550
20151029 133655 8551
20151029 133700 8553
20151029 133703 8555
20151029 133757 8551
20151029 133802 8551
20151029 133807 8549
20151029 133808 8549
20151029 133810 8549
20151029 133814 8550
20151029 133847 8551
20151029 133853 8553
20151029 133856 8553
20151029 133900 8556
20151029 133900 8556
20151029 133900 8556
20151029 133900 8557
20151029 133904 8556
20151029 133911 8555
20151029 133946 8553
20151029 134001 8557
20151029 134003 8556
20151029 134036 8551
20151029 134036 8551
20151029 134118 8548
20151029 134123 8547
20151029 134123 8547
20151029 134127 8547
20151029 134127 8547
20151029 134144 8549
20151029 134156 8548
20151029 134157 8549
20151029 134159 8548
20151029 134205 8550
20151029 134207 8550
20151029 134213 8553
20151029 134216 8553
20151029 134219 8552
20151029 134219 8553
20151029 134233 8553
20151029 134311 8553
20151029 134311 8553
20151029 134312 8553
20151029 134314 8553
20151029 134314 8553
20151029 134316 8553
20151029 134342 8548
20151029 134407 8548
20151029 134409 8546
20151029 134412 8546
20151029 134422 8547
20151029 134429 8548
20151029 134430 8548
20151029 134442 8547
20151029 134445 8548
20151029 134446 8547
20151029 134446 8548
20151029 134451 8548
20151029 134456 8549
