20151027 084501 8727
20151027 084502 8720
20151027 084502 8720
20151027 084502 8720
20151027 084503 8719
20151027 084503 8721
20151027 084515 8718
20151027 084515 8718
20151027 084516 8716
20151027 084516 8717
20151027 084517 8715
20151027 084517 8715
20151027 084517 8718
20151027 084523 8716
20151027 084525 8719
20151027 084531 8720
20151027 084550 8723
20151027 084559 8723
20151027 084606 8724
20151027 084616 8722
20151027 084628 8720
20151027 084657 8724
20151027 084713 8722
20151027 084723 8720
20151027 084741 8717
20151027 084746 8718
20151027 084801 8720
20151027 084805 8720
20151027 084811 8720
20151027 084846 8717
20151027 084850 8718
20151027 084852 8725
20151027 084905 8721
20151027 084916 8718
20151027 085119 8721
20151027 085557 8716
20151027 085558 8716
20151027 085629 8719
20151027 085637 8728
20151027 085756 8720
20151027 085842 8720
20151027 090000 8717
20151027 090030 8719
20151027 090030 8720
20151027 090139 8715
20151027 090139 8715
20151027 090139 8716
20151027 090140 8715
20151027 090141 8715
20151027 090143 8715
20151027 090146 8714
20151027 090146 8714
20151027 090147 8714
20151027 090148 8714
20151027 090219 8713
20151027 090219 8715
20151027 090234 8713
20151027 090300 8712
20151027 090301 8712
20151027 090341 8716
20151027 090404 8719
20151027 090404 8720
20151027 090406 8721
20151027 090409 8722
20151027 090410 8723
20151027 090410 8723
20151027 090411 8723
20151027 090413 8723
20151027 090413 8723
20151027 090418 8721
20151027 090418 8721
20151027 090444 8719
20151027 090445 8718
20151027 090514 8721
20151027 090605 8718
20151027 090605 8720
20151027 090608 8715
20151027 090617 8718
20151027 090619 8712
20151027 090621 8712
20151027 090621 8718
20151027 090622 8711
20151027 090622 8711
20151027 090623 8711
20151027 090623 8711
20151027 090623 8711
20151027 090624 8712
20151027 090624 8718
20151027 090641 8712
20151027 090650 8715
20151027 090659 8722
20151027 090714 8713
20151027 090843 8714
20151027 090901 8714
20151027 091000 8713
20151027 091001 8710
20151027 091001 8710
20151027 091001 8710
20151027 091001 8711
20151027 091002 8710
20151027 091002 8710
20151027 091002 8710
20151027 091002 8710
20151027 091002 8710
20151027 091002 8710
20151027 091027 8711
20151027 091027 8711
20151027 091027 8711
20151027 091030 8710
20151027 091030 8710
20151027 091030 8710
20151027 091030 8710
20151027 091031 8709
20151027 091031 8709
20151027 091125 8710
20151027 091130 8711
20151027 091232 8712
20151027 091243 8712
20151027 091304 8718
20151027 091435 8719
20151027 091438 8720
20151027 091438 8721
20151027 091438 8721
20151027 091442 8722
20151027 091442 8722
20151027 091442 8722
20151027 091447 8722
20151027 091447 8722
20151027 091450 8723
20151027 091456 8722
20151027 091456 8722
20151027 091500 8725
20151027 091501 8727
20151027 091502 8728
20151027 091502 8728
20151027 091518 8719
20151027 091534 8721
20151027 091534 8721
20151027 091544 8727
20151027 091546 8721
20151027 091546 8721
20151027 091546 8721
20151027 091606 8727
20151027 091658 8719
20151027 091711 8720
20151027 091716 8722
20151027 091716 8722
20151027 091716 8722
20151027 091717 8723
20151027 091719 8722
20151027 091719 8722
20151027 091817 8727
20151027 091840 8719
20151027 091841 8718
20151027 091902 8718
20151027 091911 8717
20151027 091912 8717
20151027 091931 8720
20151027 091934 8722
20151027 091937 8721
20151027 091937 8722
20151027 091948 8719
20151027 092011 8721
20151027 092031 8723
20151027 092033 8725
20151027 092033 8725
20151027 092033 8725
20151027 092036 8724
20151027 092112 8721
20151027 092211 8724
20151027 092218 8725
20151027 092227 8722
20151027 092227 8722
20151027 092233 8722
20151027 092314 8722
20151027 092316 8722
20151027 092338 8723
20151027 092353 8720
20151027 092358 8720
20151027 092405 8720
20151027 092411 8720
20151027 092411 8720
20151027 092422 8722
20151027 092557 8722
20151027 092609 8725
20151027 092610 8726
20151027 092610 8727
20151027 092610 8727
20151027 092637 8725
20151027 092637 8725
20151027 092651 8724
20151027 092708 8725
20151027 092709 8726
20151027 092720 8727
20151027 092932 8723
20151027 093033 8719
20151027 093043 8719
20151027 093043 8719
20151027 093044 8718
20151027 093045 8718
20151027 093045 8718
20151027 093047 8718
20151027 093058 8717
20151027 093101 8716
20151027 093105 8716
20151027 093107 8715
20151027 093107 8715
20151027 093108 8715
20151027 093135 8718
20151027 093158 8718
20151027 093225 8716
20151027 093225 8716
20151027 093226 8715
20151027 093241 8719
20151027 093256 8718
20151027 093300 8716
20151027 093302 8717
20151027 093320 8719
20151027 093328 8718
20151027 093329 8718
20151027 093354 8717
20151027 093354 8717
20151027 093601 8714
20151027 093601 8714
20151027 093601 8714
20151027 093601 8715
20151027 093601 8715
20151027 093602 8713
20151027 093602 8713
20151027 093602 8714
20151027 093621 8711
20151027 093621 8711
20151027 093621 8711
20151027 093621 8712
20151027 093621 8712
20151027 093621 8712
20151027 093621 8712
20151027 093621 8712
20151027 093621 8712
20151027 093621 8718
20151027 093646 8713
20151027 093648 8712
20151027 093650 8713
20151027 093706 8711
20151027 093714 8705
20151027 093714 8705
20151027 093714 8705
20151027 093714 8705
20151027 093714 8706
20151027 093714 8706
20151027 093714 8706
20151027 093714 8706
20151027 093714 8706
20151027 093714 8706
20151027 093714 8707
20151027 093714 8707
20151027 093714 8708
20151027 093714 8708
20151027 093714 8708
20151027 093714 8709
20151027 093714 8709
20151027 093714 8709
20151027 093714 8710
20151027 093714 8710
20151027 093714 8710
20151027 093714 8710
20151027 093714 8710
20151027 093714 8710
20151027 093714 8710
20151027 093714 8710
20151027 093714 8710
20151027 093714 8710
20151027 093714 8710
20151027 093714 8711
20151027 093714 8711
20151027 093714 8711
20151027 093714 8712
20151027 093714 8713
20151027 093714 8713
20151027 093714 8713
20151027 093714 8714
20151027 093714 8714
20151027 093714 8714
20151027 093715 8701
20151027 093715 8701
20151027 093715 8702
20151027 093715 8702
20151027 093715 8703
20151027 093715 8703
20151027 093715 8703
20151027 093715 8703
20151027 093715 8704
20151027 093715 8704
20151027 093715 8704
20151027 093715 8704
20151027 093715 8704
20151027 093715 8704
20151027 093715 8704
20151027 093715 8713
20151027 093715 8714
20151027 093715 8714
20151027 093715 8714
20151027 093721 8706
20151027 093730 8705
20151027 093730 8705
20151027 093736 8707
20151027 093741 8707
20151027 093745 8705
20151027 093745 8705
20151027 093745 8705
20151027 093745 8705
20151027 093745 8705
20151027 093745 8705
20151027 093745 8705
20151027 093745 8705
20151027 093745 8705
20151027 093745 8705
20151027 093745 8705
20151027 093745 8705
20151027 093745 8705
20151027 093745 8705
20151027 093745 8705
20151027 093745 8705
20151027 093745 8705
20151027 093745 8705
20151027 093745 8705
20151027 093745 8706
20151027 093745 8706
20151027 093745 8706
20151027 093745 8706
20151027 093745 8706
20151027 093747 8707
20151027 093812 8708
20151027 093812 8708
20151027 093812 8708
20151027 093812 8708
20151027 093812 8708
20151027 093837 8708
20151027 093843 8709
20151027 093849 8709
20151027 093849 8709
20151027 093849 8709
20151027 093849 8709
20151027 093852 8708
20151027 093858 8707
20151027 093912 8706
20151027 093920 8707
20151027 093953 8706
20151027 093953 8706
20151027 094001 8705
20151027 094001 8705
20151027 094002 8704
20151027 094002 8705
20151027 094002 8705
20151027 094002 8705
20151027 094006 8703
20151027 094009 8703
20151027 094010 8702
20151027 094010 8703
20151027 094010 8711
20151027 094013 8702
20151027 094013 8702
20151027 094054 8704
20151027 094128 8707
20151027 094135 8707
20151027 094149 8708
20151027 094201 8706
20151027 094203 8707
20151027 094225 8706
20151027 094254 8704
20151027 094259 8704
20151027 094302 8704
20151027 094314 8705
20151027 094402 8703
20151027 094402 8703
20151027 094402 8703
20151027 094402 8703
20151027 094403 8703
20151027 094403 8703
20151027 094403 8703
20151027 094403 8703
20151027 094405 8703
20151027 094409 8702
20151027 094412 8701
20151027 094412 8701
20151027 094412 8701
20151027 094412 8701
20151027 094412 8701
20151027 094412 8701
20151027 094412 8701
20151027 094412 8701
20151027 094412 8701
20151027 094412 8701
20151027 094412 8710
20151027 094413 8700
20151027 094413 8700
20151027 094413 8700
20151027 094413 8700
20151027 094413 8700
20151027 094413 8700
20151027 094413 8700
20151027 094413 8700
20151027 094413 8700
20151027 094413 8700
20151027 094413 8700
20151027 094413 8700
20151027 094413 8700
20151027 094413 8700
20151027 094413 8700
20151027 094413 8700
20151027 094413 8700
20151027 094413 8700
20151027 094413 8700
20151027 094413 8700
20151027 094413 8700
20151027 094413 8700
20151027 094413 8700
20151027 094413 8700
20151027 094413 8700
20151027 094413 8700
20151027 094413 8700
20151027 094413 8700
20151027 094413 8700
20151027 094413 8700
20151027 094413 8700
20151027 094416 8702
20151027 094446 8702
20151027 094446 8703
20151027 094446 8703
20151027 094500 8703
20151027 094513 8699
20151027 094514 8699
20151027 094514 8708
20151027 094519 8701
20151027 094630 8709
20151027 094643 8706
20151027 094653 8707
20151027 094806 8704
20151027 094807 8703
20151027 094807 8703
20151027 094810 8704
20151027 094819 8703
20151027 094822 8703
20151027 094904 8703
20151027 095002 8707
20151027 095004 8707
20151027 095230 8708
20151027 095230 8708
20151027 095341 8707
20151027 095343 8707
20151027 095346 8705
20151027 095346 8707
20151027 095346 8707
20151027 095355 8704
20151027 095355 8704
20151027 095356 8704
20151027 095408 8704
20151027 095410 8703
20151027 095412 8704
20151027 095449 8702
20151027 095451 8701
20151027 095452 8700
20151027 095501 8700
20151027 095501 8700
20151027 095644 8703
20151027 095841 8706
20151027 095841 8706
20151027 095841 8706
20151027 095841 8706
20151027 095841 8707
20151027 095920 8707
20151027 095953 8708
20151027 100023 8706
20151027 100112 8704
20151027 100114 8704
20151027 100259 8702
20151027 100300 8701
20151027 100302 8701
20151027 100310 8701
20151027 100426 8699
20151027 100426 8699
20151027 100426 8699
20151027 100426 8699
20151027 100426 8699
20151027 100426 8700
20151027 100426 8700
20151027 100426 8700
20151027 100426 8700
20151027 100426 8701
20151027 100426 8701
20151027 100426 8709
20151027 100427 8693
20151027 100427 8693
20151027 100427 8693
20151027 100427 8693
20151027 100427 8694
20151027 100427 8694
20151027 100427 8694
20151027 100427 8694
20151027 100427 8694
20151027 100427 8695
20151027 100427 8695
20151027 100427 8695
20151027 100427 8695
20151027 100427 8696
20151027 100427 8696
20151027 100427 8697
20151027 100427 8697
20151027 100427 8698
20151027 100427 8698
20151027 100427 8698
20151027 100427 8698
20151027 100427 8698
20151027 100427 8698
20151027 100427 8707
20151027 100428 8690
20151027 100428 8691
20151027 100428 8691
20151027 100428 8691
20151027 100428 8701
20151027 100428 8701
20151027 100428 8701
20151027 100430 8690
20151027 100437 8695
20151027 100440 8691
20151027 100441 8690
20151027 100441 8690
20151027 100441 8702
20151027 100442 8689
20151027 100442 8689
20151027 100443 8689
20151027 100443 8689
20151027 100443 8689
20151027 100443 8689
20151027 100443 8689
20151027 100443 8689
20151027 100443 8689
20151027 100443 8689
20151027 100444 8689
20151027 100444 8690
20151027 100444 8701
20151027 100446 8688
20151027 100448 8688
20151027 100450 8690
20151027 100501 8688
20151027 100501 8701
20151027 100508 8687
20151027 100511 8688
20151027 100516 8688
20151027 100519 8688
20151027 100540 8690
20151027 100541 8690
20151027 100542 8690
20151027 100548 8689
20151027 100549 8688
20151027 100551 8689
20151027 100601 8687
20151027 100601 8687
20151027 100609 8687
20151027 100612 8700
20151027 100613 8687
20151027 100615 8684
20151027 100615 8684
20151027 100615 8684
20151027 100615 8684
20151027 100615 8684
20151027 100615 8685
20151027 100615 8685
20151027 100615 8685
20151027 100615 8685
20151027 100615 8685
20151027 100615 8685
20151027 100615 8686
20151027 100615 8686
20151027 100616 8684
20151027 100616 8684
20151027 100616 8684
20151027 100643 8689
20151027 100749 8689
20151027 100819 8700
20151027 100906 8686
20151027 100906 8686
20151027 101002 8689
20151027 101034 8689
20151027 101051 8690
20151027 101243 8686
20151027 101301 8684
20151027 101301 8684
20151027 101301 8684
20151027 101303 8683
20151027 101303 8696
20151027 101303 8697
20151027 101304 8681
20151027 101304 8681
20151027 101321 8685
20151027 101328 8685
20151027 101337 8684
20151027 101337 8684
20151027 101337 8684
20151027 101337 8684
20151027 101337 8684
20151027 101337 8684
20151027 101337 8684
20151027 101337 8684
20151027 101337 8684
20151027 101337 8684
20151027 101431 8685
20151027 101448 8687
20151027 101502 8682
20151027 101502 8682
20151027 101502 8682
20151027 101502 8682
20151027 101502 8683
20151027 101502 8683
20151027 101506 8681
20151027 101506 8681
20151027 101525 8682
20151027 101526 8680
20151027 101527 8679
20151027 101527 8679
20151027 101527 8679
20151027 101527 8679
20151027 101527 8679
20151027 101527 8679
20151027 101527 8679
20151027 101527 8679
20151027 101527 8679
20151027 101527 8679
20151027 101527 8679
20151027 101527 8679
20151027 101527 8680
20151027 101533 8678
20151027 101534 8678
20151027 101534 8678
20151027 101534 8678
20151027 101534 8678
20151027 101536 8677
20151027 101655 8684
20151027 101734 8683
20151027 101849 8687
20151027 101850 8687
20151027 101930 8685
20151027 101941 8693
20151027 102009 8682
20151027 102019 8679
20151027 102019 8679
20151027 102020 8676
20151027 102020 8677
20151027 102020 8677
20151027 102020 8677
20151027 102020 8677
20151027 102020 8677
20151027 102020 8678
20151027 102021 8675
20151027 102021 8675
20151027 102022 8680
20151027 102022 8680
20151027 102022 8680
20151027 102022 8680
20151027 102022 8680
20151027 102022 8680
20151027 102022 8680
20151027 102101 8674
20151027 102101 8675
20151027 102102 8674
20151027 102102 8674
20151027 102104 8673
20151027 102104 8673
20151027 102105 8672
20151027 102105 8672
20151027 102123 8685
20151027 102132 8672
20151027 102135 8674
20151027 102242 8685
20151027 102457 8669
20151027 102457 8669
20151027 102457 8669
20151027 102457 8669
20151027 102457 8669
20151027 102457 8669
20151027 102458 8668
20151027 102458 8668
20151027 102458 8668
20151027 102458 8668
20151027 102458 8668
20151027 102458 8669
20151027 102458 8682
20151027 102459 8668
20151027 102501 8667
20151027 102501 8667
20151027 102501 8667
20151027 102501 8669
20151027 102533 8672
20151027 102548 8672
20151027 102549 8672
20151027 102550 8672
20151027 102637 8672
20151027 102644 8672
20151027 102644 8672
20151027 102653 8682
20151027 102657 8673
20151027 102657 8673
20151027 102706 8672
20151027 102748 8685
20151027 102814 8675
20151027 102832 8677
20151027 103030 8674
20151027 103112 8680
20151027 103213 8674
20151027 103230 8674
20151027 103307 8672
20151027 103313 8672
20151027 103313 8672
20151027 103324 8672
20151027 103325 8672
20151027 103332 8671
20151027 103424 8670
20151027 103436 8680
20151027 103540 8672
20151027 103548 8660
20151027 103549 8674
20151027 103630 8674
20151027 103635 8683
20151027 103640 8675
20151027 103758 8674
20151027 103903 8684
20151027 103937 8674
20151027 104050 8675
20151027 104150 8675
20151027 104331 8679
20151027 104401 8678
20151027 104419 8678
20151027 104419 8680
20151027 104419 8680
20151027 104503 8681
20151027 104503 8681
20151027 104526 8682
20151027 104526 8683
20151027 104526 8683
20151027 104526 8684
20151027 104526 8684
20151027 104526 8684
20151027 104526 8684
20151027 104526 8684
20151027 104526 8684
20151027 104527 8682
20151027 104536 8681
20151027 104845 8678
20151027 104921 8677
20151027 104922 8676
20151027 104922 8676
20151027 104922 8676
20151027 105033 8676
20151027 105051 8684
20151027 105052 8674
20151027 105053 8674
20151027 105100 8684
20151027 105106 8675
20151027 105209 8675
20151027 105430 8668
20151027 105430 8668
20151027 105430 8668
20151027 105430 8669
20151027 105430 8669
20151027 105430 8669
20151027 105430 8669
20151027 105430 8669
20151027 105430 8669
20151027 105430 8669
20151027 105430 8670
20151027 105430 8670
20151027 105430 8671
20151027 105430 8671
20151027 105430 8671
20151027 105430 8671
20151027 105430 8671
20151027 105431 8664
20151027 105431 8664
20151027 105431 8664
20151027 105431 8665
20151027 105431 8665
20151027 105431 8665
20151027 105431 8665
20151027 105431 8666
20151027 105431 8666
20151027 105431 8667
20151027 105431 8667
20151027 105431 8667
20151027 105431 8675
20151027 105432 8663
20151027 105432 8663
20151027 105432 8663
20151027 105432 8663
20151027 105432 8664
20151027 105433 8667
20151027 105505 8666
20151027 105515 8663
20151027 105541 8660
20151027 105541 8661
20151027 105556 8661
20151027 105559 8660
20151027 105600 8659
20151027 105623 8663
20151027 105712 8659
20151027 105743 8662
20151027 105746 8662
20151027 105808 8659
20151027 105808 8659
20151027 105822 8656
20151027 105822 8656
20151027 105822 8656
20151027 105840 8658
20151027 105857 8658
20151027 105914 8660
20151027 105914 8660
20151027 105914 8660
20151027 105951 8658
20151027 105951 8658
20151027 105952 8657
20151027 110000 8660
20151027 110023 8661
20151027 110027 8662
20151027 110034 8665
20151027 110034 8665
20151027 110042 8666
20151027 110051 8665
20151027 110051 8665
20151027 110107 8666
20151027 110116 8666
20151027 110131 8667
20151027 110131 8667
20151027 110133 8667
20151027 110245 8666
20151027 110257 8668
20151027 110257 8669
20151027 110257 8669
20151027 110257 8669
20151027 110257 8669
20151027 110257 8669
20151027 110257 8669
20151027 110257 8669
20151027 110257 8669
20151027 110258 8670
20151027 110328 8667
20151027 110352 8670
20151027 110352 8670
20151027 110352 8671
20151027 110402 8670
20151027 110402 8672
20151027 110505 8670
20151027 110622 8669
20151027 111034 8667
20151027 111133 8667
20151027 111213 8671
20151027 111213 8672
20151027 111218 8673
20151027 111220 8673
20151027 111220 8673
20151027 111520 8667
20151027 111520 8667
20151027 111524 8667
20151027 111948 8668
20151027 112027 8666
20151027 112032 8666
20151027 112043 8673
20151027 112043 8673
20151027 112057 8673
20151027 112130 8665
20151027 112216 8663
20151027 112239 8662
20151027 112245 8663
20151027 112427 8667
20151027 112428 8678
20151027 112438 8669
20151027 112505 8672
20151027 112614 8673
20151027 112624 8673
20151027 112914 8673
20151027 113315 8672
20151027 113729 8671
20151027 113737 8670
20151027 113737 8670
20151027 113737 8670
20151027 113948 8667
20151027 114043 8670
20151027 114115 8667
20151027 114115 8667
20151027 114425 8666
20151027 114425 8666
20151027 114457 8666
20151027 114504 8666
20151027 114505 8666
20151027 114507 8665
20151027 114513 8665
20151027 114524 8665
20151027 114533 8665
20151027 114825 8667
20151027 115027 8669
20151027 115027 8669
20151027 115027 8669
20151027 115027 8669
20151027 115027 8669
20151027 115027 8669
20151027 115027 8669
20151027 115027 8669
20151027 115051 8669
20151027 115241 8674
20151027 115243 8676
20151027 115243 8676
20151027 115243 8676
20151027 115243 8676
20151027 115249 8675
20151027 115251 8674
20151027 115456 8671
20151027 115929 8671
20151027 120116 8675
20151027 120146 8675
20151027 120202 8675
20151027 120838 8675
20151027 121058 8671
20151027 121058 8671
20151027 121340 8670
20151027 121345 8670
20151027 121345 8670
20151027 121605 8672
20151027 121915 8674
20151027 121915 8674
20151027 122250 8671
20151027 122305 8671
20151027 122308 8671
20151027 122308 8671
20151027 122408 8672
20151027 122441 8673
20151027 122441 8673
20151027 123609 8671
20151027 123729 8678
20151027 123729 8678
20151027 124055 8671
20151027 124402 8668
20151027 124402 8668
20151027 124402 8669
20151027 124450 8667
20151027 124450 8667
20151027 124450 8667
20151027 124453 8667
20151027 124458 8667
20151027 124500 8667
20151027 124509 8674
20151027 125321 8671
20151027 125322 8674
20151027 125322 8674
20151027 125322 8675
20151027 125341 8675
20151027 125341 8675
20151027 125343 8676
20151027 125454 8673
20151027 125454 8673
20151027 125500 8673
20151027 125614 8675
20151027 130000 8675
20151027 130000 8676
20151027 130001 8676
20151027 130001 8676
20151027 130003 8677
20151027 130003 8677
20151027 130003 8677
20151027 130003 8677
20151027 130003 8677
20151027 130004 8678
20151027 130005 8678
20151027 130015 8676
20151027 130047 8684
20151027 130104 8679
20151027 130104 8679
20151027 130104 8679
20151027 130105 8679
20151027 130105 8679
20151027 130105 8679
20151027 130105 8679
20151027 130208 8675
20151027 130345 8675
20151027 130425 8675
20151027 130425 8675
20151027 130433 8674
20151027 130530 8673
20151027 130610 8674
20151027 130629 8674
20151027 130818 8676
20151027 130946 8676
20151027 130946 8676
20151027 131051 8675
20151027 131446 8676
20151027 131500 8676
20151027 131501 8676
20151027 131501 8677
20151027 131508 8677
20151027 131514 8682
20151027 131701 8678
20151027 131701 8678
20151027 131735 8678
20151027 131741 8679
20151027 131741 8679
20151027 131741 8679
20151027 131741 8679
20151027 131742 8679
20151027 131742 8680
20151027 131753 8680
20151027 131753 8680
20151027 131800 8681
20151027 131802 8681
20151027 132001 8686
20151027 132002 8682
20151027 132002 8682
20151027 132002 8682
20151027 132002 8682
20151027 132002 8682
20151027 132003 8682
20151027 132007 8682
20151027 132007 8682
20151027 132010 8682
20151027 132022 8682
20151027 132022 8682
20151027 132024 8681
20151027 132024 8682
20151027 132025 8681
20151027 132031 8682
20151027 132102 8682
20151027 132104 8682
20151027 132107 8687
20151027 132107 8687
20151027 132115 8683
20151027 132115 8683
20151027 132257 8683
20151027 132301 8683
20151027 132305 8683
20151027 132307 8683
20151027 132323 8682
20151027 132323 8682
20151027 132402 8682
20151027 132425 8681
20151027 132501 8684
20151027 132501 8684
20151027 132501 8684
20151027 132501 8684
20151027 132501 8684
20151027 132501 8684
20151027 132607 8685
20151027 132607 8685
20151027 132721 8685
20151027 132758 8686
20151027 132804 8687
20151027 132811 8687
20151027 132842 8689
20151027 132846 8686
20151027 132850 8685
20151027 132919 8688
20151027 132919 8688
20151027 132920 8688
20151027 132920 8688
20151027 132920 8688
20151027 132920 8688
20151027 132920 8688
20151027 132920 8689
20151027 132920 8689
20151027 132920 8689
20151027 132920 8689
20151027 132920 8689
20151027 132920 8689
20151027 132920 8689
20151027 132920 8689
20151027 132920 8689
20151027 132920 8689
20151027 132920 8689
20151027 132936 8688
20151027 132959 8688
20151027 133001 8690
20151027 133001 8690
20151027 133001 8690
20151027 133001 8690
20151027 133002 8690
20151027 133005 8690
20151027 133015 8689
20151027 133015 8689
20151027 133030 8690
20151027 133032 8690
20151027 133033 8690
20151027 133033 8690
20151027 133034 8690
20151027 133034 8691
20151027 133034 8691
20151027 133034 8692
20151027 133034 8692
20151027 133034 8692
20151027 133034 8692
20151027 133034 8692
20151027 133034 8692
20151027 133034 8692
20151027 133034 8692
20151027 133034 8692
20151027 133034 8692
20151027 133034 8692
20151027 133036 8692
20151027 133037 8691
20151027 133040 8692
20151027 133048 8692
20151027 133050 8693
20151027 133050 8693
20151027 133051 8693
20151027 133058 8693
20151027 133100 8693
20151027 133100 8693
20151027 133101 8693
20151027 133104 8692
20151027 133111 8693
20151027 133113 8692
20151027 133114 8692
20151027 133115 8696
20151027 133116 8693
20151027 133116 8694
20151027 133130 8693
20151027 133130 8696
20151027 133135 8694
20151027 133140 8692
20151027 133143 8693
20151027 133144 8693
20151027 133146 8694
20151027 133147 8693
20151027 133225 8694
20151027 133233 8694
20151027 133237 8694
20151027 133247 8695
20151027 133251 8694
20151027 133251 8694
20151027 133300 8695
20151027 133300 8695
20151027 133301 8695
20151027 133301 8695
20151027 133305 8695
20151027 133307 8696
20151027 133307 8696
20151027 133310 8696
20151027 133314 8696
20151027 133316 8697
20151027 133316 8697
20151027 133316 8697
20151027 133316 8697
20151027 133318 8696
20151027 133330 8695
20151027 133348 8695
20151027 133348 8696
20151027 133349 8695
20151027 133402 8696
20151027 133403 8695
20151027 133404 8696
20151027 133413 8695
20151027 133429 8699
20151027 133458 8696
20151027 133500 8697
20151027 133500 8697
20151027 133500 8697
20151027 133501 8697
20151027 133501 8698
20151027 133501 8698
20151027 133503 8697
20151027 133544 8696
20151027 133548 8696
20151027 133548 8696
20151027 133548 8697
20151027 133556 8696
20151027 133556 8696
20151027 133631 8683
20151027 133803 8697
20151027 133803 8697
20151027 133803 8697
20151027 133803 8697
20151027 133803 8697
20151027 133837 8696
20151027 133901 8697
20151027 133901 8697
20151027 133901 8697
20151027 133901 8697
20151027 133902 8697
20151027 133902 8698
20151027 133902 8698
20151027 133902 8698
20151027 133902 8698
20151027 133902 8698
20151027 133902 8698
20151027 133902 8699
20151027 133902 8699
20151027 133903 8698
20151027 133910 8700
20151027 133933 8699
20151027 133934 8699
20151027 133945 8698
20151027 133954 8698
20151027 133955 8699
20151027 133955 8699
20151027 134056 8698
20151027 134101 8698
20151027 134105 8698
20151027 134105 8698
20151027 134107 8699
20151027 134113 8698
20151027 134125 8696
20151027 134157 8695
20151027 134215 8694
20151027 134221 8703
20151027 134303 8696
20151027 134315 8697
20151027 134316 8697
20151027 134316 8697
20151027 134317 8697
20151027 134317 8697
20151027 134317 8697
20151027 134318 8697
20151027 134321 8697
20151027 134328 8697
20151027 134332 8697
20151027 134352 8695
20151027 134403 8695
20151027 134415 8696
20151027 134415 8696
20151027 134416 8696
20151027 134416 8696
20151027 134418 8696
20151027 134423 8695
20151027 134424 8696
20151027 134440 8695
20151027 134445 8694
20151027 134448 8694
20151027 134455 8694
20151027 134456 8695
20151027 134456 8695
