20151028 084500 8685
20151028 084500 8685
20151028 084500 8685
20151028 084500 8685
20151028 084500 8685
20151028 084500 8685
20151028 084500 8686
20151028 084500 8686
20151028 084500 8687
20151028 084500 8688
20151028 084501 8687
20151028 084534 8679
20151028 084556 8677
20151028 084606 8677
20151028 084628 8677
20151028 084650 8675
20151028 084655 8675
20151028 084712 8674
20151028 084719 8676
20151028 084721 8676
20151028 084807 8676
20151028 084846 8674
20151028 084900 8673
20151028 085052 8671
20151028 085121 8672
20151028 085206 8672
20151028 085326 8672
20151028 085326 8672
20151028 085340 8672
20151028 085410 8670
20151028 085410 8670
20151028 085411 8669
20151028 085411 8669
20151028 085413 8668
20151028 085413 8668
20151028 085417 8668
20151028 085444 8671
20151028 085517 8671
20151028 085519 8672
20151028 085520 8672
20151028 085531 8673
20151028 085552 8671
20151028 090001 8674
20151028 090015 8670
20151028 090016 8669
20151028 090016 8670
20151028 090017 8668
20151028 090017 8669
20151028 090018 8667
20151028 090018 8667
20151028 090019 8666
20151028 090033 8671
20151028 090107 8669
20151028 090120 8671
20151028 090154 8672
20151028 090154 8672
20151028 090215 8674
20151028 090220 8675
20151028 090220 8675
20151028 090220 8675
20151028 090220 8676
20151028 090359 8675
20151028 090421 8677
20151028 090421 8677
20151028 090535 8671
20151028 090657 8674
20151028 090906 8669
20151028 090906 8670
20151028 090907 8668
20151028 090928 8668
20151028 090930 8665
20151028 090930 8665
20151028 090930 8666
20151028 090930 8666
20151028 090930 8666
20151028 090930 8666
20151028 090932 8664
20151028 090932 8664
20151028 090951 8667
20151028 091001 8667
20151028 091002 8665
20151028 091004 8667
20151028 091004 8667
20151028 091005 8667
20151028 091005 8667
20151028 091110 8667
20151028 091117 8668
20151028 091132 8669
20151028 091132 8669
20151028 091256 8675
20151028 091256 8676
20151028 091256 8676
20151028 091256 8676
20151028 091257 8676
20151028 091257 8676
20151028 091346 8678
20151028 091346 8678
20151028 091346 8678
20151028 091346 8678
20151028 091346 8679
20151028 091346 8679
20151028 091352 8678
20151028 091413 8683
20151028 091420 8681
20151028 091450 8680
20151028 091452 8680
20151028 091519 8684
20151028 091530 8684
20151028 091539 8684
20151028 091543 8685
20151028 091640 8683
20151028 091719 8685
20151028 091751 8684
20151028 091813 8684
20151028 091902 8686
20151028 091902 8687
20151028 091908 8688
20151028 091908 8688
20151028 091908 8689
20151028 091909 8690
20151028 091921 8690
20151028 091940 8686
20151028 091959 8690
20151028 092101 8688
20151028 092125 8686
20151028 092125 8686
20151028 092131 8682
20151028 092136 8683
20151028 092211 8687
20151028 092219 8686
20151028 092326 8688
20151028 092410 8688
20151028 092414 8688
20151028 092426 8689
20151028 092451 8692
20151028 092453 8692
20151028 092500 8694
20151028 092502 8694
20151028 092507 8692
20151028 092540 8690
20151028 092545 8689
20151028 092604 8690
20151028 092746 8687
20151028 092822 8687
20151028 092920 8685
20151028 092932 8683
20151028 093047 8683
20151028 093110 8685
20151028 093111 8686
20151028 093111 8686
20151028 093127 8685
20151028 093202 8689
20151028 093257 8687
20151028 093259 8687
20151028 093303 8686
20151028 093303 8686
20151028 093309 8685
20151028 093309 8685
20151028 093333 8686
20151028 093357 8685
20151028 093358 8684
20151028 093358 8684
20151028 093425 8683
20151028 093426 8683
20151028 093426 8683
20151028 093457 8689
20151028 093505 8693
20151028 093505 8694
20151028 093505 8697
20151028 093505 8697
20151028 093506 8699
20151028 093513 8700
20151028 093513 8700
20151028 093513 8700
20151028 093513 8701
20151028 093514 8702
20151028 093514 8702
20151028 093514 8702
20151028 093514 8703
20151028 093514 8704
20151028 093514 8705
20151028 093514 8705
20151028 093514 8705
20151028 093517 8705
20151028 093531 8701
20151028 093617 8703
20151028 093625 8704
20151028 093625 8704
20151028 093625 8704
20151028 093706 8701
20151028 093812 8706
20151028 093813 8707
20151028 093813 8707
20151028 093817 8706
20151028 093906 8708
20151028 093906 8708
20151028 093906 8708
20151028 093906 8709
20151028 093912 8706
20151028 093946 8708
20151028 093957 8705
20151028 094001 8708
20151028 094001 8709
20151028 094001 8710
20151028 094001 8710
20151028 094001 8710
20151028 094001 8710
20151028 094001 8710
20151028 094006 8707
20151028 094009 8706
20151028 094025 8705
20151028 094028 8704
20151028 094046 8703
20151028 094048 8701
20151028 094049 8700
20151028 094049 8700
20151028 094049 8700
20151028 094219 8697
20151028 094236 8696
20151028 094236 8696
20151028 094236 8696
20151028 094236 8696
20151028 094236 8696
20151028 094236 8696
20151028 094236 8696
20151028 094236 8697
20151028 094410 8695
20151028 094414 8688
20151028 094414 8688
20151028 094414 8689
20151028 094414 8689
20151028 094414 8690
20151028 094414 8690
20151028 094414 8690
20151028 094414 8691
20151028 094414 8691
20151028 094414 8692
20151028 094414 8692
20151028 094414 8692
20151028 094414 8692
20151028 094415 8687
20151028 094415 8687
20151028 094415 8687
20151028 094415 8687
20151028 094500 8691
20151028 094508 8696
20151028 094607 8695
20151028 094636 8693
20151028 094648 8694
20151028 094726 8693
20151028 094903 8692
20151028 095001 8694
20151028 095250 8690
20151028 095252 8690
20151028 095253 8690
20151028 095253 8690
20151028 095509 8694
20151028 095528 8694
20151028 095641 8693
20151028 095734 8692
20151028 100010 8698
20151028 100050 8702
20151028 100054 8706
20151028 100235 8696
20151028 100405 8696
20151028 100422 8695
20151028 100441 8692
20151028 100451 8688
20151028 100619 8686
20151028 100620 8685
20151028 100643 8686
20151028 100839 8684
20151028 100957 8684
20151028 101043 8681
20151028 101043 8681
20151028 101044 8680
20151028 101105 8678
20151028 101205 8678
20151028 101209 8677
20151028 101211 8677
20151028 101212 8676
20151028 101212 8676
20151028 101212 8676
20151028 101359 8681
20151028 101359 8681
20151028 101648 8680
20151028 101720 8678
20151028 101836 8679
20151028 101854 8677
20151028 102219 8681
20151028 102303 8682
20151028 102315 8682
20151028 102315 8682
20151028 102315 8682
20151028 102315 8682
20151028 102400 8680
20151028 102405 8680
20151028 102443 8677
20151028 102453 8676
20151028 102510 8675
20151028 102510 8675
20151028 102510 8675
20151028 102512 8674
20151028 102512 8674
20151028 102635 8675
20151028 102636 8674
20151028 102701 8672
20151028 102701 8672
20151028 102702 8671
20151028 102702 8671
20151028 102723 8670
20151028 102723 8670
20151028 102734 8672
20151028 102801 8672
20151028 102809 8670
20151028 102809 8670
20151028 102810 8668
20151028 102810 8668
20151028 102810 8668
20151028 102839 8671
20151028 102908 8670
20151028 103000 8669
20151028 103001 8667
20151028 103001 8668
20151028 103001 8668
20151028 103001 8668
20151028 103001 8668
20151028 103002 8665
20151028 103002 8665
20151028 103002 8666
20151028 103116 8673
20151028 103142 8676
20151028 103303 8669
20151028 103303 8670
20151028 103303 8671
20151028 103413 8660
20151028 103413 8660
20151028 103413 8661
20151028 103413 8661
20151028 103413 8661
20151028 103413 8662
20151028 103413 8662
20151028 103413 8662
20151028 103413 8662
20151028 103413 8662
20151028 103413 8663
20151028 103413 8664
20151028 103413 8664
20151028 103414 8656
20151028 103414 8657
20151028 103414 8657
20151028 103414 8657
20151028 103414 8657
20151028 103414 8658
20151028 103414 8658
20151028 103414 8658
20151028 103414 8659
20151028 103414 8659
20151028 103414 8659
20151028 103414 8659
20151028 103415 8654
20151028 103415 8655
20151028 103420 8656
20151028 103436 8657
20151028 103443 8657
20151028 103504 8658
20151028 103516 8659
20151028 103524 8658
20151028 103525 8659
20151028 103544 8657
20151028 103556 8655
20151028 103558 8654
20151028 103559 8654
20151028 103600 8652
20151028 103600 8653
20151028 103601 8652
20151028 103602 8654
20151028 103602 8654
20151028 103602 8654
20151028 103727 8655
20151028 103751 8651
20151028 103751 8652
20151028 103751 8652
20151028 103751 8653
20151028 103751 8654
20151028 103752 8650
20151028 103805 8652
20151028 103853 8651
20151028 103913 8649
20151028 103913 8650
20151028 103914 8649
20151028 103914 8649
20151028 103914 8649
20151028 103914 8649
20151028 103924 8647
20151028 103924 8647
20151028 103924 8647
20151028 103924 8647
20151028 103924 8648
20151028 103925 8646
20151028 103935 8647
20151028 103935 8647
20151028 103936 8647
20151028 103936 8647
20151028 103936 8647
20151028 103936 8647
20151028 103936 8647
20151028 103947 8648
20151028 104001 8646
20151028 104001 8646
20151028 104004 8647
20151028 104012 8643
20151028 104013 8643
20151028 104023 8642
20151028 104025 8640
20151028 104025 8642
20151028 104032 8642
20151028 104036 8643
20151028 104047 8644
20151028 104117 8646
20151028 104119 8646
20151028 104132 8647
20151028 104144 8646
20151028 104146 8645
20151028 104146 8645
20151028 104146 8645
20151028 104146 8645
20151028 104215 8645
20151028 104215 8646
20151028 104216 8646
20151028 104236 8645
20151028 104238 8645
20151028 104242 8645
20151028 104250 8644
20151028 104250 8644
20151028 104255 8643
20151028 104255 8643
20151028 104255 8643
20151028 104258 8642
20151028 104331 8645
20151028 104502 8639
20151028 104502 8640
20151028 104503 8624
20151028 104503 8636
20151028 104503 8636
20151028 104506 8642
20151028 104506 8643
20151028 104506 8643
20151028 104524 8642
20151028 104524 8642
20151028 104524 8642
20151028 104550 8641
20151028 104558 8641
20151028 104615 8642
20151028 104653 8646
20151028 104735 8635
20151028 104735 8645
20151028 104800 8646
20151028 104912 8644
20151028 104923 8644
20151028 105044 8647
20151028 105118 8645
20151028 105126 8645
20151028 105130 8647
20151028 105143 8647
20151028 105152 8646
20151028 105152 8646
20151028 105152 8647
20151028 105152 8647
20151028 105152 8647
20151028 105152 8647
20151028 105152 8647
20151028 105152 8647
20151028 105220 8648
20151028 105250 8635
20151028 105501 8648
20151028 105501 8648
20151028 105544 8648
20151028 105604 8651
20151028 105648 8652
20151028 105734 8650
20151028 105735 8649
20151028 105837 8650
20151028 105907 8649
20151028 105907 8649
20151028 110045 8649
20151028 110102 8648
20151028 110553 8645
20151028 110553 8645
20151028 110708 8647
20151028 110930 8645
20151028 110930 8645
20151028 110930 8645
20151028 110931 8644
20151028 111002 8644
20151028 111009 8643
20151028 111009 8643
20151028 111158 8648
20151028 111240 8645
20151028 111247 8645
20151028 111247 8645
20151028 111302 8644
20151028 111306 8643
20151028 111725 8641
20151028 111725 8641
20151028 111740 8640
20151028 111741 8640
20151028 111741 8640
20151028 111742 8640
20151028 111742 8640
20151028 111743 8640
20151028 111747 8639
20151028 111747 8639
20151028 111747 8639
20151028 111749 8634
20151028 111749 8635
20151028 111749 8636
20151028 111749 8637
20151028 111819 8633
20151028 111834 8632
20151028 111837 8634
20151028 111838 8634
20151028 111838 8634
20151028 111838 8634
20151028 111838 8634
20151028 111838 8634
20151028 111838 8634
20151028 111838 8634
20151028 111838 8634
20151028 111838 8634
20151028 111906 8631
20151028 111925 8633
20151028 111930 8633
20151028 112136 8632
20151028 112146 8631
20151028 112146 8631
20151028 112146 8631
20151028 112147 8631
20151028 112147 8631
20151028 112222 8630
20151028 112245 8632
20151028 112324 8635
20151028 112324 8635
20151028 112347 8633
20151028 112438 8635
20151028 112438 8635
20151028 112532 8636
20151028 112702 8634
20151028 112702 8635
20151028 112708 8635
20151028 112715 8634
20151028 112715 8634
20151028 112843 8631
20151028 112843 8632
20151028 112845 8631
20151028 112847 8631
20151028 112850 8631
20151028 112851 8630
20151028 112851 8630
20151028 112900 8630
20151028 112900 8630
20151028 112941 8632
20151028 112943 8632
20151028 112947 8632
20151028 112947 8632
20151028 112948 8632
20151028 112948 8632
20151028 113026 8626
20151028 113027 8626
20151028 113047 8628
20151028 113047 8628
20151028 113118 8627
20151028 113206 8625
20151028 113207 8625
20151028 113207 8625
20151028 113308 8622
20151028 113402 8621
20151028 113403 8620
20151028 113403 8620
20151028 113404 8620
20151028 113406 8620
20151028 113413 8619
20151028 113413 8619
20151028 113415 8619
20151028 113427 8621
20151028 113432 8620
20151028 113450 8619
20151028 113451 8618
20151028 113451 8618
20151028 113452 8616
20151028 113452 8616
20151028 113452 8616
20151028 113453 8615
20151028 113456 8615
20151028 113521 8618
20151028 113522 8617
20151028 113522 8618
20151028 113545 8619
20151028 113555 8619
20151028 113623 8622
20151028 113623 8622
20151028 113623 8622
20151028 113647 8624
20151028 113647 8624
20151028 113656 8625
20151028 113659 8625
20151028 113719 8624
20151028 113755 8624
20151028 113902 8621
20151028 113906 8622
20151028 114208 8623
20151028 114501 8618
20151028 114535 8619
20151028 114611 8608
20151028 114621 8620
20151028 114627 8621
20151028 114638 8622
20151028 114640 8624
20151028 114640 8624
20151028 114647 8625
20151028 114749 8626
20151028 114924 8629
20151028 115015 8628
20151028 115015 8628
20151028 115022 8628
20151028 115022 8628
20151028 115121 8628
20151028 115125 8628
20151028 115139 8628
20151028 115139 8628
20151028 115830 8631
20151028 115840 8632
20151028 115908 8632
20151028 115908 8632
20151028 115909 8632
20151028 115909 8632
20151028 115909 8632
20151028 115919 8631
20151028 115930 8629
20151028 120413 8626
20151028 120413 8626
20151028 120426 8625
20151028 120436 8625
20151028 120452 8623
20151028 120453 8623
20151028 120537 8627
20151028 120555 8628
20151028 120659 8629
20151028 120736 8630
20151028 121024 8631
20151028 121401 8631
20151028 121401 8631
20151028 121401 8631
20151028 121414 8630
20151028 121556 8629
20151028 122107 8630
20151028 122225 8634
20151028 122500 8634
20151028 122510 8634
20151028 122523 8634
20151028 122529 8633
20151028 122532 8633
20151028 122711 8631
20151028 123003 8631
20151028 123003 8631
20151028 123003 8631
20151028 123123 8629
20151028 123317 8632
20151028 123326 8633
20151028 123326 8633
20151028 123326 8633
20151028 123337 8634
20151028 123338 8634
20151028 123342 8634
20151028 123342 8634
20151028 123844 8632
20151028 123925 8632
20151028 123930 8633
20151028 124115 8632
20151028 124115 8632
20151028 124652 8634
20151028 124739 8632
20151028 124747 8632
20151028 124809 8632
20151028 124925 8632
20151028 125344 8629
20151028 125345 8629
20151028 125358 8628
20151028 125358 8628
20151028 125400 8627
20151028 125401 8627
20151028 125404 8627
20151028 125414 8627
20151028 125854 8628
20151028 125854 8628
20151028 125854 8628
20151028 125954 8627
20151028 125958 8627
20151028 125958 8628
20151028 130002 8628
20151028 130038 8631
20151028 130038 8632
20151028 130048 8633
20151028 130111 8633
20151028 130112 8633
20151028 130112 8634
20151028 130113 8634
20151028 130114 8635
20151028 130115 8636
20151028 130115 8637
20151028 130116 8639
20151028 130141 8639
20151028 130141 8640
20151028 130248 8639
20151028 130301 8640
20151028 130634 8638
20151028 130640 8637
20151028 130659 8638
20151028 130759 8639
20151028 130806 8641
20151028 130806 8642
20151028 130807 8642
20151028 130807 8642
20151028 130807 8642
20151028 130819 8642
20151028 130848 8642
20151028 130917 8641
20151028 130929 8640
20151028 131107 8640
20151028 131422 8638
20151028 131445 8638
20151028 131523 8640
20151028 131541 8639
20151028 131804 8642
20151028 131804 8642
20151028 131804 8642
20151028 131804 8642
20151028 131805 8643
20151028 131902 8640
20151028 131957 8642
20151028 132002 8643
20151028 132003 8643
20151028 132003 8644
20151028 132004 8644
20151028 132004 8644
20151028 132004 8644
20151028 132004 8645
20151028 132049 8643
20151028 132049 8643
20151028 132049 8643
20151028 132049 8643
20151028 132049 8643
20151028 132214 8644
20151028 132221 8643
20151028 132301 8645
20151028 132302 8645
20151028 132330 8645
20151028 132449 8643
20151028 132507 8644
20151028 132533 8646
20151028 132533 8647
20151028 132534 8647
20151028 132534 8648
20151028 132542 8649
20151028 132545 8650
20151028 132651 8645
20151028 133001 8648
20151028 133018 8648
20151028 133033 8648
20151028 133035 8648
20151028 133119 8648
20151028 133247 8649
20151028 133304 8649
20151028 133330 8650
20151028 133331 8651
20151028 133333 8652
20151028 133333 8652
20151028 133336 8652
20151028 133336 8653
20151028 133359 8653
20151028 133401 8653
20151028 133403 8653
20151028 133404 8654
20151028 133404 8654
20151028 133404 8654
20151028 133407 8653
20151028 133442 8653
20151028 133442 8653
20151028 133518 8652
20151028 133544 8651
20151028 133605 8652
20151028 133626 8653
20151028 133648 8651
20151028 133652 8650
20151028 133652 8650
20151028 133727 8649
20151028 133749 8649
20151028 133757 8649
20151028 133807 8648
20151028 133807 8648
20151028 133902 8647
20151028 133938 8649
20151028 134000 8650
20151028 134014 8650
20151028 134014 8650
20151028 134014 8650
20151028 134014 8650
20151028 134014 8650
20151028 134014 8650
20151028 134014 8650
20151028 134051 8648
20151028 134201 8648
20151028 134249 8646
20151028 134306 8645
20151028 134306 8645
20151028 134306 8645
20151028 134306 8645
20151028 134306 8645
20151028 134309 8643
20151028 134331 8641
20151028 134401 8641
20151028 134430 8638
20151028 134435 8638
20151028 134446 8638
20151028 134446 8639
20151028 134451 8638
20151028 134453 8638
20151028 134457 8640
