20151022 084500 8557
20151022 084500 8568
20151022 084500 8574
20151022 084500 8579
20151022 084500 8579
20151022 084500 8580
20151022 084500 8581
20151022 084500 8581
20151022 084500 8581
20151022 084500 8581
20151022 084500 8581
20151022 084500 8581
20151022 084500 8581
20151022 084500 8581
20151022 084500 8581
20151022 084500 8581
20151022 084500 8581
20151022 084500 8581
20151022 084500 8581
20151022 084500 8581
20151022 084500 8581
20151022 084500 8582
20151022 084500 8582
20151022 084500 8582
20151022 084500 8582
20151022 084500 8582
20151022 084500 8582
20151022 084500 8582
20151022 084500 8582
20151022 084500 8582
20151022 084500 8582
20151022 084500 8583
20151022 084500 8583
20151022 084500 8583
20151022 084500 8583
20151022 084500 8583
20151022 084500 8583
20151022 084500 8583
20151022 084500 8584
20151022 084500 8584
20151022 084500 8585
20151022 084500 8585
20151022 084500 8585
20151022 084500 8586
20151022 084500 8586
20151022 084500 8586
20151022 084500 8586
20151022 084500 8586
20151022 084500 8586
20151022 084500 8587
20151022 084500 8587
20151022 084500 8587
20151022 084500 8587
20151022 084500 8587
20151022 084500 8587
20151022 084500 8587
20151022 084500 8588
20151022 084500 8588
20151022 084500 8588
20151022 084500 8588
20151022 084500 8594
20151022 084500 8600
20151022 084500 8600
20151022 084500 8607
20151022 084500 8618
20151022 084500 8618
20151022 084500 8624
20151022 084500 8635
20151022 084500 8650
20151022 084514 8586
20151022 084520 8585
20151022 084531 8585
20151022 084535 8584
20151022 084554 8579
20151022 084554 8579
20151022 084554 8579
20151022 084554 8579
20151022 084554 8579
20151022 084554 8580
20151022 084554 8580
20151022 084554 8580
20151022 084554 8580
20151022 084554 8580
20151022 084554 8580
20151022 084554 8580
20151022 084554 8580
20151022 084554 8580
20151022 084554 8580
20151022 084554 8580
20151022 084554 8580
20151022 084554 8580
20151022 084554 8580
20151022 084554 8580
20151022 084554 8580
20151022 084554 8580
20151022 084554 8580
20151022 084554 8580
20151022 084554 8580
20151022 084554 8580
20151022 084554 8586
20151022 084554 8586
20151022 084559 8581
20151022 084601 8580
20151022 084601 8581
20151022 084602 8581
20151022 084602 8581
20151022 084604 8581
20151022 084605 8580
20151022 084605 8580
20151022 084605 8581
20151022 084605 8581
20151022 084606 8580
20151022 084606 8580
20151022 084606 8580
20151022 084606 8581
20151022 084606 8581
20151022 084607 8579
20151022 084607 8579
20151022 084607 8579
20151022 084607 8579
20151022 084607 8579
20151022 084607 8579
20151022 084607 8579
20151022 084607 8579
20151022 084607 8579
20151022 084607 8580
20151022 084607 8580
20151022 084607 8580
20151022 084607 8580
20151022 084607 8580
20151022 084608 8580
20151022 084608 8580
20151022 084608 8580
20151022 084608 8581
20151022 084608 8581
20151022 084609 8579
20151022 084609 8579
20151022 084609 8579
20151022 084609 8579
20151022 084609 8580
20151022 084609 8586
20151022 084610 8579
20151022 084610 8580
20151022 084610 8580
20151022 084610 8580
20151022 084610 8580
20151022 084610 8580
20151022 084610 8580
20151022 084611 8579
20151022 084611 8579
20151022 084611 8579
20151022 084611 8579
20151022 084611 8579
20151022 084611 8579
20151022 084612 8575
20151022 084612 8579
20151022 084612 8580
20151022 084613 8578
20151022 084613 8578
20151022 084613 8578
20151022 084614 8578
20151022 084614 8578
20151022 084615 8555
20151022 084615 8577
20151022 084615 8577
20151022 084615 8577
20151022 084615 8578
20151022 084616 8576
20151022 084616 8576
20151022 084616 8577
20151022 084616 8577
20151022 084616 8577
20151022 084616 8577
20151022 084616 8585
20151022 084618 8575
20151022 084618 8576
20151022 084618 8576
20151022 084618 8576
20151022 084618 8576
20151022 084618 8576
20151022 084618 8576
20151022 084618 8576
20151022 084618 8576
20151022 084654 8578
20151022 084705 8578
20151022 084705 8578
20151022 084718 8579
20151022 084721 8580
20151022 084721 8580
20151022 084752 8579
20151022 084800 8577
20151022 084800 8577
20151022 084800 8577
20151022 084809 8578
20151022 084812 8578
20151022 084814 8578
20151022 084818 8578
20151022 084847 8577
20151022 084849 8578
20151022 084910 8579
20151022 084915 8580
20151022 084920 8580
20151022 084934 8580
20151022 085003 8576
20151022 085010 8576
20151022 085018 8574
20151022 085021 8574
20151022 085046 8571
20151022 085049 8569
20151022 085050 8569
20151022 085054 8569
20151022 085054 8569
20151022 085057 8568
20151022 085057 8568
20151022 085057 8568
20151022 085102 8566
20151022 085103 8566
20151022 085103 8566
20151022 085135 8570
20151022 085135 8570
20151022 085236 8573
20151022 085258 8571
20151022 085258 8571
20151022 085259 8571
20151022 085309 8571
20151022 085309 8571
20151022 085309 8571
20151022 085309 8571
20151022 085310 8570
20151022 085310 8571
20151022 085310 8572
20151022 085319 8571
20151022 085401 8571
20151022 085437 8570
20151022 085447 8569
20151022 085450 8568
20151022 085451 8568
20151022 085451 8568
20151022 085452 8569
20151022 085452 8569
20151022 085500 8568
20151022 085500 8568
20151022 085506 8568
20151022 085507 8567
20151022 085508 8567
20151022 085508 8568
20151022 085510 8568
20151022 085510 8568
20151022 085512 8570
20151022 085515 8570
20151022 085519 8569
20151022 085519 8569
20151022 085519 8570
20151022 085520 8570
20151022 085523 8535
20151022 085523 8570
20151022 085523 8570
20151022 085524 8571
20151022 085525 8570
20151022 085525 8571
20151022 085536 8571
20151022 085536 8571
20151022 085537 8570
20151022 085538 8571
20151022 085603 8572
20151022 085606 8573
20151022 085612 8573
20151022 085624 8566
20151022 085624 8572
20151022 085638 8573
20151022 085644 8573
20151022 085648 8568
20151022 085648 8573
20151022 085648 8573
20151022 085649 8574
20151022 085659 8575
20151022 085659 8575
20151022 085700 8575
20151022 085700 8575
20151022 085700 8575
20151022 085714 8574
20151022 085714 8574
20151022 085727 8575
20151022 085744 8575
20151022 085752 8550
20151022 085755 8550
20151022 085755 8576
20151022 085802 8570
20151022 085805 8576
20151022 085827 8574
20151022 085929 8572
20151022 085929 8573
20151022 085942 8572
20151022 085943 8571
20151022 085949 8571
20151022 090000 8568
20151022 090000 8569
20151022 090000 8569
20151022 090000 8569
20151022 090000 8570
20151022 090000 8570
20151022 090001 8569
20151022 090001 8569
20151022 090002 8570
20151022 090002 8570
20151022 090014 8575
20151022 090014 8575
20151022 090020 8575
20151022 090020 8575
20151022 090020 8575
20151022 090021 8575
20151022 090022 8575
20151022 090022 8575
20151022 090024 8576
20151022 090031 8553
20151022 090031 8578
20151022 090031 8579
20151022 090031 8579
20151022 090031 8579
20151022 090043 8555
20151022 090043 8555
20151022 090043 8555
20151022 090043 8581
20151022 090043 8581
20151022 090043 8581
20151022 090043 8581
20151022 090043 8581
20151022 090119 8556
20151022 090119 8582
20151022 090119 8582
20151022 090120 8582
20151022 090122 8583
20151022 090122 8584
20151022 090125 8583
20151022 090155 8581
20151022 090158 8556
20151022 090158 8582
20151022 090229 8548
20151022 090229 8584
20151022 090243 8581
20151022 090251 8581
20151022 090258 8588
20151022 090330 8584
20151022 090331 8583
20151022 090331 8583
20151022 090335 8582
20151022 090335 8582
20151022 090340 8585
20151022 090341 8585
20151022 090342 8584
20151022 090355 8583
20151022 090404 8582
20151022 090500 8568
20151022 090500 8593
20151022 090500 8594
20151022 090500 8594
20151022 090501 8595
20151022 090502 8595
20151022 090504 8595
20151022 090516 8597
20151022 090525 8597
20151022 090529 8598
20151022 090604 8595
20151022 090607 8595
20151022 090618 8594
20151022 090624 8560
20151022 090628 8594
20151022 090643 8595
20151022 090655 8599
20151022 090655 8599
20151022 090655 8599
20151022 090655 8599
20151022 090655 8599
20151022 090655 8599
20151022 090655 8599
20151022 090657 8597
20151022 090657 8597
20151022 090657 8597
20151022 090703 8601
20151022 090703 8601
20151022 090704 8601
20151022 090704 8603
20151022 090704 8603
20151022 090716 8562
20151022 090716 8602
20151022 090723 8601
20151022 090725 8600
20151022 090736 8600
20151022 090743 8600
20151022 090841 8605
20151022 090841 8605
20151022 090841 8605
20151022 090858 8604
20151022 090903 8602
20151022 090903 8602
20151022 090913 8600
20151022 090915 8600
20151022 090927 8599
20151022 090933 8598
20151022 090943 8598
20151022 090945 8599
20151022 090947 8599
20151022 090958 8600
20151022 091004 8600
20151022 091023 8599
20151022 091024 8599
20151022 091027 8600
20151022 091030 8599
20151022 091031 8598
20151022 091046 8599
20151022 091047 8599
20151022 091142 8598
20151022 091155 8601
20151022 091206 8601
20151022 091208 8602
20151022 091230 8606
20151022 091230 8607
20151022 091230 8607
20151022 091230 8607
20151022 091230 8607
20151022 091230 8607
20151022 091257 8607
20151022 091259 8607
20151022 091307 8608
20151022 091321 8609
20151022 091327 8608
20151022 091334 8606
20151022 091338 8606
20151022 091358 8600
20151022 091421 8601
20151022 091455 8605
20151022 091503 8604
20151022 091506 8607
20151022 091506 8607
20151022 091516 8610
20151022 091516 8610
20151022 091517 8609
20151022 091521 8611
20151022 091521 8612
20151022 091521 8612
20151022 091536 8609
20151022 091554 8603
20151022 091705 8605
20151022 091713 8604
20151022 091715 8602
20151022 091756 8601
20151022 091757 8602
20151022 091757 8602
20151022 091757 8602
20151022 091757 8602
20151022 091757 8602
20151022 091820 8600
20151022 091829 8602
20151022 091907 8598
20151022 091916 8601
20151022 091925 8601
20151022 091939 8601
20151022 091939 8601
20151022 091939 8601
20151022 092007 8600
20151022 092007 8600
20151022 092007 8600
20151022 092018 8600
20151022 092024 8600
20151022 092026 8601
20151022 092026 8601
20151022 092034 8600
20151022 092037 8601
20151022 092106 8604
20151022 092106 8605
20151022 092106 8605
20151022 092106 8605
20151022 092206 8601
20151022 092215 8605
20151022 092218 8605
20151022 092218 8606
20151022 092219 8607
20151022 092219 8607
20151022 092223 8606
20151022 092227 8607
20151022 092229 8606
20151022 092245 8600
20151022 092245 8606
20151022 092310 8607
20151022 092338 8606
20151022 092503 8599
20151022 092503 8599
20151022 092514 8598
20151022 092621 8596
20151022 092622 8586
20151022 092622 8587
20151022 092622 8592
20151022 092622 8593
20151022 092622 8594
20151022 092635 8596
20151022 092645 8594
20151022 092645 8594
20151022 092656 8595
20151022 092725 8592
20151022 092733 8592
20151022 092733 8592
20151022 092733 8592
20151022 092739 8585
20151022 092739 8585
20151022 092741 8593
20151022 092839 8591
20151022 092841 8590
20151022 092849 8592
20151022 093016 8591
20151022 093106 8595
20151022 093200 8591
20151022 093203 8590
20151022 093237 8588
20151022 093238 8588
20151022 093241 8556
20151022 093241 8589
20151022 093242 8587
20151022 093250 8586
20151022 093250 8586
20151022 093311 8585
20151022 093311 8585
20151022 093311 8585
20151022 093320 8586
20151022 093329 8586
20151022 093340 8587
20151022 093348 8559
20151022 093348 8588
20151022 093414 8587
20151022 093518 8589
20151022 093553 8590
20151022 093615 8591
20151022 093713 8592
20151022 093828 8595
20151022 093852 8600
20151022 093903 8606
20151022 093915 8603
20151022 094005 8604
20151022 094013 8607
20151022 094013 8607
20151022 094013 8607
20151022 094013 8607
20151022 094015 8607
20151022 094018 8608
20151022 094018 8608
20151022 094020 8609
20151022 094023 8610
20151022 094037 8608
20151022 094039 8608
20151022 094128 8605
20151022 094240 8600
20151022 094528 8578
20151022 094528 8581
20151022 094528 8602
20151022 094528 8602
20151022 094529 8569
20151022 094529 8602
20151022 094553 8569
20151022 094553 8601
20151022 094604 8569
20151022 094742 8596
20151022 094846 8565
20151022 094846 8597
20151022 095040 8563
20151022 095040 8595
20151022 095135 8591
20151022 095135 8591
20151022 095135 8591
20151022 095135 8591
20151022 095135 8592
20151022 095136 8590
20151022 095234 8586
20151022 095234 8586
20151022 095234 8586
20151022 095235 8586
20151022 095236 8586
20151022 095242 8580
20151022 095242 8580
20151022 095242 8580
20151022 095242 8581
20151022 095242 8581
20151022 095245 8576
20151022 095245 8576
20151022 095245 8577
20151022 095246 8579
20151022 095316 8583
20151022 095322 8582
20151022 095322 8582
20151022 095322 8582
20151022 095404 8583
20151022 095404 8583
20151022 095404 8583
20151022 095408 8584
20151022 095445 8584
20151022 095508 8586
20151022 095547 8583
20151022 095553 8583
20151022 095638 8584
20151022 095645 8585
20151022 095651 8585
20151022 095854 8588
20151022 095937 8588
20151022 095940 8588
20151022 095940 8588
20151022 100001 8587
20151022 100001 8587
20151022 100001 8587
20151022 100015 8588
20151022 100018 8590
20151022 100018 8590
20151022 100021 8590
20151022 100105 8591
20151022 100142 8591
20151022 100227 8590
20151022 100242 8589
20151022 100522 8593
20151022 100523 8593
20151022 100523 8593
20151022 100526 8593
20151022 100648 8593
20151022 100728 8597
20151022 101238 8592
20151022 101552 8597
20151022 101647 8599
20151022 101647 8599
20151022 101647 8599
20151022 101654 8598
20151022 101707 8602
20151022 101707 8602
20151022 101707 8602
20151022 101708 8603
20151022 101726 8604
20151022 101727 8604
20151022 101727 8604
20151022 101758 8603
20151022 101906 8603
20151022 101915 8603
20151022 102002 8603
20151022 102007 8604
20151022 102007 8605
20151022 102007 8606
20151022 102007 8607
20151022 102008 8607
20151022 102008 8608
20151022 102014 8608
20151022 102014 8608
20151022 102014 8608
20151022 102014 8608
20151022 102014 8608
20151022 102014 8608
20151022 102015 8609
20151022 102015 8610
20151022 102015 8610
20151022 102015 8610
20151022 102015 8610
20151022 102016 8611
20151022 102016 8612
20151022 102016 8612
20151022 102016 8613
20151022 102016 8613
20151022 102016 8613
20151022 102016 8613
20151022 102016 8613
20151022 102016 8613
20151022 102016 8613
20151022 102016 8614
20151022 102016 8614
20151022 102016 8614
20151022 102016 8615
20151022 102016 8616
20151022 102016 8617
20151022 102017 8618
20151022 102017 8618
20151022 102017 8619
20151022 102017 8619
20151022 102044 8610
20151022 102103 8617
20151022 102112 8616
20151022 102115 8617
20151022 102124 8620
20151022 102124 8620
20151022 102124 8621
20151022 102124 8623
20151022 102124 8623
20151022 102124 8623
20151022 102124 8623
20151022 102124 8623
20151022 102124 8623
20151022 102124 8623
20151022 102124 8623
20151022 102127 8619
20151022 102136 8621
20151022 102136 8621
20151022 102145 8621
20151022 102204 8623
20151022 102205 8623
20151022 102225 8622
20151022 102307 8625
20151022 102307 8625
20151022 102310 8626
20151022 102319 8626
20151022 102319 8626
20151022 102324 8626
20151022 102331 8628
20151022 102331 8628
20151022 102332 8628
20151022 102332 8628
20151022 102333 8628
20151022 102345 8628
20151022 102345 8629
20151022 102346 8629
20151022 102353 8629
20151022 102406 8632
20151022 102406 8632
20151022 102407 8633
20151022 102425 8631
20151022 102441 8628
20151022 102506 8626
20151022 102507 8626
20151022 102507 8626
20151022 102507 8626
20151022 102511 8625
20151022 102512 8624
20151022 102512 8624
20151022 102512 8624
20151022 102521 8623
20151022 102523 8623
20151022 102523 8623
20151022 102524 8623
20151022 102525 8625
20151022 102559 8623
20151022 102614 8623
20151022 102628 8626
20151022 102640 8625
20151022 102641 8624
20151022 102816 8623
20151022 102844 8621
20151022 102906 8620
20151022 102919 8619
20151022 103014 8622
20151022 103035 8621
20151022 103127 8620
20151022 103251 8619
20151022 103310 8617
20151022 103359 8614
20151022 103401 8605
20151022 103401 8606
20151022 103401 8606
20151022 103401 8606
20151022 103401 8606
20151022 103503 8615
20151022 103632 8614
20151022 103641 8614
20151022 103800 8610
20151022 103904 8614
20151022 104033 8615
20151022 104041 8615
20151022 104050 8616
20151022 104224 8611
20151022 104343 8617
20151022 104519 8618
20151022 104719 8622
20151022 104720 8623
20151022 104728 8623
20151022 104758 8621
20151022 104834 8618
20151022 104836 8618
20151022 104910 8619
20151022 104940 8618
20151022 104951 8619
20151022 105003 8619
20151022 105153 8615
20151022 105300 8619
20151022 105334 8617
20151022 105349 8618
20151022 105519 8619
20151022 105612 8622
20151022 105616 8622
20151022 105813 8617
20151022 105845 8617
20151022 110010 8617
20151022 110134 8612
20151022 110228 8613
20151022 110230 8612
20151022 110243 8614
20151022 110301 8614
20151022 110303 8613
20151022 110418 8612
20151022 110418 8612
20151022 110418 8612
20151022 110910 8611
20151022 110925 8609
20151022 111124 8608
20151022 111138 8608
20151022 111138 8608
20151022 111153 8608
20151022 111209 8611
20151022 111209 8611
20151022 111550 8607
20151022 111550 8607
20151022 111551 8605
20151022 111551 8606
20151022 111551 8606
20151022 111551 8606
20151022 111604 8606
20151022 111615 8605
20151022 111615 8605
20151022 111659 8606
20151022 111722 8606
20151022 111725 8607
20151022 111939 8609
20151022 112107 8608
20151022 112131 8606
20151022 112154 8607
20151022 112249 8609
20151022 112340 8610
20151022 112340 8610
20151022 112441 8611
20151022 112441 8611
20151022 112441 8611
20151022 112521 8604
20151022 112922 8607
20151022 113000 8611
20151022 113449 8609
20151022 113931 8608
20151022 113932 8608
20151022 114244 8612
20151022 114244 8612
20151022 114639 8609
20151022 114639 8609
20151022 114701 8606
20151022 114912 8609
20151022 115159 8609
20151022 115242 8575
20151022 115242 8607
20151022 115315 8607
20151022 115427 8575
20151022 115541 8604
20151022 115700 8600
20151022 115700 8600
20151022 115700 8600
20151022 115700 8600
20151022 115700 8601
20151022 115705 8598
20151022 115706 8566
20151022 115706 8598
20151022 115709 8597
20151022 115710 8596
20151022 115710 8596
20151022 115757 8596
20151022 120031 8597
20151022 120302 8600
20151022 120452 8603
20151022 120514 8603
20151022 121315 8605
20151022 122008 8607
20151022 122033 8606
20151022 122318 8605
20151022 122434 8606
20151022 122516 8608
20151022 122523 8609
20151022 122543 8608
20151022 123003 8606
20151022 123113 8605
20151022 123113 8605
20151022 123658 8602
20151022 124213 8602
20151022 124334 8602
20151022 124605 8603
20151022 124614 8604
20151022 124619 8605
20151022 124630 8605
20151022 124721 8607
20151022 124931 8608
20151022 124944 8606
20151022 125154 8611
20151022 125311 8610
20151022 125405 8611
20151022 125650 8611
20151022 125722 8612
20151022 125811 8611
20151022 125841 8612
20151022 125920 8613
20151022 125920 8613
20151022 125958 8614
20151022 130007 8612
20151022 130007 8612
20151022 130009 8612
20151022 130016 8612
20151022 130035 8612
20151022 130035 8612
20151022 130038 8612
20151022 130052 8611
20151022 130104 8611
20151022 130208 8609
20151022 130538 8608
20151022 130545 8608
20151022 130553 8607
20151022 130558 8606
20151022 130558 8606
20151022 130835 8608
20151022 130942 8608
20151022 131523 8607
20151022 131604 8608
20151022 131747 8607
20151022 131817 8605
20151022 131836 8605
20151022 131911 8604
20151022 131926 8604
20151022 132339 8604
20151022 132406 8606
20151022 132406 8606
20151022 132408 8606
20151022 132623 8605
20151022 132633 8604
20151022 132641 8604
20151022 132950 8604
20151022 133032 8604
20151022 133032 8604
20151022 133032 8604
20151022 133032 8604
20151022 133207 8602
20151022 133207 8602
20151022 133238 8599
20151022 133517 8599
20151022 133601 8597
20151022 133605 8597
20151022 133607 8596
20151022 133609 8596
20151022 133609 8596
20151022 133610 8595
20151022 133610 8596
20151022 133610 8596
20151022 133610 8596
20151022 133611 8595
20151022 133611 8595
20151022 133617 8593
20151022 133618 8593
20151022 133621 8593
20151022 133621 8593
20151022 133622 8593
20151022 133629 8595
20151022 133637 8595
20151022 133822 8597
20151022 133845 8596
20151022 134039 8598
20151022 134159 8597
20151022 134230 8596
20151022 134409 8596
20151022 134409 8596
20151022 134434 8596
20151022 134445 8596
20151022 134449 8597
20151022 134456 8595
20151022 134456 8595
20151022 134459 8595
