20151102 084500 8532
20151102 084500 8532
20151102 084500 8533
20151102 084500 8533
20151102 084500 8534
20151102 084500 8534
20151102 084500 8534
20151102 084500 8534
20151102 084500 8534
20151102 084500 8542
20151102 084501 8531
20151102 084501 8532
20151102 084503 8530
20151102 084504 8531
20151102 084504 8533
20151102 084504 8533
20151102 084504 8533
20151102 084504 8533
20151102 084505 8534
20151102 084506 8533
20151102 084510 8538
20151102 084512 8524
20151102 084514 8535
20151102 084514 8535
20151102 084523 8536
20151102 084524 8537
20151102 084526 8540
20151102 084527 8538
20151102 084528 8540
20151102 084528 8540
20151102 084528 8541
20151102 084528 8541
20151102 084528 8541
20151102 084529 8542
20151102 084530 8543
20151102 084532 8532
20151102 084532 8534
20151102 084534 8543
20151102 084535 8543
20151102 084547 8538
20151102 084548 8541
20151102 084549 8540
20151102 084549 8540
20151102 084551 8537
20151102 084552 8537
20151102 084552 8540
20151102 084558 8538
20151102 084602 8538
20151102 084608 8539
20151102 084609 8540
20151102 084618 8539
20151102 084624 8538
20151102 084628 8538
20151102 084628 8539
20151102 084630 8538
20151102 084630 8538
20151102 084630 8539
20151102 084630 8542
20151102 084635 8539
20151102 084640 8539
20151102 084650 8539
20151102 084657 8538
20151102 084701 8538
20151102 084705 8539
20151102 084710 8538
20151102 084715 8538
20151102 084733 8538
20151102 084734 8538
20151102 084734 8538
20151102 084736 8538
20151102 084736 8539
20151102 084745 8541
20151102 084746 8540
20151102 084747 8540
20151102 084756 8542
20151102 084756 8542
20151102 084803 8541
20151102 084821 8542
20151102 084831 8544
20151102 084833 8542
20151102 084834 8545
20151102 084834 8546
20151102 084836 8546
20151102 084836 8546
20151102 084836 8548
20151102 084836 8548
20151102 084837 8542
20151102 084841 8547
20151102 084847 8547
20151102 084847 8548
20151102 084854 8547
20151102 084856 8547
20151102 084857 8547
20151102 084859 8546
20151102 084901 8546
20151102 084909 8548
20151102 084931 8544
20151102 084955 8542
20151102 084956 8542
20151102 084959 8539
20151102 085018 8541
20151102 085026 8542
20151102 085029 8545
20151102 085031 8541
20151102 085036 8543
20151102 085040 8543
20151102 085045 8541
20151102 085045 8544
20151102 085046 8544
20151102 085107 8546
20151102 085126 8544
20151102 085150 8541
20151102 085212 8541
20151102 085225 8540
20151102 085230 8541
20151102 085230 8541
20151102 085253 8542
20151102 085253 8542
20151102 085302 8542
20151102 085318 8542
20151102 085321 8542
20151102 085413 8547
20151102 085436 8547
20151102 085505 8544
20151102 085506 8544
20151102 085508 8544
20151102 085509 8544
20151102 085629 8540
20151102 085629 8540
20151102 085629 8540
20151102 085629 8540
20151102 085629 8540
20151102 085637 8539
20151102 085741 8539
20151102 085753 8540
20151102 085808 8544
20151102 085828 8540
20151102 085908 8543
20151102 085949 8540
20151102 090008 8542
20151102 090009 8542
20151102 090009 8542
20151102 090009 8542
20151102 090009 8542
20151102 090009 8542
20151102 090009 8542
20151102 090009 8542
20151102 090009 8542
20151102 090009 8542
20151102 090009 8542
20151102 090009 8542
20151102 090009 8543
20151102 090012 8546
20151102 090012 8546
20151102 090012 8546
20151102 090012 8546
20151102 090013 8548
20151102 090016 8547
20151102 090034 8536
20151102 090034 8538
20151102 090034 8541
20151102 090035 8541
20151102 090036 8541
20151102 090036 8541
20151102 090106 8536
20151102 090106 8536
20151102 090109 8536
20151102 090122 8545
20151102 090132 8547
20151102 090135 8550
20151102 090155 8547
20151102 090201 8551
20151102 090201 8551
20151102 090201 8552
20151102 090201 8552
20151102 090208 8552
20151102 090210 8551
20151102 090212 8553
20151102 090212 8553
20151102 090212 8553
20151102 090214 8554
20151102 090215 8559
20151102 090234 8556
20151102 090235 8556
20151102 090238 8554
20151102 090241 8552
20151102 090242 8552
20151102 090243 8551
20151102 090245 8550
20151102 090250 8551
20151102 090253 8550
20151102 090323 8547
20151102 090347 8552
20151102 090349 8554
20151102 090433 8553
20151102 090435 8553
20151102 090437 8553
20151102 090503 8554
20151102 090503 8555
20151102 090530 8554
20151102 090540 8557
20151102 090551 8555
20151102 090602 8557
20151102 090611 8554
20151102 090629 8559
20151102 090629 8560
20151102 090629 8560
20151102 090629 8560
20151102 090629 8561
20151102 090634 8561
20151102 090634 8561
20151102 090635 8561
20151102 090637 8559
20151102 090657 8556
20151102 090659 8555
20151102 090709 8556
20151102 090729 8561
20151102 090733 8558
20151102 090753 8557
20151102 090753 8558
20151102 090757 8557
20151102 090812 8556
20151102 090816 8556
20151102 090824 8554
20151102 090827 8554
20151102 090829 8554
20151102 090835 8554
20151102 090900 8555
20151102 090900 8555
20151102 090902 8558
20151102 090903 8551
20151102 090903 8551
20151102 090903 8551
20151102 090903 8551
20151102 090904 8550
20151102 090904 8550
20151102 090905 8550
20151102 090905 8550
20151102 090906 8551
20151102 090916 8553
20151102 090959 8557
20151102 091002 8556
20151102 091022 8562
20151102 091023 8563
20151102 091023 8563
20151102 091023 8563
20151102 091023 8563
20151102 091023 8563
20151102 091023 8563
20151102 091040 8563
20151102 091040 8563
20151102 091044 8562
20151102 091052 8561
20151102 091117 8558
20151102 091129 8562
20151102 091132 8562
20151102 091134 8558
20151102 091140 8558
20151102 091153 8555
20151102 091157 8556
20151102 091158 8557
20151102 091227 8565
20151102 091227 8565
20151102 091231 8563
20151102 091231 8563
20151102 091233 8563
20151102 091301 8561
20151102 091301 8561
20151102 091303 8560
20151102 091303 8560
20151102 091303 8560
20151102 091303 8560
20151102 091315 8558
20151102 091410 8559
20151102 091444 8568
20151102 091503 8558
20151102 091503 8558
20151102 091513 8561
20151102 091520 8563
20151102 091521 8563
20151102 091521 8565
20151102 091521 8570
20151102 091522 8566
20151102 091523 8567
20151102 091523 8567
20151102 091523 8567
20151102 091523 8567
20151102 091523 8567
20151102 091532 8563
20151102 091557 8562
20151102 091559 8559
20151102 091608 8558
20151102 091619 8563
20151102 091619 8563
20151102 091634 8559
20151102 091635 8552
20151102 091635 8552
20151102 091637 8559
20151102 091643 8551
20151102 091644 8551
20151102 091644 8558
20151102 091723 8556
20151102 091814 8548
20151102 091814 8550
20151102 091814 8550
20151102 091814 8551
20151102 091814 8556
20151102 091815 8555
20151102 091815 8555
20151102 091815 8556
20151102 091822 8550
20151102 091828 8550
20151102 091829 8549
20151102 091830 8548
20151102 091834 8545
20151102 091837 8548
20151102 091838 8547
20151102 091857 8545
20151102 091858 8543
20151102 091858 8543
20151102 091859 8542
20151102 091901 8543
20151102 091901 8543
20151102 091902 8543
20151102 091912 8543
20151102 091918 8543
20151102 091922 8546
20151102 091930 8544
20151102 091932 8544
20151102 091939 8546
20151102 091949 8541
20151102 091950 8540
20151102 091951 8539
20151102 091951 8540
20151102 091951 8540
20151102 091951 8540
20151102 091951 8540
20151102 091952 8538
20151102 091954 8538
20151102 091954 8538
20151102 091954 8545
20151102 091955 8538
20151102 091955 8538
20151102 091955 8538
20151102 091955 8539
20151102 091956 8538
20151102 091957 8545
20151102 091958 8536
20151102 091958 8545
20151102 091958 8545
20151102 091958 8545
20151102 091958 8545
20151102 091959 8545
20151102 091959 8545
20151102 091959 8545
20151102 091959 8545
20151102 092000 8536
20151102 092000 8536
20151102 092000 8536
20151102 092000 8545
20151102 092000 8545
20151102 092001 8530
20151102 092001 8530
20151102 092001 8530
20151102 092001 8530
20151102 092001 8531
20151102 092001 8531
20151102 092001 8532
20151102 092001 8532
20151102 092001 8532
20151102 092001 8533
20151102 092001 8533
20151102 092001 8533
20151102 092001 8535
20151102 092001 8544
20151102 092001 8544
20151102 092001 8544
20151102 092002 8523
20151102 092002 8525
20151102 092002 8525
20151102 092002 8525
20151102 092002 8525
20151102 092002 8527
20151102 092002 8527
20151102 092002 8527
20151102 092002 8527
20151102 092002 8527
20151102 092002 8528
20151102 092002 8528
20151102 092002 8528
20151102 092002 8528
20151102 092002 8536
20151102 092002 8536
20151102 092002 8536
20151102 092002 8537
20151102 092002 8537
20151102 092002 8537
20151102 092002 8537
20151102 092002 8537
20151102 092002 8537
20151102 092002 8537
20151102 092002 8537
20151102 092002 8537
20151102 092003 8525
20151102 092004 8526
20151102 092008 8527
20151102 092008 8529
20151102 092008 8534
20151102 092009 8530
20151102 092009 8530
20151102 092015 8531
20151102 092023 8530
20151102 092023 8531
20151102 092023 8531
20151102 092023 8531
20151102 092031 8531
20151102 092031 8531
20151102 092032 8530
20151102 092032 8530
20151102 092045 8537
20151102 092104 8525
20151102 092104 8526
20151102 092104 8526
20151102 092104 8526
20151102 092106 8523
20151102 092112 8522
20151102 092112 8523
20151102 092121 8522
20151102 092127 8521
20151102 092127 8521
20151102 092128 8520
20151102 092129 8520
20151102 092129 8520
20151102 092129 8520
20151102 092129 8520
20151102 092129 8521
20151102 092129 8528
20151102 092130 8521
20151102 092130 8521
20151102 092134 8519
20151102 092134 8520
20151102 092134 8521
20151102 092135 8518
20151102 092136 8518
20151102 092139 8520
20151102 092143 8520
20151102 092143 8521
20151102 092144 8521
20151102 092155 8521
20151102 092205 8522
20151102 092213 8522
20151102 092213 8522
20151102 092216 8525
20151102 092217 8526
20151102 092219 8526
20151102 092219 8526
20151102 092219 8526
20151102 092219 8526
20151102 092230 8524
20151102 092230 8524
20151102 092235 8522
20151102 092235 8523
20151102 092246 8522
20151102 092246 8533
20151102 092250 8521
20151102 092259 8520
20151102 092300 8520
20151102 092300 8521
20151102 092305 8518
20151102 092306 8518
20151102 092308 8519
20151102 092309 8518
20151102 092310 8518
20151102 092311 8518
20151102 092311 8518
20151102 092319 8521
20151102 092332 8520
20151102 092335 8533
20151102 092337 8520
20151102 092339 8520
20151102 092345 8522
20151102 092346 8521
20151102 092349 8535
20151102 092351 8520
20151102 092357 8520
20151102 092400 8515
20151102 092400 8515
20151102 092400 8516
20151102 092400 8517
20151102 092401 8513
20151102 092401 8513
20151102 092401 8513
20151102 092401 8513
20151102 092401 8515
20151102 092401 8515
20151102 092401 8515
20151102 092402 8512
20151102 092402 8512
20151102 092402 8512
20151102 092402 8512
20151102 092402 8524
20151102 092403 8510
20151102 092403 8510
20151102 092403 8511
20151102 092403 8511
20151102 092405 8509
20151102 092405 8509
20151102 092405 8509
20151102 092405 8510
20151102 092409 8518
20151102 092410 8528
20151102 092411 8506
20151102 092411 8506
20151102 092411 8507
20151102 092411 8508
20151102 092412 8505
20151102 092412 8505
20151102 092412 8505
20151102 092412 8505
20151102 092414 8503
20151102 092414 8503
20151102 092419 8502
20151102 092428 8508
20151102 092444 8509
20151102 092449 8510
20151102 092459 8511
20151102 092506 8512
20151102 092506 8512
20151102 092506 8512
20151102 092506 8512
20151102 092506 8513
20151102 092508 8511
20151102 092508 8512
20151102 092512 8515
20151102 092513 8516
20151102 092543 8520
20151102 092552 8525
20151102 092602 8516
20151102 092603 8516
20151102 092607 8519
20151102 092617 8520
20151102 092620 8526
20151102 092626 8519
20151102 092707 8520
20151102 092709 8519
20151102 092709 8519
20151102 092729 8520
20151102 092729 8520
20151102 092747 8518
20151102 092751 8520
20151102 092755 8519
20151102 092800 8519
20151102 092849 8519
20151102 092914 8513
20151102 092915 8510
20151102 092915 8510
20151102 092915 8511
20151102 092915 8511
20151102 092916 8508
20151102 092916 8508
20151102 092916 8508
20151102 092916 8508
20151102 092916 8510
20151102 092917 8512
20151102 092918 8510
20151102 092941 8524
20151102 092941 8525
20151102 092946 8510
20151102 092948 8511
20151102 092955 8507
20151102 092956 8506
20151102 093001 8511
20151102 093006 8514
20151102 093011 8512
20151102 093031 8511
20151102 093032 8511
20151102 093034 8514
20151102 093034 8515
20151102 093036 8509
20151102 093045 8517
20151102 093054 8512
20151102 093057 8513
20151102 093121 8512
20151102 093138 8512
20151102 093140 8515
20151102 093202 8514
20151102 093203 8513
20151102 093203 8513
20151102 093251 8516
20151102 093304 8516
20151102 093315 8507
20151102 093322 8526
20151102 093324 8522
20151102 093324 8523
20151102 093324 8523
20151102 093331 8523
20151102 093406 8522
20151102 093408 8530
20151102 093416 8523
20151102 093505 8521
20151102 093535 8521
20151102 093543 8521
20151102 093545 8530
20151102 093557 8520
20151102 093602 8518
20151102 093702 8523
20151102 093731 8526
20151102 093731 8528
20151102 093731 8531
20151102 093734 8531
20151102 093740 8530
20151102 093745 8531
20151102 093745 8531
20151102 093745 8531
20151102 093752 8535
20151102 093752 8535
20151102 093802 8532
20151102 093816 8536
20151102 093834 8528
20151102 093838 8536
20151102 093855 8539
20151102 093906 8540
20151102 093906 8541
20151102 093913 8533
20151102 093919 8530
20151102 093919 8531
20151102 093924 8531
20151102 093935 8520
20151102 093943 8534
20151102 094002 8531
20151102 094002 8531
20151102 094003 8532
20151102 094007 8542
20151102 094007 8543
20151102 094016 8529
20151102 094023 8528
20151102 094025 8528
20151102 094122 8539
20151102 094122 8539
20151102 094152 8527
20151102 094214 8526
20151102 094215 8525
20151102 094215 8525
20151102 094219 8524
20151102 094301 8536
20151102 094405 8527
20151102 094415 8531
20151102 094415 8531
20151102 094415 8531
20151102 094415 8531
20151102 094416 8531
20151102 094418 8533
20151102 094418 8533
20151102 094418 8533
20151102 094451 8531
20151102 094500 8533
20151102 094500 8534
20151102 094502 8535
20151102 094504 8538
20151102 094504 8538
20151102 094504 8539
20151102 094504 8540
20151102 094504 8540
20151102 094505 8541
20151102 094505 8542
20151102 094505 8542
20151102 094505 8543
20151102 094505 8543
20151102 094507 8545
20151102 094507 8545
20151102 094507 8546
20151102 094507 8546
20151102 094507 8547
20151102 094507 8547
20151102 094507 8548
20151102 094507 8548
20151102 094507 8548
20151102 094507 8548
20151102 094508 8549
20151102 094510 8547
20151102 094522 8542
20151102 094551 8546
20151102 094555 8546
20151102 094556 8547
20151102 094605 8551
20151102 094605 8551
20151102 094605 8551
20151102 094605 8551
20151102 094605 8552
20151102 094605 8552
20151102 094605 8552
20151102 094605 8552
20151102 094606 8553
20151102 094606 8554
20151102 094608 8566
20151102 094610 8555
20151102 094610 8555
20151102 094610 8555
20151102 094610 8555
20151102 094610 8555
20151102 094610 8555
20151102 094610 8555
20151102 094610 8555
20151102 094611 8555
20151102 094611 8555
20151102 094613 8553
20151102 094615 8557
20151102 094616 8555
20151102 094616 8555
20151102 094629 8551
20151102 094637 8545
20151102 094640 8545
20151102 094641 8546
20151102 094643 8546
20151102 094654 8546
20151102 094659 8546
20151102 094750 8542
20151102 094751 8542
20151102 094757 8548
20151102 094823 8546
20151102 094915 8540
20151102 095000 8545
20151102 095000 8545
20151102 095035 8545
20151102 095050 8549
20151102 095050 8549
20151102 095050 8549
20151102 095050 8549
20151102 095054 8552
20151102 095054 8552
20151102 095054 8553
20151102 095055 8553
20151102 095055 8553
20151102 095055 8553
20151102 095055 8553
20151102 095055 8554
20151102 095055 8554
20151102 095100 8554
20151102 095118 8557
20151102 095128 8545
20151102 095128 8545
20151102 095128 8545
20151102 095128 8545
20151102 095128 8545
20151102 095128 8545
20151102 095128 8545
20151102 095128 8545
20151102 095128 8545
20151102 095128 8545
20151102 095128 8545
20151102 095128 8545
20151102 095129 8548
20151102 095131 8548
20151102 095133 8551
20151102 095150 8551
20151102 095153 8550
20151102 095153 8554
20151102 095335 8547
20151102 095351 8542
20151102 095355 8544
20151102 095428 8544
20151102 095432 8541
20151102 095446 8539
20151102 095446 8548
20151102 095447 8548
20151102 095449 8538
20151102 095449 8538
20151102 095521 8541
20151102 095533 8542
20151102 095537 8545
20151102 095537 8545
20151102 095549 8543
20151102 095559 8545
20151102 095559 8555
20151102 095658 8543
20151102 095714 8545
20151102 095734 8544
20151102 095734 8544
20151102 095755 8547
20151102 095808 8549
20151102 095808 8550
20151102 095828 8546
20151102 095828 8546
20151102 095829 8546
20151102 095836 8546
20151102 095949 8543
20151102 095949 8543
20151102 095949 8543
20151102 095949 8543
20151102 095949 8543
20151102 095949 8543
20151102 095949 8543
20151102 095949 8543
20151102 095949 8543
20151102 095949 8543
20151102 100002 8546
20151102 100002 8546
20151102 100002 8546
20151102 100002 8546
20151102 100002 8546
20151102 100002 8546
20151102 100002 8546
20151102 100002 8546
20151102 100002 8546
20151102 100006 8546
20151102 100042 8555
20151102 100043 8556
20151102 100043 8558
20151102 100043 8558
20151102 100043 8558
20151102 100043 8558
20151102 100043 8558
20151102 100046 8561
20151102 100046 8561
20151102 100046 8561
20151102 100046 8561
20151102 100046 8561
20151102 100046 8562
20151102 100046 8562
20151102 100046 8562
20151102 100046 8566
20151102 100047 8561
20151102 100047 8563
20151102 100047 8563
20151102 100047 8563
20151102 100047 8563
20151102 100047 8563
20151102 100047 8563
20151102 100047 8564
20151102 100047 8565
20151102 100047 8565
20151102 100047 8565
20151102 100048 8566
20151102 100048 8567
20151102 100048 8569
20151102 100048 8569
20151102 100048 8569
20151102 100048 8569
20151102 100048 8574
20151102 100056 8561
20151102 100056 8561
20151102 100057 8573
20151102 100101 8563
20151102 100101 8564
20151102 100101 8564
20151102 100106 8573
20151102 100111 8568
20151102 100151 8557
20151102 100151 8557
20151102 100151 8557
20151102 100151 8557
20151102 100151 8557
20151102 100151 8557
20151102 100151 8557
20151102 100151 8557
20151102 100151 8557
20151102 100152 8555
20151102 100217 8556
20151102 100217 8556
20151102 100322 8554
20151102 100328 8551
20151102 100329 8551
20151102 100330 8551
20151102 100507 8560
20151102 100507 8560
20151102 100507 8561
20151102 100519 8550
20151102 100519 8550
20151102 100524 8548
20151102 100525 8549
20151102 100546 8549
20151102 100710 8551
20151102 100734 8552
20151102 100853 8562
20151102 100855 8554
20151102 100909 8557
20151102 100929 8556
20151102 100944 8554
20151102 101052 8546
20151102 101056 8545
20151102 101058 8545
20151102 101058 8545
20151102 101058 8545
20151102 101105 8544
20151102 101124 8545
20151102 101143 8546
20151102 101154 8545
20151102 101339 8550
20151102 101340 8553
20151102 101340 8554
20151102 101346 8552
20151102 101346 8552
20151102 101437 8555
20151102 101437 8555
20151102 101437 8555
20151102 101437 8555
20151102 101437 8555
20151102 101437 8555
20151102 101437 8555
20151102 101437 8555
20151102 101437 8555
20151102 101437 8555
20151102 101439 8553
20151102 101636 8558
20151102 101653 8546
20151102 101654 8546
20151102 102029 8556
20151102 102034 8552
20151102 102255 8550
20151102 102309 8554
20151102 102309 8555
20151102 102310 8557
20151102 102438 8550
20151102 102514 8552
20151102 102645 8551
20151102 102717 8555
20151102 102717 8556
20151102 102717 8557
20151102 102726 8558
20151102 102726 8558
20151102 102726 8558
20151102 102727 8558
20151102 102727 8559
20151102 102727 8559
20151102 102727 8561
20151102 102727 8562
20151102 102727 8563
20151102 102727 8563
20151102 102727 8563
20151102 102727 8563
20151102 102727 8563
20151102 102727 8563
20151102 102727 8563
20151102 102727 8563
20151102 102727 8563
20151102 102727 8563
20151102 102727 8563
20151102 102727 8568
20151102 102751 8551
20151102 102751 8551
20151102 102754 8551
20151102 102807 8551
20151102 102826 8549
20151102 102914 8546
20151102 102914 8546
20151102 102922 8545
20151102 103022 8555
20151102 103031 8563
20151102 103031 8564
20151102 103031 8570
20151102 103033 8565
20151102 103033 8565
20151102 103033 8566
20151102 103033 8566
20151102 103033 8566
20151102 103033 8566
20151102 103033 8566
20151102 103033 8566
20151102 103033 8566
20151102 103033 8566
20151102 103033 8566
20151102 103033 8566
20151102 103033 8566
20151102 103033 8566
20151102 103033 8566
20151102 103034 8568
20151102 103034 8568
20151102 103034 8568
20151102 103034 8568
20151102 103035 8565
20151102 103051 8563
20151102 103111 8562
20151102 103122 8567
20151102 103122 8567
20151102 103124 8563
20151102 103234 8566
20151102 103244 8566
20151102 103250 8567
20151102 103250 8567
20151102 103256 8568
20151102 103258 8570
20151102 103258 8571
20151102 103258 8571
20151102 103258 8571
20151102 103258 8571
20151102 103258 8571
20151102 103258 8571
20151102 103258 8571
20151102 103258 8571
20151102 103258 8572
20151102 103258 8572
20151102 103258 8575
20151102 103303 8572
20151102 103303 8573
20151102 103303 8573
20151102 103303 8573
20151102 103303 8573
20151102 103303 8573
20151102 103303 8573
20151102 103303 8573
20151102 103303 8574
20151102 103306 8575
20151102 103307 8575
20151102 103307 8575
20151102 103307 8575
20151102 103308 8575
20151102 103345 8568
20151102 103407 8567
20151102 103409 8567
20151102 103409 8567
20151102 103438 8563
20151102 103503 8567
20151102 103505 8569
20151102 103506 8569
20151102 103612 8569
20151102 103718 8565
20151102 103726 8565
20151102 103733 8565
20151102 103754 8565
20151102 103826 8567
20151102 103843 8565
20151102 103935 8568
20151102 104012 8572
20151102 104013 8567
20151102 104023 8566
20151102 104048 8566
20151102 104113 8565
20151102 104114 8565
20151102 104217 8572
20151102 104252 8569
20151102 104252 8569
20151102 104259 8566
20151102 104302 8565
20151102 104310 8563
20151102 104330 8562
20151102 104343 8566
20151102 104454 8567
20151102 104458 8568
20151102 104458 8568
20151102 104459 8569
20151102 104459 8569
20151102 104542 8566
20151102 104544 8566
20151102 104657 8568
20151102 104657 8568
20151102 104725 8566
20151102 104746 8562
20151102 104804 8566
20151102 104824 8565
20151102 104952 8566
20151102 105000 8568
20151102 105136 8567
20151102 105206 8571
20151102 105206 8571
20151102 105206 8571
20151102 105206 8571
20151102 105207 8572
20151102 105208 8572
20151102 105230 8575
20151102 105230 8575
20151102 105230 8580
20151102 105239 8573
20151102 105253 8576
20151102 105253 8576
20151102 105253 8577
20151102 105253 8577
20151102 105253 8577
20151102 105254 8578
20151102 105254 8578
20151102 105254 8578
20151102 105255 8577
20151102 105301 8575
20151102 105323 8576
20151102 105329 8575
20151102 105344 8573
20151102 105352 8573
20151102 105401 8578
20151102 105501 8581
20151102 105501 8582
20151102 105501 8583
20151102 105501 8583
20151102 105501 8583
20151102 105501 8584
20151102 105501 8584
20151102 105502 8584
20151102 105504 8591
20151102 105513 8583
20151102 105704 8579
20151102 105717 8579
20151102 105745 8579
20151102 105755 8583
20151102 105755 8583
20151102 105801 8582
20151102 105808 8582
20151102 105858 8581
20151102 105905 8579
20151102 105906 8578
20151102 105906 8578
20151102 105913 8578
20151102 110000 8580
20151102 110000 8580
20151102 110000 8580
20151102 110004 8582
20151102 110006 8581
20151102 110014 8585
20151102 110014 8585
20151102 110014 8585
20151102 110014 8585
20151102 110138 8590
20151102 110222 8589
20151102 110241 8578
20151102 110243 8578
20151102 110341 8576
20151102 110501 8582
20151102 110501 8582
20151102 110501 8582
20151102 110601 8576
20151102 110616 8582
20151102 110616 8582
20151102 110616 8582
20151102 110618 8583
20151102 110618 8583
20151102 110618 8583
20151102 110618 8583
20151102 110618 8583
20151102 110619 8583
20151102 110619 8583
20151102 110621 8583
20151102 110630 8581
20151102 110643 8579
20151102 110756 8581
20151102 110758 8582
20151102 110758 8582
20151102 110758 8582
20151102 110758 8582
20151102 110815 8584
20151102 110815 8585
20151102 110815 8585
20151102 110815 8585
20151102 110816 8585
20151102 110901 8586
20151102 110901 8586
20151102 110901 8586
20151102 110901 8586
20151102 110901 8586
20151102 110901 8586
20151102 110901 8586
20151102 110901 8586
20151102 110901 8587
20151102 110901 8587
20151102 110901 8587
20151102 110901 8587
20151102 110901 8587
20151102 110901 8588
20151102 110901 8588
20151102 110901 8588
20151102 110901 8588
20151102 110901 8588
20151102 110901 8588
20151102 110901 8588
20151102 110901 8588
20151102 110901 8588
20151102 110901 8588
20151102 110901 8588
20151102 110901 8588
20151102 110901 8588
20151102 110901 8588
20151102 110901 8588
20151102 110901 8588
20151102 110901 8590
20151102 110902 8589
20151102 110907 8587
20151102 110922 8588
20151102 111001 8589
20151102 111001 8589
20151102 111001 8590
20151102 111001 8590
20151102 111001 8592
20151102 111002 8591
20151102 111002 8591
20151102 111002 8591
20151102 111002 8591
20151102 111002 8591
20151102 111002 8591
20151102 111002 8591
20151102 111002 8591
20151102 111002 8592
20151102 111002 8592
20151102 111002 8592
20151102 111002 8592
20151102 111002 8592
20151102 111002 8592
20151102 111003 8593
20151102 111003 8593
20151102 111003 8593
20151102 111003 8593
20151102 111003 8593
20151102 111003 8593
20151102 111003 8593
20151102 111003 8593
20151102 111004 8589
20151102 111020 8590
20151102 111033 8590
20151102 111105 8593
20151102 111223 8589
20151102 111318 8586
20151102 111436 8582
20151102 111436 8583
20151102 111436 8590
20151102 111437 8581
20151102 111443 8588
20151102 111444 8589
20151102 111444 8589
20151102 111444 8589
20151102 111444 8589
20151102 111444 8589
20151102 111444 8589
20151102 111447 8590
20151102 111447 8590
20151102 111447 8590
20151102 111447 8590
20151102 111447 8591
20151102 111447 8591
20151102 111447 8591
20151102 111448 8592
20151102 111448 8592
20151102 111448 8592
20151102 111448 8592
20151102 111448 8592
20151102 111448 8593
20151102 111448 8593
20151102 111448 8593
20151102 111448 8593
20151102 111448 8593
20151102 111448 8593
20151102 111448 8593
20151102 111449 8594
20151102 111449 8594
20151102 111449 8594
20151102 111449 8594
20151102 111449 8595
20151102 111449 8595
20151102 111449 8595
20151102 111449 8595
20151102 111449 8595
20151102 111449 8595
20151102 111449 8595
20151102 111449 8595
20151102 111449 8596
20151102 111449 8596
20151102 111449 8596
20151102 111449 8596
20151102 111449 8596
20151102 111449 8597
20151102 111449 8597
20151102 111449 8597
20151102 111459 8590
20151102 111509 8592
20151102 111527 8594
20151102 111527 8594
20151102 111529 8595
20151102 111550 8594
20151102 111604 8592
20151102 111606 8592
20151102 111612 8591
20151102 111615 8590
20151102 111615 8590
20151102 111615 8590
20151102 111621 8589
20151102 111621 8589
20151102 111644 8588
20151102 111644 8588
20151102 111655 8585
20151102 111725 8587
20151102 111725 8587
20151102 111730 8586
20151102 111730 8586
20151102 111741 8586
20151102 111745 8585
20151102 111745 8585
20151102 111750 8584
20151102 111752 8586
20151102 111800 8584
20151102 111844 8581
20151102 111908 8580
20151102 111910 8580
20151102 111913 8580
20151102 111955 8582
20151102 112000 8582
20151102 112015 8582
20151102 112018 8584
20151102 112200 8577
20151102 112200 8577
20151102 112201 8576
20151102 112201 8576
20151102 112213 8576
20151102 112229 8577
20151102 112325 8579
20151102 112334 8577
20151102 112335 8577
20151102 112348 8578
20151102 112421 8577
20151102 112440 8573
20151102 112441 8572
20151102 112441 8573
20151102 112444 8572
20151102 112444 8572
20151102 112528 8573
20151102 112636 8575
20151102 112722 8576
20151102 113501 8582
20151102 113707 8578
20151102 113731 8574
20151102 113731 8574
20151102 113837 8574
20151102 113845 8584
20151102 113919 8574
20151102 113919 8574
20151102 113929 8568
20151102 113929 8568
20151102 113929 8570
20151102 113929 8570
20151102 113929 8570
20151102 113929 8570
20151102 113929 8570
20151102 113929 8570
20151102 113929 8570
20151102 113929 8570
20151102 113929 8571
20151102 113929 8571
20151102 113930 8567
20151102 113930 8567
20151102 113930 8568
20151102 114044 8571
20151102 114145 8567
20151102 114233 8572
20151102 114329 8571
20151102 114502 8572
20151102 114605 8579
20151102 114606 8581
20151102 114606 8583
20151102 114606 8584
20151102 114607 8583
20151102 114607 8583
20151102 114833 8581
20151102 114833 8582
20151102 114833 8582
20151102 114833 8582
20151102 114833 8584
20151102 114838 8585
20151102 114838 8586
20151102 114838 8587
20151102 114839 8585
20151102 114840 8585
20151102 114852 8582
20151102 115000 8587
20151102 115031 8584
20151102 115208 8583
20151102 115300 8583
20151102 115828 8582
20151102 120223 8582
20151102 120223 8582
20151102 120223 8582
20151102 120223 8582
20151102 120223 8582
20151102 121607 8580
20151102 121611 8580
20151102 121932 8583
20151102 123013 8581
20151102 123014 8583
20151102 123019 8584
20151102 123034 8584
20151102 123034 8584
20151102 123127 8578
20151102 123129 8583
20151102 123129 8583
20151102 123129 8583
20151102 123131 8583
20151102 123141 8583
20151102 123145 8574
20151102 123145 8574
20151102 123145 8575
20151102 123145 8575
20151102 123145 8582
20151102 123159 8573
20151102 123235 8573
20151102 123435 8579
20151102 123503 8576
20151102 123507 8576
20151102 123513 8577
20151102 123659 8578
20151102 123705 8577
20151102 123831 8578
20151102 123838 8577
20151102 124244 8579
20151102 124317 8576
20151102 124448 8574
20151102 124516 8576
20151102 124631 8571
20151102 124710 8569
20151102 124710 8569
20151102 124710 8569
20151102 124710 8569
20151102 124710 8570
20151102 124710 8570
20151102 124710 8570
20151102 124710 8570
20151102 124710 8570
20151102 124710 8570
20151102 124711 8568
20151102 124712 8567
20151102 124712 8567
20151102 124712 8567
20151102 124712 8567
20151102 124712 8567
20151102 124713 8564
20151102 124713 8565
20151102 124713 8566
20151102 124713 8566
20151102 124713 8566
20151102 124713 8566
20151102 124713 8566
20151102 124713 8566
20151102 124713 8566
20151102 124713 8566
20151102 124713 8570
20151102 124714 8563
20151102 124952 8567
20151102 125006 8564
20151102 125101 8566
20151102 125103 8565
20151102 125330 8569
20151102 125512 8571
20151102 125512 8571
20151102 125513 8571
20151102 125515 8571
20151102 125645 8573
20151102 125658 8574
20151102 125700 8571
20151102 125858 8571
20151102 125905 8570
20151102 125907 8570
20151102 125908 8578
20151102 125914 8570
20151102 125922 8570
20151102 130014 8570
20151102 130045 8575
20151102 130054 8577
20151102 130138 8576
20151102 130240 8575
20151102 130249 8577
20151102 130327 8578
20151102 131200 8576
20151102 131208 8575
20151102 131427 8572
20151102 131841 8575
20151102 132152 8572
20151102 132152 8572
20151102 132152 8572
20151102 132152 8572
20151102 132204 8571
20151102 132208 8571
20151102 132323 8578
20151102 132501 8577
20151102 132511 8578
20151102 132512 8578
20151102 132512 8578
20151102 132512 8578
20151102 132524 8582
20151102 132537 8581
20151102 132541 8583
20151102 132541 8583
20151102 132541 8583
20151102 132542 8583
20151102 132543 8584
20151102 132543 8585
20151102 132545 8585
20151102 132545 8585
20151102 132546 8585
20151102 132546 8586
20151102 132546 8586
20151102 132546 8586
20151102 132551 8585
20151102 132558 8587
20151102 132559 8588
20151102 132559 8588
20151102 132559 8588
20151102 132559 8588
20151102 132559 8588
20151102 132559 8588
20151102 132559 8588
20151102 132603 8586
20151102 132615 8584
20151102 132625 8586
20151102 132721 8587
20151102 132745 8586
20151102 132753 8587
20151102 132756 8586
20151102 132915 8587
20151102 132943 8585
20151102 132953 8585
20151102 133032 8591
20151102 133033 8591
20151102 133033 8591
20151102 133033 8591
20151102 133033 8591
20151102 133033 8591
20151102 133033 8591
20151102 133102 8594
20151102 133119 8594
20151102 133210 8585
20151102 133238 8588
20151102 133317 8587
20151102 133321 8587
20151102 133321 8587
20151102 133321 8587
20151102 133330 8590
20151102 133330 8591
20151102 133331 8590
20151102 133344 8600
20151102 133347 8601
20151102 133347 8601
20151102 133356 8580
20151102 133407 8592
20151102 133441 8600
20151102 133635 8593
20151102 133709 8591
20151102 133710 8591
20151102 133723 8591
20151102 133733 8595
20151102 133733 8596
20151102 133801 8591
20151102 133828 8589
20151102 133834 8588
20151102 133846 8588
20151102 133930 8596
20151102 133947 8590
20151102 133950 8591
20151102 134000 8590
20151102 134001 8596
20151102 134130 8590
20151102 134142 8595
20151102 134159 8591
20151102 134201 8590
20151102 134328 8589
20151102 134346 8589
20151102 134346 8589
20151102 134346 8589
20151102 134347 8589
20151102 134348 8589
20151102 134352 8589
20151102 134354 8589
20151102 134403 8589
20151102 134405 8590
20151102 134414 8589
20151102 134415 8589
20151102 134417 8589
20151102 134424 8589
20151102 134455 8587
20151102 134456 8587
20151102 134457 8587
20151102 134457 8587
