20151102 084500 8532
20151102 084500 8532
20151102 084500 8533
20151102 084500 8533
20151102 084500 8534
20151102 084500 8534
20151102 084500 8534
20151102 084500 8536
20151102 084500 8536
20151102 084501 8533
20151102 084501 8533
20151102 084502 8531
20151102 084502 8531
20151102 084502 8531
20151102 084502 8531
20151102 084502 8531
20151102 084502 8531
20151102 084502 8531
20151102 084502 8531
20151102 084503 8531
20151102 084503 8531
20151102 084503 8531
20151102 084513 8537
20151102 084528 8541
20151102 084531 8544
20151102 084535 8543
20151102 084535 8544
20151102 084538 8543
20151102 084554 8538
20151102 084556 8538
20151102 084557 8538
20151102 084620 8539
20151102 084626 8539
20151102 084632 8539
20151102 084635 8537
20151102 084635 8537
20151102 084635 8537
20151102 084635 8538
20151102 084638 8539
20151102 084701 8539
20151102 084726 8538
20151102 084741 8538
20151102 084745 8541
20151102 084745 8542
20151102 084746 8541
20151102 084821 8541
20151102 084829 8544
20151102 084831 8544
20151102 084831 8544
20151102 084831 8544
20151102 084848 8549
20151102 084848 8549
20151102 084849 8548
20151102 084850 8546
20151102 084933 8544
20151102 084936 8544
20151102 084956 8540
20151102 085006 8539
20151102 085026 8540
20151102 085026 8541
20151102 085043 8543
20151102 085103 8545
20151102 085105 8546
20151102 085106 8547
20151102 085122 8544
20151102 085149 8542
20151102 085349 8544
20151102 085349 8544
20151102 085404 8547
20151102 085404 8547
20151102 085404 8548
20151102 085404 8549
20151102 085534 8543
20151102 085606 8545
20151102 085619 8540
20151102 085629 8539
20151102 085801 8540
20151102 085832 8542
20151102 085832 8542
20151102 085832 8542
20151102 085843 8544
20151102 085848 8544
20151102 085923 8540
20151102 085949 8537
20151102 085949 8537
20151102 090008 8541
20151102 090008 8541
20151102 090008 8541
20151102 090013 8547
20151102 090020 8539
20151102 090033 8538
20151102 090036 8535
20151102 090049 8540
20151102 090100 8537
20151102 090103 8537
20151102 090111 8537
20151102 090118 8542
20151102 090122 8545
20151102 090157 8548
20151102 090158 8549
20151102 090200 8550
20151102 090201 8551
20151102 090212 8552
20151102 090212 8552
20151102 090212 8552
20151102 090212 8552
20151102 090223 8555
20151102 090225 8556
20151102 090227 8557
20151102 090237 8555
20151102 090237 8555
20151102 090237 8555
20151102 090240 8554
20151102 090243 8553
20151102 090253 8551
20151102 090257 8551
20151102 090335 8549
20151102 090335 8549
20151102 090352 8548
20151102 090356 8546
20151102 090431 8552
20151102 090431 8552
20151102 090435 8553
20151102 090436 8553
20151102 090436 8553
20151102 090437 8553
20151102 090437 8553
20151102 090437 8553
20151102 090438 8552
20151102 090509 8553
20151102 090531 8555
20151102 090540 8558
20151102 090540 8558
20151102 090629 8560
20151102 090636 8562
20151102 090654 8557
20151102 090654 8558
20151102 090654 8558
20151102 090658 8556
20151102 090729 8559
20151102 090801 8556
20151102 090809 8557
20151102 090821 8555
20151102 090847 8557
20151102 090902 8552
20151102 090904 8550
20151102 090925 8557
20151102 090934 8560
20151102 090934 8560
20151102 091022 8562
20151102 091022 8562
20151102 091023 8563
20151102 091025 8561
20151102 091026 8559
20151102 091035 8562
20151102 091035 8562
20151102 091124 8558
20151102 091131 8558
20151102 091139 8558
20151102 091142 8559
20151102 091226 8564
20151102 091226 8564
20151102 091226 8564
20151102 091226 8564
20151102 091240 8563
20151102 091246 8562
20151102 091246 8562
20151102 091303 8560
20151102 091319 8560
20151102 091321 8561
20151102 091412 8558
20151102 091433 8561
20151102 091443 8563
20151102 091502 8558
20151102 091504 8557
20151102 091521 8565
20151102 091535 8562
20151102 091644 8552
20151102 091652 8553
20151102 091735 8554
20151102 091739 8554
20151102 091807 8553
20151102 091814 8550
20151102 091814 8550
20151102 091814 8551
20151102 091834 8547
20151102 091844 8549
20151102 091848 8549
20151102 091857 8544
20151102 091857 8545
20151102 091857 8545
20151102 091859 8542
20151102 091900 8542
20151102 091907 8544
20151102 091907 8544
20151102 091911 8543
20151102 091922 8546
20151102 091926 8547
20151102 091940 8541
20151102 091951 8540
20151102 091952 8539
20151102 091953 8538
20151102 091953 8538
20151102 091958 8537
20151102 092001 8531
20151102 092001 8531
20151102 092001 8531
20151102 092001 8532
20151102 092001 8533
20151102 092001 8534
20151102 092001 8534
20151102 092001 8534
20151102 092001 8534
20151102 092001 8534
20151102 092001 8534
20151102 092001 8534
20151102 092001 8534
20151102 092001 8534
20151102 092002 8526
20151102 092002 8526
20151102 092002 8528
20151102 092002 8528
20151102 092003 8525
20151102 092014 8530
20151102 092020 8530
20151102 092024 8529
20151102 092027 8532
20151102 092028 8532
20151102 092035 8529
20151102 092057 8529
20151102 092057 8529
20151102 092100 8528
20151102 092105 8523
20151102 092105 8523
20151102 092114 8522
20151102 092122 8521
20151102 092122 8521
20151102 092122 8521
20151102 092122 8521
20151102 092122 8521
20151102 092133 8521
20151102 092133 8521
20151102 092146 8522
20151102 092146 8522
20151102 092146 8522
20151102 092146 8522
20151102 092202 8524
20151102 092215 8525
20151102 092220 8527
20151102 092220 8527
20151102 092221 8527
20151102 092221 8527
20151102 092230 8524
20151102 092230 8524
20151102 092234 8522
20151102 092249 8522
20151102 092252 8521
20151102 092254 8522
20151102 092300 8519
20151102 092301 8520
20151102 092302 8519
20151102 092302 8519
20151102 092302 8519
20151102 092303 8519
20151102 092314 8519
20151102 092320 8519
20151102 092346 8521
20151102 092346 8521
20151102 092346 8521
20151102 092346 8521
20151102 092346 8521
20151102 092346 8521
20151102 092346 8521
20151102 092346 8521
20151102 092346 8521
20151102 092354 8518
20151102 092400 8516
20151102 092400 8517
20151102 092401 8513
20151102 092402 8512
20151102 092402 8512
20151102 092402 8512
20151102 092402 8512
20151102 092403 8511
20151102 092403 8511
20151102 092405 8509
20151102 092405 8509
20151102 092406 8510
20151102 092410 8507
20151102 092410 8507
20151102 092410 8507
20151102 092411 8505
20151102 092411 8506
20151102 092411 8506
20151102 092411 8506
20151102 092412 8503
20151102 092412 8503
20151102 092412 8503
20151102 092412 8503
20151102 092412 8503
20151102 092414 8502
20151102 092414 8502
20151102 092414 8502
20151102 092414 8504
20151102 092422 8504
20151102 092440 8510
20151102 092441 8510
20151102 092441 8510
20151102 092445 8510
20151102 092445 8510
20151102 092445 8510
20151102 092449 8509
20151102 092500 8511
20151102 092503 8510
20151102 092507 8513
20151102 092547 8515
20151102 092547 8515
20151102 092723 8521
20151102 092804 8519
20151102 092823 8521
20151102 092910 8514
20151102 092910 8514
20151102 092915 8510
20151102 092915 8510
20151102 092920 8509
20151102 092950 8508
20151102 092956 8506
20151102 092959 8508
20151102 093004 8513
20151102 093004 8513
20151102 093034 8509
20151102 093137 8513
20151102 093150 8513
20151102 093219 8514
20151102 093243 8514
20151102 093253 8515
20151102 093253 8516
20151102 093253 8516
20151102 093310 8517
20151102 093324 8522
20151102 093324 8523
20151102 093324 8523
20151102 093356 8524
20151102 093356 8524
20151102 093357 8525
20151102 093357 8525
20151102 093438 8519
20151102 093722 8524
20151102 093731 8527
20151102 093731 8527
20151102 093731 8527
20151102 093731 8527
20151102 093733 8530
20151102 093734 8532
20151102 093734 8533
20151102 093837 8529
20151102 093842 8529
20151102 093855 8528
20151102 093910 8532
20151102 093910 8532
20151102 093910 8532
20151102 093928 8532
20151102 093948 8531
20151102 093954 8531
20151102 093954 8532
20151102 094014 8530
20151102 094025 8528
20151102 094032 8526
20151102 094045 8529
20151102 094137 8529
20151102 094137 8529
20151102 094137 8529
20151102 094139 8529
20151102 094226 8521
20151102 094226 8522
20151102 094239 8521
20151102 094408 8528
20151102 094408 8528
20151102 094416 8532
20151102 094416 8532
20151102 094501 8535
20151102 094503 8537
20151102 094503 8537
20151102 094503 8537
20151102 094503 8539
20151102 094504 8540
20151102 094505 8543
20151102 094507 8546
20151102 094507 8546
20151102 094507 8546
20151102 094507 8547
20151102 094507 8548
20151102 094507 8550
20151102 094507 8550
20151102 094533 8544
20151102 094557 8547
20151102 094600 8548
20151102 094602 8549
20151102 094602 8549
20151102 094603 8550
20151102 094605 8550
20151102 094605 8552
20151102 094605 8552
20151102 094605 8552
20151102 094606 8554
20151102 094613 8554
20151102 094615 8556
20151102 094615 8557
20151102 094617 8555
20151102 094626 8554
20151102 094627 8552
20151102 094637 8546
20151102 094656 8548
20151102 094656 8548
20151102 094656 8548
20151102 094656 8548
20151102 094736 8542
20151102 094759 8544
20151102 094808 8545
20151102 094837 8545
20151102 094921 8542
20151102 095000 8545
20151102 095031 8547
20151102 095049 8547
20151102 095051 8549
20151102 095053 8550
20151102 095053 8550
20151102 095054 8552
20151102 095054 8553
20151102 095054 8553
20151102 095058 8551
20151102 095059 8553
20151102 095100 8555
20151102 095128 8546
20151102 095216 8550
20151102 095254 8550
20151102 095321 8547
20151102 095324 8547
20151102 095420 8545
20151102 095447 8539
20151102 095459 8537
20151102 095459 8538
20151102 095501 8539
20151102 095501 8539
20151102 095530 8542
20151102 095559 8545
20151102 095632 8543
20151102 095702 8544
20151102 095802 8548
20151102 095817 8547
20151102 095912 8550
20151102 095948 8546
20151102 095949 8544
20151102 095949 8545
20151102 095949 8545
20151102 095949 8545
20151102 095949 8545
20151102 095949 8545
20151102 095949 8545
20151102 095949 8545
20151102 095949 8545
20151102 100028 8552
20151102 100028 8552
20151102 100042 8555
20151102 100042 8556
20151102 100043 8557
20151102 100043 8557
20151102 100043 8557
20151102 100043 8557
20151102 100043 8558
20151102 100043 8559
20151102 100043 8560
20151102 100043 8560
20151102 100043 8560
20151102 100046 8562
20151102 100046 8562
20151102 100046 8562
20151102 100047 8563
20151102 100047 8564
20151102 100047 8564
20151102 100047 8565
20151102 100047 8567
20151102 100048 8568
20151102 100048 8569
20151102 100048 8569
20151102 100048 8570
20151102 100055 8563
20151102 100055 8563
20151102 100055 8563
20151102 100139 8559
20151102 100150 8559
20151102 100150 8559
20151102 100150 8559
20151102 100151 8557
20151102 100158 8551
20151102 100212 8554
20151102 100226 8556
20151102 100258 8553
20151102 100309 8555
20151102 100332 8551
20151102 100407 8553
20151102 100517 8549
20151102 100517 8549
20151102 100518 8550
20151102 100522 8549
20151102 100523 8548
20151102 100524 8549
20151102 100544 8549
20151102 100838 8555
20151102 100839 8556
20151102 100839 8556
20151102 100954 8553
20151102 100954 8553
20151102 101020 8550
20151102 101024 8551
20151102 101051 8547
20151102 101051 8548
20151102 101052 8546
20151102 101140 8547
20151102 101216 8545
20151102 101314 8545
20151102 101337 8547
20151102 101339 8549
20151102 101339 8549
20151102 101339 8549
20151102 101340 8552
20151102 101340 8552
20151102 101340 8553
20151102 101340 8553
20151102 101437 8557
20151102 101512 8553
20151102 101512 8553
20151102 101603 8548
20151102 101642 8546
20151102 101658 8546
20151102 101707 8547
20151102 101707 8547
20151102 101711 8547
20151102 101833 8550
20151102 101900 8550
20151102 101900 8550
20151102 101900 8550
20151102 101911 8552
20151102 101913 8551
20151102 102004 8552
20151102 102010 8553
20151102 102028 8555
20151102 102028 8556
20151102 102051 8540
20151102 102114 8551
20151102 102309 8554
20151102 102314 8555
20151102 102320 8556
20151102 102322 8557
20151102 102330 8555
20151102 102622 8553
20151102 102716 8553
20151102 102726 8558
20151102 102727 8559
20151102 102727 8559
20151102 102727 8560
20151102 102727 8560
20151102 102727 8562
20151102 102908 8549
20151102 102914 8546
20151102 102914 8546
20151102 102914 8546
20151102 102916 8547
20151102 102942 8547
20151102 102949 8546
20151102 103030 8562
20151102 103032 8564
20151102 103033 8565
20151102 103033 8567
20151102 103033 8567
20151102 103034 8567
20151102 103034 8568
20151102 103053 8564
20151102 103056 8562
20151102 103102 8563
20151102 103126 8565
20151102 103126 8565
20151102 103251 8568
20151102 103252 8568
20151102 103254 8567
20151102 103256 8569
20151102 103256 8569
20151102 103257 8571
20151102 103257 8571
20151102 103257 8571
20151102 103258 8572
20151102 103258 8572
20151102 103258 8572
20151102 103258 8572
20151102 103258 8572
20151102 103302 8573
20151102 103302 8573
20151102 103303 8574
20151102 103320 8571
20151102 103320 8571
20151102 103428 8563
20151102 103440 8563
20151102 103443 8563
20151102 103503 8567
20151102 103531 8570
20151102 103531 8570
20151102 103531 8570
20151102 103534 8571
20151102 103537 8571
20151102 103537 8571
20151102 103537 8571
20151102 103539 8571
20151102 103545 8571
20151102 103545 8571
20151102 103626 8570
20151102 103635 8570
20151102 103741 8565
20151102 103741 8565
20151102 103741 8565
20151102 103741 8565
20151102 103801 8567
20151102 103802 8568
20151102 103813 8569
20151102 103826 8567
20151102 103846 8566
20151102 103904 8567
20151102 103923 8568
20151102 103949 8567
20151102 103959 8568
20151102 104115 8564
20151102 104117 8563
20151102 104252 8567
20151102 104252 8568
20151102 104252 8568
20151102 104252 8568
20151102 104252 8568
20151102 104308 8564
20151102 104310 8562
20151102 104516 8566
20151102 104612 8568
20151102 104645 8570
20151102 104650 8568
20151102 104729 8562
20151102 104729 8562
20151102 104732 8561
20151102 104806 8564
20151102 104826 8564
20151102 104826 8565
20151102 104828 8566
20151102 104831 8566
20151102 104831 8566
20151102 104831 8566
20151102 104838 8566
20151102 104905 8565
20151102 104926 8566
20151102 104928 8566
20151102 104930 8566
20151102 104933 8565
20151102 104933 8565
20151102 104937 8566
20151102 104937 8566
20151102 104950 8566
20151102 105001 8568
20151102 105002 8568
20151102 105003 8568
20151102 105141 8568
20151102 105150 8568
20151102 105153 8569
20151102 105205 8571
20151102 105207 8572
20151102 105228 8572
20151102 105229 8573
20151102 105229 8574
20151102 105229 8574
20151102 105229 8574
20151102 105229 8574
20151102 105230 8575
20151102 105230 8575
20151102 105251 8575
20151102 105251 8575
20151102 105252 8575
20151102 105253 8576
20151102 105259 8575
20151102 105343 8572
20151102 105343 8572
20151102 105400 8576
20151102 105400 8577
20151102 105400 8577
20151102 105400 8577
20151102 105411 8575
20151102 105445 8579
20151102 105501 8582
20151102 105501 8582
20151102 105501 8582
20151102 105501 8582
20151102 105501 8582
20151102 105501 8582
20151102 105501 8582
20151102 105501 8582
20151102 105501 8582
20151102 105501 8583
20151102 105501 8583
20151102 105501 8583
20151102 105501 8584
20151102 105501 8584
20151102 105502 8585
20151102 105521 8583
20151102 105521 8584
20151102 105529 8583
20151102 105601 8581
20151102 105607 8581
20151102 105607 8581
20151102 105607 8581
20151102 105607 8581
20151102 105621 8580
20151102 105622 8580
20151102 105624 8577
20151102 105624 8578
20151102 105624 8579
20151102 105654 8577
20151102 105700 8578
20151102 105704 8579
20151102 105738 8579
20151102 105753 8582
20151102 105833 8582
20151102 105844 8562
20151102 105847 8582
20151102 105913 8577
20151102 105913 8577
20151102 105913 8577
20151102 105913 8577
20151102 105913 8577
20151102 105913 8577
20151102 105913 8578
20151102 105913 8578
20151102 105913 8578
20151102 105913 8578
20151102 105938 8580
20151102 110014 8585
20151102 110053 8581
20151102 110114 8583
20151102 110141 8582
20151102 110231 8579
20151102 110408 8563
20151102 110427 8563
20151102 110435 8577
20151102 110437 8577
20151102 110437 8577
20151102 110437 8577
20151102 110437 8577
20151102 110438 8577
20151102 110501 8580
20151102 110501 8582
20151102 110502 8581
20151102 110525 8580
20151102 110546 8579
20151102 110601 8577
20151102 110605 8576
20151102 110605 8576
20151102 110611 8580
20151102 110616 8582
20151102 110616 8583
20151102 110617 8582
20151102 110617 8583
20151102 110622 8584
20151102 110626 8583
20151102 110656 8579
20151102 110713 8579
20151102 110811 8583
20151102 110814 8583
20151102 110900 8585
20151102 110900 8585
20151102 110901 8587
20151102 110901 8587
20151102 110901 8587
20151102 110901 8587
20151102 110901 8588
20151102 110912 8589
20151102 110912 8589
20151102 110938 8587
20151102 110941 8588
20151102 110941 8588
20151102 110955 8587
20151102 111001 8589
20151102 111001 8590
20151102 111001 8590
20151102 111001 8590
20151102 111001 8590
20151102 111001 8591
20151102 111001 8591
20151102 111002 8592
20151102 111015 8590
20151102 111027 8589
20151102 111045 8589
20151102 111103 8592
20151102 111136 8590
20151102 111138 8589
20151102 111138 8589
20151102 111138 8590
20151102 111201 8592
20151102 111202 8592
20151102 111245 8589
20151102 111254 8587
20151102 111254 8587
20151102 111323 8586
20151102 111329 8587
20151102 111330 8587
20151102 111433 8586
20151102 111443 8587
20151102 111448 8592
20151102 111448 8592
20151102 111448 8592
20151102 111448 8594
20151102 111448 8594
20151102 111449 8595
20151102 111449 8597
20151102 111452 8592
20151102 111455 8591
20151102 111518 8592
20151102 111523 8591
20151102 111540 8594
20151102 111654 8587
20151102 111846 8582
20151102 111953 8582
20151102 112056 8582
20151102 112142 8579
20151102 112148 8578
20151102 112157 8578
20151102 112210 8576
20151102 112242 8579
20151102 112422 8578
20151102 112428 8575
20151102 112438 8574
20151102 112439 8574
20151102 112439 8574
20151102 112442 8572
20151102 112442 8572
20151102 112443 8571
20151102 112453 8574
20151102 112531 8574
20151102 112557 8574
20151102 112631 8575
20151102 112631 8575
20151102 112647 8576
20151102 112651 8577
20151102 112710 8574
20151102 112730 8575
20151102 112752 8556
20151102 112752 8574
20151102 112752 8574
20151102 112942 8576
20151102 112944 8575
20151102 113002 8577
20151102 113017 8576
20151102 113017 8577
20151102 113019 8576
20151102 113019 8576
20151102 113052 8556
20151102 113052 8556
20151102 113221 8576
20151102 113246 8576
20151102 113246 8576
20151102 113426 8578
20151102 113426 8578
20151102 113429 8579
20151102 113432 8580
20151102 113432 8581
20151102 113443 8579
20151102 113454 8580
20151102 113500 8582
20151102 113501 8582
20151102 113727 8576
20151102 113740 8572
20151102 113928 8571
20151102 113928 8571
20151102 113928 8572
20151102 113928 8572
20151102 113928 8572
20151102 113928 8572
20151102 113928 8572
20151102 113928 8572
20151102 113929 8567
20151102 113929 8568
20151102 113929 8568
20151102 113929 8569
20151102 113929 8570
20151102 113929 8571
20151102 113930 8566
20151102 113930 8566
20151102 113930 8566
20151102 113930 8566
20151102 113930 8566
20151102 113956 8570
20151102 114002 8570
20151102 114002 8570
20151102 114158 8568
20151102 114206 8566
20151102 114217 8569
20151102 114217 8569
20151102 114345 8571
20151102 114357 8571
20151102 114359 8550
20151102 114359 8570
20151102 114501 8573
20151102 114501 8573
20151102 114519 8573
20151102 114604 8577
20151102 114604 8577
20151102 114604 8577
20151102 114605 8579
20151102 114607 8582
20151102 114607 8582
20151102 114648 8579
20151102 114717 8579
20151102 114721 8579
20151102 114725 8580
20151102 114737 8580
20151102 114737 8580
20151102 114833 8582
20151102 114833 8582
20151102 114837 8584
20151102 114838 8584
20151102 114838 8585
20151102 114838 8585
20151102 114838 8586
20151102 114838 8587
20151102 114838 8587
20151102 114838 8587
20151102 114847 8584
20151102 115539 8581
20151102 115539 8581
20151102 115611 8579
20151102 115614 8577
20151102 115614 8577
20151102 115614 8577
20151102 115736 8577
20151102 115743 8577
20151102 115745 8577
20151102 115757 8577
20151102 115828 8576
20151102 115852 8576
20151102 120218 8578
20151102 120223 8581
20151102 120234 8578
20151102 120234 8578
20151102 120306 8579
20151102 120434 8578
20151102 120604 8576
20151102 120715 8576
20151102 121033 8582
20151102 121033 8582
20151102 121033 8582
20151102 121036 8585
20151102 121058 8585
20151102 121725 8579
20151102 121826 8580
20151102 121908 8581
20151102 121913 8582
20151102 121930 8582
20151102 122019 8583
20151102 122046 8582
20151102 122104 8582
20151102 122119 8582
20151102 122126 8582
20151102 122252 8579
20151102 123013 8582
20151102 123121 8580
20151102 123123 8579
20151102 123129 8577
20151102 123144 8575
20151102 123145 8573
20151102 123237 8573
20151102 124247 8577
20151102 124613 8574
20151102 124613 8574
20151102 124630 8571
20151102 124710 8570
20151102 124710 8570
20151102 124710 8570
20151102 124710 8570
20151102 124710 8571
20151102 124710 8571
20151102 124711 8567
20151102 124711 8567
20151102 124711 8567
20151102 124711 8568
20151102 124711 8568
20151102 124711 8568
20151102 124712 8566
20151102 124712 8566
20151102 124713 8564
20151102 124713 8564
20151102 124713 8565
20151102 124713 8565
20151102 124713 8565
20151102 124734 8567
20151102 124737 8567
20151102 124745 8568
20151102 124947 8567
20151102 124948 8567
20151102 125008 8564
20151102 125008 8565
20151102 125159 8569
20151102 125512 8571
20151102 125514 8571
20151102 125516 8571
20151102 125520 8572
20151102 125729 8573
20151102 125729 8573
20151102 125850 8571
20151102 125926 8569
20151102 130012 8551
20151102 130012 8570
20151102 130031 8572
20151102 130121 8575
20151102 130124 8575
20151102 130149 8574
20151102 130156 8572
20151102 130218 8573
20151102 130224 8575
20151102 130247 8577
20151102 130327 8557
20151102 130327 8557
20151102 130327 8558
20151102 130327 8558
20151102 130327 8577
20151102 130327 8577
20151102 130327 8577
20151102 130327 8577
20151102 130340 8578
20151102 130405 8565
20151102 130412 8576
20151102 130416 8575
20151102 130458 8576
20151102 130458 8576
20151102 130502 8575
20151102 130615 8573
20151102 131208 8577
20151102 131208 8577
20151102 131336 8575
20151102 131745 8576
20151102 131809 8576
20151102 131911 8577
20151102 131911 8577
20151102 131929 8557
20151102 131929 8577
20151102 132118 8573
20151102 132118 8573
20151102 132118 8573
20151102 132118 8573
20151102 132118 8573
20151102 132118 8573
20151102 132118 8573
20151102 132118 8573
20151102 132118 8573
20151102 132152 8571
20151102 132152 8571
20151102 132154 8571
20151102 132154 8571
20151102 132157 8571
20151102 132200 8571
20151102 132209 8571
20151102 132210 8571
20151102 132210 8571
20151102 132234 8572
20151102 132234 8572
20151102 132247 8572
20151102 132443 8575
20151102 132443 8575
20151102 132508 8557
20151102 132508 8577
20151102 132509 8577
20151102 132509 8577
20151102 132511 8578
20151102 132531 8578
20151102 132532 8577
20151102 132535 8580
20151102 132536 8581
20151102 132537 8582
20151102 132538 8582
20151102 132541 8583
20151102 132541 8583
20151102 132541 8583
20151102 132543 8585
20151102 132544 8585
20151102 132546 8586
20151102 132547 8574
20151102 132547 8586
20151102 132547 8586
20151102 132547 8586
20151102 132550 8584
20151102 132551 8586
20151102 132554 8587
20151102 132554 8587
20151102 132554 8587
20151102 132614 8584
20151102 132616 8585
20151102 132627 8585
20151102 132641 8588
20151102 132641 8588
20151102 132641 8588
20151102 132641 8588
20151102 132716 8586
20151102 132720 8586
20151102 132722 8586
20151102 132724 8586
20151102 132755 8586
20151102 132803 8585
20151102 132820 8584
20151102 132845 8586
20151102 132853 8586
20151102 132907 8587
20151102 132907 8587
20151102 132907 8587
20151102 132907 8587
20151102 132908 8588
20151102 132916 8589
20151102 133030 8590
20151102 133030 8590
20151102 133033 8592
20151102 133035 8592
20151102 133036 8592
20151102 133115 8592
20151102 133150 8591
20151102 133159 8588
20151102 133159 8588
20151102 133159 8588
20151102 133330 8591
20151102 133429 8592
20151102 133525 8591
20151102 133537 8590
20151102 133552 8590
20151102 133559 8591
20151102 133610 8591
20151102 133751 8591
20151102 133751 8591
20151102 133800 8590
20151102 133811 8591
20151102 133813 8590
20151102 133827 8589
20151102 133827 8589
20151102 133828 8589
20151102 133828 8589
20151102 133829 8588
20151102 133829 8588
20151102 133829 8588
20151102 133955 8591
20151102 133955 8591
20151102 134000 8589
20151102 134000 8591
20151102 134023 8590
20151102 134023 8590
20151102 134023 8590
20151102 134030 8590
20151102 134038 8589
20151102 134051 8590
20151102 134114 8590
20151102 134114 8590
20151102 134114 8590
20151102 134141 8590
20151102 134149 8591
20151102 134151 8590
20151102 134206 8591
20151102 134207 8591
20151102 134251 8591
20151102 134301 8591
20151102 134308 8591
20151102 134314 8590
20151102 134314 8590
20151102 134316 8590
20151102 134324 8590
20151102 134325 8589
20151102 134331 8589
20151102 134335 8589
20151102 134336 8589
20151102 134337 8589
20151102 134346 8588
20151102 134346 8588
20151102 134349 8588
20151102 134353 8588
20151102 134411 8588
20151102 134414 8587
20151102 134415 8587
20151102 134416 8587
20151102 134416 8587
20151102 134424 8588
20151102 134449 8588
20151102 134450 8587
20151102 134458 8585
20151102 134458 8585
20151102 134458 8585
20151102 134459 8584
20151102 134459 8584
20151102 134500 8585
