20151123 084500 8488
20151123 084500 8488
20151123 084500 8488
20151123 084500 8488
20151123 084500 8488
20151123 084500 8488
20151123 084500 8488
20151123 084509 8490
20151123 084509 8490
20151123 084510 8491
20151123 084519 8490
20151123 084520 8490
20151123 084521 8490
20151123 084529 8489
20151123 084529 8489
20151123 084531 8491
20151123 084600 8491
20151123 084600 8491
20151123 084601 8491
20151123 084601 8491
20151123 084602 8492
20151123 084602 8492
20151123 084617 8491
20151123 084623 8491
20151123 084634 8491
20151123 084658 8491
20151123 084713 8493
20151123 084714 8494
20151123 084714 8494
20151123 084720 8496
20151123 084720 8496
20151123 084722 8496
20151123 084722 8496
20151123 084735 8495
20151123 084752 8493
20151123 084756 8492
20151123 084756 8493
20151123 084800 8491
20151123 084800 8494
20151123 084804 8493
20151123 084804 8493
20151123 084804 8493
20151123 084804 8493
20151123 084807 8494
20151123 084829 8494
20151123 084856 8496
20151123 084856 8496
20151123 084910 8497
20151123 084923 8495
20151123 084942 8497
20151123 085003 8497
20151123 085026 8499
20151123 085032 8500
20151123 085039 8498
20151123 085049 8501
20151123 085049 8501
20151123 085049 8501
20151123 085049 8502
20151123 085102 8504
20151123 085103 8505
20151123 085103 8505
20151123 085103 8506
20151123 085104 8506
20151123 085104 8506
20151123 085105 8507
20151123 085105 8507
20151123 085108 8509
20151123 085109 8509
20151123 085111 8509
20151123 085111 8509
20151123 085111 8509
20151123 085111 8509
20151123 085111 8509
20151123 085111 8509
20151123 085112 8510
20151123 085112 8510
20151123 085113 8508
20151123 085118 8511
20151123 085122 8509
20151123 085123 8509
20151123 085126 8508
20151123 085128 8509
20151123 085130 8509
20151123 085138 8505
20151123 085138 8505
20151123 085138 8505
20151123 085210 8502
20151123 085210 8503
20151123 085214 8503
20151123 085219 8501
20151123 085221 8502
20151123 085221 8502
20151123 085257 8502
20151123 085312 8501
20151123 085333 8502
20151123 085334 8502
20151123 085350 8502
20151123 085350 8502
20151123 085409 8503
20151123 085423 8504
20151123 085430 8500
20151123 085436 8505
20151123 085437 8506
20151123 085444 8508
20151123 085445 8508
20151123 085505 8509
20151123 085505 8509
20151123 085510 8508
20151123 085513 8505
20151123 085524 8506
20151123 085526 8506
20151123 085541 8504
20151123 085553 8504
20151123 085553 8504
20151123 085608 8503
20151123 085633 8501
20151123 085636 8501
20151123 085706 8501
20151123 085706 8501
20151123 085710 8501
20151123 085751 8502
20151123 085832 8503
20151123 085941 8501
20151123 085946 8500
20151123 090021 8506
20151123 090021 8507
20151123 090030 8499
20151123 090030 8499
20151123 090031 8498
20151123 090041 8500
20151123 090052 8499
20151123 090052 8499
20151123 090101 8494
20151123 090101 8495
20151123 090101 8495
20151123 090101 8495
20151123 090101 8495
20151123 090110 8498
20151123 090122 8499
20151123 090125 8495
20151123 090143 8491
20151123 090144 8489
20151123 090144 8490
20151123 090145 8485
20151123 090145 8486
20151123 090145 8488
20151123 090207 8488
20151123 090219 8489
20151123 090219 8489
20151123 090219 8490
20151123 090229 8487
20151123 090233 8486
20151123 090235 8484
20151123 090235 8484
20151123 090236 8487
20151123 090240 8488
20151123 090240 8488
20151123 090241 8488
20151123 090241 8488
20151123 090248 8490
20151123 090250 8490
20151123 090258 8488
20151123 090341 8486
20151123 090341 8488
20151123 090341 8488
20151123 090343 8488
20151123 090344 8486
20151123 090346 8485
20151123 090350 8483
20151123 090350 8483
20151123 090458 8488
20151123 090504 8475
20151123 090504 8475
20151123 090504 8476
20151123 090504 8476
20151123 090504 8476
20151123 090504 8476
20151123 090504 8476
20151123 090504 8478
20151123 090509 8477
20151123 090535 8471
20151123 090535 8471
20151123 090535 8471
20151123 090541 8470
20151123 090542 8469
20151123 090542 8470
20151123 090543 8466
20151123 090543 8466
20151123 090543 8466
20151123 090554 8468
20151123 090610 8468
20151123 090614 8468
20151123 090616 8472
20151123 090642 8471
20151123 090651 8474
20151123 090654 8472
20151123 090659 8472
20151123 090718 8474
20151123 090741 8470
20151123 090744 8469
20151123 090744 8469
20151123 090807 8472
20151123 090816 8472
20151123 090835 8477
20151123 090837 8477
20151123 090838 8476
20151123 090841 8476
20151123 090901 8473
20151123 090903 8472
20151123 090904 8472
20151123 090917 8472
20151123 090918 8469
20151123 090918 8470
20151123 090918 8470
20151123 090918 8471
20151123 090918 8472
20151123 090924 8468
20151123 090925 8467
20151123 090944 8473
20151123 090947 8473
20151123 090947 8473
20151123 090955 8473
20151123 091002 8468
20151123 091007 8468
20151123 091008 8465
20151123 091009 8465
20151123 091009 8465
20151123 091009 8465
20151123 091015 8468
20151123 091015 8468
20151123 091033 8465
20151123 091034 8461
20151123 091034 8461
20151123 091034 8461
20151123 091053 8460
20151123 091056 8459
20151123 091059 8458
20151123 091100 8458
20151123 091102 8455
20151123 091102 8456
20151123 091102 8456
20151123 091117 8458
20151123 091117 8459
20151123 091148 8456
20151123 091218 8457
20151123 091242 8457
20151123 091249 8456
20151123 091255 8458
20151123 091306 8454
20151123 091307 8453
20151123 091309 8452
20151123 091309 8453
20151123 091309 8453
20151123 091309 8453
20151123 091310 8452
20151123 091310 8452
20151123 091310 8452
20151123 091310 8452
20151123 091325 8451
20151123 091331 8450
20151123 091331 8450
20151123 091331 8450
20151123 091331 8450
20151123 091337 8448
20151123 091337 8448
20151123 091346 8453
20151123 091347 8455
20151123 091352 8457
20151123 091355 8458
20151123 091403 8455
20151123 091405 8458
20151123 091406 8459
20151123 091411 8460
20151123 091421 8458
20151123 091445 8459
20151123 091445 8459
20151123 091450 8459
20151123 091453 8460
20151123 091459 8460
20151123 091501 8456
20151123 091502 8454
20151123 091502 8454
20151123 091502 8454
20151123 091517 8450
20151123 091524 8455
20151123 091533 8451
20151123 091533 8451
20151123 091533 8451
20151123 091533 8451
20151123 091533 8451
20151123 091534 8450
20151123 091534 8450
20151123 091548 8453
20151123 091559 8456
20151123 091559 8457
20151123 091559 8457
20151123 091559 8457
20151123 091619 8455
20151123 091640 8455
20151123 091640 8455
20151123 091714 8459
20151123 091716 8460
20151123 091736 8457
20151123 091739 8454
20151123 091739 8455
20151123 091739 8455
20151123 091744 8447
20151123 091802 8457
20151123 091806 8455
20151123 091819 8456
20151123 091831 8455
20151123 091834 8455
20151123 091837 8454
20151123 091855 8453
20151123 091901 8452
20151123 091902 8448
20151123 091902 8450
20151123 091902 8451
20151123 091902 8451
20151123 091903 8447
20151123 091903 8447
20151123 091910 8449
20151123 091943 8457
20151123 091954 8456
20151123 091956 8455
20151123 091958 8454
20151123 091958 8454
20151123 092012 8454
20151123 092029 8457
20151123 092031 8455
20151123 092034 8455
20151123 092047 8450
20151123 092047 8451
20151123 092048 8449
20151123 092109 8450
20151123 092110 8450
20151123 092114 8449
20151123 092138 8454
20151123 092145 8453
20151123 092145 8453
20151123 092213 8450
20151123 092214 8449
20151123 092216 8449
20151123 092232 8448
20151123 092236 8447
20151123 092244 8450
20151123 092336 8449
20151123 092343 8445
20151123 092343 8445
20151123 092343 8447
20151123 092343 8447
20151123 092343 8447
20151123 092349 8446
20151123 092356 8446
20151123 092358 8446
20151123 092400 8445
20151123 092410 8447
20151123 092410 8448
20151123 092415 8447
20151123 092417 8445
20151123 092419 8445
20151123 092422 8444
20151123 092422 8445
20151123 092424 8444
20151123 092426 8440
20151123 092427 8438
20151123 092428 8436
20151123 092428 8438
20151123 092429 8436
20151123 092429 8436
20151123 092434 8440
20151123 092444 8440
20151123 092450 8437
20151123 092450 8438
20151123 092453 8435
20151123 092454 8434
20151123 092454 8435
20151123 092459 8433
20151123 092459 8433
20151123 092500 8432
20151123 092500 8434
20151123 092507 8434
20151123 092515 8435
20151123 092522 8437
20151123 092601 8435
20151123 092602 8434
20151123 092643 8440
20151123 092702 8439
20151123 092725 8439
20151123 092733 8440
20151123 092748 8440
20151123 092753 8440
20151123 092800 8442
20151123 092800 8442
20151123 092800 8442
20151123 092813 8446
20151123 092813 8447
20151123 092824 8446
20151123 092834 8450
20151123 092834 8450
20151123 092839 8451
20151123 092842 8449
20151123 092911 8451
20151123 092958 8451
20151123 093024 8453
20151123 093032 8449
20151123 093033 8448
20151123 093119 8444
20151123 093119 8444
20151123 093119 8444
20151123 093135 8446
20151123 093159 8441
20151123 093200 8440
20151123 093230 8449
20151123 093233 8450
20151123 093317 8449
20151123 093328 8454
20151123 093329 8454
20151123 093354 8456
20151123 093354 8456
20151123 093355 8456
20151123 093356 8456
20151123 093357 8457
20151123 093424 8457
20151123 093424 8458
20151123 093425 8457
20151123 093430 8454
20151123 093442 8452
20151123 093445 8451
20151123 093445 8451
20151123 093445 8452
20151123 093501 8448
20151123 093503 8450
20151123 093508 8453
20151123 093530 8452
20151123 093538 8447
20151123 093539 8447
20151123 093541 8445
20151123 093553 8448
20151123 093611 8444
20151123 093618 8440
20151123 093652 8444
20151123 093702 8442
20151123 093711 8439
20151123 093712 8437
20151123 093712 8438
20151123 093712 8438
20151123 093713 8433
20151123 093713 8434
20151123 093713 8434
20151123 093713 8434
20151123 093713 8434
20151123 093713 8435
20151123 093713 8435
20151123 093715 8430
20151123 093731 8430
20151123 093731 8430
20151123 093751 8433
20151123 093751 8433
20151123 093755 8429
20151123 093759 8429
20151123 093807 8433
20151123 093837 8432
20151123 093843 8431
20151123 093855 8428
20151123 093904 8425
20151123 093916 8426
20151123 093946 8425
20151123 093947 8428
20151123 093949 8434
20151123 094002 8433
20151123 094021 8427
20151123 094024 8425
20151123 094025 8425
20151123 094027 8423
20151123 094027 8423
20151123 094028 8424
20151123 094033 8424
20151123 094034 8424
20151123 094055 8427
20151123 094127 8430
20151123 094146 8426
20151123 094203 8424
20151123 094204 8424
20151123 094206 8421
20151123 094212 8426
20151123 094253 8429
20151123 094307 8431
20151123 094307 8431
20151123 094307 8431
20151123 094307 8431
20151123 094307 8431
20151123 094307 8431
20151123 094310 8433
20151123 094327 8429
20151123 094410 8429
20151123 094430 8435
20151123 094432 8436
20151123 094432 8436
20151123 094432 8436
20151123 094432 8436
20151123 094432 8436
20151123 094432 8436
20151123 094441 8431
20151123 094531 8432
20151123 094600 8428
20151123 094626 8426
20151123 094627 8426
20151123 094627 8426
20151123 094636 8431
20151123 094700 8431
20151123 094717 8432
20151123 094741 8436
20151123 094741 8436
20151123 094826 8431
20151123 094854 8442
20151123 094855 8445
20151123 094855 8445
20151123 094858 8440
20151123 094910 8439
20151123 094920 8439
20151123 095000 8440
20151123 095006 8441
20151123 095006 8441
20151123 095010 8446
20151123 095010 8446
20151123 095044 8444
20151123 095049 8444
20151123 095053 8443
20151123 095108 8442
20151123 095110 8440
20151123 095153 8443
20151123 095153 8443
20151123 095338 8445
20151123 095343 8448
20151123 095402 8450
20151123 095402 8450
20151123 095403 8451
20151123 095403 8452
20151123 095403 8452
20151123 095427 8449
20151123 095433 8451
20151123 095433 8451
20151123 095501 8454
20151123 095538 8448
20151123 095708 8447
20151123 095828 8445
20151123 095829 8445
20151123 095902 8443
20151123 100021 8445
20151123 100146 8441
20151123 100147 8441
20151123 100148 8441
20151123 100148 8442
20151123 100150 8441
20151123 100155 8441
20151123 100155 8441
20151123 100241 8438
20151123 100241 8439
20151123 100241 8439
20151123 100241 8439
20151123 100242 8438
20151123 100245 8436
20151123 100540 8435
20151123 100605 8434
20151123 100606 8434
20151123 100606 8434
20151123 100608 8434
20151123 100608 8434
20151123 100608 8434
20151123 100612 8431
20151123 100650 8431
20151123 100654 8429
20151123 100654 8429
20151123 100654 8430
20151123 100655 8429
20151123 100656 8428
20151123 100657 8427
20151123 100657 8427
20151123 100712 8429
20151123 100754 8425
20151123 100754 8425
20151123 100754 8426
20151123 100754 8426
20151123 100754 8426
20151123 100755 8423
20151123 100804 8419
20151123 100804 8419
20151123 100804 8420
20151123 100804 8420
20151123 100804 8421
20151123 100804 8421
20151123 100804 8421
20151123 100804 8421
20151123 100804 8421
20151123 100805 8417
20151123 100805 8417
20151123 100805 8419
20151123 100806 8420
20151123 100901 8420
20151123 100901 8420
20151123 100902 8420
20151123 100909 8416
20151123 100909 8416
20151123 100909 8416
20151123 100909 8416
20151123 100909 8417
20151123 100910 8413
20151123 100910 8414
20151123 100910 8414
20151123 100910 8414
20151123 100910 8414
20151123 100910 8414
20151123 100924 8420
20151123 100924 8420
20151123 100924 8420
20151123 100924 8420
20151123 100924 8420
20151123 100924 8420
20151123 100924 8420
20151123 100924 8420
20151123 100924 8420
20151123 100924 8420
20151123 100925 8421
20151123 100925 8421
20151123 100925 8421
20151123 100934 8422
20151123 100957 8419
20151123 101009 8420
20151123 101038 8414
20151123 101104 8419
20151123 101104 8419
20151123 101104 8419
20151123 101105 8417
20151123 101105 8417
20151123 101105 8417
20151123 101105 8417
20151123 101105 8417
20151123 101201 8423
20151123 101226 8421
20151123 101330 8423
20151123 101406 8418
20151123 101412 8415
20151123 101412 8416
20151123 101419 8414
20151123 101421 8414
20151123 101556 8424
20151123 101556 8424
20151123 101556 8424
20151123 101556 8424
20151123 101556 8424
20151123 101615 8426
20151123 101739 8425
20151123 101927 8423
20151123 101928 8422
20151123 101932 8421
20151123 101932 8421
20151123 102015 8419
20151123 102015 8419
20151123 102020 8416
20151123 102032 8408
20151123 102032 8408
20151123 102032 8409
20151123 102032 8409
20151123 102032 8410
20151123 102032 8412
20151123 102032 8412
20151123 102032 8413
20151123 102032 8414
20151123 102033 8407
20151123 102033 8407
20151123 102033 8408
20151123 102049 8409
20151123 102101 8410
20151123 102356 8420
20151123 102544 8426
20151123 102544 8426
20151123 102545 8428
20151123 102616 8424
20151123 102753 8421
20151123 102805 8424
20151123 103011 8422
20151123 103023 8419
20151123 103023 8419
20151123 103027 8416
20151123 103027 8418
20151123 103041 8419
20151123 103053 8422
20151123 103222 8424
20151123 103244 8424
20151123 103244 8424
20151123 103254 8421
20151123 103340 8425
20151123 103340 8426
20151123 103413 8425
20151123 103635 8428
20151123 103649 8429
20151123 103740 8432
20151123 103740 8432
20151123 103740 8432
20151123 103740 8432
20151123 103740 8432
20151123 103740 8432
20151123 103741 8434
20151123 103741 8434
20151123 103746 8432
20151123 104225 8430
20151123 104418 8431
20151123 104526 8434
20151123 104540 8432
20151123 104557 8433
20151123 104557 8433
20151123 104649 8435
20151123 104655 8435
20151123 104710 8437
20151123 104745 8437
20151123 104750 8437
20151123 104753 8438
20151123 104801 8440
20151123 104801 8440
20151123 104803 8441
20151123 104821 8444
20151123 104821 8444
20151123 104821 8444
20151123 104821 8444
20151123 104821 8444
20151123 104821 8445
20151123 104821 8445
20151123 104822 8445
20151123 104913 8437
20151123 105148 8439
20151123 105148 8440
20151123 105321 8445
20151123 105321 8446
20151123 105332 8445
20151123 105332 8445
20151123 105335 8445
20151123 105422 8445
20151123 105422 8445
20151123 105422 8445
20151123 105422 8445
20151123 105550 8437
20151123 105706 8442
20151123 110002 8448
20151123 110031 8451
20151123 110031 8451
20151123 110031 8451
20151123 110031 8451
20151123 110031 8451
20151123 110031 8451
20151123 110031 8452
20151123 110031 8452
20151123 110143 8444
20151123 110214 8439
20151123 110214 8439
20151123 110214 8439
20151123 110214 8439
20151123 110214 8440
20151123 110214 8440
20151123 110214 8440
20151123 110304 8440
20151123 110304 8440
20151123 110407 8439
20151123 110407 8439
20151123 110407 8439
20151123 110542 8439
20151123 110619 8436
20151123 110619 8436
20151123 110758 8443
20151123 110853 8441
20151123 110853 8441
20151123 110954 8445
20151123 111015 8449
20151123 111015 8449
20151123 111221 8442
20151123 111222 8442
20151123 111507 8444
20151123 111609 8447
20151123 111633 8443
20151123 111638 8440
20151123 111639 8439
20151123 111658 8439
20151123 111948 8445
20151123 112101 8450
20151123 112102 8453
20151123 112102 8453
20151123 112102 8454
20151123 112102 8454
20151123 112102 8456
20151123 112103 8456
20151123 112103 8456
20151123 112104 8453
20151123 112113 8450
20151123 112113 8450
20151123 112127 8449
20151123 112129 8445
20151123 112251 8448
20151123 112330 8450
20151123 112400 8446
20151123 112440 8445
20151123 112535 8447
20151123 112609 8444
20151123 112615 8444
20151123 112641 8443
20151123 112653 8443
20151123 112742 8436
20151123 113427 8449
20151123 113502 8446
20151123 113616 8446
20151123 113714 8447
20151123 113714 8447
20151123 113714 8447
20151123 113714 8447
20151123 113919 8453
20151123 113920 8453
20151123 113921 8453
20151123 113925 8454
20151123 113940 8456
20151123 113940 8456
20151123 114031 8452
20151123 114202 8456
20151123 114204 8456
20151123 114206 8458
20151123 114206 8458
20151123 114206 8459
20151123 114207 8461
20151123 114207 8461
20151123 114207 8461
20151123 114207 8463
20151123 114207 8464
20151123 114207 8464
20151123 114208 8466
20151123 114208 8466
20151123 114208 8466
20151123 114227 8463
20151123 114307 8466
20151123 114327 8467
20151123 114403 8468
20151123 114411 8468
20151123 114414 8469
20151123 114417 8470
20151123 114417 8471
20151123 114457 8471
20151123 114457 8472
20151123 114457 8473
20151123 114457 8473
20151123 114459 8473
20151123 114459 8473
20151123 114459 8473
20151123 114459 8473
20151123 114501 8475
20151123 114501 8476
20151123 114502 8475
20151123 114502 8478
20151123 114505 8473
20151123 114520 8473
20151123 114520 8474
20151123 114522 8475
20151123 114523 8476
20151123 114523 8476
20151123 114542 8471
20151123 114606 8471
20151123 114620 8469
20151123 114630 8469
20151123 114648 8469
20151123 114656 8469
20151123 114911 8470
20151123 114937 8470
20151123 114944 8470
20151123 115038 8467
20151123 115038 8467
20151123 115038 8467
20151123 115040 8467
20151123 115044 8468
20151123 115047 8467
20151123 115106 8468
20151123 115142 8466
20151123 115144 8466
20151123 115146 8466
20151123 115202 8466
20151123 115240 8466
20151123 115253 8468
20151123 115253 8468
20151123 115253 8468
20151123 115313 8468
20151123 115315 8469
20151123 115428 8468
20151123 115458 8469
20151123 115459 8468
20151123 115503 8470
20151123 115503 8470
20151123 115517 8470
20151123 115519 8470
20151123 115525 8470
20151123 115538 8465
20151123 115548 8471
20151123 115602 8472
20151123 115603 8471
20151123 115619 8473
20151123 115619 8474
20151123 115621 8475
20151123 115621 8475
20151123 115621 8475
20151123 115621 8476
20151123 115621 8476
20151123 115634 8476
20151123 115640 8476
20151123 115705 8476
20151123 115706 8478
20151123 115706 8478
20151123 115706 8478
20151123 115706 8478
20151123 115706 8478
20151123 115706 8478
20151123 115706 8480
20151123 115748 8477
20151123 115844 8479
20151123 115844 8479
20151123 115942 8474
20151123 115950 8475
20151123 120024 8476
20151123 120031 8450
20151123 120108 8475
20151123 120337 8472
20151123 120419 8470
20151123 120421 8468
20151123 120424 8470
20151123 120427 8470
20151123 120450 8467
20151123 120452 8467
20151123 120458 8466
20151123 120458 8467
20151123 120500 8466
20151123 120500 8466
20151123 120506 8469
20151123 120720 8469
20151123 120720 8469
20151123 120720 8469
20151123 120729 8468
20151123 120941 8468
20151123 121251 8470
20151123 121251 8470
20151123 121251 8470
20151123 121251 8470
20151123 121251 8470
20151123 121319 8471
20151123 121619 8468
20151123 121859 8467
20151123 121940 8466
20151123 121957 8464
20151123 121958 8462
20151123 121958 8463
20151123 122031 8458
20151123 122032 8457
20151123 122046 8458
20151123 122049 8458
20151123 122052 8458
20151123 122122 8457
20151123 122125 8457
20151123 122454 8457
20151123 122546 8457
20151123 122547 8457
20151123 122742 8458
20151123 122938 8455
20151123 122938 8456
20151123 122938 8456
20151123 122938 8456
20151123 122939 8454
20151123 122939 8454
20151123 122939 8454
20151123 122939 8454
20151123 123004 8455
20151123 123116 8459
20151123 123155 8458
20151123 123316 8456
20151123 123404 8458
20151123 123732 8455
20151123 123733 8455
20151123 124338 8456
20151123 124342 8456
20151123 124404 8455
20151123 124404 8455
20151123 124406 8455
20151123 124409 8454
20151123 124409 8454
20151123 124409 8454
20151123 124409 8454
20151123 124409 8454
20151123 124417 8455
20151123 124435 8430
20151123 124702 8456
20151123 124732 8456
20151123 124943 8461
20151123 124948 8463
20151123 124951 8463
20151123 124954 8463
20151123 124957 8463
20151123 125002 8463
20151123 125038 8467
20151123 125039 8467
20151123 125039 8467
20151123 125108 8468
20151123 125117 8467
20151123 125121 8468
20151123 125129 8467
20151123 125130 8467
20151123 125228 8471
20151123 125241 8471
20151123 125249 8471
20151123 125503 8470
20151123 125503 8470
20151123 125504 8470
20151123 125518 8472
20151123 125534 8472
20151123 125537 8472
20151123 125538 8472
20151123 125538 8472
20151123 125539 8472
20151123 125705 8472
20151123 125706 8472
20151123 125715 8473
20151123 125721 8474
20151123 125721 8474
20151123 125842 8468
20151123 125843 8468
20151123 125855 8466
20151123 125855 8466
20151123 125949 8471
20151123 125949 8471
20151123 130123 8467
20151123 130123 8467
20151123 130123 8467
20151123 130123 8467
20151123 130123 8467
20151123 130123 8467
20151123 130123 8467
20151123 130123 8467
20151123 130123 8467
20151123 130123 8467
20151123 130315 8465
20151123 130328 8466
20151123 130330 8466
20151123 130330 8466
20151123 130336 8464
20151123 130339 8463
20151123 130409 8463
20151123 130419 8438
20151123 130427 8462
20151123 130430 8462
20151123 130432 8462
20151123 130448 8463
20151123 130448 8463
20151123 130700 8463
20151123 130725 8463
20151123 130936 8467
20151123 131003 8467
20151123 131125 8464
20151123 131337 8442
20151123 131525 8468
20151123 131606 8468
20151123 131624 8470
20151123 131658 8471
20151123 131700 8471
20151123 132027 8471
20151123 132029 8471
20151123 132100 8471
20151123 132100 8471
20151123 132102 8471
20151123 132102 8471
20151123 132130 8471
20151123 132130 8471
20151123 132130 8471
20151123 132151 8471
20151123 132158 8472
20151123 132158 8472
20151123 132249 8473
20151123 132251 8473
20151123 132256 8472
20151123 132259 8472
20151123 132300 8473
20151123 132302 8473
20151123 132449 8473
20151123 132502 8474
20151123 132830 8470
20151123 132846 8469
20151123 132915 8469
20151123 133015 8466
20151123 133024 8465
20151123 133045 8464
20151123 133045 8464
20151123 133053 8465
20151123 133112 8464
20151123 133125 8466
20151123 133126 8466
20151123 133130 8466
20151123 133131 8467
20151123 133151 8467
20151123 133200 8469
20151123 133228 8468
20151123 133231 8468
20151123 133320 8468
20151123 133345 8467
20151123 133512 8467
20151123 133515 8468
20151123 133531 8467
20151123 133531 8467
20151123 133541 8468
20151123 133638 8469
20151123 133714 8470
20151123 133714 8470
20151123 133714 8471
20151123 133727 8470
20151123 133727 8470
20151123 133727 8470
20151123 133749 8471
20151123 133751 8471
20151123 133807 8472
20151123 133823 8473
20151123 133823 8473
20151123 133841 8471
20151123 133914 8471
20151123 133914 8471
20151123 133925 8473
20151123 133925 8473
20151123 133929 8473
20151123 133929 8473
20151123 133935 8473
20151123 133944 8474
20151123 133946 8474
20151123 133946 8474
20151123 134001 8474
20151123 134004 8475
20151123 134006 8474
20151123 134014 8475
20151123 134015 8476
20151123 134016 8476
20151123 134020 8476
20151123 134025 8477
20151123 134026 8477
20151123 134037 8476
20151123 134040 8476
20151123 134114 8476
20151123 134126 8478
20151123 134129 8477
20151123 134133 8477
20151123 134137 8477
20151123 134142 8477
20151123 134142 8477
20151123 134142 8477
20151123 134154 8478
20151123 134154 8479
20151123 134202 8479
20151123 134204 8479
20151123 134220 8480
20151123 134224 8481
20151123 134224 8481
20151123 134224 8481
20151123 134231 8480
20151123 134238 8482
20151123 134241 8481
20151123 134300 8481
20151123 134302 8479
20151123 134305 8479
20151123 134305 8480
20151123 134305 8480
20151123 134305 8480
20151123 134305 8480
20151123 134305 8480
20151123 134305 8480
20151123 134305 8480
20151123 134305 8480
20151123 134305 8480
20151123 134307 8480
20151123 134312 8481
20151123 134317 8480
20151123 134317 8480
20151123 134317 8480
20151123 134317 8480
20151123 134317 8480
20151123 134320 8481
20151123 134321 8481
20151123 134322 8481
20151123 134340 8481
20151123 134340 8481
20151123 134343 8482
20151123 134344 8481
20151123 134346 8482
20151123 134347 8482
20151123 134354 8477
20151123 134400 8483
20151123 134401 8483
20151123 134402 8481
20151123 134407 8481
20151123 134410 8483
20151123 134435 8481
20151123 134440 8482
20151123 134450 8479
20151123 134451 8478
20151123 134451 8478
20151123 134454 8479
20151123 134458 8479
