20151103 084500 8633
20151103 084500 8633
20151103 084500 8633
20151103 084500 8643
20151103 084500 8656
20151103 084500 8657
20151103 084500 8657
20151103 084500 8657
20151103 084500 8658
20151103 084500 8658
20151103 084500 8658
20151103 084500 8658
20151103 084500 8658
20151103 084500 8660
20151103 084500 8660
20151103 084500 8660
20151103 084500 8660
20151103 084500 8660
20151103 084500 8660
20151103 084500 8661
20151103 084500 8661
20151103 084500 8662
20151103 084500 8663
20151103 084500 8663
20151103 084500 8663
20151103 084500 8663
20151103 084500 8663
20151103 084500 8665
20151103 084500 8665
20151103 084500 8665
20151103 084500 8665
20151103 084500 8666
20151103 084500 8666
20151103 084500 8666
20151103 084500 8667
20151103 084501 8665
20151103 084501 8665
20151103 084501 8670
20151103 084502 8669
20151103 084502 8669
20151103 084502 8669
20151103 084502 8672
20151103 084504 8667
20151103 084504 8670
20151103 084504 8670
20151103 084505 8665
20151103 084505 8665
20151103 084505 8665
20151103 084505 8665
20151103 084505 8666
20151103 084505 8666
20151103 084505 8670
20151103 084506 8665
20151103 084506 8665
20151103 084506 8667
20151103 084509 8662
20151103 084513 8664
20151103 084513 8664
20151103 084514 8663
20151103 084514 8664
20151103 084515 8665
20151103 084517 8664
20151103 084519 8663
20151103 084520 8663
20151103 084521 8662
20151103 084529 8661
20151103 084529 8661
20151103 084530 8660
20151103 084531 8659
20151103 084534 8658
20151103 084534 8659
20151103 084540 8659
20151103 084542 8662
20151103 084543 8661
20151103 084548 8660
20151103 084549 8661
20151103 084550 8659
20151103 084551 8660
20151103 084600 8660
20151103 084602 8658
20151103 084602 8658
20151103 084603 8658
20151103 084603 8659
20151103 084611 8660
20151103 084612 8661
20151103 084613 8660
20151103 084616 8661
20151103 084617 8661
20151103 084618 8661
20151103 084619 8661
20151103 084619 8661
20151103 084620 8661
20151103 084620 8661
20151103 084622 8660
20151103 084622 8661
20151103 084622 8661
20151103 084622 8661
20151103 084622 8661
20151103 084622 8661
20151103 084622 8661
20151103 084623 8659
20151103 084623 8661
20151103 084624 8660
20151103 084624 8661
20151103 084624 8661
20151103 084625 8660
20151103 084626 8659
20151103 084626 8659
20151103 084627 8659
20151103 084628 8659
20151103 084634 8656
20151103 084634 8658
20151103 084638 8655
20151103 084639 8656
20151103 084641 8656
20151103 084641 8656
20151103 084649 8656
20151103 084650 8653
20151103 084651 8654
20151103 084702 8652
20151103 084708 8654
20151103 084709 8653
20151103 084712 8652
20151103 084713 8653
20151103 084713 8654
20151103 084714 8654
20151103 084717 8653
20151103 084718 8653
20151103 084718 8653
20151103 084719 8654
20151103 084719 8654
20151103 084724 8653
20151103 084725 8651
20151103 084735 8653
20151103 084737 8653
20151103 084738 8653
20151103 084742 8658
20151103 084746 8654
20151103 084746 8654
20151103 084753 8653
20151103 084759 8651
20151103 084801 8647
20151103 084801 8648
20151103 084801 8648
20151103 084801 8649
20151103 084801 8649
20151103 084801 8650
20151103 084801 8650
20151103 084801 8650
20151103 084801 8650
20151103 084801 8650
20151103 084801 8650
20151103 084801 8652
20151103 084801 8653
20151103 084801 8653
20151103 084802 8649
20151103 084802 8650
20151103 084809 8646
20151103 084812 8649
20151103 084814 8650
20151103 084826 8660
20151103 084830 8652
20151103 084834 8651
20151103 084840 8651
20151103 084844 8651
20151103 084905 8653
20151103 084906 8653
20151103 084911 8654
20151103 084924 8654
20151103 084934 8655
20151103 084940 8655
20151103 085000 8655
20151103 085004 8656
20151103 085007 8654
20151103 085018 8655
20151103 085020 8655
20151103 085103 8643
20151103 085103 8654
20151103 085121 8654
20151103 085123 8661
20151103 085203 8643
20151103 085205 8657
20151103 085224 8658
20151103 085224 8658
20151103 085224 8658
20151103 085224 8658
20151103 085224 8658
20151103 085229 8656
20151103 085235 8659
20151103 085235 8660
20151103 085242 8659
20151103 085245 8658
20151103 085245 8658
20151103 085245 8658
20151103 085245 8658
20151103 085258 8659
20151103 085259 8659
20151103 085300 8659
20151103 085301 8659
20151103 085320 8660
20151103 085321 8661
20151103 085321 8662
20151103 085322 8662
20151103 085322 8662
20151103 085322 8662
20151103 085322 8662
20151103 085322 8662
20151103 085327 8662
20151103 085327 8662
20151103 085331 8662
20151103 085349 8661
20151103 085350 8662
20151103 085401 8662
20151103 085402 8661
20151103 085412 8661
20151103 085420 8661
20151103 085420 8661
20151103 085535 8658
20151103 085536 8658
20151103 085543 8659
20151103 085551 8657
20151103 085608 8657
20151103 085622 8658
20151103 085626 8658
20151103 085706 8658
20151103 085709 8658
20151103 085820 8659
20151103 085834 8658
20151103 085844 8659
20151103 085916 8660
20151103 090000 8660
20151103 090000 8660
20151103 090000 8661
20151103 090000 8661
20151103 090000 8662
20151103 090000 8662
20151103 090000 8662
20151103 090000 8662
20151103 090000 8662
20151103 090000 8662
20151103 090000 8662
20151103 090000 8662
20151103 090002 8663
20151103 090002 8664
20151103 090002 8664
20151103 090002 8664
20151103 090002 8664
20151103 090002 8664
20151103 090002 8664
20151103 090002 8664
20151103 090002 8665
20151103 090002 8665
20151103 090003 8664
20151103 090011 8661
20151103 090011 8662
20151103 090013 8664
20151103 090014 8665
20151103 090014 8665
20151103 090014 8665
20151103 090014 8665
20151103 090015 8666
20151103 090015 8666
20151103 090015 8666
20151103 090015 8666
20151103 090015 8667
20151103 090015 8667
20151103 090015 8667
20151103 090015 8667
20151103 090015 8667
20151103 090015 8667
20151103 090015 8667
20151103 090015 8667
20151103 090015 8667
20151103 090015 8668
20151103 090015 8668
20151103 090015 8668
20151103 090015 8668
20151103 090015 8669
20151103 090015 8669
20151103 090016 8668
20151103 090016 8669
20151103 090016 8669
20151103 090016 8670
20151103 090016 8670
20151103 090016 8670
20151103 090016 8670
20151103 090018 8669
20151103 090019 8669
20151103 090019 8670
20151103 090019 8671
20151103 090019 8671
20151103 090019 8672
20151103 090019 8672
20151103 090019 8672
20151103 090019 8672
20151103 090019 8672
20151103 090019 8672
20151103 090019 8672
20151103 090019 8672
20151103 090019 8672
20151103 090019 8673
20151103 090019 8674
20151103 090019 8674
20151103 090019 8674
20151103 090019 8674
20151103 090019 8674
20151103 090021 8671
20151103 090021 8677
20151103 090022 8672
20151103 090024 8671
20151103 090025 8669
20151103 090045 8665
20151103 090051 8667
20151103 090052 8667
20151103 090054 8664
20151103 090100 8666
20151103 090101 8667
20151103 090101 8667
20151103 090101 8667
20151103 090101 8667
20151103 090102 8667
20151103 090102 8667
20151103 090102 8667
20151103 090102 8667
20151103 090108 8667
20151103 090108 8668
20151103 090108 8668
20151103 090108 8668
20151103 090109 8669
20151103 090109 8669
20151103 090109 8669
20151103 090110 8669
20151103 090110 8669
20151103 090110 8670
20151103 090111 8671
20151103 090111 8671
20151103 090111 8671
20151103 090115 8672
20151103 090117 8669
20151103 090122 8670
20151103 090130 8667
20151103 090134 8667
20151103 090135 8667
20151103 090138 8668
20151103 090143 8668
20151103 090144 8668
20151103 090153 8664
20151103 090153 8665
20151103 090204 8663
20151103 090205 8664
20151103 090208 8665
20151103 090222 8667
20151103 090301 8664
20151103 090302 8667
20151103 090303 8667
20151103 090314 8669
20151103 090314 8670
20151103 090314 8671
20151103 090314 8671
20151103 090314 8672
20151103 090314 8672
20151103 090314 8672
20151103 090314 8672
20151103 090314 8672
20151103 090314 8672
20151103 090314 8672
20151103 090314 8672
20151103 090314 8672
20151103 090314 8672
20151103 090314 8673
20151103 090318 8672
20151103 090320 8670
20151103 090332 8670
20151103 090335 8671
20151103 090335 8671
20151103 090338 8670
20151103 090341 8670
20151103 090342 8669
20151103 090343 8670
20151103 090349 8670
20151103 090351 8669
20151103 090357 8670
20151103 090401 8672
20151103 090401 8672
20151103 090401 8672
20151103 090402 8673
20151103 090402 8674
20151103 090402 8675
20151103 090402 8675
20151103 090402 8675
20151103 090402 8675
20151103 090402 8675
20151103 090402 8675
20151103 090402 8676
20151103 090402 8676
20151103 090402 8677
20151103 090402 8677
20151103 090402 8677
20151103 090402 8677
20151103 090402 8677
20151103 090402 8677
20151103 090402 8677
20151103 090402 8677
20151103 090402 8677
20151103 090402 8677
20151103 090404 8675
20151103 090404 8677
20151103 090406 8672
20151103 090407 8673
20151103 090407 8673
20151103 090409 8675
20151103 090416 8672
20151103 090418 8671
20151103 090419 8667
20151103 090422 8668
20151103 090428 8663
20151103 090428 8663
20151103 090428 8663
20151103 090429 8664
20151103 090438 8661
20151103 090439 8662
20151103 090440 8662
20151103 090440 8662
20151103 090440 8662
20151103 090440 8662
20151103 090440 8663
20151103 090440 8663
20151103 090440 8663
20151103 090440 8663
20151103 090440 8663
20151103 090440 8663
20151103 090446 8662
20151103 090448 8663
20151103 090451 8663
20151103 090454 8663
20151103 090501 8667
20151103 090501 8668
20151103 090501 8668
20151103 090504 8669
20151103 090504 8669
20151103 090504 8669
20151103 090508 8675
20151103 090508 8675
20151103 090509 8672
20151103 090509 8673
20151103 090509 8673
20151103 090513 8672
20151103 090522 8667
20151103 090523 8667
20151103 090528 8668
20151103 090535 8665
20151103 090537 8664
20151103 090542 8662
20151103 090548 8661
20151103 090550 8660
20151103 090550 8660
20151103 090551 8659
20151103 090551 8660
20151103 090552 8662
20151103 090553 8657
20151103 090553 8661
20151103 090556 8658
20151103 090557 8659
20151103 090605 8658
20151103 090605 8658
20151103 090606 8659
20151103 090607 8659
20151103 090607 8659
20151103 090617 8659
20151103 090618 8658
20151103 090626 8658
20151103 090631 8660
20151103 090631 8660
20151103 090635 8661
20151103 090704 8660
20151103 090717 8660
20151103 090717 8661
20151103 090754 8655
20151103 090755 8652
20151103 090755 8653
20151103 090755 8653
20151103 090755 8653
20151103 090755 8653
20151103 090755 8654
20151103 090755 8655
20151103 090755 8655
20151103 090755 8655
20151103 090755 8655
20151103 090811 8654
20151103 090813 8654
20151103 090815 8656
20151103 090821 8654
20151103 090826 8654
20151103 090827 8656
20151103 090846 8657
20151103 090849 8657
20151103 090850 8656
20151103 090850 8657
20151103 090852 8657
20151103 090852 8658
20151103 090853 8658
20151103 090853 8659
20151103 090853 8659
20151103 090853 8661
20151103 090854 8661
20151103 090858 8660
20151103 090858 8660
20151103 090858 8660
20151103 090859 8660
20151103 090900 8659
20151103 090900 8662
20151103 090901 8663
20151103 090902 8667
20151103 090902 8667
20151103 090902 8667
20151103 090902 8667
20151103 090902 8667
20151103 090916 8661
20151103 090926 8662
20151103 090953 8660
20151103 090956 8660
20151103 090956 8660
20151103 091000 8660
20151103 091007 8658
20151103 091007 8658
20151103 091021 8657
20151103 091023 8658
20151103 091044 8657
20151103 091044 8657
20151103 091113 8660
20151103 091113 8660
20151103 091113 8660
20151103 091114 8660
20151103 091115 8661
20151103 091117 8662
20151103 091123 8662
20151103 091127 8659
20151103 091137 8659
20151103 091149 8662
20151103 091149 8662
20151103 091149 8662
20151103 091149 8663
20151103 091203 8667
20151103 091204 8667
20151103 091204 8667
20151103 091204 8667
20151103 091204 8667
20151103 091204 8667
20151103 091204 8667
20151103 091204 8668
20151103 091204 8668
20151103 091204 8668
20151103 091207 8667
20151103 091240 8663
20151103 091304 8668
20151103 091304 8668
20151103 091304 8668
20151103 091304 8668
20151103 091305 8669
20151103 091305 8672
20151103 091305 8672
20151103 091305 8672
20151103 091305 8672
20151103 091305 8673
20151103 091305 8674
20151103 091305 8674
20151103 091305 8674
20151103 091305 8674
20151103 091305 8675
20151103 091305 8675
20151103 091305 8675
20151103 091305 8675
20151103 091305 8675
20151103 091306 8677
20151103 091306 8677
20151103 091306 8677
20151103 091306 8677
20151103 091306 8677
20151103 091306 8677
20151103 091306 8677
20151103 091306 8678
20151103 091306 8678
20151103 091306 8678
20151103 091306 8678
20151103 091306 8678
20151103 091306 8678
20151103 091306 8679
20151103 091306 8679
20151103 091306 8679
20151103 091306 8679
20151103 091306 8679
20151103 091306 8680
20151103 091306 8680
20151103 091306 8680
20151103 091306 8680
20151103 091306 8680
20151103 091306 8680
20151103 091306 8681
20151103 091306 8681
20151103 091306 8681
20151103 091306 8681
20151103 091306 8681
20151103 091306 8681
20151103 091306 8681
20151103 091306 8682
20151103 091306 8682
20151103 091306 8682
20151103 091306 8682
20151103 091306 8682
20151103 091306 8682
20151103 091306 8682
20151103 091306 8682
20151103 091306 8682
20151103 091306 8682
20151103 091306 8682
20151103 091306 8682
20151103 091306 8682
20151103 091306 8682
20151103 091306 8682
20151103 091306 8682
20151103 091306 8682
20151103 091306 8682
20151103 091306 8682
20151103 091306 8682
20151103 091306 8682
20151103 091306 8682
20151103 091306 8682
20151103 091306 8683
20151103 091306 8683
20151103 091306 8683
20151103 091306 8684
20151103 091306 8684
20151103 091306 8684
20151103 091306 8684
20151103 091306 8684
20151103 091306 8685
20151103 091306 8685
20151103 091306 8685
20151103 091307 8686
20151103 091307 8686
20151103 091308 8684
20151103 091308 8687
20151103 091308 8687
20151103 091308 8687
20151103 091308 8687
20151103 091309 8679
20151103 091309 8679
20151103 091309 8679
20151103 091309 8679
20151103 091309 8679
20151103 091309 8680
20151103 091309 8681
20151103 091309 8681
20151103 091309 8681
20151103 091309 8681
20151103 091309 8681
20151103 091309 8681
20151103 091309 8681
20151103 091309 8682
20151103 091309 8682
20151103 091309 8682
20151103 091309 8686
20151103 091309 8688
20151103 091310 8685
20151103 091310 8688
20151103 091310 8688
20151103 091312 8683
20151103 091316 8685
20151103 091317 8678
20151103 091317 8678
20151103 091317 8678
20151103 091317 8678
20151103 091317 8678
20151103 091318 8678
20151103 091318 8678
20151103 091318 8678
20151103 091318 8678
20151103 091318 8678
20151103 091320 8682
20151103 091320 8682
20151103 091322 8681
20151103 091322 8681
20151103 091322 8682
20151103 091324 8669
20151103 091324 8682
20151103 091330 8681
20151103 091343 8683
20151103 091345 8682
20151103 091346 8684
20151103 091346 8684
20151103 091348 8684
20151103 091349 8684
20151103 091349 8685
20151103 091352 8687
20151103 091352 8687
20151103 091352 8688
20151103 091352 8688
20151103 091353 8688
20151103 091354 8686
20151103 091359 8686
20151103 091400 8686
20151103 091402 8689
20151103 091402 8690
20151103 091402 8690
20151103 091402 8690
20151103 091402 8690
20151103 091402 8690
20151103 091402 8690
20151103 091402 8690
20151103 091403 8690
20151103 091403 8690
20151103 091403 8690
20151103 091403 8690
20151103 091403 8691
20151103 091403 8691
20151103 091403 8691
20151103 091403 8691
20151103 091403 8691
20151103 091403 8691
20151103 091404 8691
20151103 091404 8692
20151103 091404 8692
20151103 091404 8692
20151103 091404 8692
20151103 091404 8692
20151103 091405 8692
20151103 091405 8692
20151103 091405 8692
20151103 091405 8692
20151103 091405 8693
20151103 091406 8692
20151103 091408 8692
20151103 091409 8693
20151103 091411 8690
20151103 091416 8691
20151103 091417 8692
20151103 091417 8692
20151103 091418 8694
20151103 091418 8694
20151103 091420 8693
20151103 091420 8693
20151103 091420 8695
20151103 091421 8695
20151103 091421 8695
20151103 091424 8693
20151103 091425 8695
20151103 091430 8694
20151103 091435 8692
20151103 091442 8692
20151103 091443 8692
20151103 091445 8692
20151103 091445 8692
20151103 091445 8692
20151103 091447 8690
20151103 091447 8690
20151103 091447 8690
20151103 091447 8690
20151103 091447 8690
20151103 091447 8690
20151103 091447 8690
20151103 091447 8690
20151103 091450 8694
20151103 091452 8694
20151103 091452 8694
20151103 091453 8694
20151103 091454 8694
20151103 091500 8695
20151103 091500 8695
20151103 091500 8695
20151103 091500 8695
20151103 091500 8696
20151103 091500 8696
20151103 091500 8696
20151103 091500 8696
20151103 091500 8696
20151103 091500 8697
20151103 091500 8697
20151103 091500 8697
20151103 091500 8697
20151103 091500 8697
20151103 091500 8697
20151103 091500 8697
20151103 091500 8697
20151103 091500 8697
20151103 091500 8697
20151103 091500 8697
20151103 091500 8697
20151103 091500 8697
20151103 091500 8697
20151103 091500 8698
20151103 091500 8698
20151103 091500 8698
20151103 091500 8699
20151103 091501 8699
20151103 091501 8700
20151103 091502 8694
20151103 091502 8695
20151103 091502 8700
20151103 091502 8700
20151103 091502 8700
20151103 091502 8700
20151103 091502 8700
20151103 091502 8700
20151103 091503 8700
20151103 091503 8700
20151103 091503 8701
20151103 091503 8701
20151103 091503 8701
20151103 091503 8701
20151103 091506 8701
20151103 091507 8702
20151103 091508 8699
20151103 091508 8702
20151103 091515 8698
20151103 091519 8698
20151103 091525 8697
20151103 091528 8699
20151103 091529 8701
20151103 091529 8702
20151103 091529 8702
20151103 091529 8702
20151103 091529 8702
20151103 091529 8702
20151103 091529 8702
20151103 091529 8702
20151103 091529 8702
20151103 091529 8702
20151103 091529 8702
20151103 091529 8702
20151103 091529 8702
20151103 091529 8702
20151103 091529 8702
20151103 091529 8702
20151103 091529 8702
20151103 091529 8702
20151103 091529 8702
20151103 091529 8702
20151103 091530 8703
20151103 091530 8703
20151103 091530 8703
20151103 091530 8703
20151103 091530 8703
20151103 091531 8694
20151103 091531 8704
20151103 091531 8704
20151103 091531 8704
20151103 091531 8704
20151103 091531 8704
20151103 091532 8705
20151103 091534 8702
20151103 091537 8704
20151103 091538 8705
20151103 091538 8705
20151103 091538 8705
20151103 091538 8705
20151103 091540 8698
20151103 091540 8705
20151103 091540 8705
20151103 091542 8706
20151103 091550 8706
20151103 091550 8707
20151103 091550 8707
20151103 091551 8707
20151103 091552 8708
20151103 091552 8708
20151103 091552 8708
20151103 091553 8708
20151103 091554 8706
20151103 091554 8706
20151103 091554 8708
20151103 091555 8708
20151103 091555 8708
20151103 091555 8708
20151103 091555 8708
20151103 091555 8708
20151103 091555 8709
20151103 091555 8709
20151103 091556 8709
20151103 091558 8710
20151103 091600 8707
20151103 091600 8707
20151103 091604 8706
20151103 091605 8706
20151103 091609 8705
20151103 091610 8704
20151103 091610 8704
20151103 091610 8704
20151103 091612 8704
20151103 091614 8703
20151103 091616 8703
20151103 091617 8702
20151103 091617 8704
20151103 091618 8702
20151103 091624 8700
20151103 091625 8702
20151103 091626 8701
20151103 091627 8701
20151103 091629 8702
20151103 091629 8702
20151103 091630 8702
20151103 091630 8702
20151103 091631 8703
20151103 091631 8703
20151103 091631 8705
20151103 091638 8701
20151103 091638 8702
20151103 091638 8703
20151103 091638 8703
20151103 091639 8702
20151103 091642 8705
20151103 091647 8703
20151103 091648 8702
20151103 091650 8702
20151103 091651 8703
20151103 091651 8703
20151103 091652 8700
20151103 091652 8702
20151103 091653 8702
20151103 091657 8703
20151103 091700 8704
20151103 091706 8702
20151103 091708 8703
20151103 091708 8703
20151103 091708 8704
20151103 091708 8704
20151103 091708 8704
20151103 091710 8703
20151103 091717 8702
20151103 091718 8702
20151103 091722 8701
20151103 091723 8700
20151103 091725 8701
20151103 091725 8701
20151103 091725 8701
20151103 091727 8701
20151103 091727 8701
20151103 091730 8701
20151103 091740 8701
20151103 091747 8703
20151103 091747 8703
20151103 091748 8704
20151103 091748 8704
20151103 091748 8704
20151103 091801 8702
20151103 091804 8701
20151103 091812 8702
20151103 091815 8702
20151103 091816 8701
20151103 091816 8701
20151103 091816 8702
20151103 091818 8701
20151103 091822 8702
20151103 091826 8702
20151103 091834 8702
20151103 091835 8700
20151103 091835 8701
20151103 091838 8700
20151103 091850 8700
20151103 091851 8701
20151103 091852 8700
20151103 091859 8701
20151103 091900 8701
20151103 091900 8701
20151103 091900 8701
20151103 091900 8701
20151103 091900 8701
20151103 091900 8701
20151103 091900 8701
20151103 091900 8701
20151103 091900 8701
20151103 091901 8703
20151103 091901 8703
20151103 091901 8703
20151103 091901 8703
20151103 091901 8703
20151103 091901 8703
20151103 091901 8703
20151103 091902 8702
20151103 091903 8703
20151103 091903 8703
20151103 091903 8703
20151103 091903 8703
20151103 091904 8702
20151103 091904 8703
20151103 091905 8703
20151103 091905 8704
20151103 091906 8703
20151103 091906 8704
20151103 091906 8704
20151103 091906 8704
20151103 091907 8704
20151103 091908 8703
20151103 091910 8703
20151103 091914 8703
20151103 091914 8703
20151103 091914 8705
20151103 091917 8703
20151103 091922 8700
20151103 091925 8703
20151103 091925 8703
20151103 091925 8703
20151103 091927 8701
20151103 091929 8701
20151103 091935 8704
20151103 091942 8702
20151103 091945 8701
20151103 091949 8701
20151103 091952 8703
20151103 091954 8703
20151103 092001 8701
20151103 092001 8701
20151103 092003 8701
20151103 092005 8701
20151103 092009 8701
20151103 092012 8698
20151103 092030 8697
20151103 092030 8697
20151103 092030 8697
20151103 092030 8697
20151103 092030 8697
20151103 092057 8695
20151103 092115 8700
20151103 092142 8700
20151103 092157 8690
20151103 092157 8690
20151103 092225 8695
20151103 092226 8682
20151103 092251 8696
20151103 092251 8696
20151103 092307 8699
20151103 092307 8699
20151103 092307 8699
20151103 092307 8700
20151103 092332 8699
20151103 092333 8699
20151103 092343 8699
20151103 092343 8699
20151103 092348 8699
20151103 092351 8699
20151103 092354 8698
20151103 092354 8698
20151103 092425 8698
20151103 092425 8698
20151103 092438 8698
20151103 092506 8702
20151103 092517 8701
20151103 092540 8692
20151103 092551 8703
20151103 092555 8703
20151103 092555 8703
20151103 092555 8703
20151103 092555 8703
20151103 092555 8703
20151103 092555 8703
20151103 092555 8703
20151103 092555 8703
20151103 092555 8703
20151103 092555 8703
20151103 092555 8703
20151103 092555 8703
20151103 092556 8703
20151103 092556 8703
20151103 092556 8704
20151103 092556 8704
20151103 092556 8704
20151103 092556 8704
20151103 092556 8704
20151103 092556 8704
20151103 092556 8704
20151103 092556 8704
20151103 092558 8698
20151103 092558 8705
20151103 092558 8705
20151103 092558 8705
20151103 092558 8706
20151103 092600 8707
20151103 092602 8706
20151103 092603 8707
20151103 092603 8707
20151103 092603 8708
20151103 092606 8700
20151103 092607 8709
20151103 092608 8704
20151103 092608 8708
20151103 092608 8709
20151103 092608 8709
20151103 092608 8711
20151103 092608 8711
20151103 092608 8711
20151103 092608 8711
20151103 092608 8711
20151103 092608 8711
20151103 092608 8712
20151103 092608 8712
20151103 092608 8712
20151103 092608 8712
20151103 092608 8713
20151103 092608 8713
20151103 092608 8713
20151103 092608 8713
20151103 092608 8713
20151103 092608 8713
20151103 092608 8713
20151103 092608 8713
20151103 092608 8713
20151103 092608 8713
20151103 092608 8713
20151103 092608 8713
20151103 092609 8705
20151103 092609 8705
20151103 092609 8714
20151103 092609 8714
20151103 092609 8714
20151103 092609 8715
20151103 092609 8715
20151103 092609 8715
20151103 092609 8715
20151103 092609 8715
20151103 092609 8716
20151103 092609 8716
20151103 092609 8716
20151103 092609 8716
20151103 092609 8716
20151103 092609 8716
20151103 092609 8717
20151103 092609 8717
20151103 092609 8717
20151103 092609 8717
20151103 092609 8718
20151103 092609 8718
20151103 092609 8718
20151103 092609 8718
20151103 092609 8718
20151103 092609 8718
20151103 092609 8718
20151103 092610 8705
20151103 092610 8714
20151103 092610 8714
20151103 092610 8716
20151103 092610 8717
20151103 092611 8716
20151103 092611 8716
20151103 092611 8716
20151103 092611 8716
20151103 092612 8705
20151103 092613 8704
20151103 092614 8715
20151103 092615 8716
20151103 092615 8718
20151103 092621 8718
20151103 092621 8718
20151103 092621 8718
20151103 092628 8715
20151103 092636 8717
20151103 092637 8717
20151103 092642 8716
20151103 092651 8715
20151103 092654 8712
20151103 092656 8715
20151103 092701 8719
20151103 092701 8719
20151103 092701 8719
20151103 092701 8719
20151103 092701 8719
20151103 092702 8721
20151103 092703 8722
20151103 092703 8722
20151103 092703 8722
20151103 092703 8722
20151103 092703 8722
20151103 092703 8722
20151103 092703 8722
20151103 092703 8722
20151103 092704 8722
20151103 092720 8722
20151103 092720 8722
20151103 092720 8723
20151103 092720 8723
20151103 092721 8721
20151103 092721 8724
20151103 092721 8724
20151103 092722 8725
20151103 092722 8726
20151103 092722 8726
20151103 092722 8726
20151103 092722 8726
20151103 092722 8726
20151103 092722 8726
20151103 092722 8726
20151103 092722 8726
20151103 092722 8726
20151103 092722 8727
20151103 092722 8727
20151103 092722 8727
20151103 092722 8727
20151103 092722 8728
20151103 092722 8728
20151103 092723 8710
20151103 092726 8728
20151103 092727 8729
20151103 092727 8729
20151103 092730 8726
20151103 092730 8727
20151103 092735 8727
20151103 092735 8727
20151103 092735 8727
20151103 092735 8727
20151103 092743 8727
20151103 092747 8728
20151103 092753 8730
20151103 092757 8730
20151103 092800 8731
20151103 092801 8730
20151103 092807 8731
20151103 092809 8730
20151103 092812 8727
20151103 092812 8729
20151103 092813 8726
20151103 092813 8726
20151103 092813 8726
20151103 092813 8726
20151103 092815 8727
20151103 092816 8724
20151103 092819 8722
20151103 092826 8725
20151103 092827 8725
20151103 092827 8726
20151103 092827 8727
20151103 092828 8722
20151103 092828 8725
20151103 092832 8725
20151103 092841 8726
20151103 092842 8727
20151103 092844 8726
20151103 092845 8713
20151103 092847 8728
20151103 092848 8727
20151103 092852 8728
20151103 092853 8730
20151103 092853 8731
20151103 092853 8731
20151103 092853 8731
20151103 092853 8731
20151103 092854 8730
20151103 092905 8720
20151103 092905 8720
20151103 092929 8730
20151103 092931 8731
20151103 092933 8732
20151103 092933 8732
20151103 092940 8725
20151103 092948 8732
20151103 092950 8734
20151103 092951 8736
20151103 092952 8734
20151103 092952 8736
20151103 092953 8735
20151103 092953 8736
20151103 092956 8736
20151103 092956 8737
20151103 092957 8735
20151103 092957 8735
20151103 093000 8734
20151103 093002 8722
20151103 093002 8724
20151103 093002 8725
20151103 093002 8725
20151103 093002 8725
20151103 093002 8726
20151103 093002 8728
20151103 093002 8729
20151103 093005 8733
20151103 093006 8734
20151103 093006 8734
20151103 093006 8735
20151103 093008 8735
20151103 093009 8733
20151103 093009 8733
20151103 093009 8734
20151103 093016 8730
20151103 093024 8722
20151103 093024 8724
20151103 093024 8728
20151103 093026 8729
20151103 093028 8728
20151103 093029 8729
20151103 093031 8727
20151103 093031 8727
20151103 093031 8727
20151103 093031 8727
20151103 093031 8727
20151103 093031 8727
20151103 093031 8727
20151103 093034 8727
20151103 093038 8728
20151103 093043 8729
20151103 093044 8728
20151103 093100 8727
20151103 093105 8729
20151103 093108 8728
20151103 093123 8726
20151103 093123 8726
20151103 093128 8725
20151103 093128 8725
20151103 093131 8726
20151103 093132 8725
20151103 093133 8725
20151103 093135 8726
20151103 093136 8725
20151103 093136 8725
20151103 093137 8724
20151103 093139 8724
20151103 093201 8725
20151103 093217 8726
20151103 093222 8713
20151103 093235 8726
20151103 093245 8726
20151103 093258 8725
20151103 093301 8727
20151103 093302 8728
20151103 093302 8728
20151103 093302 8728
20151103 093302 8728
20151103 093302 8728
20151103 093302 8728
20151103 093302 8728
20151103 093311 8727
20151103 093331 8727
20151103 093340 8726
20151103 093345 8726
20151103 093355 8726
20151103 093403 8728
20151103 093403 8729
20151103 093403 8729
20151103 093403 8729
20151103 093404 8729
20151103 093426 8729
20151103 093436 8728
20151103 093447 8730
20151103 093448 8731
20151103 093450 8731
20151103 093450 8731
20151103 093451 8732
20151103 093453 8732
20151103 093454 8732
20151103 093454 8732
20151103 093503 8725
20151103 093510 8728
20151103 093519 8727
20151103 093529 8725
20151103 093529 8726
20151103 093530 8726
20151103 093530 8726
20151103 093530 8726
20151103 093530 8726
20151103 093531 8726
20151103 093540 8724
20151103 093547 8726
20151103 093600 8729
20151103 093625 8725
20151103 093625 8728
20151103 093626 8729
20151103 093630 8728
20151103 093632 8728
20151103 093647 8728
20151103 093656 8728
20151103 093721 8729
20151103 093723 8731
20151103 093724 8731
20151103 093724 8731
20151103 093757 8729
20151103 093818 8715
20151103 093823 8725
20151103 093823 8725
20151103 093823 8725
20151103 093823 8725
20151103 093901 8728
20151103 093903 8728
20151103 093910 8727
20151103 093917 8714
20151103 093917 8726
20151103 093917 8726
20151103 093917 8726
20151103 093929 8725
20151103 093947 8728
20151103 093958 8728
20151103 093959 8727
20151103 094018 8726
20151103 094019 8727
20151103 094021 8726
20151103 094027 8727
20151103 094040 8726
20151103 094055 8725
20151103 094058 8716
20151103 094058 8721
20151103 094058 8721
20151103 094058 8721
20151103 094058 8721
20151103 094058 8721
20151103 094058 8722
20151103 094058 8722
20151103 094106 8720
20151103 094114 8720
20151103 094118 8718
20151103 094156 8719
20151103 094159 8717
20151103 094200 8717
20151103 094201 8716
20151103 094201 8716
20151103 094202 8716
20151103 094203 8718
20151103 094206 8716
20151103 094212 8717
20151103 094301 8704
20151103 094319 8718
20151103 094456 8716
20151103 094500 8720
20151103 094500 8720
20151103 094500 8720
20151103 094500 8720
20151103 094500 8720
20151103 094514 8721
20151103 094515 8721
20151103 094522 8722
20151103 094522 8723
20151103 094522 8723
20151103 094522 8723
20151103 094522 8723
20151103 094522 8723
20151103 094630 8721
20151103 094644 8723
20151103 094647 8725
20151103 094648 8724
20151103 094652 8723
20151103 094654 8725
20151103 094654 8725
20151103 094654 8725
20151103 094654 8726
20151103 094655 8727
20151103 094705 8725
20151103 094752 8718
20151103 094752 8718
20151103 094752 8718
20151103 094753 8717
20151103 094753 8717
20151103 094754 8716
20151103 094754 8716
20151103 094801 8712
20151103 094803 8712
20151103 094843 8717
20151103 094857 8716
20151103 094909 8711
20151103 094910 8716
20151103 094940 8717
20151103 094958 8720
20151103 094958 8720
20151103 094958 8720
20151103 094958 8720
20151103 095013 8720
20151103 095016 8720
20151103 095114 8719
20151103 095121 8717
20151103 095122 8717
20151103 095143 8717
20151103 095144 8716
20151103 095144 8717
20151103 095145 8716
20151103 095147 8715
20151103 095153 8715
20151103 095154 8715
20151103 095221 8706
20151103 095255 8719
20151103 095255 8719
20151103 095320 8716
20151103 095333 8717
20151103 095517 8715
20151103 095518 8714
20151103 095518 8714
20151103 095522 8713
20151103 095603 8718
20151103 095652 8716
20151103 095652 8716
20151103 095655 8714
20151103 095655 8714
20151103 095655 8714
20151103 095655 8715
20151103 095655 8715
20151103 095655 8715
20151103 095658 8713
20151103 095658 8713
20151103 095703 8713
20151103 095832 8713
20151103 095901 8713
20151103 095903 8712
20151103 095904 8712
20151103 095904 8712
20151103 100003 8711
20151103 100003 8711
20151103 100043 8712
20151103 100050 8711
20151103 100050 8711
20151103 100050 8711
20151103 100050 8711
20151103 100051 8704
20151103 100051 8706
20151103 100051 8706
20151103 100051 8706
20151103 100051 8708
20151103 100051 8708
20151103 100051 8708
20151103 100051 8708
20151103 100051 8709
20151103 100051 8709
20151103 100051 8710
20151103 100051 8710
20151103 100051 8710
20151103 100051 8710
20151103 100051 8710
20151103 100051 8710
20151103 100051 8710
20151103 100051 8710
20151103 100052 8704
20151103 100052 8705
20151103 100052 8705
20151103 100052 8707
20151103 100053 8709
20151103 100104 8705
20151103 100106 8705
20151103 100148 8708
20151103 100221 8711
20151103 100303 8713
20151103 100303 8713
20151103 100303 8713
20151103 100303 8713
20151103 100304 8701
20151103 100304 8702
20151103 100304 8702
20151103 100351 8714
20151103 100400 8711
20151103 100405 8713
20151103 100451 8710
20151103 100451 8710
20151103 100504 8711
20151103 100539 8710
20151103 100548 8712
20151103 100610 8710
20151103 100631 8702
20151103 100642 8712
20151103 100736 8712
20151103 100740 8712
20151103 100750 8713
20151103 100754 8713
20151103 100809 8713
20151103 100827 8713
20151103 100834 8711
20151103 100931 8709
20151103 101007 8707
20151103 101022 8706
20151103 101022 8706
20151103 101022 8706
20151103 101121 8700
20151103 101123 8700
20151103 101226 8707
20151103 101243 8709
20151103 101252 8708
20151103 101309 8710
20151103 101309 8710
20151103 101309 8710
20151103 101309 8711
20151103 101309 8711
20151103 101310 8712
20151103 101311 8712
20151103 101311 8712
20151103 101312 8712
20151103 101312 8712
20151103 101313 8712
20151103 101313 8712
20151103 101402 8711
20151103 101435 8709
20151103 101538 8707
20151103 101656 8710
20151103 101700 8710
20151103 101706 8712
20151103 101708 8711
20151103 101710 8711
20151103 101712 8712
20151103 101800 8704
20151103 101802 8701
20151103 101829 8703
20151103 101948 8702
20151103 101948 8702
20151103 101948 8702
20151103 101952 8697
20151103 101952 8698
20151103 101952 8699
20151103 101952 8699
20151103 101952 8699
20151103 101952 8699
20151103 101952 8699
20151103 101952 8699
20151103 101952 8699
20151103 101952 8699
20151103 101952 8699
20151103 101952 8699
20151103 101952 8699
20151103 101952 8699
20151103 101952 8699
20151103 101952 8700
20151103 101958 8701
20151103 102009 8694
20151103 102009 8695
20151103 102037 8703
20151103 102052 8700
20151103 102055 8700
20151103 102147 8707
20151103 102147 8707
20151103 102147 8707
20151103 102147 8707
20151103 102147 8707
20151103 102147 8707
20151103 102151 8707
20151103 102222 8697
20151103 102407 8706
20151103 102420 8706
20151103 102452 8706
20151103 102459 8706
20151103 102546 8704
20151103 102558 8705
20151103 102634 8707
20151103 102645 8710
20151103 102653 8710
20151103 102654 8711
20151103 102736 8713
20151103 102815 8713
20151103 102842 8714
20151103 102842 8714
20151103 102933 8708
20151103 102933 8708
20151103 102940 8711
20151103 103054 8709
20151103 103054 8713
20151103 103147 8712
20151103 103202 8711
20151103 103212 8709
20151103 103212 8709
20151103 103212 8710
20151103 103243 8705
20151103 103259 8694
20151103 103313 8707
20151103 103327 8711
20151103 103327 8711
20151103 103402 8711
20151103 103414 8710
20151103 103504 8710
20151103 103521 8711
20151103 103539 8712
20151103 103550 8713
20151103 103619 8713
20151103 103625 8714
20151103 103625 8714
20151103 103639 8713
20151103 103709 8714
20151103 103709 8714
20151103 103714 8713
20151103 103717 8713
20151103 103803 8713
20151103 103823 8716
20151103 103827 8717
20151103 103828 8718
20151103 103829 8718
20151103 103832 8718
20151103 103859 8719
20151103 103917 8719
20151103 103942 8711
20151103 104009 8721
20151103 104016 8717
20151103 104016 8718
20151103 104016 8718
20151103 104042 8717
20151103 104147 8716
20151103 104348 8717
20151103 104352 8715
20151103 104354 8716
20151103 104458 8713
20151103 104501 8712
20151103 104501 8713
20151103 104501 8713
20151103 104501 8713
20151103 104501 8713
20151103 104502 8713
20151103 104502 8713
20151103 104502 8713
20151103 104503 8713
20151103 104503 8713
20151103 104555 8713
20151103 104815 8713
20151103 104845 8713
20151103 104902 8713
20151103 104908 8716
20151103 104909 8715
20151103 104909 8716
20151103 104910 8716
20151103 104910 8716
20151103 104910 8716
20151103 104915 8717
20151103 104922 8712
20151103 104922 8712
20151103 104922 8712
20151103 104922 8713
20151103 104922 8713
20151103 104922 8713
20151103 104922 8714
20151103 104922 8714
20151103 104923 8716
20151103 104925 8716
20151103 105002 8717
20151103 105046 8718
20151103 105055 8719
20151103 105103 8720
20151103 105103 8721
20151103 105103 8721
20151103 105103 8721
20151103 105103 8721
20151103 105103 8721
20151103 105238 8717
20151103 105238 8717
20151103 105240 8717
20151103 105318 8716
20151103 105323 8716
20151103 105324 8716
20151103 105325 8716
20151103 105841 8713
20151103 105841 8713
20151103 105842 8713
20151103 105844 8712
20151103 105844 8712
20151103 105901 8709
20151103 105901 8710
20151103 105901 8710
20151103 110014 8707
20151103 110015 8707
20151103 110015 8707
20151103 110109 8711
20151103 110109 8711
20151103 110118 8710
20151103 110151 8711
20151103 110725 8712
20151103 110740 8712
20151103 110755 8712
20151103 110800 8711
20151103 110829 8708
20151103 110900 8711
20151103 110904 8711
20151103 111158 8712
20151103 111159 8712
20151103 111231 8713
20151103 111232 8713
20151103 111752 8715
20151103 111801 8715
20151103 111937 8715
20151103 112130 8715
20151103 112236 8715
20151103 112248 8715
20151103 112315 8710
20151103 112554 8716
20151103 112626 8714
20151103 112751 8714
20151103 113001 8713
20151103 113002 8707
20151103 113002 8711
20151103 113002 8712
20151103 113050 8713
20151103 113604 8713
20151103 113605 8713
20151103 113611 8712
20151103 113934 8700
20151103 113934 8700
20151103 113944 8712
20151103 113944 8712
20151103 113946 8712
20151103 114149 8700
20151103 114211 8700
20151103 114238 8714
20151103 114453 8714
20151103 114626 8714
20151103 114632 8714
20151103 114644 8716
20151103 114644 8716
20151103 114702 8715
20151103 114708 8716
20151103 114708 8716
20151103 115016 8716
20151103 115016 8716
20151103 115156 8715
20151103 115407 8713
20151103 115709 8712
20151103 115709 8712
20151103 115712 8712
20151103 115805 8714
20151103 115904 8715
20151103 120253 8710
20151103 120809 8714
20151103 120925 8713
20151103 121011 8712
20151103 121022 8713
20151103 121152 8713
20151103 121302 8716
20151103 121459 8704
20151103 121508 8712
20151103 121508 8718
20151103 121508 8719
20151103 121521 8712
20151103 121522 8720
20151103 121523 8720
20151103 121535 8721
20151103 121837 8719
20151103 122010 8720
20151103 122204 8720
20151103 122217 8720
20151103 122323 8721
20151103 122420 8719
20151103 122527 8720
20151103 122813 8722
20151103 122823 8710
20151103 122836 8725
20151103 122933 8723
20151103 123031 8721
20151103 123209 8725
20151103 123209 8726
20151103 123238 8726
20151103 123304 8727
20151103 123329 8726
20151103 123347 8727
20151103 123410 8720
20151103 123436 8730
20151103 123436 8730
20151103 123436 8730
20151103 123436 8730
20151103 123437 8730
20151103 123438 8731
20151103 123438 8731
20151103 123438 8731
20151103 123438 8731
20151103 123438 8731
20151103 123447 8730
20151103 123501 8732
20151103 123501 8732
20151103 123501 8732
20151103 123501 8732
20151103 123501 8732
20151103 123501 8732
20151103 123501 8732
20151103 123521 8730
20151103 123536 8730
20151103 123607 8728
20151103 123806 8727
20151103 123811 8728
20151103 123902 8716
20151103 124111 8730
20151103 124111 8730
20151103 124111 8730
20151103 124111 8730
20151103 124112 8730
20151103 124140 8729
20151103 124328 8728
20151103 124330 8728
20151103 124333 8728
20151103 124449 8729
20151103 124450 8729
20151103 124450 8729
20151103 124451 8729
20151103 124502 8730
20151103 124502 8730
20151103 124518 8730
20151103 124533 8732
20151103 124702 8732
20151103 124808 8734
20151103 124809 8735
20151103 124809 8735
20151103 124809 8735
20151103 124809 8735
20151103 124809 8736
20151103 124809 8736
20151103 124809 8736
20151103 124809 8736
20151103 124809 8736
20151103 124809 8736
20151103 124809 8736
20151103 124809 8736
20151103 124809 8736
20151103 124809 8736
20151103 124809 8736
20151103 124809 8736
20151103 124809 8736
20151103 124809 8736
20151103 124809 8737
20151103 124809 8737
20151103 124809 8737
20151103 124809 8737
20151103 124809 8737
20151103 124809 8737
20151103 124810 8729
20151103 124810 8738
20151103 124810 8738
20151103 124810 8738
20151103 124810 8738
20151103 124810 8738
20151103 124810 8739
20151103 124810 8739
20151103 124810 8739
20151103 124810 8739
20151103 124810 8739
20151103 124810 8739
20151103 124812 8736
20151103 124827 8735
20151103 124828 8733
20151103 124829 8735
20151103 124832 8734
20151103 124857 8732
20151103 124918 8731
20151103 125007 8731
20151103 125021 8728
20151103 125023 8728
20151103 125023 8728
20151103 125028 8726
20151103 125028 8726
20151103 125028 8726
20151103 125029 8726
20151103 125029 8726
20151103 125046 8726
20151103 125109 8726
20151103 125150 8727
20151103 125234 8723
20151103 125328 8725
20151103 125331 8725
20151103 125343 8726
20151103 125343 8726
20151103 125409 8726
20151103 125649 8724
20151103 125810 8722
20151103 125916 8722
20151103 125918 8718
20151103 130022 8722
20151103 130022 8722
20151103 130340 8723
20151103 130525 8726
20151103 130554 8725
20151103 130701 8724
20151103 130719 8725
20151103 130722 8725
20151103 130741 8725
20151103 130823 8724
20151103 130853 8723
20151103 130953 8723
20151103 131000 8722
20151103 131000 8722
20151103 131001 8722
20151103 131418 8723
20151103 131423 8722
20151103 131425 8720
20151103 131425 8720
20151103 131425 8720
20151103 131425 8721
20151103 131438 8720
20151103 131442 8719
20151103 131444 8719
20151103 131444 8719
20151103 131445 8718
20151103 131445 8718
20151103 131500 8722
20151103 131501 8718
20151103 131502 8717
20151103 131502 8717
20151103 131502 8717
20151103 131557 8720
20151103 131602 8720
20151103 131701 8719
20151103 131848 8719
20151103 131900 8717
20151103 131906 8716
20151103 132001 8716
20151103 132001 8716
20151103 132002 8710
20151103 132002 8710
20151103 132002 8714
20151103 132002 8714
20151103 132002 8715
20151103 132007 8715
20151103 132050 8715
20151103 132104 8716
20151103 132116 8716
20151103 132117 8716
20151103 132209 8716
20151103 132309 8716
20151103 132410 8717
20151103 132501 8717
20151103 132510 8716
20151103 132512 8717
20151103 132512 8717
20151103 132635 8721
20151103 132635 8721
20151103 132716 8721
20151103 132726 8722
20151103 132734 8722
20151103 132903 8717
20151103 132903 8717
20151103 132932 8717
20151103 133000 8716
20151103 133000 8716
20151103 133015 8710
20151103 133015 8715
20151103 133020 8711
20151103 133020 8712
20151103 133057 8716
20151103 133058 8710
20151103 133058 8710
20151103 133058 8715
20151103 133058 8715
20151103 133101 8714
20151103 133102 8714
20151103 133102 8714
20151103 133104 8714
20151103 133104 8716
20151103 133120 8717
20151103 133148 8719
20151103 133241 8714
20151103 133252 8718
20151103 133253 8719
20151103 133300 8711
20151103 133300 8716
20151103 133300 8716
20151103 133300 8716
20151103 133300 8716
20151103 133307 8711
20151103 133307 8711
20151103 133332 8716
20151103 133410 8719
20151103 133501 8712
20151103 133541 8719
20151103 133656 8722
20151103 133700 8722
20151103 133727 8724
20151103 133727 8724
20151103 133727 8724
20151103 133727 8725
20151103 133735 8725
20151103 133735 8726
20151103 133741 8725
20151103 133821 8724
20151103 133834 8714
20151103 133859 8714
20151103 133900 8721
20151103 133900 8721
20151103 133901 8718
20151103 133901 8718
20151103 133901 8718
20151103 133901 8718
20151103 133901 8718
20151103 133901 8719
20151103 133901 8719
20151103 133901 8719
20151103 133901 8720
20151103 133901 8720
20151103 133901 8720
20151103 133901 8720
20151103 133902 8717
20151103 133902 8720
20151103 133928 8718
20151103 133933 8718
20151103 133939 8718
20151103 133943 8718
20151103 133946 8718
20151103 133958 8718
20151103 134000 8718
20151103 134001 8717
20151103 134117 8721
20151103 134154 8724
20151103 134238 8725
20151103 134301 8726
20151103 134308 8725
20151103 134315 8725
20151103 134322 8721
20151103 134322 8721
20151103 134323 8725
20151103 134328 8721
20151103 134331 8721
20151103 134334 8721
20151103 134342 8720
20151103 134343 8715
20151103 134343 8719
20151103 134345 8720
20151103 134346 8719
20151103 134347 8719
20151103 134347 8720
20151103 134348 8719
20151103 134348 8720
20151103 134348 8720
20151103 134349 8721
20151103 134355 8721
20151103 134408 8724
20151103 134411 8721
20151103 134411 8721
20151103 134412 8720
20151103 134412 8720
20151103 134413 8720
20151103 134419 8720
20151103 134419 8720
20151103 134424 8720
20151103 134424 8720
20151103 134424 8720
20151103 134427 8720
20151103 134428 8720
20151103 134429 8720
20151103 134431 8715
20151103 134431 8715
20151103 134433 8720
20151103 134436 8719
20151103 134443 8719
20151103 134443 8719
20151103 134448 8719
20151103 134458 8722
20151103 134459 8722
