20151021 084500 8690
20151021 084500 8690
20151021 084500 8690
20151021 084500 8690
20151021 084500 8690
20151021 084500 8691
20151021 084500 8691
20151021 084500 8692
20151021 084500 8692
20151021 084500 8692
20151021 084500 8692
20151021 084500 8693
20151021 084500 8693
20151021 084500 8693
20151021 084500 8693
20151021 084500 8693
20151021 084500 8694
20151021 084500 8695
20151021 084500 8695
20151021 084500 8695
20151021 084501 8691
20151021 084501 8691
20151021 084501 8691
20151021 084501 8691
20151021 084501 8691
20151021 084501 8691
20151021 084501 8693
20151021 084501 8693
20151021 084501 8693
20151021 084501 8698
20151021 084502 8691
20151021 084502 8691
20151021 084502 8691
20151021 084502 8692
20151021 084503 8690
20151021 084503 8691
20151021 084503 8693
20151021 084503 8693
20151021 084504 8693
20151021 084505 8694
20151021 084505 8694
20151021 084505 8695
20151021 084505 8695
20151021 084506 8693
20151021 084506 8693
20151021 084506 8693
20151021 084506 8693
20151021 084506 8693
20151021 084506 8693
20151021 084506 8693
20151021 084506 8693
20151021 084506 8693
20151021 084506 8693
20151021 084506 8693
20151021 084506 8693
20151021 084506 8694
20151021 084506 8694
20151021 084506 8694
20151021 084506 8694
20151021 084506 8694
20151021 084506 8694
20151021 084506 8694
20151021 084506 8694
20151021 084506 8695
20151021 084506 8695
20151021 084506 8695
20151021 084506 8695
20151021 084506 8695
20151021 084506 8695
20151021 084506 8695
20151021 084506 8695
20151021 084506 8695
20151021 084506 8695
20151021 084506 8695
20151021 084506 8695
20151021 084506 8696
20151021 084506 8696
20151021 084506 8696
20151021 084506 8696
20151021 084506 8696
20151021 084506 8696
20151021 084506 8696
20151021 084506 8696
20151021 084506 8696
20151021 084506 8696
20151021 084506 8696
20151021 084506 8696
20151021 084506 8696
20151021 084506 8696
20151021 084506 8696
20151021 084506 8697
20151021 084506 8697
20151021 084506 8697
20151021 084506 8697
20151021 084506 8697
20151021 084506 8697
20151021 084506 8697
20151021 084506 8697
20151021 084506 8697
20151021 084506 8697
20151021 084506 8697
20151021 084506 8697
20151021 084506 8697
20151021 084506 8697
20151021 084506 8697
20151021 084506 8697
20151021 084506 8697
20151021 084506 8697
20151021 084506 8697
20151021 084506 8697
20151021 084506 8697
20151021 084506 8697
20151021 084506 8697
20151021 084506 8697
20151021 084506 8697
20151021 084506 8697
20151021 084506 8697
20151021 084506 8697
20151021 084506 8697
20151021 084506 8698
20151021 084506 8698
20151021 084506 8698
20151021 084506 8698
20151021 084506 8698
20151021 084506 8698
20151021 084506 8699
20151021 084506 8699
20151021 084506 8699
20151021 084506 8699
20151021 084508 8694
20151021 084508 8695
20151021 084508 8695
20151021 084509 8692
20151021 084514 8695
20151021 084517 8695
20151021 084520 8691
20151021 084520 8691
20151021 084520 8692
20151021 084523 8689
20151021 084526 8687
20151021 084537 8692
20151021 084538 8691
20151021 084549 8693
20151021 084549 8693
20151021 084550 8693
20151021 084553 8693
20151021 084556 8693
20151021 084556 8693
20151021 084556 8693
20151021 084600 8693
20151021 084600 8695
20151021 084600 8695
20151021 084600 8695
20151021 084600 8695
20151021 084606 8693
20151021 084606 8694
20151021 084608 8689
20151021 084608 8692
20151021 084608 8693
20151021 084618 8693
20151021 084620 8694
20151021 084621 8694
20151021 084622 8693
20151021 084622 8694
20151021 084623 8694
20151021 084623 8694
20151021 084623 8694
20151021 084631 8693
20151021 084637 8693
20151021 084637 8693
20151021 084637 8693
20151021 084637 8694
20151021 084639 8694
20151021 084639 8694
20151021 084640 8694
20151021 084645 8694
20151021 084648 8694
20151021 084654 8695
20151021 084657 8694
20151021 084657 8694
20151021 084704 8696
20151021 084712 8696
20151021 084713 8693
20151021 084720 8692
20151021 084725 8692
20151021 084734 8696
20151021 084735 8695
20151021 084748 8697
20151021 084754 8698
20151021 084754 8698
20151021 084754 8698
20151021 084801 8698
20151021 084803 8698
20151021 084805 8698
20151021 084805 8698
20151021 084805 8698
20151021 084805 8698
20151021 084806 8693
20151021 084822 8698
20151021 084824 8697
20151021 084829 8698
20151021 084829 8698
20151021 084829 8698
20151021 084830 8698
20151021 084830 8698
20151021 084830 8698
20151021 084830 8698
20151021 084831 8697
20151021 084831 8697
20151021 084831 8697
20151021 084831 8697
20151021 084842 8698
20151021 084852 8689
20151021 084854 8698
20151021 084901 8697
20151021 084901 8697
20151021 084901 8697
20151021 084902 8699
20151021 084902 8699
20151021 084902 8699
20151021 084902 8699
20151021 084902 8699
20151021 084902 8699
20151021 084902 8699
20151021 084902 8699
20151021 084902 8699
20151021 084902 8699
20151021 084902 8699
20151021 084902 8699
20151021 084902 8699
20151021 084903 8699
20151021 084903 8699
20151021 084903 8699
20151021 084903 8699
20151021 084903 8699
20151021 084903 8699
20151021 084903 8700
20151021 084903 8700
20151021 084907 8700
20151021 084927 8698
20151021 084935 8700
20151021 084935 8700
20151021 084935 8700
20151021 084935 8700
20151021 084935 8700
20151021 084935 8700
20151021 084935 8700
20151021 084935 8701
20151021 084935 8701
20151021 084935 8701
20151021 084935 8701
20151021 084938 8696
20151021 084938 8701
20151021 084940 8695
20151021 084940 8695
20151021 084943 8700
20151021 084945 8700
20151021 084946 8701
20151021 084949 8696
20151021 085001 8701
20151021 085001 8701
20151021 085001 8701
20151021 085001 8701
20151021 085003 8702
20151021 085003 8702
20151021 085003 8702
20151021 085003 8702
20151021 085003 8702
20151021 085004 8702
20151021 085004 8702
20151021 085005 8703
20151021 085005 8703
20151021 085005 8703
20151021 085007 8703
20151021 085008 8703
20151021 085009 8703
20151021 085010 8702
20151021 085011 8703
20151021 085013 8704
20151021 085014 8703
20151021 085014 8703
20151021 085015 8702
20151021 085015 8702
20151021 085015 8702
20151021 085015 8702
20151021 085015 8702
20151021 085015 8702
20151021 085015 8702
20151021 085015 8702
20151021 085015 8702
20151021 085015 8702
20151021 085015 8702
20151021 085015 8702
20151021 085015 8702
20151021 085015 8702
20151021 085015 8702
20151021 085015 8702
20151021 085015 8702
20151021 085015 8702
20151021 085015 8702
20151021 085015 8702
20151021 085015 8702
20151021 085015 8702
20151021 085015 8702
20151021 085015 8702
20151021 085017 8702
20151021 085041 8697
20151021 085041 8697
20151021 085052 8697
20151021 085053 8703
20151021 085057 8703
20151021 085118 8702
20151021 085129 8694
20151021 085129 8701
20151021 085133 8694
20151021 085139 8693
20151021 085140 8693
20151021 085211 8702
20151021 085231 8702
20151021 085238 8694
20151021 085246 8694
20151021 085257 8692
20151021 085258 8700
20151021 085259 8692
20151021 085259 8701
20151021 085345 8685
20151021 085349 8692
20151021 085408 8690
20151021 085425 8696
20151021 085433 8697
20151021 085447 8697
20151021 085508 8698
20151021 085542 8690
20151021 085542 8690
20151021 085547 8697
20151021 085554 8666
20151021 085554 8681
20151021 085601 8697
20151021 085623 8696
20151021 085623 8696
20151021 085701 8698
20151021 085704 8699
20151021 085716 8699
20151021 085730 8698
20151021 085744 8698
20151021 085753 8696
20151021 085753 8696
20151021 085753 8696
20151021 085753 8696
20151021 085753 8696
20151021 085753 8696
20151021 085753 8696
20151021 085753 8696
20151021 085753 8696
20151021 085753 8696
20151021 085753 8696
20151021 085753 8696
20151021 085753 8696
20151021 085753 8696
20151021 085753 8696
20151021 085753 8696
20151021 085753 8696
20151021 085753 8696
20151021 085753 8696
20151021 085753 8696
20151021 085753 8696
20151021 085802 8688
20151021 085821 8689
20151021 085826 8690
20151021 085831 8697
20151021 085928 8687
20151021 085928 8688
20151021 085928 8688
20151021 085928 8688
20151021 085928 8688
20151021 085928 8697
20151021 090008 8699
20151021 090010 8699
20151021 090010 8699
20151021 090011 8698
20151021 090011 8699
20151021 090011 8699
20151021 090012 8699
20151021 090027 8696
20151021 090033 8696
20151021 090035 8693
20151021 090037 8692
20151021 090051 8693
20151021 090106 8698
20151021 090107 8698
20151021 090107 8698
20151021 090107 8698
20151021 090112 8700
20151021 090129 8666
20151021 090144 8697
20151021 090149 8696
20151021 090149 8696
20151021 090149 8696
20151021 090149 8696
20151021 090149 8696
20151021 090150 8695
20151021 090150 8695
20151021 090150 8695
20151021 090150 8695
20151021 090150 8695
20151021 090150 8695
20151021 090150 8695
20151021 090150 8695
20151021 090150 8695
20151021 090150 8695
20151021 090150 8695
20151021 090150 8695
20151021 090150 8695
20151021 090150 8695
20151021 090150 8695
20151021 090211 8696
20151021 090216 8704
20151021 090217 8692
20151021 090217 8692
20151021 090217 8692
20151021 090218 8691
20151021 090219 8685
20151021 090219 8685
20151021 090219 8685
20151021 090219 8685
20151021 090225 8693
20151021 090327 8684
20151021 090353 8658
20151021 090353 8677
20151021 090354 8677
20151021 090354 8690
20151021 090412 8689
20151021 090421 8677
20151021 090431 8682
20151021 090432 8681
20151021 090432 8682
20151021 090432 8682
20151021 090432 8682
20151021 090437 8680
20151021 090442 8687
20151021 090450 8687
20151021 090455 8686
20151021 090500 8654
20151021 090500 8683
20151021 090500 8683
20151021 090501 8683
20151021 090502 8675
20151021 090502 8675
20151021 090502 8680
20151021 090502 8680
20151021 090502 8680
20151021 090503 8676
20151021 090503 8680
20151021 090503 8680
20151021 090503 8680
20151021 090503 8680
20151021 090503 8680
20151021 090503 8680
20151021 090503 8680
20151021 090503 8680
20151021 090503 8680
20151021 090503 8680
20151021 090503 8680
20151021 090503 8681
20151021 090503 8682
20151021 090508 8682
20151021 090520 8683
20151021 090522 8651
20151021 090522 8670
20151021 090522 8670
20151021 090522 8683
20151021 090522 8683
20151021 090526 8684
20151021 090603 8675
20151021 090603 8676
20151021 090603 8681
20151021 090603 8682
20151021 090603 8682
20151021 090603 8682
20151021 090603 8682
20151021 090603 8682
20151021 090603 8682
20151021 090603 8682
20151021 090603 8682
20151021 090603 8682
20151021 090603 8682
20151021 090603 8682
20151021 090603 8682
20151021 090603 8682
20151021 090603 8682
20151021 090603 8682
20151021 090603 8682
20151021 090603 8682
20151021 090603 8683
20151021 090603 8683
20151021 090604 8681
20151021 090604 8681
20151021 090604 8681
20151021 090604 8681
20151021 090604 8681
20151021 090604 8681
20151021 090604 8681
20151021 090604 8681
20151021 090604 8681
20151021 090605 8680
20151021 090606 8670
20151021 090606 8670
20151021 090606 8674
20151021 090606 8675
20151021 090606 8675
20151021 090606 8675
20151021 090606 8675
20151021 090606 8675
20151021 090606 8675
20151021 090606 8675
20151021 090606 8675
20151021 090606 8675
20151021 090606 8675
20151021 090606 8675
20151021 090606 8675
20151021 090606 8675
20151021 090606 8675
20151021 090606 8675
20151021 090606 8675
20151021 090606 8675
20151021 090606 8675
20151021 090606 8675
20151021 090606 8675
20151021 090606 8675
20151021 090606 8675
20151021 090606 8675
20151021 090606 8675
20151021 090606 8675
20151021 090606 8676
20151021 090606 8676
20151021 090606 8676
20151021 090606 8676
20151021 090606 8676
20151021 090607 8674
20151021 090607 8674
20151021 090607 8675
20151021 090607 8675
20151021 090607 8675
20151021 090607 8675
20151021 090607 8675
20151021 090607 8675
20151021 090607 8675
20151021 090607 8676
20151021 090608 8675
20151021 090608 8675
20151021 090608 8675
20151021 090608 8675
20151021 090608 8675
20151021 090608 8675
20151021 090608 8675
20151021 090608 8675
20151021 090608 8675
20151021 090608 8675
20151021 090608 8676
20151021 090608 8676
20151021 090608 8676
20151021 090608 8676
20151021 090609 8677
20151021 090610 8678
20151021 090610 8678
20151021 090610 8678
20151021 090611 8677
20151021 090611 8677
20151021 090611 8677
20151021 090611 8677
20151021 090611 8678
20151021 090611 8678
20151021 090612 8677
20151021 090612 8677
20151021 090613 8678
20151021 090613 8678
20151021 090613 8678
20151021 090613 8678
20151021 090618 8677
20151021 090619 8672
20151021 090623 8677
20151021 090623 8677
20151021 090623 8677
20151021 090624 8677
20151021 090624 8677
20151021 090627 8678
20151021 090629 8677
20151021 090633 8677
20151021 090635 8676
20151021 090637 8670
20151021 090649 8676
20151021 090658 8675
20151021 090658 8678
20151021 090658 8678
20151021 090715 8670
20151021 090715 8676
20151021 090715 8676
20151021 090715 8676
20151021 090715 8676
20151021 090715 8676
20151021 090715 8676
20151021 090715 8676
20151021 090715 8676
20151021 090715 8676
20151021 090715 8676
20151021 090715 8676
20151021 090715 8676
20151021 090715 8676
20151021 090715 8676
20151021 090715 8677
20151021 090717 8674
20151021 090717 8675
20151021 090719 8669
20151021 090732 8667
20151021 090732 8667
20151021 090732 8667
20151021 090732 8675
20151021 090732 8675
20151021 090732 8675
20151021 090748 8675
20151021 090802 8675
20151021 090825 8675
20151021 090835 8644
20151021 090835 8663
20151021 090835 8676
20151021 090837 8663
20151021 090837 8676
20151021 090850 8677
20151021 090900 8678
20151021 090916 8677
20151021 090917 8677
20151021 090918 8676
20151021 090919 8670
20151021 090919 8675
20151021 090919 8675
20151021 090919 8675
20151021 090921 8675
20151021 090922 8643
20151021 090922 8663
20151021 090923 8676
20151021 090923 8676
20151021 090925 8675
20151021 090925 8675
20151021 090928 8675
20151021 090928 8675
20151021 090931 8662
20151021 090931 8670
20151021 090931 8676
20151021 090932 8670
20151021 090934 8676
20151021 090938 8676
20151021 090944 8673
20151021 090944 8673
20151021 090944 8673
20151021 090944 8673
20151021 090944 8673
20151021 090944 8673
20151021 090944 8673
20151021 090944 8673
20151021 090944 8673
20151021 090944 8673
20151021 090944 8673
20151021 090944 8673
20151021 090944 8673
20151021 090944 8673
20151021 090944 8673
20151021 090944 8673
20151021 090944 8673
20151021 090944 8673
20151021 090946 8661
20151021 090946 8673
20151021 090946 8673
20151021 090946 8674
20151021 090947 8672
20151021 090947 8672
20151021 090947 8673
20151021 090948 8672
20151021 090949 8672
20151021 090951 8672
20151021 090955 8674
20151021 090958 8674
20151021 091000 8674
20151021 091004 8674
20151021 091009 8667
20151021 091032 8670
20151021 091032 8670
20151021 091032 8670
20151021 091032 8670
20151021 091032 8670
20151021 091033 8670
20151021 091036 8671
20151021 091037 8670
20151021 091047 8670
20151021 091048 8666
20151021 091051 8666
20151021 091051 8670
20151021 091123 8671
20151021 091131 8666
20151021 091146 8660
20151021 091146 8673
20151021 091148 8661
20151021 091159 8673
20151021 091204 8669
20151021 091204 8669
20151021 091204 8669
20151021 091209 8677
20151021 091209 8677
20151021 091209 8677
20151021 091209 8677
20151021 091210 8677
20151021 091210 8677
20151021 091210 8677
20151021 091210 8677
20151021 091210 8677
20151021 091210 8677
20151021 091210 8677
20151021 091213 8678
20151021 091215 8678
20151021 091215 8678
20151021 091222 8671
20151021 091229 8671
20151021 091230 8677
20151021 091231 8677
20151021 091231 8677
20151021 091231 8677
20151021 091231 8677
20151021 091231 8677
20151021 091231 8677
20151021 091231 8677
20151021 091231 8677
20151021 091231 8677
20151021 091231 8677
20151021 091231 8677
20151021 091231 8677
20151021 091231 8677
20151021 091232 8677
20151021 091233 8677
20151021 091234 8671
20151021 091234 8671
20151021 091234 8671
20151021 091236 8676
20151021 091236 8676
20151021 091236 8676
20151021 091253 8676
20151021 091254 8671
20151021 091317 8671
20151021 091403 8677
20151021 091408 8677
20151021 091408 8677
20151021 091408 8677
20151021 091408 8677
20151021 091414 8676
20151021 091414 8676
20151021 091417 8672
20151021 091422 8675
20151021 091430 8675
20151021 091433 8675
20151021 091436 8675
20151021 091439 8675
20151021 091442 8675
20151021 091442 8675
20151021 091445 8674
20151021 091459 8667
20151021 091459 8671
20151021 091502 8670
20151021 091502 8670
20151021 091505 8657
20151021 091505 8667
20151021 091505 8668
20151021 091505 8668
20151021 091505 8668
20151021 091505 8668
20151021 091506 8664
20151021 091506 8664
20151021 091506 8664
20151021 091506 8664
20151021 091506 8664
20151021 091506 8665
20151021 091506 8665
20151021 091506 8665
20151021 091506 8665
20151021 091506 8665
20151021 091506 8665
20151021 091506 8665
20151021 091506 8665
20151021 091506 8665
20151021 091506 8665
20151021 091506 8665
20151021 091506 8665
20151021 091506 8665
20151021 091506 8665
20151021 091506 8665
20151021 091506 8665
20151021 091506 8666
20151021 091507 8665
20151021 091507 8665
20151021 091507 8665
20151021 091507 8665
20151021 091507 8665
20151021 091507 8665
20151021 091507 8666
20151021 091507 8666
20151021 091507 8666
20151021 091507 8666
20151021 091507 8666
20151021 091507 8666
20151021 091507 8666
20151021 091507 8666
20151021 091507 8666
20151021 091507 8666
20151021 091507 8666
20151021 091507 8666
20151021 091507 8666
20151021 091507 8666
20151021 091507 8666
20151021 091507 8666
20151021 091507 8666
20151021 091508 8661
20151021 091508 8662
20151021 091508 8664
20151021 091508 8664
20151021 091508 8664
20151021 091508 8664
20151021 091508 8664
20151021 091508 8664
20151021 091508 8665
20151021 091508 8665
20151021 091508 8665
20151021 091509 8665
20151021 091509 8666
20151021 091510 8660
20151021 091510 8660
20151021 091511 8666
20151021 091511 8666
20151021 091511 8666
20151021 091511 8666
20151021 091512 8661
20151021 091514 8666
20151021 091514 8666
20151021 091514 8667
20151021 091515 8667
20151021 091515 8667
20151021 091515 8667
20151021 091516 8666
20151021 091516 8666
20151021 091516 8666
20151021 091545 8665
20151021 091545 8665
20151021 091545 8666
20151021 091546 8660
20151021 091546 8660
20151021 091546 8660
20151021 091546 8666
20151021 091546 8666
20151021 091546 8666
20151021 091548 8666
20151021 091549 8666
20151021 091549 8666
20151021 091552 8661
20151021 091552 8661
20151021 091555 8661
20151021 091555 8661
20151021 091555 8661
20151021 091555 8661
20151021 091556 8658
20151021 091559 8661
20151021 091559 8661
20151021 091559 8662
20151021 091602 8661
20151021 091605 8661
20151021 091606 8667
20151021 091607 8667
20151021 091608 8661
20151021 091608 8661
20151021 091611 8661
20151021 091614 8666
20151021 091614 8666
20151021 091618 8666
20151021 091618 8666
20151021 091620 8666
20151021 091620 8666
20151021 091641 8638
20151021 091646 8661
20151021 091650 8661
20151021 091650 8661
20151021 091654 8661
20151021 091655 8661
20151021 091658 8662
20151021 091703 8661
20151021 091703 8661
20151021 091706 8658
20151021 091714 8662
20151021 091714 8662
20151021 091717 8662
20151021 091717 8662
20151021 091719 8662
20151021 091719 8662
20151021 091722 8662
20151021 091722 8662
20151021 091729 8667
20151021 091729 8667
20151021 091732 8658
20151021 091732 8663
20151021 091732 8663
20151021 091740 8670
20151021 091744 8670
20151021 091746 8670
20151021 091746 8671
20151021 091746 8671
20151021 091757 8671
20151021 091757 8672
20151021 091757 8672
20151021 091757 8672
20151021 091801 8669
20151021 091822 8671
20151021 091822 8671
20151021 091829 8664
20151021 091829 8670
20151021 091829 8670
20151021 091829 8670
20151021 091829 8671
20151021 091829 8671
20151021 091832 8670
20151021 091835 8670
20151021 091839 8671
20151021 091839 8671
20151021 091840 8670
20151021 091840 8671
20151021 091843 8671
20151021 091904 8671
20151021 091905 8671
20151021 091906 8671
20151021 091907 8671
20151021 091907 8671
20151021 091915 8670
20151021 091915 8670
20151021 091915 8670
20151021 091915 8670
20151021 091915 8670
20151021 091915 8670
20151021 091915 8670
20151021 091916 8670
20151021 091916 8670
20151021 091916 8670
20151021 091916 8670
20151021 091918 8664
20151021 091918 8664
20151021 091918 8670
20151021 091918 8670
20151021 091918 8670
20151021 091918 8670
20151021 091918 8670
20151021 091918 8670
20151021 091918 8670
20151021 091919 8670
20151021 091945 8663
20151021 092019 8671
20151021 092041 8673
20151021 092045 8675
20151021 092046 8675
20151021 092047 8675
20151021 092049 8676
20151021 092049 8676
20151021 092050 8676
20151021 092050 8676
20151021 092050 8676
20151021 092051 8676
20151021 092051 8676
20151021 092053 8676
20151021 092055 8675
20151021 092059 8675
20151021 092059 8675
20151021 092059 8675
20151021 092100 8675
20151021 092109 8674
20151021 092122 8674
20151021 092139 8674
20151021 092139 8674
20151021 092216 8667
20151021 092217 8665
20151021 092220 8667
20151021 092313 8672
20151021 092313 8672
20151021 092313 8672
20151021 092314 8671
20151021 092326 8672
20151021 092334 8672
20151021 092335 8672
20151021 092343 8673
20151021 092343 8673
20151021 092344 8673
20151021 092345 8673
20151021 092345 8673
20151021 092345 8673
20151021 092401 8673
20151021 092401 8673
20151021 092401 8673
20151021 092401 8673
20151021 092404 8673
20151021 092405 8673
20151021 092414 8671
20151021 092415 8673
20151021 092422 8672
20151021 092446 8668
20151021 092448 8674
20151021 092502 8674
20151021 092502 8674
20151021 092505 8668
20151021 092506 8665
20151021 092506 8672
20151021 092506 8672
20151021 092506 8672
20151021 092506 8672
20151021 092506 8672
20151021 092506 8672
20151021 092506 8672
20151021 092506 8672
20151021 092506 8672
20151021 092506 8672
20151021 092506 8672
20151021 092506 8672
20151021 092506 8672
20151021 092506 8672
20151021 092506 8672
20151021 092506 8672
20151021 092506 8672
20151021 092506 8672
20151021 092506 8672
20151021 092506 8672
20151021 092506 8673
20151021 092506 8673
20151021 092507 8674
20151021 092516 8672
20151021 092621 8666
20151021 092716 8672
20151021 092716 8673
20151021 092716 8673
20151021 092716 8673
20151021 092716 8673
20151021 092718 8672
20151021 092724 8679
20151021 092754 8666
20151021 092906 8671
20151021 092906 8671
20151021 092906 8671
20151021 092906 8671
20151021 092906 8671
20151021 092906 8671
20151021 092906 8671
20151021 092906 8671
20151021 092906 8671
20151021 092906 8671
20151021 092906 8671
20151021 092906 8671
20151021 092906 8671
20151021 092906 8671
20151021 092906 8671
20151021 092906 8679
20151021 092907 8664
20151021 092940 8661
20151021 092942 8660
20151021 092943 8659
20151021 092943 8659
20151021 092951 8657
20151021 092951 8658
20151021 092951 8663
20151021 092951 8663
20151021 092951 8663
20151021 092951 8663
20151021 092951 8663
20151021 092951 8663
20151021 092951 8663
20151021 092952 8663
20151021 092955 8662
20151021 092955 8662
20151021 092955 8662
20151021 092956 8662
20151021 092957 8663
20151021 093001 8661
20151021 093001 8661
20151021 093001 8661
20151021 093001 8661
20151021 093001 8661
20151021 093002 8661
20151021 093002 8661
20151021 093002 8661
20151021 093005 8657
20151021 093010 8654
20151021 093012 8654
20151021 093012 8654
20151021 093012 8654
20151021 093012 8654
20151021 093012 8656
20151021 093014 8654
20151021 093014 8654
20151021 093028 8663
20151021 093100 8664
20151021 093100 8664
20151021 093100 8664
20151021 093100 8664
20151021 093100 8664
20151021 093100 8664
20151021 093100 8664
20151021 093100 8664
20151021 093100 8664
20151021 093100 8664
20151021 093100 8664
20151021 093100 8664
20151021 093100 8664
20151021 093100 8664
20151021 093100 8664
20151021 093108 8665
20151021 093120 8668
20151021 093132 8666
20151021 093132 8667
20151021 093134 8667
20151021 093136 8666
20151021 093136 8666
20151021 093139 8667
20151021 093144 8659
20151021 093152 8659
20151021 093200 8666
20151021 093200 8666
20151021 093200 8666
20151021 093202 8666
20151021 093213 8657
20151021 093219 8663
20151021 093223 8664
20151021 093300 8663
20151021 093309 8661
20151021 093309 8661
20151021 093310 8661
20151021 093310 8661
20151021 093310 8661
20151021 093310 8661
20151021 093310 8661
20151021 093311 8654
20151021 093311 8661
20151021 093314 8661
20151021 093314 8661
20151021 093315 8661
20151021 093315 8661
20151021 093316 8654
20151021 093317 8654
20151021 093317 8654
20151021 093320 8654
20151021 093320 8654
20151021 093320 8661
20151021 093320 8661
20151021 093322 8654
20151021 093322 8654
20151021 093322 8654
20151021 093325 8661
20151021 093325 8661
20151021 093325 8661
20151021 093325 8661
20151021 093325 8661
20151021 093325 8661
20151021 093325 8661
20151021 093351 8656
20151021 093415 8663
20151021 093427 8656
20151021 093440 8656
20151021 093504 8654
20151021 093505 8662
20151021 093518 8654
20151021 093520 8654
20151021 093526 8653
20151021 093526 8653
20151021 093526 8653
20151021 093531 8660
20151021 093535 8654
20151021 093538 8661
20151021 093538 8661
20151021 093538 8661
20151021 093538 8661
20151021 093538 8661
20151021 093538 8661
20151021 093538 8661
20151021 093538 8661
20151021 093538 8661
20151021 093538 8661
20151021 093538 8662
20151021 093538 8662
20151021 093538 8662
20151021 093538 8662
20151021 093538 8662
20151021 093539 8661
20151021 093539 8661
20151021 093608 8658
20151021 093608 8658
20151021 093610 8660
20151021 093611 8658
20151021 093624 8657
20151021 093624 8657
20151021 093624 8657
20151021 093630 8656
20151021 093630 8656
20151021 093630 8656
20151021 093630 8656
20151021 093630 8656
20151021 093630 8656
20151021 093631 8656
20151021 093632 8656
20151021 093633 8655
20151021 093633 8655
20151021 093633 8655
20151021 093633 8655
20151021 093634 8655
20151021 093634 8655
20151021 093635 8655
20151021 093636 8655
20151021 093636 8655
20151021 093636 8655
20151021 093636 8655
20151021 093636 8655
20151021 093636 8655
20151021 093636 8655
20151021 093636 8655
20151021 093637 8648
20151021 093637 8649
20151021 093637 8650
20151021 093637 8655
20151021 093637 8655
20151021 093639 8649
20151021 093644 8649
20151021 093644 8655
20151021 093645 8655
20151021 093648 8648
20151021 093650 8654
20151021 093701 8654
20151021 093702 8653
20151021 093702 8653
20151021 093702 8653
20151021 093703 8653
20151021 093704 8653
20151021 093704 8653
20151021 093705 8649
20151021 093705 8653
20151021 093705 8655
20151021 093705 8655
20151021 093705 8655
20151021 093705 8655
20151021 093705 8655
20151021 093705 8655
20151021 093705 8655
20151021 093705 8655
20151021 093705 8655
20151021 093705 8655
20151021 093705 8655
20151021 093705 8655
20151021 093727 8651
20151021 093739 8652
20151021 093848 8657
20151021 093854 8649
20151021 093909 8652
20151021 093909 8652
20151021 093909 8652
20151021 093909 8652
20151021 093910 8652
20151021 093926 8645
20151021 093927 8645
20151021 093927 8645
20151021 093930 8645
20151021 093938 8653
20151021 093939 8644
20151021 093939 8653
20151021 093940 8644
20151021 093941 8652
20151021 093942 8652
20151021 093942 8652
20151021 093943 8652
20151021 093955 8642
20151021 094000 8618
20151021 094000 8648
20151021 094001 8617
20151021 094005 8649
20151021 094006 8649
20151021 094006 8649
20151021 094009 8649
20151021 094010 8648
20151021 094010 8648
20151021 094010 8648
20151021 094010 8648
20151021 094010 8648
20151021 094010 8648
20151021 094010 8648
20151021 094027 8643
20151021 094027 8643
20151021 094027 8643
20151021 094027 8643
20151021 094027 8643
20151021 094027 8643
20151021 094027 8643
20151021 094027 8643
20151021 094027 8644
20151021 094027 8644
20151021 094027 8644
20151021 094027 8644
20151021 094027 8644
20151021 094027 8644
20151021 094027 8644
20151021 094027 8644
20151021 094027 8644
20151021 094027 8644
20151021 094027 8644
20151021 094027 8644
20151021 094027 8644
20151021 094027 8644
20151021 094027 8644
20151021 094027 8644
20151021 094027 8644
20151021 094027 8644
20151021 094027 8644
20151021 094027 8644
20151021 094028 8643
20151021 094029 8635
20151021 094029 8641
20151021 094029 8641
20151021 094029 8641
20151021 094029 8641
20151021 094029 8641
20151021 094029 8641
20151021 094029 8641
20151021 094029 8642
20151021 094029 8642
20151021 094029 8642
20151021 094029 8642
20151021 094029 8642
20151021 094029 8642
20151021 094029 8642
20151021 094029 8643
20151021 094030 8646
20151021 094031 8646
20151021 094031 8646
20151021 094031 8646
20151021 094031 8646
20151021 094033 8645
20151021 094033 8645
20151021 094035 8646
20151021 094036 8645
20151021 094037 8645
20151021 094038 8646
20151021 094039 8637
20151021 094041 8638
20151021 094041 8645
20151021 094041 8645
20151021 094041 8645
20151021 094042 8645
20151021 094050 8646
20151021 094050 8646
20151021 094100 8645
20151021 094101 8635
20151021 094101 8643
20151021 094101 8643
20151021 094101 8643
20151021 094101 8643
20151021 094101 8643
20151021 094101 8643
20151021 094101 8643
20151021 094101 8643
20151021 094101 8643
20151021 094101 8643
20151021 094121 8647
20151021 094121 8647
20151021 094130 8649
20151021 094131 8649
20151021 094134 8649
20151021 094134 8649
20151021 094135 8641
20151021 094135 8649
20151021 094145 8649
20151021 094216 8641
20151021 094234 8639
20151021 094234 8639
20151021 094240 8646
20151021 094251 8645
20151021 094311 8633
20151021 094311 8633
20151021 094311 8633
20151021 094313 8642
20151021 094315 8642
20151021 094315 8642
20151021 094315 8642
20151021 094318 8634
20151021 094318 8634
20151021 094322 8642
20151021 094343 8641
20151021 094344 8642
20151021 094348 8643
20151021 094352 8644
20151021 094403 8645
20151021 094405 8647
20151021 094406 8646
20151021 094407 8648
20151021 094408 8639
20151021 094418 8645
20151021 094421 8647
20151021 094422 8638
20151021 094422 8647
20151021 094437 8637
20151021 094437 8643
20151021 094437 8643
20151021 094437 8643
20151021 094437 8643
20151021 094437 8643
20151021 094437 8643
20151021 094437 8643
20151021 094437 8643
20151021 094437 8643
20151021 094457 8645
20151021 094457 8645
20151021 094457 8645
20151021 094500 8644
20151021 094500 8644
20151021 094500 8644
20151021 094500 8644
20151021 094500 8644
20151021 094500 8644
20151021 094500 8644
20151021 094500 8644
20151021 094500 8644
20151021 094500 8644
20151021 094500 8644
20151021 094500 8644
20151021 094502 8642
20151021 094502 8643
20151021 094502 8643
20151021 094506 8637
20151021 094520 8639
20151021 094520 8639
20151021 094520 8639
20151021 094520 8639
20151021 094520 8639
20151021 094520 8639
20151021 094520 8639
20151021 094520 8639
20151021 094520 8639
20151021 094520 8639
20151021 094520 8639
20151021 094520 8639
20151021 094520 8639
20151021 094520 8639
20151021 094520 8639
20151021 094520 8639
20151021 094520 8639
20151021 094520 8640
20151021 094521 8638
20151021 094521 8638
20151021 094521 8638
20151021 094521 8638
20151021 094521 8638
20151021 094521 8638
20151021 094521 8638
20151021 094521 8638
20151021 094521 8638
20151021 094521 8638
20151021 094527 8641
20151021 094549 8644
20151021 094604 8639
20151021 094605 8632
20151021 094605 8637
20151021 094605 8637
20151021 094605 8637
20151021 094605 8637
20151021 094605 8637
20151021 094605 8637
20151021 094605 8637
20151021 094605 8637
20151021 094605 8637
20151021 094605 8637
20151021 094605 8638
20151021 094605 8638
20151021 094606 8627
20151021 094606 8627
20151021 094606 8628
20151021 094606 8628
20151021 094606 8629
20151021 094606 8629
20151021 094606 8636
20151021 094606 8636
20151021 094606 8636
20151021 094606 8636
20151021 094606 8636
20151021 094606 8636
20151021 094606 8636
20151021 094606 8637
20151021 094607 8635
20151021 094607 8635
20151021 094608 8635
20151021 094611 8636
20151021 094618 8635
20151021 094618 8635
20151021 094619 8635
20151021 094630 8637
20151021 094633 8637
20151021 094635 8636
20151021 094635 8636
20151021 094635 8636
20151021 094635 8636
20151021 094635 8636
20151021 094635 8636
20151021 094657 8634
20151021 094708 8635
20151021 094708 8635
20151021 094744 8636
20151021 094753 8635
20151021 094753 8635
20151021 094756 8635
20151021 094757 8635
20151021 094805 8636
20151021 094807 8634
20151021 094830 8636
20151021 094830 8636
20151021 094830 8636
20151021 094830 8636
20151021 094830 8636
20151021 094832 8636
20151021 094905 8636
20151021 094916 8637
20151021 094919 8637
20151021 094932 8639
20151021 094936 8631
20151021 094941 8631
20151021 094942 8640
20151021 094942 8640
20151021 094947 8640
20151021 094947 8640
20151021 094947 8640
20151021 095010 8641
20151021 095012 8642
20151021 095012 8642
20151021 095013 8642
20151021 095013 8642
20151021 095013 8642
20151021 095013 8642
20151021 095014 8642
20151021 095029 8631
20151021 095030 8631
20151021 095030 8632
20151021 095031 8639
20151021 095041 8639
20151021 095102 8625
20151021 095102 8625
20151021 095102 8626
20151021 095102 8634
20151021 095102 8634
20151021 095102 8634
20151021 095102 8634
20151021 095102 8635
20151021 095102 8635
20151021 095103 8625
20151021 095103 8632
20151021 095104 8624
20151021 095104 8632
20151021 095106 8623
20151021 095106 8623
20151021 095109 8623
20151021 095109 8623
20151021 095110 8633
20151021 095119 8633
20151021 095126 8632
20151021 095126 8632
20151021 095126 8632
20151021 095126 8632
20151021 095126 8632
20151021 095127 8632
20151021 095127 8632
20151021 095128 8627
20151021 095128 8627
20151021 095128 8627
20151021 095128 8627
20151021 095128 8627
20151021 095128 8627
20151021 095128 8627
20151021 095128 8627
20151021 095128 8627
20151021 095128 8627
20151021 095128 8627
20151021 095128 8627
20151021 095128 8627
20151021 095128 8627
20151021 095128 8627
20151021 095128 8627
20151021 095128 8627
20151021 095128 8627
20151021 095128 8627
20151021 095128 8627
20151021 095128 8627
20151021 095128 8627
20151021 095128 8627
20151021 095128 8627
20151021 095128 8628
20151021 095128 8628
20151021 095128 8628
20151021 095128 8628
20151021 095128 8628
20151021 095128 8628
20151021 095128 8629
20151021 095128 8629
20151021 095128 8629
20151021 095128 8629
20151021 095128 8629
20151021 095128 8629
20151021 095128 8629
20151021 095128 8629
20151021 095128 8629
20151021 095128 8629
20151021 095128 8629
20151021 095128 8629
20151021 095128 8629
20151021 095128 8629
20151021 095128 8629
20151021 095128 8629
20151021 095128 8629
20151021 095128 8629
20151021 095128 8629
20151021 095128 8629
20151021 095128 8629
20151021 095128 8630
20151021 095128 8630
20151021 095129 8627
20151021 095129 8627
20151021 095129 8627
20151021 095129 8627
20151021 095129 8627
20151021 095129 8627
20151021 095129 8627
20151021 095129 8627
20151021 095129 8627
20151021 095129 8628
20151021 095132 8629
20151021 095144 8623
20151021 095144 8629
20151021 095145 8629
20151021 095145 8629
20151021 095150 8628
20151021 095151 8626
20151021 095151 8626
20151021 095151 8626
20151021 095151 8626
20151021 095151 8626
20151021 095151 8626
20151021 095151 8626
20151021 095151 8626
20151021 095152 8618
20151021 095152 8618
20151021 095153 8618
20151021 095153 8618
20151021 095153 8627
20151021 095153 8627
20151021 095156 8627
20151021 095211 8618
20151021 095213 8626
20151021 095213 8626
20151021 095226 8625
20151021 095226 8625
20151021 095227 8626
20151021 095227 8626
20151021 095227 8626
20151021 095227 8626
20151021 095227 8626
20151021 095227 8626
20151021 095227 8626
20151021 095227 8626
20151021 095228 8625
20151021 095228 8627
20151021 095228 8627
20151021 095230 8627
20151021 095230 8627
20151021 095230 8627
20151021 095245 8625
20151021 095257 8626
20151021 095259 8626
20151021 095301 8626
20151021 095302 8626
20151021 095308 8626
20151021 095311 8627
20151021 095323 8628
20151021 095351 8622
20151021 095440 8622
20151021 095502 8621
20151021 095509 8620
20151021 095512 8628
20151021 095544 8622
20151021 095554 8633
20151021 095556 8633
20151021 095556 8634
20151021 095557 8634
20151021 095558 8633
20151021 095602 8630
20151021 095602 8632
20151021 095607 8634
20151021 095609 8634
20151021 095611 8634
20151021 095611 8634
20151021 095611 8634
20151021 095611 8634
20151021 095611 8634
20151021 095611 8634
20151021 095611 8634
20151021 095611 8634
20151021 095611 8634
20151021 095611 8634
20151021 095611 8634
20151021 095611 8634
20151021 095615 8634
20151021 095624 8636
20151021 095625 8635
20151021 095625 8636
20151021 095625 8636
20151021 095628 8636
20151021 095628 8636
20151021 095629 8636
20151021 095631 8636
20151021 095640 8639
20151021 095645 8630
20151021 095701 8636
20151021 095701 8636
20151021 095701 8636
20151021 095701 8636
20151021 095701 8636
20151021 095705 8629
20151021 095709 8629
20151021 095714 8629
20151021 095718 8608
20151021 095718 8636
20151021 095733 8629
20151021 095737 8629
20151021 095857 8635
20151021 095857 8635
20151021 095857 8635
20151021 095857 8635
20151021 095857 8635
20151021 095857 8635
20151021 095904 8634
20151021 095904 8634
20151021 095904 8634
20151021 095904 8634
20151021 095904 8634
20151021 095904 8634
20151021 095904 8634
20151021 095927 8635
20151021 095927 8635
20151021 095927 8635
20151021 095927 8635
20151021 095952 8635
20151021 095959 8634
20151021 095959 8635
20151021 100000 8634
20151021 100000 8634
20151021 100000 8634
20151021 100000 8634
20151021 100001 8634
20151021 100002 8634
20151021 100002 8634
20151021 100002 8634
20151021 100002 8634
20151021 100002 8635
20151021 100002 8635
20151021 100003 8634
20151021 100003 8634
20151021 100021 8633
20151021 100022 8634
20151021 100022 8634
20151021 100111 8629
20151021 100111 8635
20151021 100111 8635
20151021 100111 8635
20151021 100111 8635
20151021 100111 8635
20151021 100111 8635
20151021 100112 8628
20151021 100117 8629
20151021 100125 8629
20151021 100133 8630
20151021 100134 8638
20151021 100135 8638
20151021 100140 8638
20151021 100154 8627
20151021 100211 8636
20151021 100211 8636
20151021 100211 8636
20151021 100211 8636
20151021 100211 8636
20151021 100211 8636
20151021 100211 8636
20151021 100211 8636
20151021 100211 8636
20151021 100211 8636
20151021 100216 8637
20151021 100226 8635
20151021 100226 8636
20151021 100226 8636
20151021 100226 8636
20151021 100229 8636
20151021 100243 8637
20151021 100322 8637
20151021 100348 8637
20151021 100359 8637
20151021 100503 8633
20151021 100505 8639
20151021 100508 8627
20151021 100517 8633
20151021 100521 8639
20151021 100530 8640
20151021 100601 8640
20151021 100601 8640
20151021 100601 8640
20151021 100601 8640
20151021 100601 8640
20151021 100601 8640
20151021 100611 8641
20151021 100627 8639
20151021 100637 8633
20151021 100659 8633
20151021 100705 8642
20151021 100717 8644
20151021 100717 8644
20151021 100732 8645
20151021 100735 8650
20151021 100735 8651
20151021 100812 8637
20151021 100859 8636
20151021 100901 8636
20151021 100947 8635
20151021 101016 8639
20151021 101019 8640
20151021 101024 8641
20151021 101126 8638
20151021 101126 8638
20151021 101126 8645
20151021 101201 8639
20151021 101201 8645
20151021 101206 8645
20151021 101232 8638
20151021 101447 8644
20151021 101606 8636
20151021 101606 8643
20151021 101615 8642
20151021 101619 8641
20151021 101619 8641
20151021 101620 8642
20151021 101621 8641
20151021 101621 8641
20151021 101622 8641
20151021 101623 8641
20151021 101638 8633
20151021 101654 8638
20151021 101654 8638
20151021 101656 8638
20151021 101656 8638
20151021 101656 8638
20151021 101656 8638
20151021 101656 8638
20151021 101657 8638
20151021 101657 8638
20151021 101657 8638
20151021 101657 8638
20151021 101658 8638
20151021 101658 8638
20151021 101700 8638
20151021 101701 8638
20151021 101702 8637
20151021 101702 8637
20151021 101702 8637
20151021 101703 8637
20151021 101703 8637
20151021 101703 8637
20151021 101703 8637
20151021 101704 8637
20151021 101704 8637
20151021 101710 8640
20151021 101711 8638
20151021 101721 8638
20151021 101726 8638
20151021 101729 8638
20151021 101729 8638
20151021 101729 8638
20151021 101729 8638
20151021 101729 8638
20151021 101747 8639
20151021 101747 8639
20151021 101747 8639
20151021 101747 8639
20151021 101747 8639
20151021 101747 8639
20151021 101747 8639
20151021 101803 8634
20151021 101809 8642
20151021 101810 8642
20151021 101812 8642
20151021 101902 8642
20151021 101905 8641
20151021 101905 8641
20151021 101905 8641
20151021 101905 8641
20151021 101905 8641
20151021 101905 8641
20151021 101905 8641
20151021 101906 8641
20151021 101911 8641
20151021 101914 8641
20151021 101915 8641
20151021 102125 8638
20151021 102127 8637
20151021 102127 8637
20151021 102127 8637
20151021 102128 8637
20151021 102128 8637
20151021 102129 8637
20151021 102130 8637
20151021 102130 8637
20151021 102131 8637
20151021 102157 8639
20151021 102220 8638
20151021 102247 8627
20151021 102333 8638
20151021 102334 8639
20151021 102334 8639
20151021 102334 8639
20151021 102334 8639
20151021 102335 8638
20151021 102336 8638
20151021 102336 8638
20151021 102341 8632
20151021 102341 8632
20151021 102341 8632
20151021 102342 8632
20151021 102429 8641
20151021 102429 8641
20151021 102441 8642
20151021 102445 8643
20151021 102445 8643
20151021 102451 8643
20151021 102451 8643
20151021 102453 8642
20151021 102454 8643
20151021 102501 8643
20151021 102502 8643
20151021 102504 8636
20151021 102731 8634
20151021 102819 8632
20151021 102841 8631
20151021 102845 8630
20151021 102845 8637
20151021 102849 8628
20151021 102902 8626
20151021 102910 8626
20151021 102911 8626
20151021 102942 8631
20151021 102943 8631
20151021 102943 8631
20151021 102944 8631
20151021 102944 8631
20151021 102944 8631
20151021 102945 8631
20151021 102945 8631
20151021 102945 8631
20151021 102945 8631
20151021 102945 8631
20151021 102945 8631
20151021 102945 8631
20151021 102945 8631
20151021 102945 8631
20151021 102945 8631
20151021 102945 8631
20151021 102945 8631
20151021 102945 8631
20151021 102945 8631
20151021 102945 8631
20151021 102945 8631
20151021 102946 8624
20151021 102946 8624
20151021 102948 8623
20151021 102948 8623
20151021 102949 8629
20151021 102949 8629
20151021 102949 8629
20151021 102949 8629
20151021 102950 8629
20151021 102950 8629
20151021 102954 8628
20151021 102954 8628
20151021 102954 8628
20151021 102954 8628
20151021 102954 8628
20151021 102954 8628
20151021 102954 8628
20151021 102954 8628
20151021 102954 8628
20151021 102954 8628
20151021 102954 8628
20151021 102954 8628
20151021 102954 8628
20151021 102954 8628
20151021 102954 8628
20151021 102955 8628
20151021 102956 8627
20151021 102956 8627
20151021 102956 8627
20151021 102956 8627
20151021 102957 8627
20151021 102957 8627
20151021 102957 8627
20151021 102957 8628
20151021 102958 8627
20151021 102958 8627
20151021 102958 8627
20151021 102959 8627
20151021 103000 8626
20151021 103000 8626
20151021 103000 8626
20151021 103000 8626
20151021 103000 8626
20151021 103000 8626
20151021 103000 8626
20151021 103000 8626
20151021 103000 8626
20151021 103001 8617
20151021 103001 8617
20151021 103001 8617
20151021 103001 8617
20151021 103001 8619
20151021 103001 8622
20151021 103001 8622
20151021 103001 8622
20151021 103001 8622
20151021 103001 8622
20151021 103001 8622
20151021 103001 8622
20151021 103001 8622
20151021 103001 8622
20151021 103001 8622
20151021 103001 8622
20151021 103001 8622
20151021 103001 8622
20151021 103001 8622
20151021 103001 8622
20151021 103001 8622
20151021 103001 8622
20151021 103001 8622
20151021 103001 8622
20151021 103001 8623
20151021 103001 8623
20151021 103001 8623
20151021 103001 8623
20151021 103001 8623
20151021 103001 8623
20151021 103001 8623
20151021 103001 8623
20151021 103001 8623
20151021 103001 8623
20151021 103001 8623
20151021 103001 8624
20151021 103001 8624
20151021 103001 8624
20151021 103001 8624
20151021 103001 8624
20151021 103001 8624
20151021 103001 8624
20151021 103001 8624
20151021 103001 8624
20151021 103001 8624
20151021 103001 8624
20151021 103001 8624
20151021 103001 8624
20151021 103001 8624
20151021 103001 8624
20151021 103001 8624
20151021 103001 8624
20151021 103001 8624
20151021 103001 8624
20151021 103001 8624
20151021 103001 8624
20151021 103001 8624
20151021 103001 8624
20151021 103001 8624
20151021 103001 8624
20151021 103001 8624
20151021 103001 8624
20151021 103001 8624
20151021 103001 8624
20151021 103001 8632
20151021 103001 8632
20151021 103002 8612
20151021 103002 8612
20151021 103002 8613
20151021 103002 8613
20151021 103002 8615
20151021 103002 8615
20151021 103002 8619
20151021 103002 8619
20151021 103002 8620
20151021 103002 8620
20151021 103002 8620
20151021 103002 8620
20151021 103002 8620
20151021 103002 8620
20151021 103002 8620
20151021 103002 8620
20151021 103002 8620
20151021 103002 8620
20151021 103002 8620
20151021 103002 8620
20151021 103002 8620
20151021 103002 8620
20151021 103002 8620
20151021 103002 8620
20151021 103002 8620
20151021 103002 8621
20151021 103002 8621
20151021 103002 8621
20151021 103002 8621
20151021 103002 8621
20151021 103002 8621
20151021 103002 8621
20151021 103002 8621
20151021 103002 8622
20151021 103002 8622
20151021 103002 8622
20151021 103002 8623
20151021 103002 8623
20151021 103003 8613
20151021 103003 8614
20151021 103003 8614
20151021 103003 8614
20151021 103003 8614
20151021 103003 8614
20151021 103003 8614
20151021 103003 8614
20151021 103003 8614
20151021 103003 8614
20151021 103003 8614
20151021 103003 8614
20151021 103003 8614
20151021 103003 8614
20151021 103003 8614
20151021 103003 8614
20151021 103003 8614
20151021 103003 8615
20151021 103003 8615
20151021 103003 8615
20151021 103003 8615
20151021 103003 8615
20151021 103003 8615
20151021 103003 8615
20151021 103003 8615
20151021 103003 8616
20151021 103003 8616
20151021 103003 8616
20151021 103003 8616
20151021 103003 8616
20151021 103003 8616
20151021 103003 8616
20151021 103003 8616
20151021 103003 8616
20151021 103003 8616
20151021 103003 8616
20151021 103003 8616
20151021 103003 8616
20151021 103003 8616
20151021 103003 8616
20151021 103003 8616
20151021 103003 8616
20151021 103003 8616
20151021 103003 8616
20151021 103003 8616
20151021 103003 8616
20151021 103003 8616
20151021 103003 8616
20151021 103003 8616
20151021 103003 8616
20151021 103003 8616
20151021 103003 8616
20151021 103003 8616
20151021 103003 8616
20151021 103003 8616
20151021 103003 8616
20151021 103003 8616
20151021 103003 8616
20151021 103003 8616
20151021 103003 8616
20151021 103003 8616
20151021 103003 8616
20151021 103003 8616
20151021 103003 8617
20151021 103003 8617
20151021 103003 8618
20151021 103003 8618
20151021 103003 8619
20151021 103003 8619
20151021 103004 8612
20151021 103004 8612
20151021 103004 8612
20151021 103004 8612
20151021 103006 8617
20151021 103007 8616
20151021 103007 8616
20151021 103007 8616
20151021 103007 8616
20151021 103008 8615
20151021 103012 8617
20151021 103012 8618
20151021 103014 8618
20151021 103015 8620
20151021 103015 8622
20151021 103016 8620
20151021 103016 8623
20151021 103016 8623
20151021 103017 8622
20151021 103017 8622
20151021 103017 8622
20151021 103017 8622
20151021 103017 8622
20151021 103017 8622
20151021 103017 8623
20151021 103017 8623
20151021 103021 8620
20151021 103021 8620
20151021 103021 8620
20151021 103022 8620
20151021 103022 8620
20151021 103023 8620
20151021 103023 8620
20151021 103024 8620
20151021 103025 8612
20151021 103025 8612
20151021 103025 8619
20151021 103027 8621
20151021 103027 8621
20151021 103027 8621
20151021 103027 8621
20151021 103028 8622
20151021 103028 8622
20151021 103029 8622
20151021 103032 8621
20151021 103032 8621
20151021 103032 8621
20151021 103032 8621
20151021 103032 8621
20151021 103032 8621
20151021 103032 8621
20151021 103032 8621
20151021 103035 8622
20151021 103042 8623
20151021 103042 8624
20151021 103042 8624
20151021 103042 8624
20151021 103042 8624
20151021 103042 8624
20151021 103042 8624
20151021 103042 8624
20151021 103042 8624
20151021 103042 8624
20151021 103042 8624
20151021 103042 8624
20151021 103042 8624
20151021 103042 8624
20151021 103043 8615
20151021 103043 8622
20151021 103043 8623
20151021 103043 8624
20151021 103050 8624
20151021 103053 8623
20151021 103100 8622
20151021 103101 8622
20151021 103111 8620
20151021 103111 8620
20151021 103111 8620
20151021 103111 8620
20151021 103111 8620
20151021 103111 8620
20151021 103111 8620
20151021 103111 8620
20151021 103111 8620
20151021 103111 8620
20151021 103111 8620
20151021 103115 8620
20151021 103115 8621
20151021 103116 8620
20151021 103116 8620
20151021 103118 8620
20151021 103118 8620
20151021 103118 8620
20151021 103119 8620
20151021 103121 8622
20151021 103121 8622
20151021 103121 8622
20151021 103122 8620
20151021 103122 8620
20151021 103122 8620
20151021 103126 8622
20151021 103126 8622
20151021 103127 8622
20151021 103134 8612
20151021 103201 8623
20151021 103206 8613
20151021 103219 8621
20151021 103219 8621
20151021 103220 8613
20151021 103239 8612
20151021 103241 8612
20151021 103259 8622
20151021 103304 8621
20151021 103311 8620
20151021 103315 8612
20151021 103318 8621
20151021 103319 8621
20151021 103320 8621
20151021 103321 8621
20151021 103329 8621
20151021 103329 8621
20151021 103332 8621
20151021 103350 8618
20151021 103351 8618
20151021 103352 8610
20151021 103355 8611
20151021 103359 8610
20151021 103420 8619
20151021 103424 8611
20151021 103451 8619
20151021 103451 8619
20151021 103455 8619
20151021 103525 8621
20151021 103534 8621
20151021 103552 8613
20151021 103704 8625
20151021 103706 8626
20151021 103731 8615
20151021 103732 8614
20151021 103752 8611
20151021 103836 8611
20151021 103841 8610
20151021 103842 8610
20151021 103851 8619
20151021 103852 8619
20151021 103856 8619
20151021 103856 8619
20151021 103856 8619
20151021 103856 8619
20151021 103857 8619
20151021 103858 8619
20151021 103911 8617
20151021 103912 8608
20151021 103912 8608
20151021 103912 8616
20151021 103914 8614
20151021 103916 8606
20151021 103916 8614
20151021 103916 8614
20151021 103916 8614
20151021 103916 8614
20151021 103916 8614
20151021 103916 8614
20151021 103916 8614
20151021 103916 8614
20151021 103917 8614
20151021 103918 8613
20151021 103918 8613
20151021 103918 8613
20151021 103918 8613
20151021 103918 8613
20151021 103918 8613
20151021 103918 8613
20151021 103918 8613
20151021 103918 8613
20151021 103919 8613
20151021 103928 8615
20151021 103930 8614
20151021 103930 8614
20151021 103930 8614
20151021 103930 8614
20151021 103930 8614
20151021 103931 8614
20151021 103932 8614
20151021 103932 8615
20151021 103942 8603
20151021 103942 8603
20151021 103942 8603
20151021 103943 8603
20151021 103943 8603
20151021 103943 8603
20151021 103943 8603
20151021 103944 8603
20151021 103948 8602
20151021 103948 8603
20151021 103948 8603
20151021 103948 8603
20151021 103948 8603
20151021 103948 8618
20151021 104002 8610
20151021 104004 8609
20151021 104004 8609
20151021 104008 8610
20151021 104008 8610
20151021 104035 8609
20151021 104035 8609
20151021 104035 8609
20151021 104035 8609
20151021 104035 8609
20151021 104035 8609
20151021 104035 8609
20151021 104035 8609
20151021 104041 8607
20151021 104041 8607
20151021 104042 8598
20151021 104042 8598
20151021 104042 8606
20151021 104042 8606
20151021 104042 8606
20151021 104042 8606
20151021 104042 8606
20151021 104042 8606
20151021 104042 8606
20151021 104042 8606
20151021 104042 8606
20151021 104042 8606
20151021 104042 8606
20151021 104042 8606
20151021 104042 8606
20151021 104045 8597
20151021 104109 8599
20151021 104132 8582
20151021 104132 8597
20151021 104143 8613
20151021 104148 8613
20151021 104148 8613
20151021 104148 8613
20151021 104149 8602
20151021 104149 8612
20151021 104150 8602
20151021 104152 8612
20151021 104152 8612
20151021 104201 8603
20151021 104211 8614
20151021 104211 8615
20151021 104211 8615
20151021 104220 8620
20151021 104230 8605
20151021 104230 8605
20151021 104237 8606
20151021 104300 8605
20151021 104316 8605
20151021 104316 8605
20151021 104331 8611
20151021 104331 8611
20151021 104333 8611
20151021 104351 8603
20151021 104351 8611
20151021 104430 8600
20151021 104456 8598
20151021 104456 8606
20151021 104456 8606
20151021 104456 8606
20151021 104456 8606
20151021 104456 8606
20151021 104456 8606
20151021 104456 8606
20151021 104456 8606
20151021 104456 8606
20151021 104456 8606
20151021 104456 8606
20151021 104456 8606
20151021 104456 8606
20151021 104456 8606
20151021 104458 8596
20151021 104458 8604
20151021 104458 8604
20151021 104458 8604
20151021 104458 8604
20151021 104458 8604
20151021 104500 8604
20151021 104500 8604
20151021 104501 8593
20151021 104501 8593
20151021 104501 8593
20151021 104501 8593
20151021 104501 8594
20151021 104501 8594
20151021 104501 8594
20151021 104501 8601
20151021 104501 8601
20151021 104501 8601
20151021 104501 8601
20151021 104501 8601
20151021 104501 8601
20151021 104501 8601
20151021 104501 8601
20151021 104501 8601
20151021 104501 8601
20151021 104501 8601
20151021 104501 8601
20151021 104501 8601
20151021 104501 8601
20151021 104501 8601
20151021 104501 8601
20151021 104501 8601
20151021 104501 8601
20151021 104501 8601
20151021 104501 8601
20151021 104501 8601
20151021 104501 8601
20151021 104501 8601
20151021 104501 8601
20151021 104501 8601
20151021 104501 8601
20151021 104501 8602
20151021 104501 8602
20151021 104501 8602
20151021 104501 8602
20151021 104501 8602
20151021 104501 8602
20151021 104501 8602
20151021 104501 8602
20151021 104501 8602
20151021 104501 8602
20151021 104501 8602
20151021 104501 8602
20151021 104501 8602
20151021 104501 8602
20151021 104501 8602
20151021 104501 8603
20151021 104501 8603
20151021 104501 8603
20151021 104501 8603
20151021 104501 8604
20151021 104501 8604
20151021 104501 8604
20151021 104501 8604
20151021 104501 8604
20151021 104501 8604
20151021 104501 8604
20151021 104502 8591
20151021 104502 8591
20151021 104502 8591
20151021 104502 8601
20151021 104502 8601
20151021 104502 8601
20151021 104502 8601
20151021 104502 8601
20151021 104502 8601
20151021 104502 8601
20151021 104509 8595
20151021 104512 8605
20151021 104527 8590
20151021 104536 8607
20151021 104536 8607
20151021 104536 8607
20151021 104536 8607
20151021 104538 8607
20151021 104538 8607
20151021 104538 8608
20151021 104541 8607
20151021 104541 8607
20151021 104541 8607
20151021 104541 8607
20151021 104541 8607
20151021 104541 8607
20151021 104541 8607
20151021 104542 8607
20151021 104546 8608
20151021 104550 8608
20151021 104558 8600
20151021 104618 8609
20151021 104618 8609
20151021 104728 8611
20151021 104741 8611
20151021 104749 8602
20151021 104759 8611
20151021 104814 8601
20151021 104825 8612
20151021 104834 8613
20151021 104842 8613
20151021 104849 8612
20151021 104900 8610
20151021 104906 8599
20151021 104914 8597
20151021 104921 8604
20151021 104922 8593
20151021 104922 8603
20151021 104922 8603
20151021 104922 8603
20151021 104922 8603
20151021 104922 8603
20151021 104922 8603
20151021 104922 8603
20151021 104922 8604
20151021 104934 8589
20151021 104934 8590
20151021 104935 8585
20151021 104938 8601
20151021 104941 8589
20151021 104953 8591
20151021 105011 8599
20151021 105011 8599
20151021 105012 8588
20151021 105015 8588
20151021 105016 8599
20151021 105016 8599
20151021 105016 8599
20151021 105018 8588
20151021 105018 8600
20151021 105019 8588
20151021 105019 8599
20151021 105019 8599
20151021 105019 8599
20151021 105019 8599
20151021 105019 8599
20151021 105019 8599
20151021 105019 8599
20151021 105019 8599
20151021 105019 8599
20151021 105019 8599
20151021 105019 8599
20151021 105023 8600
20151021 105024 8602
20151021 105026 8588
20151021 105027 8588
20151021 105028 8588
20151021 105029 8588
20151021 105032 8587
20151021 105032 8587
20151021 105034 8586
20151021 105034 8586
20151021 105035 8586
20151021 105036 8586
20151021 105102 8586
20151021 105102 8586
20151021 105128 8596
20151021 105128 8596
20151021 105128 8596
20151021 105128 8596
20151021 105129 8596
20151021 105129 8596
20151021 105129 8596
20151021 105130 8585
20151021 105131 8566
20151021 105131 8581
20151021 105131 8584
20151021 105132 8583
20151021 105133 8583
20151021 105133 8583
20151021 105135 8583
20151021 105136 8583
20151021 105137 8583
20151021 105138 8563
20151021 105140 8593
20151021 105140 8593
20151021 105141 8593
20151021 105141 8593
20151021 105143 8581
20151021 105147 8581
20151021 105148 8581
20151021 105155 8576
20151021 105155 8594
20151021 105156 8576
20151021 105156 8594
20151021 105159 8582
20151021 105212 8597
20151021 105216 8595
20151021 105216 8596
20151021 105220 8598
20151021 105223 8599
20151021 105224 8566
20151021 105224 8580
20151021 105224 8599
20151021 105227 8599
20151021 105244 8598
20151021 105248 8598
20151021 105253 8600
20151021 105258 8599
20151021 105300 8599
20151021 105300 8599
20151021 105300 8599
20151021 105302 8586
20151021 105317 8585
20151021 105317 8586
20151021 105347 8585
20151021 105350 8585
20151021 105352 8599
20151021 105356 8584
20151021 105356 8584
20151021 105359 8585
20151021 105411 8584
20151021 105522 8579
20151021 105532 8603
20151021 105549 8598
20151021 105550 8598
20151021 105551 8598
20151021 105551 8606
20151021 105616 8589
20151021 105631 8589
20151021 105631 8589
20151021 105634 8591
20151021 105647 8590
20151021 105719 8605
20151021 105805 8584
20151021 105815 8593
20151021 105832 8581
20151021 105832 8585
20151021 105901 8586
20151021 105915 8560
20151021 105915 8578
20151021 105915 8578
20151021 105915 8578
20151021 105915 8578
20151021 105915 8578
20151021 105915 8578
20151021 105915 8578
20151021 105915 8579
20151021 105915 8585
20151021 105915 8585
20151021 105915 8585
20151021 105915 8585
20151021 105915 8585
20151021 105927 8586
20151021 105958 8586
20151021 110019 8564
20151021 110024 8588
20151021 110025 8606
20151021 110025 8606
20151021 110025 8606
20151021 110025 8606
20151021 110025 8606
20151021 110025 8606
20151021 110025 8606
20151021 110032 8565
20151021 110049 8591
20151021 110055 8607
20151021 110055 8607
20151021 110055 8607
20151021 110057 8607
20151021 110057 8607
20151021 110058 8607
20151021 110059 8607
20151021 110109 8593
20151021 110109 8593
20151021 110110 8609
20151021 110112 8609
20151021 110121 8594
20151021 110125 8609
20151021 110125 8610
20151021 110126 8609
20151021 110126 8610
20151021 110128 8609
20151021 110128 8610
20151021 110137 8609
20151021 110137 8609
20151021 110137 8609
20151021 110141 8609
20151021 110141 8609
20151021 110153 8610
20151021 110250 8609
20151021 110314 8609
20151021 110314 8609
20151021 110315 8595
20151021 110315 8609
20151021 110431 8610
20151021 110518 8609
20151021 110518 8609
20151021 110518 8609
20151021 110518 8609
20151021 110518 8609
20151021 110518 8609
20151021 110520 8609
20151021 110522 8609
20151021 110523 8609
20151021 110528 8594
20151021 110534 8609
20151021 110555 8611
20151021 110557 8611
20151021 110558 8611
20151021 110607 8597
20151021 110607 8611
20151021 110607 8612
20151021 110607 8612
20151021 110607 8612
20151021 110607 8612
20151021 110607 8612
20151021 110609 8611
20151021 110636 8612
20151021 110639 8591
20151021 110650 8612
20151021 110706 8598
20151021 110712 8612
20151021 110739 8598
20151021 110749 8614
20151021 110751 8613
20151021 110752 8598
20151021 110752 8598
20151021 110754 8599
20151021 110858 8598
20151021 110907 8598
20151021 110908 8613
20151021 111109 8614
20151021 111112 8591
20151021 111112 8598
20151021 111128 8578
20151021 111128 8592
20151021 111138 8578
20151021 111138 8592
20151021 111149 8613
20151021 111154 8613
20151021 111157 8613
20151021 111158 8613
20151021 111212 8578
20151021 111212 8592
20151021 111501 8607
20151021 111502 8607
20151021 111545 8573
20151021 111545 8608
20151021 111545 8608
20151021 111546 8608
20151021 111546 8608
20151021 111546 8608
20151021 111546 8608
20151021 111547 8608
20151021 111547 8608
20151021 111547 8608
20151021 111548 8608
20151021 111548 8608
20151021 111548 8608
20151021 111549 8608
20151021 111549 8608
20151021 111549 8608
20151021 111549 8608
20151021 111550 8608
20151021 111550 8608
20151021 111550 8608
20151021 111551 8587
20151021 111551 8607
20151021 111551 8608
20151021 111712 8589
20151021 111712 8589
20151021 111712 8589
20151021 111717 8563
20151021 111739 8588
20151021 111822 8586
20151021 111939 8584
20151021 111939 8584
20151021 111939 8584
20151021 111939 8584
20151021 111939 8584
20151021 111939 8599
20151021 111940 8598
20151021 111940 8599
20151021 111940 8600
20151021 111941 8599
20151021 111941 8599
20151021 111941 8599
20151021 111941 8600
20151021 111942 8600
20151021 111942 8600
20151021 111942 8600
20151021 111943 8601
20151021 111943 8601
20151021 111943 8601
20151021 111944 8601
20151021 111944 8601
20151021 111945 8599
20151021 111945 8599
20151021 111945 8599
20151021 111946 8598
20151021 111946 8599
20151021 111946 8599
20151021 111946 8599
20151021 111947 8598
20151021 111947 8599
20151021 112031 8604
20151021 112032 8604
20151021 112033 8604
20151021 112033 8604
20151021 112033 8604
20151021 112037 8606
20151021 112037 8606
20151021 112040 8606
20151021 112122 8606
20151021 112125 8606
20151021 112129 8580
20151021 112159 8588
20151021 112226 8589
20151021 112239 8608
20151021 112257 8583
20151021 112350 8587
20151021 112359 8595
20151021 112413 8595
20151021 112540 8595
20151021 112547 8596
20151021 112616 8609
20151021 112617 8595
20151021 112640 8595
20151021 112755 8595
20151021 112921 8594
20151021 112922 8573
20151021 112929 8594
20151021 112956 8592
20151021 112956 8592
20151021 112956 8592
20151021 113013 8605
20151021 113013 8605
20151021 113013 8605
20151021 113013 8605
20151021 113013 8605
20151021 113013 8605
20151021 113013 8605
20151021 113013 8605
20151021 113013 8605
20151021 113013 8605
20151021 113013 8605
20151021 113018 8604
20151021 113030 8604
20151021 113030 8604
20151021 113030 8604
20151021 113030 8604
20151021 113030 8604
20151021 113030 8604
20151021 113030 8604
20151021 113030 8604
20151021 113030 8604
20151021 113030 8604
20151021 113031 8604
20151021 113032 8604
20151021 113032 8605
20151021 113032 8605
20151021 113033 8605
20151021 113033 8605
20151021 113033 8605
20151021 113034 8604
20151021 113042 8604
20151021 113048 8604
20151021 113051 8604
20151021 113052 8604
20151021 113057 8605
20151021 113057 8605
20151021 113059 8589
20151021 113109 8605
20151021 113122 8589
20151021 113130 8590
20151021 113130 8591
20151021 113132 8606
20151021 113506 8591
20151021 113741 8587
20151021 113755 8587
20151021 113800 8601
20151021 113800 8601
20151021 113819 8602
20151021 114144 8605
20151021 114144 8605
20151021 114148 8589
20151021 114230 8609
20151021 114231 8609
20151021 114231 8609
20151021 114232 8609
20151021 114232 8609
20151021 114233 8609
20151021 114233 8609
20151021 114233 8609
20151021 114233 8609
20151021 114233 8609
20151021 114234 8609
20151021 114234 8609
20151021 114234 8609
20151021 114234 8609
20151021 114234 8609
20151021 114237 8610
20151021 114239 8610
20151021 114239 8610
20151021 114240 8610
20151021 114241 8610
20151021 114242 8610
20151021 114256 8588
20151021 114259 8596
20151021 114302 8588
20151021 114302 8596
20151021 114421 8599
20151021 114429 8610
20151021 114429 8610
20151021 114429 8617
20151021 114429 8617
20151021 114429 8617
20151021 114429 8617
20151021 114429 8617
20151021 114429 8617
20151021 114429 8617
20151021 114429 8617
20151021 114429 8617
20151021 114429 8617
20151021 114429 8617
20151021 114429 8617
20151021 114429 8617
20151021 114429 8617
20151021 114429 8617
20151021 114429 8617
20151021 114429 8617
20151021 114429 8617
20151021 114429 8617
20151021 114429 8617
20151021 114429 8617
20151021 114429 8617
20151021 114429 8619
20151021 114429 8619
20151021 114429 8619
20151021 114429 8619
20151021 114429 8619
20151021 114429 8619
20151021 114429 8619
20151021 114429 8619
20151021 114429 8619
20151021 114429 8619
20151021 114430 8594
20151021 114430 8594
20151021 114430 8602
20151021 114430 8602
20151021 114430 8602
20151021 114430 8602
20151021 114430 8602
20151021 114430 8604
20151021 114430 8621
20151021 114430 8621
20151021 114430 8621
20151021 114430 8621
20151021 114430 8621
20151021 114430 8621
20151021 114430 8621
20151021 114430 8621
20151021 114430 8621
20151021 114430 8621
20151021 114430 8621
20151021 114430 8621
20151021 114430 8621
20151021 114430 8621
20151021 114430 8621
20151021 114430 8622
20151021 114430 8622
20151021 114430 8622
20151021 114430 8622
20151021 114430 8622
20151021 114431 8620
20151021 114431 8620
20151021 114431 8620
20151021 114431 8620
20151021 114431 8620
20151021 114431 8620
20151021 114431 8620
20151021 114431 8621
20151021 114431 8621
20151021 114431 8621
20151021 114437 8597
20151021 114549 8615
20151021 114738 8616
20151021 114743 8603
20151021 114743 8603
20151021 114825 8615
20151021 114839 8615
20151021 114845 8615
20151021 114854 8616
20151021 114904 8616
20151021 114906 8615
20151021 114940 8616
20151021 114940 8616
20151021 114940 8616
20151021 115018 8616
20151021 115018 8616
20151021 115110 8604
20151021 115120 8619
20151021 115120 8619
20151021 115120 8619
20151021 115153 8604
20151021 115251 8604
20151021 115258 8604
20151021 115259 8605
20151021 115317 8605
20151021 115414 8601
20151021 115414 8601
20151021 115514 8613
20151021 115519 8578
20151021 115519 8613
20151021 115519 8613
20151021 115519 8613
20151021 115519 8613
20151021 115519 8613
20151021 115519 8613
20151021 115519 8613
20151021 115519 8613
20151021 115519 8613
20151021 115519 8613
20151021 115519 8613
20151021 115519 8613
20151021 115519 8613
20151021 115519 8613
20151021 115519 8613
20151021 115519 8613
20151021 115519 8613
20151021 115519 8613
20151021 115519 8613
20151021 115524 8576
20151021 115524 8611
20151021 115526 8575
20151021 115526 8610
20151021 115533 8576
20151021 115533 8611
20151021 115617 8611
20151021 115710 8599
20151021 115714 8599
20151021 115714 8615
20151021 115715 8599
20151021 115716 8599
20151021 115718 8599
20151021 115721 8615
20151021 115937 8592
20151021 115937 8600
20151021 120011 8618
20151021 120049 8593
20151021 120254 8599
20151021 120254 8599
20151021 120457 8596
20151021 120510 8613
20151021 120510 8613
20151021 120510 8613
20151021 120511 8613
20151021 120511 8613
20151021 120511 8613
20151021 120511 8613
20151021 120511 8613
20151021 120511 8613
20151021 120511 8613
20151021 120511 8613
20151021 120513 8613
20151021 120524 8614
20151021 120524 8614
20151021 120604 8602
20151021 120620 8602
20151021 120631 8603
20151021 120636 8594
20151021 120636 8602
20151021 121139 8577
20151021 121154 8604
20151021 121214 8621
20151021 121217 8606
20151021 121217 8606
20151021 121221 8605
20151021 121246 8622
20151021 121246 8622
20151021 121248 8622
20151021 121254 8622
20151021 121305 8608
20151021 121305 8608
20151021 121305 8608
20151021 121305 8608
20151021 121305 8608
20151021 121305 8608
20151021 121305 8608
20151021 121305 8608
20151021 121305 8608
20151021 121305 8608
20151021 121305 8608
20151021 121305 8608
20151021 121305 8608
20151021 121305 8608
20151021 121305 8608
20151021 121305 8608
20151021 121305 8608
20151021 121305 8623
20151021 121305 8623
20151021 121305 8623
20151021 121305 8623
20151021 121305 8623
20151021 121305 8623
20151021 121305 8623
20151021 121305 8623
20151021 121305 8623
20151021 121305 8623
20151021 121305 8623
20151021 121305 8623
20151021 121305 8623
20151021 121305 8624
20151021 121305 8624
20151021 121305 8624
20151021 121305 8624
20151021 121305 8624
20151021 121305 8624
20151021 121305 8624
20151021 121305 8624
20151021 121305 8624
20151021 121305 8624
20151021 121305 8624
20151021 121305 8624
20151021 121305 8624
20151021 121305 8624
20151021 121305 8624
20151021 121305 8624
20151021 121305 8624
20151021 121305 8624
20151021 121306 8601
20151021 121306 8609
20151021 121306 8626
20151021 121306 8626
20151021 121306 8626
20151021 121306 8626
20151021 121306 8626
20151021 121306 8626
20151021 121306 8626
20151021 121306 8626
20151021 121306 8626
20151021 121306 8626
20151021 121307 8610
20151021 121307 8627
20151021 121307 8627
20151021 121307 8627
20151021 121307 8627
20151021 121307 8627
20151021 121307 8627
20151021 121307 8627
20151021 121307 8627
20151021 121307 8627
20151021 121307 8627
20151021 121307 8627
20151021 121307 8627
20151021 121307 8627
20151021 121307 8627
20151021 121307 8627
20151021 121307 8627
20151021 121307 8627
20151021 121307 8627
20151021 121307 8627
20151021 121307 8627
20151021 121307 8627
20151021 121308 8627
20151021 121308 8627
20151021 121308 8627
20151021 121308 8627
20151021 121330 8584
20151021 121333 8606
20151021 121334 8606
20151021 121336 8606
20151021 121346 8605
20151021 121349 8606
20151021 121356 8606
20151021 121411 8606
20151021 121427 8606
20151021 121429 8606
20151021 121437 8606
20151021 121455 8606
20151021 121459 8606
20151021 121459 8606
20151021 121502 8606
20151021 121503 8606
20151021 121505 8606
20151021 121509 8605
20151021 121735 8600
20151021 121735 8606
20151021 121801 8624
20151021 121802 8624
20151021 121803 8624
20151021 121803 8624
20151021 121803 8624
20151021 121803 8624
20151021 121803 8624
20151021 121803 8624
20151021 121803 8624
20151021 121952 8603
20151021 121956 8603
20151021 122019 8615
20151021 122051 8602
20151021 122101 8602
20151021 122249 8597
20151021 122249 8603
20151021 122351 8595
20151021 122458 8601
20151021 122521 8617
20151021 122536 8618
20151021 122541 8618
20151021 122541 8618
20151021 122541 8618
20151021 122544 8618
20151021 122555 8617
20151021 122605 8617
20151021 122605 8617
20151021 122640 8604
20151021 122640 8619
20151021 122640 8619
20151021 122640 8619
20151021 122715 8603
20151021 122925 8619
20151021 122925 8619
20151021 122925 8619
20151021 122941 8619
20151021 122942 8625
20151021 122943 8609
20151021 122947 8611
20151021 122954 8611
20151021 123002 8612
20151021 123002 8627
20151021 123002 8629
20151021 123002 8629
20151021 123002 8629
20151021 123002 8629
20151021 123002 8629
20151021 123002 8629
20151021 123002 8629
20151021 123002 8629
20151021 123002 8629
20151021 123002 8629
20151021 123002 8629
20151021 123002 8629
20151021 123013 8610
20151021 123108 8622
20151021 123113 8621
20151021 123113 8621
20151021 123115 8622
20151021 123125 8609
20151021 123126 8622
20151021 123132 8621
20151021 123206 8607
20151021 123421 8608
20151021 123659 8621
20151021 123835 8609
20151021 123848 8622
20151021 124029 8613
20151021 124036 8606
20151021 124050 8612
20151021 124055 8607
20151021 124055 8613
20151021 124055 8613
20151021 124055 8613
20151021 124055 8613
20151021 124055 8613
20151021 124147 8613
20151021 124208 8613
20151021 124401 8611
20151021 124404 8622
20151021 124404 8622
20151021 124404 8622
20151021 124434 8621
20151021 124458 8619
20151021 124500 8619
20151021 124500 8619
20151021 124545 8611
20151021 124556 8609
20151021 124641 8617
20151021 124641 8617
20151021 124642 8616
20151021 124642 8616
20151021 124745 8615
20151021 124745 8615
20151021 124833 8609
20151021 124958 8607
20151021 125118 8608
20151021 125410 8612
20151021 125411 8612
20151021 125418 8613
20151021 125422 8613
20151021 125423 8613
20151021 125550 8611
20151021 125653 8609
20151021 130009 8613
20151021 130012 8611
20151021 130012 8611
20151021 130019 8608
20151021 130019 8608
20151021 130021 8606
20151021 130021 8606
20151021 130021 8620
20151021 130022 8605
20151021 130039 8609
20151021 130045 8623
20151021 130045 8623
20151021 130052 8624
20151021 130211 8621
20151021 130254 8611
20151021 130328 8611
20151021 130429 8612
20151021 130429 8612
20151021 130429 8612
20151021 130512 8621
20151021 130516 8612
20151021 130552 8611
20151021 130659 8608
20151021 130720 8617
20151021 130721 8617
20151021 130721 8617
20151021 130721 8617
20151021 130721 8617
20151021 130727 8609
20151021 130825 8617
20151021 130838 8617
20151021 130954 8617
20151021 130954 8617
20151021 131037 8608
20151021 131050 8608
20151021 131104 8617
20151021 131123 8617
20151021 131123 8617
20151021 131147 8605
20151021 131149 8605
20151021 131155 8599
20151021 131155 8599
20151021 131155 8605
20151021 131155 8605
20151021 131205 8606
20151021 131227 8606
20151021 131450 8604
20151021 131450 8604
20151021 131514 8606
20151021 131537 8607
20151021 131542 8618
20151021 131549 8619
20151021 131600 8618
20151021 131609 8608
20151021 131611 8608
20151021 131611 8608
20151021 131617 8608
20151021 131622 8608
20151021 131622 8608
20151021 131719 8584
20151021 131827 8606
20151021 131852 8605
20151021 131924 8605
20151021 131946 8617
20151021 132001 8618
20151021 132003 8617
20151021 132003 8617
20151021 132006 8603
20151021 132010 8618
20151021 132011 8617
20151021 132011 8617
20151021 132017 8617
20151021 132044 8616
20151021 132048 8604
20151021 132139 8603
20151021 132140 8604
20151021 132152 8602
20151021 132153 8602
20151021 132153 8602
20151021 132153 8616
20151021 132155 8600
20151021 132155 8601
20151021 132155 8601
20151021 132155 8616
20151021 132156 8600
20151021 132156 8600
20151021 132208 8592
20151021 132208 8598
20151021 132212 8599
20151021 132224 8598
20151021 132243 8616
20151021 132244 8590
20151021 132246 8598
20151021 132259 8600
20151021 132259 8600
20151021 132431 8613
20151021 132431 8614
20151021 132431 8614
20151021 132431 8614
20151021 132431 8615
20151021 132441 8599
20151021 132454 8574
20151021 132454 8592
20151021 132458 8617
20151021 132503 8616
20151021 132503 8617
20151021 132503 8617
20151021 132504 8617
20151021 132504 8618
20151021 132504 8618
20151021 132510 8592
20151021 132510 8600
20151021 132524 8592
20151021 132524 8600
20151021 132535 8601
20151021 132550 8617
20151021 132552 8616
20151021 132556 8616
20151021 132557 8616
20151021 132557 8616
20151021 132558 8616
20151021 132558 8616
20151021 132558 8617
20151021 132558 8617
20151021 132558 8618
20151021 132559 8616
20151021 132559 8616
20151021 132559 8616
20151021 132559 8618
20151021 132559 8618
20151021 132559 8618
20151021 132559 8618
20151021 132559 8618
20151021 132600 8616
20151021 132600 8616
20151021 132600 8616
20151021 132600 8616
20151021 132600 8616
20151021 132600 8616
20151021 132600 8616
20151021 132600 8616
20151021 132600 8616
20151021 132600 8617
20151021 132600 8618
20151021 132600 8618
20151021 132600 8618
20151021 132600 8618
20151021 132600 8618
20151021 132600 8618
20151021 132601 8616
20151021 132601 8616
20151021 132601 8618
20151021 132601 8618
20151021 132601 8618
20151021 132601 8618
20151021 132601 8618
20151021 132601 8618
20151021 132602 8616
20151021 132602 8616
20151021 132602 8618
20151021 132603 8616
20151021 132603 8616
20151021 132603 8616
20151021 132603 8616
20151021 132603 8616
20151021 132603 8616
20151021 132603 8618
20151021 132603 8618
20151021 132603 8618
20151021 132604 8596
20151021 132604 8617
20151021 132604 8617
20151021 132604 8618
20151021 132604 8618
20151021 132604 8618
20151021 132604 8618
20151021 132604 8618
20151021 132604 8618
20151021 132605 8618
20151021 132605 8618
20151021 132605 8618
20151021 132605 8618
20151021 132606 8616
20151021 132606 8616
20151021 132606 8616
20151021 132606 8617
20151021 132606 8617
20151021 132606 8618
20151021 132607 8618
20151021 132610 8616
20151021 132611 8618
20151021 132618 8616
20151021 132620 8617
20151021 132634 8598
20151021 132715 8599
20151021 132717 8617
20151021 132720 8599
20151021 132741 8599
20151021 132757 8616
20151021 132800 8599
20151021 132801 8617
20151021 132801 8617
20151021 132820 8599
20151021 132820 8599
20151021 132822 8599
20151021 132836 8599
20151021 132900 8616
20151021 132901 8598
20151021 132902 8591
20151021 132902 8599
20151021 132911 8599
20151021 132911 8599
20151021 133033 8610
20151021 133035 8610
20151021 133040 8594
20151021 133044 8594
20151021 133044 8595
20151021 133114 8596
20151021 133134 8596
20151021 133134 8596
20151021 133146 8596
20151021 133249 8590
20151021 133249 8598
20151021 133251 8597
20151021 133254 8598
20151021 133258 8598
20151021 133300 8597
20151021 133301 8591
20151021 133301 8598
20151021 133301 8599
20151021 133301 8599
20151021 133301 8599
20151021 133323 8592
20151021 133323 8600
20151021 133344 8600
20151021 133422 8600
20151021 133433 8600
20151021 133444 8600
20151021 133456 8600
20151021 133502 8601
20151021 133526 8599
20151021 133526 8599
20151021 133543 8600
20151021 133548 8600
20151021 133549 8600
20151021 133549 8600
20151021 133557 8600
20151021 133604 8601
20151021 133607 8601
20151021 133608 8600
20151021 133611 8593
20151021 133611 8601
20151021 133617 8601
20151021 133629 8613
20151021 133637 8602
20151021 133648 8602
20151021 133652 8613
20151021 133700 8603
20151021 133700 8603
20151021 133710 8595
20151021 133710 8603
20151021 133714 8603
20151021 133741 8603
20151021 133743 8603
20151021 133811 8603
20151021 133829 8595
20151021 133834 8596
20151021 133834 8596
20151021 133834 8604
20151021 133834 8604
20151021 133835 8575
20151021 133844 8603
20151021 133853 8603
20151021 133854 8604
20151021 133900 8604
20151021 133901 8605
20151021 133901 8615
20151021 133903 8597
20151021 133903 8605
20151021 133910 8604
20151021 133918 8605
20151021 133941 8605
20151021 133951 8615
20151021 134025 8598
20151021 134038 8605
20151021 134042 8615
20151021 134107 8605
20151021 134110 8598
20151021 134110 8606
20151021 134133 8605
20151021 134213 8608
20151021 134213 8616
20151021 134251 8578
20151021 134301 8608
20151021 134301 8608
20151021 134303 8608
20151021 134308 8608
20151021 134315 8608
20151021 134317 8608
20151021 134325 8609
20151021 134330 8609
20151021 134333 8609
20151021 134350 8601
20151021 134405 8601
20151021 134433 8609
20151021 134433 8609
20151021 134436 8609
20151021 134446 8584
20151021 134448 8609
