20151030 084500 8559
20151030 084500 8559
20151030 084500 8564
20151030 084500 8564
20151030 084500 8564
20151030 084501 8566
20151030 084501 8566
20151030 084501 8566
20151030 084501 8566
20151030 084501 8566
20151030 084520 8562
20151030 084522 8563
20151030 084532 8560
20151030 084534 8561
20151030 084547 8564
20151030 084547 8564
20151030 084547 8564
20151030 084549 8564
20151030 084549 8564
20151030 084552 8565
20151030 084553 8566
20151030 084553 8566
20151030 084553 8566
20151030 084553 8567
20151030 084554 8567
20151030 084612 8567
20151030 084622 8568
20151030 084626 8569
20151030 084629 8569
20151030 084633 8570
20151030 084640 8571
20151030 084643 8572
20151030 084643 8572
20151030 084643 8572
20151030 084643 8572
20151030 084644 8574
20151030 084644 8574
20151030 084645 8572
20151030 084646 8573
20151030 084646 8574
20151030 084646 8574
20151030 084647 8574
20151030 084652 8574
20151030 084652 8575
20151030 084654 8575
20151030 084655 8576
20151030 084658 8577
20151030 084707 8575
20151030 084712 8573
20151030 084713 8572
20151030 084715 8572
20151030 084719 8572
20151030 084731 8571
20151030 084732 8572
20151030 084733 8571
20151030 084734 8571
20151030 084734 8571
20151030 084738 8570
20151030 084741 8568
20151030 084748 8571
20151030 084820 8551
20151030 084835 8567
20151030 084842 8571
20151030 084853 8563
20151030 084853 8564
20151030 084854 8562
20151030 084949 8564
20151030 084958 8564
20151030 085001 8562
20151030 085011 8561
20151030 085017 8561
20151030 085018 8562
20151030 085104 8558
20151030 085105 8563
20151030 085119 8558
20151030 085120 8558
20151030 085122 8555
20151030 085128 8557
20151030 085128 8557
20151030 085154 8555
20151030 085154 8561
20151030 085155 8555
20151030 085156 8556
20151030 085207 8550
20151030 085208 8551
20151030 085208 8551
20151030 085211 8553
20151030 085222 8547
20151030 085223 8561
20151030 085224 8551
20151030 085226 8552
20151030 085228 8552
20151030 085228 8552
20151030 085233 8550
20151030 085233 8550
20151030 085235 8550
20151030 085236 8548
20151030 085249 8548
20151030 085249 8548
20151030 085249 8548
20151030 085249 8549
20151030 085250 8547
20151030 085253 8533
20151030 085253 8548
20151030 085253 8548
20151030 085257 8549
20151030 085257 8549
20151030 085257 8549
20151030 085258 8548
20151030 085258 8549
20151030 085321 8554
20151030 085321 8554
20151030 085322 8554
20151030 085322 8554
20151030 085322 8554
20151030 085322 8554
20151030 085324 8553
20151030 085338 8565
20151030 085345 8555
20151030 085352 8558
20151030 085352 8558
20151030 085353 8558
20151030 085358 8557
20151030 085419 8556
20151030 085450 8556
20151030 085550 8556
20151030 085650 8557
20151030 085650 8559
20151030 085652 8559
20151030 085653 8559
20151030 085710 8560
20151030 085710 8566
20151030 085711 8561
20151030 085712 8561
20151030 085712 8561
20151030 085712 8562
20151030 085712 8562
20151030 085712 8562
20151030 085712 8562
20151030 085712 8568
20151030 085715 8561
20151030 085716 8562
20151030 085716 8562
20151030 085716 8562
20151030 085716 8564
20151030 085716 8564
20151030 085716 8564
20151030 085716 8564
20151030 085716 8564
20151030 085716 8564
20151030 085716 8564
20151030 085716 8564
20151030 085718 8563
20151030 085756 8563
20151030 085804 8564
20151030 085804 8564
20151030 085832 8563
20151030 085836 8562
20151030 085917 8573
20151030 090014 8559
20151030 090016 8558
20151030 090017 8557
20151030 090023 8565
20151030 090033 8562
20151030 090033 8562
20151030 090040 8565
20151030 090042 8565
20151030 090047 8564
20151030 090100 8562
20151030 090103 8561
20151030 090123 8557
20151030 090128 8552
20151030 090129 8552
20151030 090130 8550
20151030 090130 8550
20151030 090136 8544
20151030 090136 8544
20151030 090136 8544
20151030 090136 8545
20151030 090136 8546
20151030 090136 8554
20151030 090137 8541
20151030 090137 8541
20151030 090137 8541
20151030 090137 8541
20151030 090137 8542
20151030 090137 8542
20151030 090137 8543
20151030 090137 8543
20151030 090137 8543
20151030 090144 8557
20151030 090144 8557
20151030 090144 8557
20151030 090144 8557
20151030 090144 8557
20151030 090144 8557
20151030 090145 8559
20151030 090201 8549
20151030 090207 8549
20151030 090214 8549
20151030 090229 8563
20151030 090230 8563
20151030 090230 8563
20151030 090230 8563
20151030 090252 8552
20151030 090302 8554
20151030 090304 8554
20151030 090305 8554
20151030 090314 8550
20151030 090333 8553
20151030 090333 8554
20151030 090345 8556
20151030 090345 8556
20151030 090348 8559
20151030 090349 8560
20151030 090351 8562
20151030 090352 8561
20151030 090356 8561
20151030 090404 8570
20151030 090435 8552
20151030 090500 8554
20151030 090541 8554
20151030 090545 8553
20151030 090545 8553
20151030 090545 8553
20151030 090545 8553
20151030 090556 8557
20151030 090611 8556
20151030 090611 8556
20151030 090636 8562
20151030 090644 8563
20151030 090647 8566
20151030 090647 8567
20151030 090650 8555
20151030 090714 8556
20151030 090714 8556
20151030 090722 8555
20151030 090734 8552
20151030 090734 8552
20151030 090757 8553
20151030 090848 8548
20151030 090851 8543
20151030 090851 8545
20151030 090853 8541
20151030 090854 8538
20151030 090854 8539
20151030 090855 8532
20151030 090856 8537
20151030 090856 8538
20151030 090856 8538
20151030 090856 8538
20151030 090902 8532
20151030 090902 8545
20151030 090902 8545
20151030 090904 8531
20151030 090909 8533
20151030 090918 8544
20151030 090921 8535
20151030 090932 8536
20151030 090936 8532
20151030 090936 8535
20151030 090942 8546
20151030 090949 8531
20151030 090949 8531
20151030 091001 8528
20151030 091002 8530
20151030 091013 8528
20151030 091036 8522
20151030 091041 8532
20151030 091044 8521
20151030 091044 8521
20151030 091044 8521
20151030 091044 8521
20151030 091045 8521
20151030 091045 8524
20151030 091050 8505
20151030 091050 8505
20151030 091051 8521
20151030 091053 8521
20151030 091058 8519
20151030 091100 8519
20151030 091104 8519
20151030 091107 8519
20151030 091110 8515
20151030 091112 8522
20151030 091119 8523
20151030 091119 8524
20151030 091121 8537
20151030 091124 8525
20151030 091125 8525
20151030 091126 8525
20151030 091126 8526
20151030 091127 8527
20151030 091130 8528
20151030 091133 8527
20151030 091135 8529
20151030 091136 8527
20151030 091141 8525
20151030 091142 8525
20151030 091157 8526
20151030 091159 8525
20151030 091212 8525
20151030 091213 8524
20151030 091227 8526
20151030 091227 8526
20151030 091227 8526
20151030 091251 8521
20151030 091251 8525
20151030 091308 8525
20151030 091308 8525
20151030 091308 8525
20151030 091308 8525
20151030 091315 8528
20151030 091315 8528
20151030 091315 8537
20151030 091315 8537
20151030 091316 8529
20151030 091316 8529
20151030 091316 8529
20151030 091316 8529
20151030 091316 8529
20151030 091316 8529
20151030 091325 8532
20151030 091327 8534
20151030 091328 8534
20151030 091328 8534
20151030 091329 8534
20151030 091332 8536
20151030 091335 8537
20151030 091341 8536
20151030 091341 8536
20151030 091344 8535
20151030 091344 8537
20151030 091345 8544
20151030 091346 8536
20151030 091346 8537
20151030 091354 8532
20151030 091354 8533
20151030 091354 8534
20151030 091400 8533
20151030 091403 8533
20151030 091403 8533
20151030 091405 8533
20151030 091405 8533
20151030 091406 8531
20151030 091418 8530
20151030 091422 8527
20151030 091426 8525
20151030 091428 8525
20151030 091431 8524
20151030 091432 8521
20151030 091432 8522
20151030 091432 8522
20151030 091435 8524
20151030 091439 8524
20151030 091449 8524
20151030 091450 8525
20151030 091501 8525
20151030 091502 8526
20151030 091502 8529
20151030 091503 8526
20151030 091518 8530
20151030 091524 8531
20151030 091547 8530
20151030 091547 8530
20151030 091547 8530
20151030 091547 8530
20151030 091551 8529
20151030 091601 8530
20151030 091621 8513
20151030 091621 8523
20151030 091622 8527
20151030 091623 8526
20151030 091623 8534
20151030 091623 8534
20151030 091623 8534
20151030 091623 8534
20151030 091629 8525
20151030 091642 8530
20151030 091650 8530
20151030 091710 8531
20151030 091720 8530
20151030 091720 8530
20151030 091738 8527
20151030 091827 8534
20151030 091827 8534
20151030 091827 8534
20151030 091827 8534
20151030 091827 8534
20151030 091827 8535
20151030 091828 8536
20151030 091828 8536
20151030 091828 8536
20151030 091843 8533
20151030 091855 8535
20151030 091912 8542
20151030 091914 8531
20151030 091922 8528
20151030 091928 8526
20151030 091928 8526
20151030 091940 8522
20151030 091941 8522
20151030 091951 8526
20151030 091951 8526
20151030 091954 8525
20151030 092006 8534
20151030 092008 8542
20151030 092009 8536
20151030 092009 8537
20151030 092012 8539
20151030 092012 8539
20151030 092012 8539
20151030 092012 8540
20151030 092014 8540
20151030 092014 8540
20151030 092024 8533
20151030 092026 8535
20151030 092057 8532
20151030 092100 8531
20151030 092133 8529
20151030 092133 8529
20151030 092141 8526
20151030 092200 8526
20151030 092201 8527
20151030 092211 8525
20151030 092211 8525
20151030 092211 8525
20151030 092222 8531
20151030 092224 8542
20151030 092248 8527
20151030 092250 8531
20151030 092300 8523
20151030 092303 8518
20151030 092303 8519
20151030 092303 8519
20151030 092303 8522
20151030 092303 8522
20151030 092303 8530
20151030 092303 8530
20151030 092303 8530
20151030 092304 8513
20151030 092304 8513
20151030 092304 8513
20151030 092304 8513
20151030 092304 8513
20151030 092304 8514
20151030 092304 8514
20151030 092304 8515
20151030 092304 8515
20151030 092304 8515
20151030 092304 8516
20151030 092304 8516
20151030 092304 8516
20151030 092304 8516
20151030 092304 8516
20151030 092304 8516
20151030 092304 8517
20151030 092304 8518
20151030 092304 8518
20151030 092305 8511
20151030 092305 8511
20151030 092305 8511
20151030 092306 8517
20151030 092306 8517
20151030 092307 8516
20151030 092315 8519
20151030 092316 8519
20151030 092317 8518
20151030 092320 8515
20151030 092328 8520
20151030 092328 8521
20151030 092331 8521
20151030 092331 8522
20151030 092333 8523
20151030 092339 8526
20151030 092354 8525
20151030 092422 8528
20151030 092423 8527
20151030 092423 8528
20151030 092425 8527
20151030 092430 8526
20151030 092440 8527
20151030 092524 8526
20151030 092539 8529
20151030 092543 8529
20151030 092543 8529
20151030 092544 8529
20151030 092544 8529
20151030 092547 8530
20151030 092549 8530
20151030 092550 8530
20151030 092551 8529
20151030 092604 8515
20151030 092618 8533
20151030 092622 8535
20151030 092717 8533
20151030 092731 8534
20151030 092735 8534
20151030 092831 8541
20151030 092908 8529
20151030 092911 8528
20151030 092912 8528
20151030 092913 8528
20151030 092914 8528
20151030 092914 8528
20151030 092914 8528
20151030 092936 8528
20151030 092945 8525
20151030 092956 8535
20151030 092956 8535
20151030 093000 8521
20151030 093000 8521
20151030 093001 8515
20151030 093001 8515
20151030 093001 8516
20151030 093001 8519
20151030 093001 8519
20151030 093001 8519
20151030 093001 8530
20151030 093001 8530
20151030 093001 8531
20151030 093002 8513
20151030 093002 8513
20151030 093002 8514
20151030 093002 8516
20151030 093003 8518
20151030 093006 8516
20151030 093007 8516
20151030 093016 8524
20151030 093017 8527
20151030 093037 8521
20151030 093038 8520
20151030 093052 8518
20151030 093053 8515
20151030 093058 8506
20151030 093058 8508
20151030 093058 8509
20151030 093058 8520
20151030 093100 8512
20151030 093110 8512
20151030 093111 8513
20151030 093111 8513
20151030 093126 8515
20151030 093129 8516
20151030 093132 8516
20151030 093135 8517
20151030 093137 8515
20151030 093146 8513
20151030 093153 8516
20151030 093206 8511
20151030 093226 8513
20151030 093229 8513
20151030 093234 8513
20151030 093234 8513
20151030 093342 8512
20151030 093346 8511
20151030 093347 8511
20151030 093348 8511
20151030 093403 8511
20151030 093403 8511
20151030 093403 8511
20151030 093410 8511
20151030 093411 8510
20151030 093429 8506
20151030 093429 8506
20151030 093445 8509
20151030 093448 8510
20151030 093501 8508
20151030 093507 8506
20151030 093509 8503
20151030 093509 8516
20151030 093509 8516
20151030 093510 8503
20151030 093511 8488
20151030 093514 8501
20151030 093514 8505
20151030 093528 8505
20151030 093531 8505
20151030 093537 8505
20151030 093545 8512
20151030 093554 8503
20151030 093556 8503
20151030 093603 8501
20151030 093603 8501
20151030 093603 8501
20151030 093603 8501
20151030 093612 8510
20151030 093623 8502
20151030 093628 8511
20151030 093649 8505
20151030 093650 8505
20151030 093655 8502
20151030 093703 8498
20151030 093703 8499
20151030 093703 8499
20151030 093706 8502
20151030 093719 8502
20151030 093726 8502
20151030 093727 8504
20151030 093727 8504
20151030 093732 8506
20151030 093739 8506
20151030 093744 8509
20151030 093744 8509
20151030 093749 8508
20151030 093752 8508
20151030 093753 8509
20151030 093759 8510
20151030 093831 8507
20151030 093951 8508
20151030 093951 8508
20151030 094000 8510
20151030 094000 8510
20151030 094000 8510
20151030 094002 8511
20151030 094002 8511
20151030 094008 8512
20151030 094019 8514
20151030 094020 8499
20151030 094020 8512
20151030 094026 8512
20151030 094049 8512
20151030 094051 8510
20151030 094054 8510
20151030 094107 8508
20151030 094134 8505
20151030 094140 8503
20151030 094147 8505
20151030 094147 8506
20151030 094150 8506
20151030 094244 8502
20151030 094300 8498
20151030 094302 8495
20151030 094302 8496
20151030 094303 8495
20151030 094319 8496
20151030 094341 8496
20151030 094349 8497
20151030 094351 8499
20151030 094355 8498
20151030 094403 8504
20151030 094410 8493
20151030 094411 8493
20151030 094412 8494
20151030 094419 8492
20151030 094419 8492
20151030 094424 8494
20151030 094425 8495
20151030 094425 8495
20151030 094425 8495
20151030 094425 8502
20151030 094432 8495
20151030 094436 8496
20151030 094500 8488
20151030 094500 8489
20151030 094500 8489
20151030 094500 8489
20151030 094500 8489
20151030 094500 8489
20151030 094500 8489
20151030 094500 8489
20151030 094501 8486
20151030 094501 8486
20151030 094501 8486
20151030 094501 8486
20151030 094501 8487
20151030 094501 8498
20151030 094502 8498
20151030 094502 8498
20151030 094508 8484
20151030 094512 8486
20151030 094514 8487
20151030 094520 8488
20151030 094520 8489
20151030 094520 8489
20151030 094522 8488
20151030 094524 8485
20151030 094526 8484
20151030 094527 8488
20151030 094527 8488
20151030 094528 8488
20151030 094528 8488
20151030 094528 8488
20151030 094535 8489
20151030 094536 8490
20151030 094536 8490
20151030 094536 8498
20151030 094537 8491
20151030 094537 8493
20151030 094540 8493
20151030 094540 8494
20151030 094541 8494
20151030 094542 8494
20151030 094542 8494
20151030 094542 8494
20151030 094543 8494
20151030 094551 8491
20151030 094551 8491
20151030 094551 8491
20151030 094553 8493
20151030 094553 8494
20151030 094553 8494
20151030 094607 8492
20151030 094607 8492
20151030 094607 8505
20151030 094609 8493
20151030 094611 8492
20151030 094612 8492
20151030 094624 8481
20151030 094627 8496
20151030 094627 8496
20151030 094637 8498
20151030 094637 8499
20151030 094637 8499
20151030 094637 8501
20151030 094637 8501
20151030 094637 8508
20151030 094638 8499
20151030 094638 8505
20151030 094638 8505
20151030 094641 8497
20151030 094641 8497
20151030 094641 8497
20151030 094653 8498
20151030 094656 8498
20151030 094658 8498
20151030 094702 8484
20151030 094704 8499
20151030 094704 8499
20151030 094705 8499
20151030 094705 8499
20151030 094705 8499
20151030 094717 8488
20151030 094717 8498
20151030 094720 8501
20151030 094724 8501
20151030 094728 8501
20151030 094729 8501
20151030 094732 8504
20151030 094735 8502
20151030 094751 8497
20151030 094809 8495
20151030 094810 8494
20151030 094859 8481
20151030 094903 8482
20151030 095003 8485
20151030 095003 8485
20151030 095003 8485
20151030 095003 8485
20151030 095004 8501
20151030 095008 8486
20151030 095013 8499
20151030 095015 8502
20151030 095015 8502
20151030 095015 8510
20151030 095032 8507
20151030 095032 8507
20151030 095038 8499
20151030 095106 8499
20151030 095114 8498
20151030 095116 8497
20151030 095125 8496
20151030 095140 8500
20151030 095141 8502
20151030 095150 8500
20151030 095225 8499
20151030 095226 8499
20151030 095226 8500
20151030 095226 8502
20151030 095226 8502
20151030 095226 8504
20151030 095226 8504
20151030 095226 8504
20151030 095226 8504
20151030 095226 8504
20151030 095231 8504
20151030 095231 8504
20151030 095240 8516
20151030 095242 8504
20151030 095243 8504
20151030 095328 8490
20151030 095334 8508
20151030 095340 8508
20151030 095342 8511
20151030 095350 8508
20151030 095350 8508
20151030 095423 8508
20151030 095425 8508
20151030 095425 8509
20151030 095451 8509
20151030 095519 8509
20151030 095528 8508
20151030 095551 8516
20151030 095557 8492
20151030 095557 8508
20151030 095620 8510
20151030 095623 8512
20151030 095636 8511
20151030 095703 8516
20151030 095703 8516
20151030 095703 8516
20151030 095703 8516
20151030 095703 8517
20151030 095703 8519
20151030 095703 8519
20151030 095703 8519
20151030 095704 8520
20151030 095704 8521
20151030 095704 8521
20151030 095704 8521
20151030 095710 8528
20151030 095718 8516
20151030 095718 8516
20151030 095726 8517
20151030 095732 8528
20151030 095818 8515
20151030 095818 8515
20151030 095819 8514
20151030 095824 8522
20151030 095840 8517
20151030 095855 8516
20151030 095934 8522
20151030 095934 8522
20151030 100001 8523
20151030 100022 8517
20151030 100023 8516
20151030 100023 8516
20151030 100023 8516
20151030 100026 8518
20151030 100050 8519
20151030 100050 8520
20151030 100051 8522
20151030 100051 8522
20151030 100054 8519
20151030 100137 8518
20151030 100159 8525
20151030 100159 8526
20151030 100159 8526
20151030 100159 8526
20151030 100159 8526
20151030 100159 8526
20151030 100159 8526
20151030 100159 8526
20151030 100159 8527
20151030 100159 8533
20151030 100202 8525
20151030 100209 8528
20151030 100229 8526
20151030 100246 8525
20151030 100302 8525
20151030 100347 8527
20151030 100350 8539
20151030 100423 8527
20151030 100425 8527
20151030 100431 8527
20151030 100456 8527
20151030 100503 8536
20151030 100519 8533
20151030 100519 8533
20151030 100519 8533
20151030 100519 8534
20151030 100519 8534
20151030 100519 8534
20151030 100519 8534
20151030 100519 8534
20151030 100520 8534
20151030 100520 8535
20151030 100520 8535
20151030 100520 8535
20151030 100521 8535
20151030 100521 8535
20151030 100521 8535
20151030 100521 8535
20151030 100521 8535
20151030 100521 8536
20151030 100521 8536
20151030 100521 8536
20151030 100521 8536
20151030 100522 8536
20151030 100526 8534
20151030 100532 8534
20151030 100538 8545
20151030 100554 8533
20151030 100630 8535
20151030 100703 8535
20151030 100723 8532
20151030 100727 8532
20151030 100728 8532
20151030 100730 8531
20151030 100730 8531
20151030 100731 8531
20151030 100731 8531
20151030 100735 8531
20151030 100742 8531
20151030 100742 8532
20151030 100752 8531
20151030 100754 8529
20151030 100755 8530
20151030 100758 8530
20151030 100809 8530
20151030 100812 8541
20151030 100820 8530
20151030 100829 8529
20151030 100830 8529
20151030 100902 8530
20151030 100912 8530
20151030 101028 8532
20151030 101120 8524
20151030 101122 8521
20151030 101153 8522
20151030 101207 8522
20151030 101209 8530
20151030 101223 8530
20151030 101223 8530
20151030 101340 8520
20151030 101413 8520
20151030 101413 8520
20151030 101413 8520
20151030 101413 8520
20151030 101430 8519
20151030 101430 8519
20151030 101441 8527
20151030 101502 8521
20151030 101509 8531
20151030 101606 8517
20151030 101613 8519
20151030 101616 8519
20151030 101616 8520
20151030 101617 8519
20151030 101629 8527
20151030 101640 8519
20151030 101647 8532
20151030 101703 8520
20151030 101730 8521
20151030 101730 8521
20151030 101730 8522
20151030 101739 8508
20151030 101757 8523
20151030 101815 8520
20151030 101827 8517
20151030 101943 8519
20151030 101945 8519
20151030 102019 8520
20151030 102048 8523
20151030 102049 8522
20151030 102053 8524
20151030 102208 8532
20151030 102209 8532
20151030 102212 8521
20151030 102305 8534
20151030 102319 8520
20151030 102347 8522
20151030 102347 8522
20151030 102413 8525
20151030 102422 8532
20151030 102430 8525
20151030 102543 8523
20151030 102543 8523
20151030 102908 8522
20151030 102928 8532
20151030 103030 8523
20151030 103030 8523
20151030 103030 8523
20151030 103104 8522
20151030 103125 8523
20151030 103125 8523
20151030 103128 8523
20151030 103128 8523
20151030 103128 8524
20151030 103210 8528
20151030 103211 8529
20151030 103220 8532
20151030 103220 8532
20151030 103220 8532
20151030 103220 8532
20151030 103220 8532
20151030 103220 8532
20151030 103220 8532
20151030 103220 8532
20151030 103220 8532
20151030 103222 8532
20151030 103229 8533
20151030 103408 8533
20151030 103409 8536
20151030 103409 8536
20151030 103409 8536
20151030 103409 8537
20151030 103409 8537
20151030 103409 8545
20151030 103410 8538
20151030 103410 8538
20151030 103410 8538
20151030 103410 8538
20151030 103410 8538
20151030 103410 8538
20151030 103410 8539
20151030 103410 8539
20151030 103410 8539
20151030 103410 8539
20151030 103410 8539
20151030 103410 8539
20151030 103410 8539
20151030 103410 8539
20151030 103410 8539
20151030 103410 8539
20151030 103410 8541
20151030 103412 8542
20151030 103412 8542
20151030 103414 8550
20151030 103418 8542
20151030 103419 8544
20151030 103419 8544
20151030 103419 8544
20151030 103419 8544
20151030 103424 8543
20151030 103432 8544
20151030 103436 8545
20151030 103436 8545
20151030 103436 8545
20151030 103436 8546
20151030 103436 8553
20151030 103512 8558
20151030 103532 8547
20151030 103533 8547
20151030 103539 8547
20151030 103540 8547
20151030 103557 8550
20151030 103557 8550
20151030 103557 8550
20151030 103557 8551
20151030 103557 8551
20151030 103557 8551
20151030 103557 8551
20151030 103558 8552
20151030 103558 8553
20151030 103558 8553
20151030 103558 8553
20151030 103600 8554
20151030 103600 8554
20151030 103600 8554
20151030 103600 8554
20151030 103603 8550
20151030 103610 8565
20151030 103610 8566
20151030 103610 8566
20151030 103610 8566
20151030 103610 8566
20151030 103610 8566
20151030 103610 8567
20151030 103610 8567
20151030 103612 8555
20151030 103613 8556
20151030 103614 8557
20151030 103614 8557
20151030 103616 8557
20151030 103618 8556
20151030 103627 8568
20151030 103633 8555
20151030 103640 8558
20151030 103640 8559
20151030 103640 8559
20151030 103640 8561
20151030 103640 8561
20151030 103640 8561
20151030 103640 8569
20151030 103640 8569
20151030 103641 8562
20151030 103647 8563
20151030 103647 8563
20151030 103648 8564
20151030 103648 8564
20151030 103648 8564
20151030 103648 8564
20151030 103648 8564
20151030 103649 8565
20151030 103649 8565
20151030 103649 8565
20151030 103649 8565
20151030 103650 8565
20151030 103650 8565
20151030 103651 8565
20151030 103652 8564
20151030 103652 8565
20151030 103652 8572
20151030 103652 8572
20151030 103655 8573
20151030 103655 8573
20151030 103655 8573
20151030 103655 8573
20151030 103657 8564
20151030 103657 8571
20151030 103657 8571
20151030 103657 8571
20151030 103657 8571
20151030 103657 8571
20151030 103657 8571
20151030 103657 8571
20151030 103657 8571
20151030 103657 8572
20151030 103657 8572
20151030 103658 8564
20151030 103659 8571
20151030 103700 8571
20151030 103700 8571
20151030 103700 8571
20151030 103700 8571
20151030 103700 8571
20151030 103701 8561
20151030 103703 8559
20151030 103710 8555
20151030 103710 8557
20151030 103712 8557
20151030 103714 8557
20151030 103715 8557
20151030 103718 8557
20151030 103718 8557
20151030 103723 8560
20151030 103734 8559
20151030 103742 8555
20151030 103745 8559
20151030 103754 8556
20151030 103754 8556
20151030 103804 8558
20151030 103810 8558
20151030 103810 8558
20151030 103810 8558
20151030 103837 8567
20151030 103846 8556
20151030 103847 8556
20151030 103847 8556
20151030 103902 8555
20151030 103940 8557
20151030 103952 8556
20151030 104001 8561
20151030 104002 8562
20151030 104024 8568
20151030 104026 8563
20151030 104027 8563
20151030 104042 8569
20151030 104107 8565
20151030 104109 8573
20151030 104124 8565
20151030 104124 8565
20151030 104124 8566
20151030 104132 8574
20151030 104147 8563
20151030 104212 8559
20151030 104214 8557
20151030 104214 8567
20151030 104223 8556
20151030 104312 8563
20151030 104334 8566
20151030 104334 8566
20151030 104334 8566
20151030 104335 8568
20151030 104335 8568
20151030 104335 8568
20151030 104335 8568
20151030 104335 8568
20151030 104335 8569
20151030 104335 8569
20151030 104335 8569
20151030 104335 8569
20151030 104335 8569
20151030 104335 8569
20151030 104335 8569
20151030 104335 8569
20151030 104335 8569
20151030 104335 8569
20151030 104335 8569
20151030 104335 8570
20151030 104335 8570
20151030 104335 8570
20151030 104335 8570
20151030 104336 8571
20151030 104336 8572
20151030 104336 8572
20151030 104336 8572
20151030 104336 8572
20151030 104337 8572
20151030 104337 8573
20151030 104337 8573
20151030 104337 8573
20151030 104337 8574
20151030 104337 8574
20151030 104337 8574
20151030 104337 8574
20151030 104337 8574
20151030 104337 8574
20151030 104337 8575
20151030 104337 8575
20151030 104337 8576
20151030 104337 8580
20151030 104338 8576
20151030 104338 8577
20151030 104338 8577
20151030 104338 8577
20151030 104338 8577
20151030 104338 8577
20151030 104338 8577
20151030 104338 8578
20151030 104338 8578
20151030 104338 8578
20151030 104338 8578
20151030 104338 8578
20151030 104338 8579
20151030 104338 8579
20151030 104338 8579
20151030 104338 8579
20151030 104338 8580
20151030 104338 8580
20151030 104338 8581
20151030 104338 8581
20151030 104338 8582
20151030 104338 8582
20151030 104338 8582
20151030 104338 8584
20151030 104338 8584
20151030 104338 8584
20151030 104338 8584
20151030 104338 8584
20151030 104338 8584
20151030 104339 8580
20151030 104342 8578
20151030 104343 8584
20151030 104343 8584
20151030 104343 8584
20151030 104344 8577
20151030 104346 8584
20151030 104346 8584
20151030 104349 8577
20151030 104405 8574
20151030 104422 8577
20151030 104434 8576
20151030 104434 8576
20151030 104434 8576
20151030 104453 8579
20151030 104501 8579
20151030 104501 8579
20151030 104501 8579
20151030 104501 8580
20151030 104502 8580
20151030 104502 8581
20151030 104502 8584
20151030 104510 8582
20151030 104511 8583
20151030 104513 8584
20151030 104513 8584
20151030 104513 8585
20151030 104513 8585
20151030 104513 8586
20151030 104514 8587
20151030 104515 8584
20151030 104518 8584
20151030 104518 8584
20151030 104520 8584
20151030 104522 8585
20151030 104523 8594
20151030 104524 8590
20151030 104526 8585
20151030 104531 8585
20151030 104539 8586
20151030 104552 8596
20151030 104601 8587
20151030 104601 8587
20151030 104609 8588
20151030 104609 8588
20151030 104609 8588
20151030 104609 8589
20151030 104609 8589
20151030 104609 8589
20151030 104609 8589
20151030 104609 8589
20151030 104609 8589
20151030 104609 8589
20151030 104609 8589
20151030 104609 8589
20151030 104609 8589
20151030 104609 8590
20151030 104610 8590
20151030 104610 8590
20151030 104610 8590
20151030 104610 8590
20151030 104610 8591
20151030 104610 8591
20151030 104610 8591
20151030 104610 8592
20151030 104610 8592
20151030 104610 8592
20151030 104610 8592
20151030 104610 8593
20151030 104610 8593
20151030 104610 8593
20151030 104610 8593
20151030 104610 8593
20151030 104610 8594
20151030 104610 8594
20151030 104610 8594
20151030 104610 8594
20151030 104610 8595
20151030 104610 8595
20151030 104610 8595
20151030 104610 8595
20151030 104610 8595
20151030 104610 8595
20151030 104610 8596
20151030 104611 8595
20151030 104611 8596
20151030 104611 8597
20151030 104624 8597
20151030 104626 8597
20151030 104627 8597
20151030 104627 8600
20151030 104628 8596
20151030 104628 8598
20151030 104628 8598
20151030 104650 8593
20151030 104650 8593
20151030 104650 8593
20151030 104703 8592
20151030 104705 8592
20151030 104706 8593
20151030 104714 8590
20151030 104717 8592
20151030 104723 8587
20151030 104725 8587
20151030 104726 8586
20151030 104737 8586
20151030 104737 8595
20151030 104740 8587
20151030 104740 8587
20151030 104742 8587
20151030 104751 8585
20151030 104803 8584
20151030 104811 8585
20151030 104839 8580
20151030 104922 8582
20151030 104943 8583
20151030 104958 8583
20151030 104958 8583
20151030 105000 8584
20151030 105000 8584
20151030 105000 8584
20151030 105000 8584
20151030 105001 8585
20151030 105005 8590
20151030 105005 8590
20151030 105006 8590
20151030 105007 8584
20151030 105030 8582
20151030 105052 8579
20151030 105104 8579
20151030 105137 8578
20151030 105137 8578
20151030 105140 8580
20151030 105140 8580
20151030 105142 8579
20151030 105148 8579
20151030 105209 8573
20151030 105314 8575
20151030 105329 8574
20151030 105340 8574
20151030 105424 8576
20151030 105502 8575
20151030 105503 8580
20151030 105504 8578
20151030 105505 8574
20151030 105512 8576
20151030 105557 8576
20151030 105602 8578
20151030 105602 8578
20151030 105602 8579
20151030 105602 8579
20151030 105647 8579
20151030 105647 8579
20151030 105647 8579
20151030 105713 8577
20151030 105713 8577
20151030 105755 8578
20151030 105823 8580
20151030 105859 8576
20151030 105926 8576
20151030 105939 8576
20151030 110029 8574
20151030 110031 8572
20151030 110040 8555
20151030 110040 8565
20151030 110046 8567
20151030 110047 8567
20151030 110053 8568
20151030 110111 8567
20151030 110201 8565
20151030 110253 8564
20151030 110256 8572
20151030 110318 8565
20151030 110318 8565
20151030 110406 8566
20151030 110411 8568
20151030 110447 8565
20151030 110447 8565
20151030 110447 8565
20151030 110537 8568
20151030 110538 8572
20151030 110605 8567
20151030 110708 8572
20151030 110717 8571
20151030 110719 8572
20151030 110719 8572
20151030 110719 8572
20151030 110719 8572
20151030 110719 8572
20151030 110925 8566
20151030 110925 8566
20151030 110927 8566
20151030 111029 8567
20151030 111110 8568
20151030 111122 8574
20151030 111209 8576
20151030 111402 8569
20151030 111507 8575
20151030 111511 8576
20151030 111522 8577
20151030 111523 8577
20151030 111531 8576
20151030 111545 8576
20151030 111545 8577
20151030 111629 8577
20151030 111649 8578
20151030 111649 8580
20151030 111649 8580
20151030 111658 8580
20151030 111659 8580
20151030 111659 8580
20151030 111659 8580
20151030 111712 8583
20151030 111737 8583
20151030 111754 8578
20151030 112035 8576
20151030 112109 8579
20151030 112202 8574
20151030 112202 8575
20151030 112202 8576
20151030 112210 8569
20151030 112210 8575
20151030 112340 8565
20151030 112424 8572
20151030 112424 8573
20151030 112424 8575
20151030 112437 8574
20151030 112438 8575
20151030 112448 8580
20151030 112449 8581
20151030 112449 8581
20151030 112449 8582
20151030 112451 8585
20151030 112515 8571
20151030 112516 8569
20151030 112540 8569
20151030 112557 8569
20151030 112611 8567
20151030 112657 8570
20151030 112657 8570
20151030 112707 8566
20151030 112739 8569
20151030 112818 8576
20151030 112837 8569
20151030 112854 8570
20151030 113005 8572
20151030 113040 8566
20151030 113109 8566
20151030 113226 8575
20151030 113226 8575
20151030 113234 8565
20151030 113311 8564
20151030 113401 8565
20151030 113740 8566
20151030 113746 8566
20151030 113755 8564
20151030 113901 8564
20151030 113901 8565
20151030 113904 8564
20151030 113912 8563
20151030 113912 8563
20151030 113912 8563
20151030 113914 8562
20151030 113914 8562
20151030 113914 8563
20151030 113914 8563
20151030 113917 8568
20151030 113921 8561
20151030 113921 8561
20151030 113921 8561
20151030 113922 8561
20151030 113948 8559
20151030 114033 8547
20151030 114035 8566
20151030 114036 8569
20151030 114037 8564
20151030 114053 8564
20151030 114215 8569
20151030 114317 8568
20151030 114408 8571
20151030 114408 8571
20151030 114408 8572
20151030 114536 8570
20151030 114701 8572
20151030 114702 8575
20151030 114703 8574
20151030 114703 8574
20151030 114704 8573
20151030 114719 8574
20151030 114726 8576
20151030 114826 8577
20151030 114954 8579
20151030 114954 8579
20151030 114954 8579
20151030 114954 8579
20151030 114954 8580
20151030 114954 8580
20151030 114954 8580
20151030 114955 8581
20151030 114955 8581
20151030 115044 8578
20151030 115056 8578
20151030 115152 8578
20151030 115216 8580
20151030 115223 8580
20151030 115240 8581
20151030 115252 8581
20151030 115258 8582
20151030 115303 8582
20151030 115307 8583
20151030 115308 8584
20151030 115308 8584
20151030 115308 8584
20151030 115308 8584
20151030 115308 8584
20151030 115308 8584
20151030 115315 8585
20151030 115317 8586
20151030 115318 8587
20151030 115318 8587
20151030 115318 8587
20151030 115318 8588
20151030 115318 8588
20151030 115320 8589
20151030 115320 8589
20151030 115320 8589
20151030 115320 8589
20151030 115320 8589
20151030 115328 8589
20151030 115331 8587
20151030 115441 8585
20151030 115511 8585
20151030 115522 8582
20151030 115612 8583
20151030 115612 8583
20151030 115632 8584
20151030 115656 8581
20151030 115712 8580
20151030 115741 8580
20151030 115955 8578
20151030 120027 8578
20151030 120319 8575
20151030 120320 8575
20151030 120338 8573
20151030 120503 8580
20151030 120504 8581
20151030 120614 8578
20151030 120704 8578
20151030 120824 8575
20151030 120828 8574
20151030 120828 8574
20151030 120829 8572
20151030 120829 8572
20151030 120829 8572
20151030 120830 8571
20151030 120838 8572
20151030 120839 8571
20151030 120933 8571
20151030 120945 8573
20151030 121114 8572
20151030 121347 8579
20151030 121405 8575
20151030 121405 8576
20151030 121427 8577
20151030 121431 8583
20151030 121435 8578
20151030 121449 8579
20151030 121508 8579
20151030 121849 8579
20151030 121902 8579
20151030 121926 8573
20151030 122035 8580
20151030 122038 8576
20151030 122146 8578
20151030 122240 8584
20151030 122251 8578
20151030 122326 8579
20151030 122342 8579
20151030 122459 8584
20151030 122503 8583
20151030 122503 8585
20151030 122507 8584
20151030 122542 8581
20151030 122542 8581
20151030 122614 8580
20151030 122615 8579
20151030 122615 8579
20151030 122615 8579
20151030 122642 8582
20151030 122647 8583
20151030 122705 8588
20151030 122705 8588
20151030 122705 8588
20151030 122706 8585
20151030 122746 8585
20151030 122808 8585
20151030 122828 8584
20151030 122917 8588
20151030 122917 8588
20151030 122917 8588
20151030 122928 8582
20151030 123006 8586
20151030 123206 8587
20151030 123408 8585
20151030 123408 8585
20151030 123430 8584
20151030 123430 8584
20151030 123440 8583
20151030 123440 8584
20151030 123450 8582
20151030 123454 8581
20151030 123454 8581
20151030 123454 8581
20151030 123506 8581
20151030 123726 8582
20151030 123735 8582
20151030 123855 8587
20151030 124154 8578
20151030 124310 8580
20151030 124410 8583
20151030 124418 8585
20151030 124424 8586
20151030 124424 8586
20151030 124424 8586
20151030 124424 8588
20151030 124424 8588
20151030 124424 8588
20151030 124424 8588
20151030 124446 8589
20151030 124446 8589
20151030 124456 8588
20151030 124456 8591
20151030 124456 8591
20151030 124456 8591
20151030 124456 8591
20151030 124456 8591
20151030 124456 8591
20151030 124456 8591
20151030 124456 8591
20151030 124456 8592
20151030 124456 8592
20151030 124456 8593
20151030 124456 8593
20151030 124456 8593
20151030 124456 8593
20151030 124456 8593
20151030 124456 8593
20151030 124456 8593
20151030 124456 8593
20151030 124456 8593
20151030 124456 8593
20151030 124456 8594
20151030 124456 8594
20151030 124456 8594
20151030 124456 8594
20151030 124456 8594
20151030 124456 8594
20151030 124456 8595
20151030 124456 8595
20151030 124457 8595
20151030 124457 8595
20151030 124457 8595
20151030 124457 8595
20151030 124457 8596
20151030 124457 8596
20151030 124457 8596
20151030 124457 8597
20151030 124458 8597
20151030 124458 8597
20151030 124458 8597
20151030 124459 8598
20151030 124459 8598
20151030 124459 8598
20151030 124459 8598
20151030 124500 8599
20151030 124500 8599
20151030 124500 8599
20151030 124500 8599
20151030 124500 8599
20151030 124500 8599
20151030 124500 8599
20151030 124500 8599
20151030 124500 8599
20151030 124500 8599
20151030 124500 8599
20151030 124500 8599
20151030 124500 8599
20151030 124500 8600
20151030 124501 8597
20151030 124509 8594
20151030 124509 8594
20151030 124512 8594
20151030 124517 8594
20151030 124522 8594
20151030 124525 8595
20151030 124545 8593
20151030 124552 8593
20151030 124555 8581
20151030 124555 8593
20151030 124712 8592
20151030 124749 8590
20151030 124809 8590
20151030 124913 8588
20151030 124928 8587
20151030 124936 8591
20151030 125149 8585
20151030 125149 8586
20151030 125149 8587
20151030 125149 8591
20151030 125149 8591
20151030 125149 8591
20151030 125149 8591
20151030 125149 8591
20151030 125149 8591
20151030 125150 8584
20151030 125150 8584
20151030 125150 8584
20151030 125304 8586
20151030 125424 8585
20151030 125424 8585
20151030 125547 8573
20151030 125547 8585
20151030 125808 8585
20151030 125812 8586
20151030 125820 8586
20151030 125837 8586
20151030 125844 8589
20151030 125844 8589
20151030 125904 8586
20151030 125907 8585
20151030 125924 8585
20151030 130026 8587
20151030 130300 8585
20151030 130407 8582
20151030 130411 8581
20151030 130411 8581
20151030 130411 8581
20151030 130411 8581
20151030 130411 8582
20151030 130413 8580
20151030 130413 8580
20151030 130413 8580
20151030 130413 8580
20151030 130413 8580
20151030 130414 8584
20151030 130730 8586
20151030 130750 8587
20151030 130808 8588
20151030 130808 8588
20151030 130808 8588
20151030 130808 8588
20151030 130824 8585
20151030 130941 8585
20151030 130941 8585
20151030 131238 8584
20151030 131336 8582
20151030 131336 8582
20151030 131336 8582
20151030 131336 8583
20151030 131336 8583
20151030 131337 8580
20151030 131337 8581
20151030 131337 8581
20151030 131337 8581
20151030 131337 8581
20151030 131500 8580
20151030 131500 8580
20151030 131501 8580
20151030 131501 8580
20151030 131501 8580
20151030 131501 8580
20151030 131528 8583
20151030 131547 8583
20151030 131756 8584
20151030 132016 8583
20151030 132315 8583
20151030 132323 8582
20151030 132358 8582
20151030 132512 8580
20151030 132513 8575
20151030 132513 8575
20151030 132513 8575
20151030 132513 8575
20151030 132513 8575
20151030 132513 8576
20151030 132513 8578
20151030 132513 8578
20151030 132513 8578
20151030 132513 8578
20151030 132513 8579
20151030 132513 8579
20151030 132514 8575
20151030 132515 8575
20151030 132517 8574
20151030 132518 8574
20151030 132520 8573
20151030 132520 8573
20151030 132520 8573
20151030 132520 8573
20151030 132520 8573
20151030 132520 8579
20151030 132524 8572
20151030 132525 8572
20151030 132527 8573
20151030 132546 8571
20151030 132605 8572
20151030 132606 8571
20151030 132606 8576
20151030 132607 8570
20151030 132612 8570
20151030 132613 8571
20151030 132614 8571
20151030 132614 8571
20151030 132616 8570
20151030 132616 8570
20151030 132616 8570
20151030 132616 8570
20151030 132616 8571
20151030 132617 8569
20151030 132618 8568
20151030 132618 8568
20151030 132618 8568
20151030 132618 8568
20151030 132618 8568
20151030 132618 8568
20151030 132624 8570
20151030 132631 8569
20151030 132647 8569
20151030 132647 8569
20151030 132648 8569
20151030 132704 8567
20151030 132709 8554
20151030 132709 8566
20151030 132709 8566
20151030 132709 8566
20151030 132709 8566
20151030 132709 8571
20151030 132710 8565
20151030 132710 8566
20151030 132710 8566
20151030 132710 8566
20151030 132710 8571
20151030 132711 8567
20151030 132712 8564
20151030 132712 8570
20151030 132807 8566
20151030 132807 8566
20151030 132854 8554
20151030 132859 8566
20151030 132859 8566
20151030 132859 8566
20151030 132902 8565
20151030 132902 8565
20151030 132902 8565
20151030 132902 8565
20151030 132902 8565
20151030 132902 8565
20151030 132920 8569
20151030 132928 8569
20151030 132946 8573
20151030 132946 8573
20151030 132947 8573
20151030 133006 8570
20151030 133013 8567
20151030 133017 8569
20151030 133022 8569
20151030 133023 8568
20151030 133100 8554
20151030 133100 8554
20151030 133100 8566
20151030 133100 8566
20151030 133100 8567
20151030 133103 8566
20151030 133148 8565
20151030 133148 8566
20151030 133148 8566
20151030 133148 8566
20151030 133148 8566
20151030 133148 8566
20151030 133148 8566
20151030 133207 8566
20151030 133248 8566
20151030 133302 8567
20151030 133309 8566
20151030 133309 8566
20151030 133330 8565
20151030 133330 8565
20151030 133330 8565
20151030 133333 8565
20151030 133334 8565
20151030 133335 8565
20151030 133335 8565
20151030 133343 8564
20151030 133344 8564
20151030 133344 8564
20151030 133353 8563
20151030 133357 8563
20151030 133358 8562
20151030 133359 8563
20151030 133422 8563
20151030 133431 8567
20151030 133432 8561
20151030 133442 8561
20151030 133501 8560
20151030 133501 8560
20151030 133501 8560
20151030 133501 8560
20151030 133502 8559
20151030 133507 8565
20151030 133533 8563
20151030 133610 8563
20151030 133610 8563
20151030 133655 8564
20151030 133656 8564
20151030 133747 8565
20151030 133758 8566
20151030 133801 8564
20151030 133801 8564
20151030 133802 8566
20151030 133819 8563
20151030 133838 8565
20151030 133848 8566
20151030 133851 8565
20151030 133953 8566
20151030 134002 8562
20151030 134049 8569
20151030 134053 8567
20151030 134148 8566
20151030 134303 8568
20151030 134316 8571
20151030 134335 8569
20151030 134341 8566
20151030 134343 8569
20151030 134345 8570
20151030 134405 8568
20151030 134408 8571
20151030 134426 8568
20151030 134431 8569
20151030 134438 8572
20151030 134438 8572
20151030 134438 8572
20151030 134439 8572
20151030 134454 8572
20151030 134456 8572
20151030 134456 8572
20151030 134456 8572
20151030 134457 8571
