20151016 084500 8588
20151016 084500 8588
20151016 084500 8588
20151016 084500 8589
20151016 084500 8589
20151016 084500 8589
20151016 084500 8589
20151016 084500 8589
20151016 084500 8590
20151016 084500 8591
20151016 084500 8592
20151016 084500 8593
20151016 084500 8593
20151016 084500 8593
20151016 084501 8595
20151016 084501 8595
20151016 084501 8595
20151016 084501 8596
20151016 084501 8596
20151016 084501 8597
20151016 084501 8597
20151016 084503 8591
20151016 084505 8594
20151016 084505 8594
20151016 084505 8594
20151016 084505 8594
20151016 084505 8594
20151016 084505 8594
20151016 084505 8594
20151016 084505 8595
20151016 084509 8595
20151016 084510 8594
20151016 084512 8595
20151016 084515 8597
20151016 084515 8598
20151016 084524 8600
20151016 084524 8600
20151016 084524 8600
20151016 084526 8597
20151016 084532 8597
20151016 084532 8597
20151016 084532 8597
20151016 084534 8599
20151016 084536 8599
20151016 084536 8599
20151016 084536 8599
20151016 084536 8599
20151016 084536 8600
20151016 084537 8600
20151016 084544 8602
20151016 084550 8603
20151016 084550 8603
20151016 084550 8603
20151016 084552 8604
20151016 084553 8609
20151016 084554 8608
20151016 084556 8606
20151016 084556 8606
20151016 084556 8606
20151016 084556 8606
20151016 084556 8606
20151016 084557 8606
20151016 084559 8606
20151016 084559 8607
20151016 084559 8607
20151016 084606 8604
20151016 084606 8605
20151016 084606 8605
20151016 084606 8605
20151016 084606 8605
20151016 084608 8602
20151016 084609 8603
20151016 084610 8602
20151016 084610 8602
20151016 084612 8604
20151016 084614 8602
20151016 084614 8602
20151016 084616 8603
20151016 084617 8603
20151016 084617 8604
20151016 084620 8605
20151016 084621 8605
20151016 084621 8605
20151016 084625 8604
20151016 084625 8604
20151016 084625 8604
20151016 084626 8605
20151016 084626 8605
20151016 084628 8606
20151016 084633 8606
20151016 084633 8606
20151016 084633 8607
20151016 084634 8607
20151016 084639 8609
20151016 084641 8607
20151016 084642 8607
20151016 084642 8608
20151016 084643 8607
20151016 084643 8608
20151016 084648 8610
20151016 084648 8610
20151016 084648 8612
20151016 084651 8613
20151016 084652 8611
20151016 084652 8612
20151016 084652 8613
20151016 084652 8613
20151016 084702 8615
20151016 084702 8615
20151016 084702 8615
20151016 084710 8613
20151016 084710 8614
20151016 084710 8614
20151016 084714 8613
20151016 084716 8612
20151016 084716 8612
20151016 084716 8612
20151016 084716 8612
20151016 084719 8611
20151016 084719 8611
20151016 084721 8613
20151016 084728 8610
20151016 084730 8612
20151016 084730 8612
20151016 084734 8612
20151016 084734 8612
20151016 084734 8612
20151016 084734 8612
20151016 084741 8611
20151016 084745 8611
20151016 084745 8611
20151016 084745 8612
20151016 084749 8611
20151016 084753 8611
20151016 084805 8611
20151016 084813 8608
20151016 084813 8608
20151016 084813 8609
20151016 084813 8609
20151016 084816 8608
20151016 084821 8608
20151016 084827 8608
20151016 084834 8607
20151016 084835 8608
20151016 084849 8607
20151016 084850 8608
20151016 084850 8608
20151016 084853 8597
20151016 084853 8609
20151016 084903 8608
20151016 084912 8610
20151016 084912 8611
20151016 084912 8611
20151016 084917 8609
20151016 084917 8609
20151016 084919 8609
20151016 084920 8609
20151016 084920 8609
20151016 084920 8609
20151016 084920 8609
20151016 084926 8609
20151016 084927 8613
20151016 084936 8612
20151016 084940 8611
20151016 084954 8610
20151016 085008 8610
20151016 085022 8610
20151016 085029 8609
20151016 085030 8609
20151016 085031 8610
20151016 085036 8611
20151016 085037 8611
20151016 085037 8611
20151016 085037 8611
20151016 085037 8611
20151016 085037 8611
20151016 085037 8611
20151016 085037 8611
20151016 085041 8610
20151016 085050 8612
20151016 085103 8608
20151016 085104 8607
20151016 085109 8595
20151016 085112 8594
20151016 085114 8607
20151016 085115 8606
20151016 085118 8606
20151016 085120 8607
20151016 085120 8607
20151016 085120 8607
20151016 085120 8607
20151016 085124 8605
20151016 085128 8605
20151016 085128 8605
20151016 085128 8605
20151016 085128 8607
20151016 085133 8606
20151016 085142 8607
20151016 085143 8607
20151016 085156 8605
20151016 085202 8605
20151016 085203 8604
20151016 085203 8604
20151016 085203 8604
20151016 085203 8604
20151016 085204 8603
20151016 085205 8603
20151016 085205 8603
20151016 085209 8605
20151016 085209 8605
20151016 085209 8605
20151016 085210 8604
20151016 085214 8604
20151016 085222 8604
20151016 085222 8604
20151016 085222 8604
20151016 085222 8604
20151016 085224 8604
20151016 085238 8603
20151016 085244 8602
20151016 085244 8602
20151016 085246 8602
20151016 085246 8602
20151016 085247 8604
20151016 085247 8604
20151016 085252 8605
20151016 085306 8604
20151016 085311 8604
20151016 085314 8606
20151016 085314 8606
20151016 085314 8606
20151016 085315 8605
20151016 085321 8604
20151016 085325 8605
20151016 085334 8606
20151016 085348 8606
20151016 085349 8606
20151016 085351 8594
20151016 085351 8607
20151016 085352 8607
20151016 085356 8608
20151016 085402 8610
20151016 085403 8610
20151016 085403 8610
20151016 085403 8610
20151016 085406 8609
20151016 085409 8610
20151016 085409 8610
20151016 085409 8610
20151016 085409 8610
20151016 085409 8610
20151016 085409 8610
20151016 085409 8610
20151016 085411 8613
20151016 085412 8612
20151016 085417 8612
20151016 085419 8612
20151016 085421 8610
20151016 085421 8610
20151016 085425 8610
20151016 085439 8610
20151016 085442 8611
20151016 085449 8608
20151016 085453 8608
20151016 085455 8608
20151016 085508 8609
20151016 085511 8607
20151016 085512 8607
20151016 085514 8605
20151016 085519 8606
20151016 085519 8606
20151016 085525 8604
20151016 085535 8603
20151016 085542 8603
20151016 085549 8604
20151016 085603 8605
20151016 085612 8603
20151016 085626 8604
20151016 085630 8605
20151016 085638 8606
20151016 085639 8606
20151016 085641 8604
20151016 085654 8604
20151016 085659 8605
20151016 085708 8606
20151016 085721 8610
20151016 085722 8609
20151016 085726 8609
20151016 085732 8609
20151016 085735 8610
20151016 085736 8611
20151016 085741 8612
20151016 085741 8612
20151016 085743 8600
20151016 085746 8600
20151016 085750 8611
20151016 085753 8610
20151016 085756 8608
20151016 085800 8607
20151016 085815 8607
20151016 085819 8608
20151016 085819 8608
20151016 085819 8608
20151016 085823 8609
20151016 085832 8610
20151016 085832 8610
20151016 085842 8610
20151016 085856 8610
20151016 085910 8610
20151016 085924 8609
20151016 085936 8608
20151016 085936 8608
20151016 085938 8608
20151016 085947 8607
20151016 085952 8607
20151016 085952 8607
20151016 085952 8607
20151016 085954 8608
20151016 090001 8604
20151016 090004 8603
20151016 090004 8603
20151016 090004 8603
20151016 090005 8602
20151016 090006 8602
20151016 090006 8602
20151016 090006 8602
20151016 090014 8615
20151016 090014 8615
20151016 090014 8615
20151016 090014 8616
20151016 090015 8617
20151016 090018 8615
20151016 090025 8615
20151016 090025 8615
20151016 090025 8615
20151016 090025 8615
20151016 090026 8615
20151016 090026 8615
20151016 090026 8616
20151016 090026 8616
20151016 090026 8616
20151016 090026 8616
20151016 090026 8616
20151016 090027 8606
20151016 090027 8615
20151016 090027 8616
20151016 090027 8616
20151016 090027 8616
20151016 090027 8616
20151016 090027 8616
20151016 090027 8616
20151016 090027 8617
20151016 090027 8617
20151016 090027 8617
20151016 090027 8617
20151016 090027 8617
20151016 090027 8617
20151016 090028 8616
20151016 090028 8616
20151016 090028 8616
20151016 090028 8616
20151016 090028 8616
20151016 090028 8617
20151016 090028 8617
20151016 090028 8617
20151016 090028 8617
20151016 090029 8615
20151016 090029 8616
20151016 090029 8616
20151016 090029 8616
20151016 090036 8615
20151016 090043 8614
20151016 090044 8613
20151016 090046 8612
20151016 090046 8612
20151016 090047 8613
20151016 090051 8609
20151016 090051 8609
20151016 090051 8610
20151016 090051 8611
20151016 090052 8610
20151016 090057 8606
20151016 090058 8605
20151016 090058 8606
20151016 090058 8606
20151016 090058 8606
20151016 090058 8607
20151016 090058 8607
20151016 090058 8607
20151016 090100 8602
20151016 090111 8602
20151016 090113 8602
20151016 090113 8602
20151016 090113 8602
20151016 090115 8601
20151016 090115 8601
20151016 090115 8601
20151016 090115 8601
20151016 090115 8601
20151016 090116 8601
20151016 090116 8601
20151016 090116 8601
20151016 090116 8601
20151016 090116 8601
20151016 090116 8601
20151016 090117 8601
20151016 090117 8601
20151016 090117 8601
20151016 090117 8601
20151016 090118 8601
20151016 090125 8606
20151016 090135 8601
20151016 090136 8601
20151016 090136 8601
20151016 090138 8603
20151016 090140 8597
20151016 090140 8597
20151016 090140 8598
20151016 090140 8599
20151016 090140 8599
20151016 090140 8599
20151016 090140 8599
20151016 090140 8599
20151016 090140 8599
20151016 090140 8599
20151016 090141 8597
20151016 090143 8601
20151016 090143 8601
20151016 090143 8601
20151016 090143 8602
20151016 090143 8602
20151016 090145 8601
20151016 090147 8600
20151016 090153 8603
20151016 090200 8607
20151016 090200 8607
20151016 090207 8606
20151016 090233 8608
20151016 090233 8608
20151016 090233 8609
20151016 090233 8610
20151016 090234 8612
20151016 090234 8612
20151016 090307 8611
20151016 090312 8612
20151016 090312 8612
20151016 090323 8610
20151016 090327 8607
20151016 090327 8607
20151016 090330 8610
20151016 090340 8610
20151016 090342 8608
20151016 090342 8608
20151016 090342 8608
20151016 090358 8604
20151016 090411 8610
20151016 090413 8610
20151016 090429 8607
20151016 090434 8608
20151016 090436 8610
20151016 090455 8611
20151016 090456 8612
20151016 090456 8612
20151016 090500 8610
20151016 090503 8612
20151016 090503 8613
20151016 090503 8613
20151016 090506 8611
20151016 090511 8610
20151016 090516 8608
20151016 090517 8606
20151016 090517 8606
20151016 090517 8606
20151016 090523 8608
20151016 090532 8606
20151016 090535 8603
20151016 090536 8603
20151016 090539 8605
20151016 090556 8602
20151016 090556 8602
20151016 090556 8603
20151016 090556 8603
20151016 090556 8604
20151016 090556 8604
20151016 090559 8601
20151016 090559 8601
20151016 090559 8601
20151016 090600 8599
20151016 090600 8599
20151016 090600 8600
20151016 090600 8600
20151016 090600 8600
20151016 090600 8600
20151016 090600 8600
20151016 090601 8598
20151016 090601 8598
20151016 090603 8595
20151016 090603 8596
20151016 090603 8596
20151016 090603 8596
20151016 090603 8600
20151016 090619 8598
20151016 090619 8598
20151016 090619 8598
20151016 090619 8598
20151016 090619 8598
20151016 090620 8599
20151016 090620 8599
20151016 090620 8599
20151016 090620 8599
20151016 090620 8599
20151016 090620 8600
20151016 090630 8600
20151016 090636 8601
20151016 090641 8599
20151016 090642 8596
20151016 090642 8597
20151016 090642 8597
20151016 090642 8597
20151016 090642 8597
20151016 090642 8598
20151016 090642 8598
20151016 090643 8593
20151016 090643 8593
20151016 090643 8593
20151016 090643 8593
20151016 090643 8593
20151016 090643 8593
20151016 090643 8594
20151016 090643 8594
20151016 090643 8594
20151016 090645 8593
20151016 090646 8593
20151016 090646 8593
20151016 090646 8593
20151016 090646 8593
20151016 090646 8593
20151016 090646 8593
20151016 090646 8593
20151016 090649 8594
20151016 090652 8595
20151016 090653 8596
20151016 090700 8596
20151016 090700 8596
20151016 090703 8593
20151016 090710 8594
20151016 090710 8594
20151016 090717 8596
20151016 090724 8597
20151016 090740 8598
20151016 090743 8599
20151016 090749 8597
20151016 090757 8581
20151016 090757 8593
20151016 090757 8593
20151016 090758 8592
20151016 090758 8592
20151016 090758 8592
20151016 090758 8592
20151016 090758 8592
20151016 090758 8592
20151016 090758 8592
20151016 090758 8592
20151016 090758 8592
20151016 090758 8592
20151016 090758 8592
20151016 090758 8592
20151016 090758 8592
20151016 090758 8592
20151016 090759 8578
20151016 090759 8589
20151016 090759 8590
20151016 090759 8590
20151016 090759 8590
20151016 090800 8576
20151016 090800 8576
20151016 090800 8576
20151016 090800 8588
20151016 090800 8588
20151016 090800 8588
20151016 090802 8592
20151016 090804 8592
20151016 090807 8590
20151016 090812 8592
20151016 090812 8592
20151016 090812 8592
20151016 090825 8592
20151016 090841 8597
20151016 090842 8595
20151016 090844 8597
20151016 090845 8598
20151016 090845 8598
20151016 090845 8598
20151016 090855 8597
20151016 090855 8597
20151016 090855 8597
20151016 090855 8597
20151016 090900 8594
20151016 090939 8594
20151016 090939 8594
20151016 090939 8594
20151016 091001 8597
20151016 091002 8594
20151016 091004 8594
20151016 091010 8592
20151016 091010 8593
20151016 091010 8593
20151016 091011 8589
20151016 091011 8591
20151016 091011 8591
20151016 091011 8592
20151016 091012 8573
20151016 091012 8574
20151016 091012 8583
20151016 091012 8584
20151016 091012 8585
20151016 091012 8585
20151016 091012 8585
20151016 091012 8586
20151016 091012 8587
20151016 091012 8587
20151016 091012 8587
20151016 091012 8587
20151016 091012 8587
20151016 091029 8589
20151016 091036 8590
20151016 091037 8591
20151016 091040 8591
20151016 091040 8591
20151016 091040 8591
20151016 091049 8590
20151016 091051 8591
20151016 091054 8591
20151016 091054 8591
20151016 091054 8592
20151016 091054 8592
20151016 091054 8592
20151016 091054 8592
20151016 091055 8591
20151016 091100 8590
20151016 091100 8590
20151016 091118 8586
20151016 091125 8586
20151016 091125 8586
20151016 091126 8585
20151016 091126 8586
20151016 091126 8586
20151016 091126 8586
20151016 091127 8586
20151016 091129 8586
20151016 091129 8586
20151016 091131 8585
20151016 091136 8585
20151016 091151 8586
20151016 091158 8588
20151016 091158 8588
20151016 091159 8588
20151016 091159 8589
20151016 091159 8591
20151016 091203 8590
20151016 091204 8590
20151016 091204 8590
20151016 091204 8590
20151016 091208 8593
20151016 091208 8593
20151016 091208 8594
20151016 091208 8594
20151016 091208 8594
20151016 091208 8594
20151016 091208 8594
20151016 091211 8593
20151016 091211 8594
20151016 091217 8590
20151016 091217 8590
20151016 091217 8590
20151016 091217 8590
20151016 091217 8590
20151016 091217 8590
20151016 091217 8590
20151016 091217 8590
20151016 091217 8590
20151016 091225 8595
20151016 091225 8596
20151016 091304 8596
20151016 091324 8594
20151016 091328 8595
20151016 091329 8596
20151016 091340 8594
20151016 091350 8591
20151016 091352 8591
20151016 091405 8590
20151016 091405 8590
20151016 091408 8591
20151016 091413 8593
20151016 091420 8595
20151016 091434 8596
20151016 091445 8594
20151016 091457 8593
20151016 091457 8593
20151016 091508 8596
20151016 091512 8595
20151016 091519 8595
20151016 091521 8597
20151016 091521 8597
20151016 091523 8598
20151016 091526 8594
20151016 091551 8596
20151016 091606 8594
20151016 091620 8595
20151016 091636 8591
20151016 091639 8590
20151016 091651 8591
20151016 091707 8594
20151016 091707 8594
20151016 091713 8595
20151016 091714 8596
20151016 091714 8596
20151016 091714 8596
20151016 091714 8596
20151016 091745 8593
20151016 091749 8594
20151016 091804 8591
20151016 091814 8590
20151016 091825 8591
20151016 091825 8591
20151016 091825 8591
20151016 091825 8591
20151016 091825 8591
20151016 091838 8589
20151016 091842 8587
20151016 091853 8590
20151016 091854 8591
20151016 091855 8592
20151016 091855 8592
20151016 091856 8592
20151016 091916 8593
20151016 091916 8593
20151016 091916 8593
20151016 091950 8591
20151016 092002 8590
20151016 092003 8590
20151016 092009 8587
20151016 092009 8587
20151016 092010 8587
20151016 092010 8587
20151016 092010 8587
20151016 092022 8590
20151016 092029 8593
20151016 092055 8597
20151016 092055 8597
20151016 092055 8597
20151016 092055 8597
20151016 092114 8594
20151016 092124 8598
20151016 092125 8599
20151016 092125 8600
20151016 092125 8601
20151016 092125 8601
20151016 092125 8603
20151016 092125 8604
20151016 092126 8604
20151016 092148 8605
20151016 092232 8605
20151016 092232 8605
20151016 092232 8605
20151016 092232 8605
20151016 092242 8607
20151016 092242 8607
20151016 092242 8607
20151016 092243 8606
20151016 092243 8608
20151016 092248 8608
20151016 092249 8606
20151016 092249 8608
20151016 092249 8608
20151016 092259 8608
20151016 092309 8606
20151016 092320 8604
20151016 092329 8607
20151016 092329 8607
20151016 092329 8607
20151016 092329 8607
20151016 092329 8607
20151016 092330 8608
20151016 092330 8608
20151016 092331 8608
20151016 092331 8608
20151016 092331 8608
20151016 092331 8608
20151016 092332 8609
20151016 092332 8609
20151016 092333 8608
20151016 092333 8608
20151016 092333 8608
20151016 092334 8608
20151016 092343 8606
20151016 092345 8606
20151016 092359 8607
20151016 092411 8608
20151016 092412 8609
20151016 092412 8610
20151016 092412 8610
20151016 092412 8611
20151016 092412 8611
20151016 092412 8611
20151016 092412 8612
20151016 092412 8613
20151016 092412 8613
20151016 092412 8613
20151016 092412 8613
20151016 092412 8613
20151016 092412 8613
20151016 092412 8613
20151016 092412 8613
20151016 092412 8613
20151016 092412 8613
20151016 092412 8613
20151016 092413 8614
20151016 092422 8610
20151016 092436 8610
20151016 092438 8610
20151016 092439 8609
20151016 092500 8609
20151016 092502 8611
20151016 092504 8611
20151016 092517 8609
20151016 092521 8607
20151016 092523 8609
20151016 092529 8612
20151016 092530 8613
20151016 092530 8613
20151016 092531 8614
20151016 092531 8615
20151016 092531 8615
20151016 092531 8615
20151016 092531 8615
20151016 092531 8615
20151016 092531 8615
20151016 092531 8615
20151016 092531 8615
20151016 092531 8615
20151016 092531 8617
20151016 092531 8617
20151016 092531 8617
20151016 092531 8617
20151016 092531 8618
20151016 092532 8618
20151016 092532 8618
20151016 092532 8619
20151016 092532 8619
20151016 092532 8619
20151016 092532 8619
20151016 092532 8619
20151016 092532 8619
20151016 092532 8619
20151016 092532 8619
20151016 092532 8619
20151016 092532 8619
20151016 092532 8619
20151016 092533 8615
20151016 092538 8612
20151016 092538 8612
20151016 092543 8612
20151016 092548 8612
20151016 092549 8611
20151016 092550 8608
20151016 092555 8607
20151016 092605 8609
20151016 092622 8606
20151016 092623 8605
20151016 092740 8610
20151016 092740 8611
20151016 092740 8611
20151016 092740 8611
20151016 092741 8610
20151016 092741 8610
20151016 092755 8609
20151016 092810 8609
20151016 092810 8609
20151016 092817 8609
20151016 092817 8609
20151016 092823 8610
20151016 092823 8610
20151016 092825 8610
20151016 092833 8609
20151016 092840 8611
20151016 092847 8610
20151016 092855 8609
20151016 092909 8611
20151016 092921 8612
20151016 092945 8612
20151016 092953 8612
20151016 092953 8612
20151016 092956 8615
20151016 092956 8615
20151016 092956 8615
20151016 092956 8615
20151016 092957 8616
20151016 092957 8617
20151016 092957 8617
20151016 092957 8617
20151016 093013 8613
20151016 093014 8611
20151016 093014 8611
20151016 093014 8611
20151016 093015 8610
20151016 093015 8610
20151016 093017 8611
20151016 093022 8613
20151016 093022 8613
20151016 093030 8613
20151016 093034 8614
20151016 093043 8614
20151016 093114 8611
20151016 093114 8611
20151016 093114 8611
20151016 093114 8611
20151016 093114 8612
20151016 093115 8610
20151016 093120 8612
20151016 093124 8612
20151016 093125 8612
20151016 093144 8612
20151016 093153 8611
20151016 093209 8612
20151016 093210 8613
20151016 093211 8613
20151016 093225 8614
20151016 093229 8613
20151016 093255 8610
20151016 093317 8610
20151016 093320 8610
20151016 093321 8610
20151016 093329 8609
20151016 093329 8609
20151016 093330 8610
20151016 093353 8612
20151016 093358 8614
20151016 093358 8614
20151016 093358 8614
20151016 093359 8614
20151016 093431 8611
20151016 093501 8611
20151016 093501 8612
20151016 093521 8615
20151016 093521 8615
20151016 093521 8615
20151016 093522 8616
20151016 093522 8617
20151016 093522 8618
20151016 093522 8618
20151016 093522 8618
20151016 093529 8616
20151016 093534 8616
20151016 093551 8620
20151016 093551 8620
20151016 093551 8621
20151016 093551 8621
20151016 093551 8621
20151016 093551 8621
20151016 093551 8621
20151016 093551 8621
20151016 093551 8621
20151016 093551 8621
20151016 093551 8621
20151016 093551 8621
20151016 093551 8622
20151016 093551 8623
20151016 093551 8623
20151016 093551 8623
20151016 093551 8623
20151016 093551 8623
20151016 093551 8623
20151016 093553 8621
20151016 093553 8622
20151016 093558 8619
20151016 093558 8619
20151016 093603 8621
20151016 093623 8619
20151016 093639 8621
20151016 093643 8623
20151016 093643 8623
20151016 093705 8623
20151016 093711 8621
20151016 093711 8621
20151016 093728 8620
20151016 093742 8619
20151016 093745 8621
20151016 093756 8621
20151016 093757 8621
20151016 093758 8621
20151016 093803 8622
20151016 093828 8620
20151016 093830 8620
20151016 093834 8620
20151016 093900 8618
20151016 093900 8618
20151016 093900 8618
20151016 093900 8618
20151016 093908 8620
20151016 093909 8621
20151016 093909 8621
20151016 093912 8623
20151016 093913 8623
20151016 093913 8623
20151016 093913 8623
20151016 093913 8623
20151016 093913 8623
20151016 093913 8623
20151016 093913 8623
20151016 093913 8624
20151016 093913 8624
20151016 093915 8623
20151016 093915 8623
20151016 093927 8623
20151016 093940 8621
20151016 093940 8622
20151016 093945 8621
20151016 093946 8620
20151016 093958 8623
20151016 094000 8624
20151016 094000 8624
20151016 094000 8624
20151016 094006 8624
20151016 094007 8623
20151016 094043 8622
20151016 094052 8621
20151016 094057 8623
20151016 094057 8623
20151016 094057 8623
20151016 094109 8622
20151016 094137 8620
20151016 094148 8620
20151016 094150 8620
20151016 094203 8619
20151016 094206 8622
20151016 094206 8622
20151016 094227 8621
20151016 094230 8621
20151016 094230 8621
20151016 094230 8621
20151016 094236 8621
20151016 094250 8621
20151016 094337 8619
20151016 094339 8619
20151016 094342 8619
20151016 094345 8619
20151016 094348 8621
20151016 094415 8620
20151016 094421 8620
20151016 094425 8622
20151016 094425 8623
20151016 094425 8623
20151016 094425 8623
20151016 094425 8623
20151016 094425 8623
20151016 094426 8624
20151016 094426 8624
20151016 094426 8624
20151016 094426 8624
20151016 094433 8621
20151016 094440 8621
20151016 094440 8621
20151016 094452 8623
20151016 094501 8625
20151016 094501 8625
20151016 094501 8625
20151016 094501 8625
20151016 094501 8625
20151016 094501 8626
20151016 094501 8626
20151016 094501 8626
20151016 094501 8626
20151016 094501 8626
20151016 094501 8626
20151016 094501 8626
20151016 094501 8626
20151016 094501 8626
20151016 094501 8626
20151016 094508 8624
20151016 094508 8624
20151016 094512 8625
20151016 094517 8623
20151016 094541 8624
20151016 094552 8623
20151016 094610 8624
20151016 094629 8623
20151016 094702 8621
20151016 094707 8621
20151016 094707 8621
20151016 094707 8621
20151016 094709 8619
20151016 094730 8619
20151016 094730 8619
20151016 094730 8619
20151016 094730 8619
20151016 094730 8619
20151016 094730 8619
20151016 094730 8619
20151016 094730 8619
20151016 094730 8619
20151016 094731 8618
20151016 094731 8618
20151016 094731 8618
20151016 094731 8618
20151016 094737 8616
20151016 094737 8616
20151016 094738 8603
20151016 094738 8617
20151016 094738 8617
20151016 094738 8617
20151016 094738 8617
20151016 094741 8617
20151016 094755 8615
20151016 094755 8616
20151016 094757 8614
20151016 094757 8614
20151016 094818 8614
20151016 094818 8614
20151016 094835 8614
20151016 094840 8613
20151016 094841 8612
20151016 094841 8612
20151016 094841 8612
20151016 094841 8613
20151016 094842 8611
20151016 094842 8611
20151016 094842 8611
20151016 094847 8612
20151016 094913 8612
20151016 094913 8612
20151016 094930 8610
20151016 094941 8612
20151016 094958 8609
20151016 094958 8609
20151016 094958 8610
20151016 094958 8610
20151016 094959 8607
20151016 094959 8608
20151016 094959 8608
20151016 094959 8608
20151016 094959 8608
20151016 094959 8608
20151016 094959 8608
20151016 094959 8608
20151016 094959 8608
20151016 095020 8609
20151016 095101 8609
20151016 095101 8609
20151016 095101 8609
20151016 095107 8609
20151016 095127 8610
20151016 095220 8610
20151016 095241 8609
20151016 095242 8607
20151016 095242 8607
20151016 095242 8608
20151016 095242 8608
20151016 095242 8609
20151016 095243 8606
20151016 095243 8606
20151016 095243 8606
20151016 095244 8606
20151016 095255 8608
20151016 095255 8609
20151016 095301 8608
20151016 095301 8608
20151016 095310 8608
20151016 095318 8610
20151016 095318 8610
20151016 095318 8610
20151016 095318 8610
20151016 095318 8610
20151016 095326 8610
20151016 095334 8609
20151016 095335 8609
20151016 095335 8609
20151016 095335 8609
20151016 095409 8607
20151016 095414 8607
20151016 095415 8606
20151016 095416 8605
20151016 095421 8604
20151016 095421 8604
20151016 095422 8604
20151016 095423 8604
20151016 095424 8603
20151016 095424 8603
20151016 095424 8603
20151016 095426 8603
20151016 095452 8605
20151016 095518 8605
20151016 095518 8605
20151016 095518 8605
20151016 095557 8607
20151016 095600 8607
20151016 095600 8607
20151016 095600 8607
20151016 095600 8607
20151016 095601 8608
20151016 095602 8607
20151016 095602 8608
20151016 095615 8609
20151016 095656 8608
20151016 095709 8608
20151016 095726 8607
20151016 095726 8607
20151016 095726 8607
20151016 095750 8605
20151016 095804 8605
20151016 095813 8604
20151016 095850 8606
20151016 100031 8608
20151016 100031 8608
20151016 100031 8608
20151016 100032 8607
20151016 100042 8608
20151016 100215 8610
20151016 100219 8611
20151016 100222 8612
20151016 100222 8612
20151016 100222 8612
20151016 100223 8612
20151016 100223 8612
20151016 100223 8612
20151016 100240 8611
20151016 100252 8612
20151016 100257 8612
20151016 100257 8612
20151016 100257 8612
20151016 100259 8612
20151016 100259 8612
20151016 100259 8612
20151016 100329 8612
20151016 100401 8612
20151016 100408 8611
20151016 100421 8610
20151016 100430 8610
20151016 100430 8610
20151016 100430 8610
20151016 100438 8609
20151016 100447 8608
20151016 100502 8606
20151016 100504 8606
20151016 100504 8606
20151016 100505 8606
20151016 100539 8604
20151016 100545 8604
20151016 100545 8604
20151016 100548 8602
20151016 100548 8602
20151016 100548 8602
20151016 100548 8602
20151016 100548 8602
20151016 100548 8602
20151016 100548 8603
20151016 100548 8603
20151016 100549 8602
20151016 100555 8603
20151016 100555 8603
20151016 100602 8590
20151016 100602 8590
20151016 100602 8601
20151016 100603 8598
20151016 100603 8598
20151016 100603 8599
20151016 100603 8599
20151016 100603 8599
20151016 100603 8599
20151016 100603 8600
20151016 100604 8596
20151016 100604 8596
20151016 100604 8596
20151016 100604 8596
20151016 100604 8596
20151016 100604 8597
20151016 100604 8597
20151016 100604 8597
20151016 100607 8599
20151016 100615 8597
20151016 100639 8598
20151016 100642 8600
20151016 100642 8600
20151016 100642 8601
20151016 100643 8601
20151016 100643 8601
20151016 100650 8599
20151016 100657 8601
20151016 100706 8600
20151016 100707 8600
20151016 100709 8602
20151016 100709 8602
20151016 100709 8602
20151016 100709 8602
20151016 100709 8603
20151016 100709 8603
20151016 100709 8603
20151016 100709 8603
20151016 100709 8603
20151016 100709 8603
20151016 100709 8603
20151016 100709 8603
20151016 100709 8603
20151016 100711 8602
20151016 100711 8603
20151016 100754 8604
20151016 100754 8604
20151016 100754 8604
20151016 100754 8604
20151016 100754 8604
20151016 100754 8604
20151016 100755 8604
20151016 100758 8603
20151016 100812 8603
20151016 100848 8605
20151016 100848 8606
20151016 100848 8606
20151016 100848 8606
20151016 100848 8606
20151016 100848 8606
20151016 100848 8606
20151016 100848 8606
20151016 100848 8606
20151016 100848 8607
20151016 100848 8607
20151016 100849 8606
20151016 100849 8606
20151016 100852 8606
20151016 100853 8606
20151016 100854 8606
20151016 100856 8606
20151016 100902 8605
20151016 100902 8605
20151016 100930 8608
20151016 100937 8609
20151016 100940 8610
20151016 100941 8609
20151016 100943 8609
20151016 100954 8611
20151016 101000 8612
20151016 101000 8612
20151016 101001 8612
20151016 101001 8612
20151016 101002 8612
20151016 101005 8612
20151016 101005 8612
20151016 101006 8612
20151016 101010 8611
20151016 101010 8611
20151016 101020 8611
20151016 101035 8610
20151016 101049 8611
20151016 101051 8612
20151016 101053 8613
20151016 101057 8613
20151016 101057 8614
20151016 101106 8615
20151016 101106 8615
20151016 101107 8616
20151016 101107 8616
20151016 101109 8614
20151016 101110 8616
20151016 101111 8617
20151016 101111 8617
20151016 101112 8616
20151016 101113 8616
20151016 101113 8617
20151016 101114 8616
20151016 101115 8618
20151016 101116 8618
20151016 101116 8618
20151016 101116 8618
20151016 101116 8618
20151016 101116 8618
20151016 101116 8618
20151016 101116 8618
20151016 101116 8618
20151016 101116 8618
20151016 101116 8618
20151016 101116 8618
20151016 101116 8618
20151016 101116 8618
20151016 101116 8618
20151016 101116 8618
20151016 101116 8619
20151016 101116 8620
20151016 101118 8620
20151016 101118 8620
20151016 101120 8619
20151016 101121 8619
20151016 101124 8621
20151016 101124 8621
20151016 101124 8621
20151016 101124 8621
20151016 101126 8620
20151016 101126 8620
20151016 101126 8621
20151016 101203 8620
20151016 101213 8618
20151016 101220 8619
20151016 101222 8620
20151016 101257 8619
20151016 101300 8619
20151016 101300 8619
20151016 101300 8619
20151016 101300 8619
20151016 101325 8618
20151016 101325 8618
20151016 101330 8619
20151016 101338 8620
20151016 101340 8620
20151016 101410 8618
20151016 101418 8619
20151016 101426 8619
20151016 101436 8620
20151016 101436 8620
20151016 101436 8620
20151016 101436 8620
20151016 101436 8620
20151016 101442 8621
20151016 101459 8621
20151016 101500 8621
20151016 101500 8621
20151016 101503 8621
20151016 101503 8621
20151016 101529 8620
20151016 101540 8620
20151016 101559 8620
20151016 101619 8619
20151016 101619 8619
20151016 101619 8619
20151016 101619 8619
20151016 101620 8618
20151016 101625 8618
20151016 101637 8620
20151016 101646 8620
20151016 101647 8619
20151016 101734 8619
20151016 101737 8618
20151016 101758 8620
20151016 101805 8621
20151016 101911 8619
20151016 101934 8623
20151016 102028 8622
20151016 102030 8622
20151016 102033 8622
20151016 102046 8621
20151016 102100 8621
20151016 102109 8621
20151016 102119 8619
20151016 102144 8619
20151016 102201 8618
20151016 102246 8617
20151016 102307 8617
20151016 102359 8619
20151016 102415 8616
20151016 102420 8615
20151016 102420 8615
20151016 102420 8615
20151016 102428 8615
20151016 102428 8615
20151016 102428 8615
20151016 102429 8615
20151016 102434 8616
20151016 102509 8616
20151016 102522 8616
20151016 102531 8616
20151016 102623 8618
20151016 102632 8617
20151016 102707 8618
20151016 102710 8618
20151016 102710 8618
20151016 102731 8616
20151016 102733 8616
20151016 102817 8612
20151016 102818 8612
20151016 102819 8611
20151016 102820 8611
20151016 102821 8611
20151016 102831 8612
20151016 102837 8612
20151016 102847 8611
20151016 102848 8612
20151016 102848 8612
20151016 102848 8612
20151016 102917 8611
20151016 102933 8612
20151016 102950 8612
20151016 103032 8609
20151016 103047 8608
20151016 103047 8608
20151016 103047 8608
20151016 103108 8609
20151016 103123 8610
20151016 103123 8610
20151016 103250 8611
20151016 103250 8611
20151016 103250 8611
20151016 103314 8610
20151016 103321 8610
20151016 103321 8610
20151016 103343 8611
20151016 103347 8610
20151016 103431 8607
20151016 103431 8608
20151016 103431 8608
20151016 103431 8608
20151016 103502 8608
20151016 103502 8608
20151016 103503 8607
20151016 103503 8608
20151016 103503 8608
20151016 103503 8608
20151016 103503 8608
20151016 103504 8607
20151016 103507 8609
20151016 103508 8608
20151016 103554 8608
20151016 103607 8608
20151016 103639 8609
20151016 103711 8608
20151016 103719 8608
20151016 103742 8607
20151016 103742 8607
20151016 103742 8607
20151016 103742 8607
20151016 103742 8607
20151016 103748 8606
20151016 103748 8606
20151016 103748 8606
20151016 103748 8606
20151016 103749 8605
20151016 103749 8605
20151016 103756 8604
20151016 103804 8603
20151016 103808 8603
20151016 103816 8603
20151016 103816 8603
20151016 103816 8603
20151016 103816 8603
20151016 103817 8603
20151016 103818 8603
20151016 103818 8603
20151016 103819 8603
20151016 103820 8603
20151016 103820 8603
20151016 103822 8603
20151016 103829 8603
20151016 103829 8603
20151016 103830 8603
20151016 103833 8603
20151016 103835 8602
20151016 103836 8602
20151016 103837 8602
20151016 103838 8602
20151016 103905 8605
20151016 103936 8606
20151016 104014 8605
20151016 104015 8604
20151016 104101 8604
20151016 104101 8604
20151016 104106 8603
20151016 104106 8603
20151016 104120 8604
20151016 104159 8604
20151016 104202 8604
20151016 104209 8602
20151016 104210 8601
20151016 104210 8602
20151016 104211 8601
20151016 104333 8602
20151016 104337 8602
20151016 104337 8602
20151016 104342 8601
20151016 104343 8600
20151016 104356 8601
20151016 104356 8601
20151016 104402 8601
20151016 104423 8599
20151016 104501 8600
20151016 104501 8601
20151016 104548 8602
20151016 104648 8605
20151016 104649 8607
20151016 104700 8606
20151016 104705 8604
20151016 104705 8604
20151016 104708 8603
20151016 104710 8604
20151016 104710 8605
20151016 104710 8605
20151016 104710 8605
20151016 104821 8605
20151016 104909 8606
20151016 104921 8593
20151016 104930 8607
20151016 104940 8607
20151016 104941 8588
20151016 104941 8595
20151016 105015 8607
20151016 105015 8607
20151016 105015 8607
20151016 105015 8607
20151016 105037 8608
20151016 105037 8608
20151016 105102 8610
20151016 105102 8610
20151016 105102 8610
20151016 105103 8610
20151016 105110 8610
20151016 105112 8609
20151016 105114 8609
20151016 105115 8609
20151016 105118 8609
20151016 105120 8609
20151016 105150 8611
20151016 105210 8611
20151016 105216 8610
20151016 105243 8609
20151016 105253 8608
20151016 105253 8608
20151016 105253 8608
20151016 105306 8607
20151016 105319 8607
20151016 105343 8608
20151016 105357 8609
20151016 105414 8609
20151016 105446 8609
20151016 105505 8609
20151016 105508 8610
20151016 105520 8609
20151016 105524 8613
20151016 105525 8613
20151016 105525 8613
20151016 105525 8614
20151016 105525 8614
20151016 105525 8614
20151016 105525 8614
20151016 105545 8614
20151016 105651 8611
20151016 105707 8610
20151016 105707 8610
20151016 105712 8610
20151016 105724 8608
20151016 105726 8607
20151016 105726 8607
20151016 105726 8607
20151016 105758 8594
20151016 105758 8606
20151016 105758 8606
20151016 105801 8607
20151016 105813 8609
20151016 105816 8610
20151016 105820 8609
20151016 105820 8609
20151016 105820 8609
20151016 105820 8609
20151016 105820 8610
20151016 105820 8610
20151016 105854 8609
20151016 105918 8607
20151016 105955 8608
20151016 110007 8608
20151016 110024 8610
20151016 110059 8593
20151016 110110 8607
20151016 110225 8608
20151016 110226 8608
20151016 110315 8608
20151016 110327 8607
20151016 110400 8607
20151016 110403 8607
20151016 110407 8608
20151016 110407 8608
20151016 110418 8609
20151016 110432 8593
20151016 110432 8604
20151016 110432 8604
20151016 110432 8605
20151016 110432 8605
20151016 110432 8605
20151016 110432 8605
20151016 110433 8604
20151016 110439 8603
20151016 110440 8603
20151016 110440 8603
20151016 110447 8602
20151016 110447 8602
20151016 110503 8600
20151016 110503 8600
20151016 110503 8601
20151016 110504 8600
20151016 110504 8600
20151016 110508 8598
20151016 110508 8598
20151016 110508 8598
20151016 110508 8598
20151016 110508 8599
20151016 110508 8599
20151016 110510 8596
20151016 110510 8596
20151016 110510 8596
20151016 110510 8596
20151016 110510 8596
20151016 110510 8596
20151016 110510 8596
20151016 110510 8597
20151016 110525 8593
20151016 110525 8593
20151016 110525 8593
20151016 110525 8593
20151016 110525 8593
20151016 110525 8593
20151016 110525 8593
20151016 110525 8594
20151016 110525 8594
20151016 110525 8595
20151016 110536 8597
20151016 110550 8597
20151016 110558 8597
20151016 110607 8597
20151016 110612 8596
20151016 110622 8597
20151016 110622 8597
20151016 110636 8599
20151016 110702 8599
20151016 110720 8601
20151016 110724 8601
20151016 110758 8602
20151016 110814 8587
20151016 110814 8587
20151016 110814 8587
20151016 110814 8587
20151016 110814 8599
20151016 110814 8599
20151016 110814 8599
20151016 110814 8599
20151016 110814 8599
20151016 110817 8598
20151016 110821 8599
20151016 110914 8597
20151016 110923 8596
20151016 110941 8599
20151016 110957 8599
20151016 111000 8596
20151016 111003 8595
20151016 111006 8596
20151016 111008 8596
20151016 111018 8594
20151016 111018 8594
20151016 111021 8595
20151016 111021 8595
20151016 111024 8595
20151016 111032 8596
20151016 111104 8582
20151016 111104 8595
20151016 111107 8597
20151016 111121 8599
20151016 111149 8598
20151016 111153 8598
20151016 111230 8598
20151016 111230 8598
20151016 111230 8599
20151016 111240 8598
20151016 111310 8599
20151016 111330 8598
20151016 111332 8597
20151016 111401 8596
20151016 111404 8595
20151016 111414 8596
20151016 111446 8596
20151016 111451 8596
20151016 111516 8598
20151016 111524 8601
20151016 111524 8601
20151016 111525 8601
20151016 111528 8601
20151016 111532 8602
20151016 111532 8602
20151016 111549 8600
20151016 111604 8604
20151016 111624 8604
20151016 111630 8605
20151016 111654 8603
20151016 111701 8602
20151016 111812 8598
20151016 111812 8598
20151016 111815 8599
20151016 111821 8598
20151016 111901 8600
20151016 111921 8599
20151016 111923 8597
20151016 111926 8595
20151016 111927 8594
20151016 111927 8594
20151016 111927 8594
20151016 111930 8595
20151016 112029 8595
20151016 112031 8596
20151016 112039 8593
20151016 112039 8593
20151016 112039 8593
20151016 112039 8593
20151016 112039 8593
20151016 112047 8593
20151016 112048 8595
20151016 112049 8594
20151016 112100 8595
20151016 112101 8593
20151016 112101 8593
20151016 112101 8593
20151016 112104 8592
20151016 112104 8592
20151016 112104 8592
20151016 112104 8592
20151016 112105 8592
20151016 112105 8592
20151016 112106 8592
20151016 112106 8592
20151016 112107 8592
20151016 112107 8592
20151016 112107 8592
20151016 112107 8592
20151016 112107 8592
20151016 112107 8592
20151016 112107 8592
20151016 112108 8593
20151016 112109 8592
20151016 112110 8591
20151016 112111 8593
20151016 112121 8594
20151016 112121 8594
20151016 112121 8594
20151016 112128 8592
20151016 112130 8592
20151016 112130 8592
20151016 112130 8592
20151016 112152 8592
20151016 112216 8591
20151016 112216 8591
20151016 112216 8591
20151016 112216 8591
20151016 112217 8586
20151016 112217 8586
20151016 112217 8587
20151016 112217 8587
20151016 112217 8587
20151016 112217 8587
20151016 112217 8587
20151016 112217 8587
20151016 112217 8587
20151016 112217 8587
20151016 112217 8587
20151016 112217 8587
20151016 112217 8587
20151016 112217 8587
20151016 112217 8587
20151016 112217 8587
20151016 112217 8587
20151016 112217 8588
20151016 112217 8588
20151016 112217 8589
20151016 112217 8589
20151016 112217 8589
20151016 112217 8589
20151016 112217 8589
20151016 112217 8589
20151016 112217 8590
20151016 112217 8590
20151016 112217 8590
20151016 112217 8590
20151016 112217 8590
20151016 112217 8590
20151016 112217 8590
20151016 112217 8590
20151016 112217 8590
20151016 112218 8579
20151016 112218 8579
20151016 112218 8579
20151016 112218 8579
20151016 112218 8579
20151016 112218 8579
20151016 112218 8579
20151016 112218 8579
20151016 112218 8580
20151016 112218 8580
20151016 112218 8581
20151016 112218 8581
20151016 112218 8581
20151016 112218 8581
20151016 112218 8581
20151016 112218 8581
20151016 112218 8581
20151016 112218 8581
20151016 112218 8581
20151016 112218 8581
20151016 112218 8581
20151016 112218 8581
20151016 112218 8581
20151016 112218 8582
20151016 112218 8582
20151016 112218 8582
20151016 112218 8582
20151016 112218 8582
20151016 112218 8582
20151016 112218 8582
20151016 112218 8582
20151016 112218 8583
20151016 112218 8583
20151016 112218 8583
20151016 112218 8583
20151016 112218 8583
20151016 112218 8583
20151016 112218 8583
20151016 112218 8583
20151016 112218 8583
20151016 112218 8584
20151016 112218 8584
20151016 112218 8584
20151016 112218 8584
20151016 112218 8584
20151016 112218 8584
20151016 112218 8584
20151016 112218 8585
20151016 112218 8585
20151016 112218 8585
20151016 112218 8585
20151016 112218 8585
20151016 112218 8585
20151016 112218 8585
20151016 112218 8585
20151016 112218 8585
20151016 112219 8577
20151016 112219 8577
20151016 112219 8577
20151016 112219 8577
20151016 112219 8577
20151016 112219 8578
20151016 112219 8578
20151016 112219 8578
20151016 112219 8578
20151016 112221 8577
20151016 112222 8577
20151016 112223 8582
20151016 112225 8584
20151016 112235 8584
20151016 112239 8584
20151016 112248 8584
20151016 112258 8581
20151016 112300 8580
20151016 112301 8580
20151016 112302 8578
20151016 112302 8578
20151016 112306 8579
20151016 112310 8579
20151016 112312 8577
20151016 112313 8576
20151016 112313 8576
20151016 112313 8576
20151016 112313 8576
20151016 112313 8576
20151016 112313 8576
20151016 112313 8576
20151016 112313 8576
20151016 112313 8576
20151016 112313 8576
20151016 112313 8576
20151016 112313 8576
20151016 112313 8576
20151016 112313 8576
20151016 112313 8576
20151016 112313 8576
20151016 112313 8577
20151016 112313 8577
20151016 112313 8577
20151016 112313 8577
20151016 112313 8577
20151016 112314 8578
20151016 112314 8578
20151016 112314 8578
20151016 112322 8578
20151016 112332 8578
20151016 112336 8579
20151016 112340 8581
20151016 112340 8581
20151016 112354 8567
20151016 112354 8579
20151016 112404 8576
20151016 112404 8576
20151016 112404 8577
20151016 112404 8577
20151016 112406 8576
20151016 112416 8577
20151016 112416 8578
20151016 112427 8579
20151016 112427 8579
20151016 112438 8580
20151016 112444 8579
20151016 112454 8562
20151016 112454 8569
20151016 112459 8581
20151016 112459 8581
20151016 112501 8579
20151016 112501 8579
20151016 112504 8580
20151016 112509 8580
20151016 112511 8567
20151016 112511 8579
20151016 112511 8579
20151016 112513 8578
20151016 112513 8578
20151016 112513 8578
20151016 112514 8577
20151016 112517 8575
20151016 112517 8575
20151016 112517 8575
20151016 112517 8575
20151016 112517 8575
20151016 112517 8575
20151016 112517 8575
20151016 112517 8575
20151016 112517 8575
20151016 112517 8575
20151016 112518 8573
20151016 112518 8573
20151016 112518 8573
20151016 112518 8573
20151016 112518 8573
20151016 112518 8573
20151016 112518 8573
20151016 112518 8573
20151016 112518 8574
20151016 112518 8574
20151016 112518 8574
20151016 112519 8573
20151016 112531 8574
20151016 112531 8574
20151016 112531 8574
20151016 112531 8574
20151016 112531 8575
20151016 112536 8575
20151016 112542 8575
20151016 112552 8575
20151016 112552 8576
20151016 112552 8576
20151016 112603 8573
20151016 112605 8573
20151016 112605 8573
20151016 112605 8573
20151016 112607 8572
20151016 112607 8572
20151016 112608 8572
20151016 112610 8572
20151016 112610 8572
20151016 112611 8571
20151016 112611 8571
20151016 112611 8571
20151016 112611 8571
20151016 112611 8571
20151016 112611 8571
20151016 112611 8571
20151016 112611 8571
20151016 112611 8571
20151016 112612 8571
20151016 112612 8571
20151016 112612 8571
20151016 112612 8571
20151016 112616 8574
20151016 112619 8574
20151016 112623 8574
20151016 112625 8575
20151016 112628 8576
20151016 112628 8576
20151016 112629 8576
20151016 112640 8576
20151016 112644 8575
20151016 112644 8575
20151016 112645 8575
20151016 112647 8575
20151016 112648 8575
20151016 112650 8575
20151016 112651 8575
20151016 112652 8574
20151016 112653 8574
20151016 112655 8574
20151016 112656 8574
20151016 112659 8574
20151016 112701 8572
20151016 112702 8573
20151016 112707 8572
20151016 112709 8572
20151016 112724 8573
20151016 112725 8573
20151016 112754 8575
20151016 112757 8575
20151016 112804 8575
20151016 112809 8574
20151016 112809 8574
20151016 112809 8577
20151016 112810 8577
20151016 112810 8577
20151016 112810 8577
20151016 112810 8578
20151016 112810 8578
20151016 112810 8578
20151016 112812 8576
20151016 112818 8573
20151016 112830 8574
20151016 112834 8574
20151016 112841 8575
20151016 112945 8579
20151016 112959 8580
20151016 112959 8580
20151016 113001 8577
20151016 113002 8577
20151016 113009 8577
20151016 113009 8578
20151016 113014 8577
20151016 113014 8577
20151016 113014 8577
20151016 113018 8577
20151016 113027 8578
20151016 113029 8578
20151016 113031 8577
20151016 113031 8578
20151016 113036 8576
20151016 113049 8578
20151016 113049 8578
20151016 113049 8578
20151016 113049 8578
20151016 113049 8578
20151016 113049 8578
20151016 113104 8580
20151016 113111 8581
20151016 113115 8580
20151016 113116 8579
20151016 113116 8579
20151016 113130 8578
20151016 113130 8578
20151016 113130 8578
20151016 113130 8578
20151016 113143 8579
20151016 113146 8581
20151016 113207 8581
20151016 113207 8581
20151016 113211 8582
20151016 113211 8582
20151016 113215 8582
20151016 113232 8583
20151016 113234 8584
20151016 113234 8584
20151016 113237 8583
20151016 113304 8583
20151016 113317 8572
20151016 113334 8571
20151016 113337 8582
20151016 113341 8582
20151016 113400 8582
20151016 113405 8582
20151016 113412 8584
20151016 113412 8584
20151016 113412 8584
20151016 113412 8584
20151016 113413 8584
20151016 113414 8585
20151016 113415 8584
20151016 113415 8585
20151016 113416 8586
20151016 113428 8585
20151016 113500 8583
20151016 113508 8584
20151016 113508 8584
20151016 113513 8585
20151016 113523 8586
20151016 113604 8585
20151016 113607 8585
20151016 113607 8585
20151016 113631 8585
20151016 113632 8585
20151016 113643 8586
20151016 113643 8586
20151016 113649 8586
20151016 113702 8584
20151016 113702 8584
20151016 113702 8585
20151016 113711 8583
20151016 113714 8582
20151016 113809 8582
20151016 113905 8582
20151016 114011 8584
20151016 114011 8584
20151016 114011 8584
20151016 114015 8586
20151016 114016 8586
20151016 114020 8587
20151016 114033 8586
20151016 114033 8587
20151016 114037 8588
20151016 114039 8586
20151016 114046 8586
20151016 114046 8587
20151016 114104 8587
20151016 114112 8586
20151016 114128 8586
20151016 114128 8586
20151016 114209 8587
20151016 114209 8588
20151016 114210 8588
20151016 114210 8588
20151016 114210 8588
20151016 114213 8588
20151016 114222 8589
20151016 114224 8589
20151016 114224 8589
20151016 114226 8589
20151016 114240 8590
20151016 114242 8590
20151016 114242 8590
20151016 114252 8589
20151016 114252 8589
20151016 114252 8589
20151016 114326 8588
20151016 114332 8587
20151016 114353 8588
20151016 114406 8588
20151016 114413 8588
20151016 114417 8588
20151016 114429 8588
20151016 114440 8575
20151016 114440 8587
20151016 114440 8587
20151016 114441 8587
20151016 114448 8587
20151016 114453 8587
20151016 114507 8586
20151016 114507 8586
20151016 114508 8586
20151016 114509 8586
20151016 114509 8586
20151016 114526 8586
20151016 114526 8586
20151016 114526 8586
20151016 114526 8586
20151016 114526 8586
20151016 114546 8586
20151016 114606 8588
20151016 114646 8586
20151016 114646 8586
20151016 114646 8586
20151016 114646 8586
20151016 114646 8586
20151016 114646 8586
20151016 114646 8586
20151016 114646 8586
20151016 114725 8584
20151016 114739 8585
20151016 114753 8583
20151016 114753 8583
20151016 114755 8583
20151016 114757 8583
20151016 114817 8584
20151016 114839 8586
20151016 114906 8585
20151016 114934 8586
20151016 114957 8585
20151016 115037 8585
20151016 115037 8585
20151016 115102 8585
20151016 115104 8586
20151016 115104 8586
20151016 115104 8586
20151016 115117 8588
20151016 115117 8588
20151016 115117 8588
20151016 115118 8588
20151016 115119 8588
20151016 115202 8587
20151016 115220 8588
20151016 115253 8589
20151016 115253 8589
20151016 115253 8589
20151016 115255 8589
20151016 115314 8588
20151016 115327 8587
20151016 115358 8586
20151016 115408 8568
20151016 115408 8587
20151016 115414 8586
20151016 115417 8585
20151016 115423 8585
20151016 115428 8585
20151016 115448 8586
20151016 115638 8586
20151016 115708 8586
20151016 115713 8586
20151016 115735 8586
20151016 115735 8586
20151016 115738 8584
20151016 115740 8584
20151016 115755 8585
20151016 115811 8585
20151016 115833 8585
20151016 115843 8585
20151016 115848 8586
20151016 115908 8587
20151016 115908 8587
20151016 115908 8587
20151016 115919 8590
20151016 115919 8590
20151016 115919 8590
20151016 115919 8590
20151016 115919 8590
20151016 115919 8590
20151016 115919 8590
20151016 115919 8591
20151016 115919 8591
20151016 115919 8592
20151016 115919 8592
20151016 115919 8592
20151016 115919 8593
20151016 115919 8593
20151016 115919 8593
20151016 115919 8593
20151016 115919 8593
20151016 115919 8593
20151016 115919 8593
20151016 115919 8593
20151016 115919 8593
20151016 115920 8583
20151016 115920 8593
20151016 115920 8593
20151016 115920 8594
20151016 115920 8594
20151016 115920 8594
20151016 115920 8594
20151016 115920 8594
20151016 115920 8594
20151016 115920 8594
20151016 115920 8595
20151016 115923 8594
20151016 115935 8597
20151016 115951 8595
20151016 120003 8596
20151016 120029 8594
20151016 120033 8595
20151016 120036 8596
20151016 120041 8595
20151016 120100 8595
20151016 120138 8595
20151016 120155 8596
20151016 120220 8594
20151016 120230 8594
20151016 120232 8593
20151016 120232 8593
20151016 120359 8594
20151016 120359 8595
20151016 120424 8595
20151016 120539 8592
20151016 120606 8591
20151016 120607 8591
20151016 120607 8591
20151016 120657 8591
20151016 120710 8591
20151016 120714 8591
20151016 120753 8591
20151016 120844 8590
20151016 120856 8590
20151016 120907 8590
20151016 120926 8590
20151016 120933 8590
20151016 120945 8590
20151016 121004 8589
20151016 121110 8591
20151016 121110 8591
20151016 121110 8591
20151016 121110 8591
20151016 121145 8592
20151016 121145 8592
20151016 121147 8591
20151016 121154 8592
20151016 121200 8592
20151016 121200 8592
20151016 121201 8593
20151016 121206 8592
20151016 121242 8592
20151016 121243 8592
20151016 121324 8593
20151016 121424 8592
20151016 121434 8592
20151016 121434 8592
20151016 121434 8592
20151016 121532 8592
20151016 121553 8592
20151016 121554 8592
20151016 121603 8592
20151016 121603 8592
20151016 121621 8592
20151016 121703 8592
20151016 121704 8593
20151016 121714 8592
20151016 121723 8592
20151016 121848 8580
20151016 121848 8592
20151016 121848 8592
20151016 121848 8592
20151016 121848 8592
20151016 121848 8592
20151016 121848 8592
20151016 121849 8591
20151016 121903 8591
20151016 121917 8591
20151016 121937 8590
20151016 121956 8589
20151016 121956 8589
20151016 122000 8589
20151016 122012 8591
20151016 122012 8591
20151016 122012 8591
20151016 122017 8591
20151016 122019 8591
20151016 122042 8591
20151016 122042 8592
20151016 122110 8593
20151016 122116 8594
20151016 122134 8594
20151016 122135 8583
20151016 122135 8595
20151016 122135 8595
20151016 122135 8595
20151016 122140 8596
20151016 122140 8596
20151016 122144 8595
20151016 122144 8595
20151016 122155 8597
20151016 122155 8597
20151016 122155 8597
20151016 122155 8598
20151016 122155 8598
20151016 122155 8598
20151016 122155 8598
20151016 122155 8599
20151016 122155 8599
20151016 122155 8599
20151016 122155 8600
20151016 122155 8600
20151016 122155 8600
20151016 122155 8600
20151016 122155 8600
20151016 122155 8600
20151016 122156 8588
20151016 122156 8600
20151016 122156 8600
20151016 122156 8600
20151016 122156 8600
20151016 122156 8600
20151016 122156 8600
20151016 122156 8600
20151016 122156 8600
20151016 122156 8600
20151016 122156 8600
20151016 122156 8600
20151016 122156 8600
20151016 122156 8600
20151016 122156 8601
20151016 122156 8601
20151016 122156 8601
20151016 122156 8601
20151016 122156 8601
20151016 122156 8601
20151016 122156 8602
20151016 122156 8602
20151016 122156 8602
20151016 122156 8602
20151016 122156 8602
20151016 122156 8602
20151016 122200 8598
20151016 122201 8599
20151016 122209 8600
20151016 122234 8599
20151016 122240 8600
20151016 122242 8599
20151016 122258 8600
20151016 122301 8599
20151016 122305 8599
20151016 122336 8601
20151016 122340 8600
20151016 122346 8600
20151016 122348 8600
20151016 122421 8600
20151016 122428 8599
20151016 122448 8599
20151016 122513 8598
20151016 122513 8598
20151016 122513 8598
20151016 122543 8598
20151016 122550 8598
20151016 122550 8598
20151016 122643 8586
20151016 122728 8598
20151016 122800 8597
20151016 122818 8597
20151016 122839 8597
20151016 122909 8598
20151016 122916 8598
20151016 122921 8598
20151016 123023 8599
20151016 123031 8600
20151016 123031 8600
20151016 123032 8600
20151016 123056 8600
20151016 123056 8600
20151016 123109 8601
20151016 123128 8599
20151016 123139 8599
20151016 123220 8597
20151016 123222 8596
20151016 123222 8596
20151016 123225 8595
20151016 123242 8595
20151016 123243 8595
20151016 123249 8595
20151016 123308 8598
20151016 123414 8596
20151016 123417 8596
20151016 123451 8595
20151016 123521 8594
20151016 123521 8594
20151016 123521 8594
20151016 123521 8594
20151016 123521 8594
20151016 123522 8594
20151016 123522 8594
20151016 123523 8594
20151016 123524 8594
20151016 123524 8594
20151016 123527 8594
20151016 123527 8594
20151016 123535 8594
20151016 123539 8593
20151016 123540 8593
20151016 123540 8593
20151016 123642 8594
20151016 123706 8594
20151016 123814 8595
20151016 123853 8595
20151016 123853 8595
20151016 123853 8595
20151016 123853 8595
20151016 123857 8595
20151016 123951 8597
20151016 123955 8597
20151016 124003 8597
20151016 124048 8597
20151016 124110 8598
20151016 124112 8598
20151016 124113 8597
20151016 124156 8596
20151016 124208 8595
20151016 124208 8595
20151016 124210 8595
20151016 124218 8596
20151016 124233 8595
20151016 124244 8596
20151016 124300 8595
20151016 124300 8595
20151016 124300 8595
20151016 124316 8594
20151016 124343 8595
20151016 124345 8594
20151016 124345 8594
20151016 124607 8595
20151016 124613 8595
20151016 124647 8595
20151016 124704 8595
20151016 124704 8595
20151016 124708 8582
20151016 124819 8595
20151016 124822 8594
20151016 124824 8594
20151016 124844 8593
20151016 124844 8593
20151016 124844 8593
20151016 124844 8593
20151016 124845 8592
20151016 124847 8580
20151016 124850 8592
20151016 124855 8592
20151016 124855 8592
20151016 124859 8592
20151016 124900 8592
20151016 124902 8592
20151016 124954 8592
20151016 125002 8592
20151016 125003 8592
20151016 125017 8592
20151016 125017 8592
20151016 125017 8592
20151016 125020 8591
20151016 125039 8592
20151016 125101 8592
20151016 125106 8592
20151016 125111 8593
20151016 125111 8593
20151016 125251 8593
20151016 125333 8593
20151016 125351 8592
20151016 125351 8592
20151016 125400 8591
20151016 125407 8591
20151016 125407 8591
20151016 125408 8590
20151016 125412 8590
20151016 125412 8590
20151016 125417 8591
20151016 125420 8590
20151016 125429 8590
20151016 125519 8580
20151016 125522 8592
20151016 125522 8592
20151016 125522 8592
20151016 125609 8595
20151016 125628 8594
20151016 125628 8596
20151016 125649 8596
20151016 125712 8596
20151016 125740 8596
20151016 125819 8596
20151016 125826 8596
20151016 125828 8597
20151016 125843 8596
20151016 125903 8597
20151016 125925 8596
20151016 125944 8593
20151016 125953 8591
20151016 125959 8592
20151016 130002 8591
20151016 130008 8589
20151016 130008 8589
20151016 130011 8588
20151016 130021 8589
20151016 130032 8592
20151016 130112 8595
20151016 130129 8594
20151016 130129 8594
20151016 130227 8596
20151016 130227 8596
20151016 130227 8596
20151016 130409 8582
20151016 130409 8582
20151016 130409 8582
20151016 130409 8582
20151016 130409 8593
20151016 130409 8593
20151016 130409 8593
20151016 130409 8593
20151016 130420 8581
20151016 130420 8581
20151016 130420 8592
20151016 130420 8592
20151016 130430 8592
20151016 130446 8593
20151016 130452 8594
20151016 130452 8594
20151016 130452 8594
20151016 130456 8595
20151016 130456 8595
20151016 130516 8594
20151016 130516 8594
20151016 130540 8595
20151016 130540 8595
20151016 130607 8594
20151016 130645 8595
20151016 130732 8595
20151016 130801 8595
20151016 130805 8595
20151016 130826 8596
20151016 130826 8596
20151016 130826 8596
20151016 130857 8584
20151016 130857 8597
20151016 130857 8597
20151016 130908 8597
20151016 130911 8597
20151016 130917 8585
20151016 130917 8596
20151016 130926 8596
20151016 131001 8597
20151016 131001 8597
20151016 131025 8598
20151016 131054 8599
20151016 131057 8586
20151016 131057 8597
20151016 131120 8598
20151016 131127 8598
20151016 131218 8598
20151016 131231 8599
20151016 131231 8599
20151016 131241 8600
20151016 131241 8600
20151016 131241 8600
20151016 131241 8600
20151016 131241 8600
20151016 131241 8600
20151016 131241 8600
20151016 131243 8589
20151016 131243 8601
20151016 131243 8601
20151016 131245 8602
20151016 131246 8602
20151016 131246 8602
20151016 131246 8602
20151016 131304 8602
20151016 131304 8602
20151016 131304 8602
20151016 131304 8602
20151016 131306 8602
20151016 131314 8602
20151016 131315 8602
20151016 131315 8602
20151016 131315 8602
20151016 131315 8602
20151016 131319 8603
20151016 131320 8591
20151016 131320 8603
20151016 131320 8603
20151016 131321 8603
20151016 131325 8603
20151016 131325 8603
20151016 131326 8603
20151016 131326 8603
20151016 131343 8603
20151016 131501 8602
20151016 131501 8602
20151016 131501 8603
20151016 131502 8591
20151016 131502 8592
20151016 131502 8603
20151016 131502 8603
20151016 131502 8603
20151016 131502 8604
20151016 131502 8604
20151016 131502 8604
20151016 131502 8604
20151016 131502 8604
20151016 131502 8604
20151016 131525 8601
20151016 131550 8600
20151016 131552 8601
20151016 131552 8601
20151016 131616 8599
20151016 131624 8599
20151016 131632 8599
20151016 131645 8600
20151016 131809 8602
20151016 131809 8602
20151016 131809 8602
20151016 131809 8602
20151016 131809 8602
20151016 131809 8602
20151016 131841 8602
20151016 131854 8604
20151016 131903 8603
20151016 131906 8603
20151016 131913 8592
20151016 131918 8603
20151016 131921 8603
20151016 131948 8602
20151016 132210 8602
20151016 132241 8603
20151016 132249 8602
20151016 132319 8591
20151016 132328 8592
20151016 132339 8601
20151016 132414 8601
20151016 132414 8601
20151016 132452 8600
20151016 132452 8600
20151016 132455 8599
20151016 132455 8600
20151016 132456 8599
20151016 132456 8599
20151016 132459 8599
20151016 132459 8599
20151016 132459 8599
20151016 132502 8600
20151016 132508 8600
20151016 132518 8598
20151016 132518 8598
20151016 132526 8597
20151016 132538 8597
20151016 132540 8596
20151016 132547 8596
20151016 132548 8595
20151016 132549 8595
20151016 132549 8595
20151016 132619 8599
20151016 132703 8599
20151016 132703 8599
20151016 132703 8600
20151016 132703 8600
20151016 132703 8600
20151016 132703 8600
20151016 132718 8599
20151016 132738 8601
20151016 132743 8600
20151016 132748 8600
20151016 132758 8602
20151016 132811 8588
20151016 132811 8600
20151016 132824 8600
20151016 132902 8600
20151016 132902 8601
20151016 132907 8601
20151016 132910 8600
20151016 132910 8600
20151016 132910 8600
20151016 132934 8600
20151016 132938 8600
20151016 132938 8600
20151016 132941 8602
20151016 132957 8602
20151016 132957 8603
20151016 132957 8603
20151016 133006 8604
20151016 133006 8604
20151016 133006 8604
20151016 133006 8604
20151016 133006 8604
20151016 133033 8605
20151016 133037 8604
20151016 133049 8565
20151016 133055 8601
20151016 133059 8599
20151016 133107 8600
20151016 133115 8602
20151016 133115 8602
20151016 133115 8602
20151016 133131 8602
20151016 133152 8603
20151016 133159 8605
20151016 133159 8605
20151016 133200 8605
20151016 133200 8605
20151016 133200 8605
20151016 133201 8605
20151016 133201 8605
20151016 133201 8605
20151016 133201 8605
20151016 133213 8584
20151016 133213 8603
20151016 133307 8604
20151016 133326 8604
20151016 133329 8605
20151016 133329 8605
20151016 133329 8605
20151016 133329 8605
20151016 133329 8605
20151016 133329 8605
20151016 133329 8605
20151016 133329 8605
20151016 133329 8605
20151016 133329 8605
20151016 133329 8605
20151016 133333 8605
20151016 133345 8593
20151016 133438 8605
20151016 133445 8605
20151016 133459 8594
20151016 133459 8594
20151016 133459 8606
20151016 133459 8606
20151016 133459 8606
20151016 133459 8606
20151016 133459 8606
20151016 133459 8606
20151016 133459 8606
20151016 133504 8607
20151016 133505 8607
20151016 133505 8607
20151016 133505 8607
20151016 133505 8607
20151016 133505 8607
20151016 133505 8607
20151016 133505 8607
20151016 133505 8607
20151016 133505 8607
20151016 133522 8606
20151016 133522 8606
20151016 133522 8606
20151016 133522 8606
20151016 133522 8606
20151016 133522 8606
20151016 133522 8607
20151016 133522 8607
20151016 133545 8606
20151016 133614 8607
20151016 133615 8608
20151016 133652 8608
20151016 133652 8608
20151016 133653 8608
20151016 133654 8607
20151016 133656 8607
20151016 133700 8608
20151016 133700 8608
20151016 133701 8608
20151016 133715 8597
20151016 133718 8588
20151016 133733 8597
20151016 133733 8609
20151016 133758 8609
20151016 133759 8609
20151016 133759 8609
20151016 133801 8609
20151016 133804 8609
20151016 133826 8610
20151016 133826 8610
20151016 133826 8610
20151016 133843 8610
20151016 133848 8610
20151016 133852 8610
20151016 133856 8608
20151016 133900 8609
20151016 133904 8608
20151016 133938 8607
20151016 133959 8608
20151016 134004 8608
20151016 134006 8608
20151016 134007 8608
20151016 134007 8608
20151016 134012 8609
20151016 134013 8609
20151016 134013 8609
20151016 134021 8609
20151016 134025 8609
20151016 134035 8609
20151016 134038 8609
20151016 134049 8609
20151016 134049 8609
20151016 134051 8609
20151016 134051 8609
20151016 134104 8608
20151016 134117 8608
20151016 134126 8609
20151016 134126 8609
20151016 134130 8608
20151016 134143 8608
20151016 134152 8608
20151016 134153 8607
20151016 134153 8607
20151016 134153 8607
20151016 134156 8608
20151016 134206 8607
20151016 134209 8607
20151016 134211 8607
20151016 134222 8608
20151016 134235 8608
20151016 134235 8608
20151016 134236 8608
20151016 134238 8608
20151016 134240 8609
20151016 134242 8609
20151016 134248 8609
20151016 134258 8609
20151016 134301 8608
20151016 134303 8609
20151016 134303 8609
20151016 134309 8609
20151016 134311 8609
20151016 134311 8609
20151016 134313 8609
20151016 134314 8609
20151016 134319 8609
20151016 134327 8609
20151016 134328 8609
20151016 134331 8609
20151016 134331 8609
20151016 134340 8609
20151016 134353 8608
20151016 134359 8608
20151016 134359 8608
20151016 134359 8608
20151016 134401 8608
20151016 134401 8608
20151016 134401 8608
20151016 134405 8609
20151016 134406 8608
20151016 134417 8607
20151016 134418 8607
20151016 134431 8608
20151016 134433 8608
20151016 134442 8608
20151016 134442 8608
20151016 134442 8608
20151016 134443 8607
20151016 134452 8608
20151016 134452 8608
20151016 134455 8608
20151016 134459 8608
