20151020 084500 8637
20151020 084500 8637
20151020 084500 8637
20151020 084500 8637
20151020 084500 8640
20151020 084500 8640
20151020 084500 8640
20151020 084500 8641
20151020 084500 8641
20151020 084500 8642
20151020 084500 8642
20151020 084500 8642
20151020 084500 8642
20151020 084500 8642
20151020 084500 8642
20151020 084500 8643
20151020 084500 8643
20151020 084500 8643
20151020 084500 8643
20151020 084500 8643
20151020 084500 8643
20151020 084500 8643
20151020 084500 8643
20151020 084500 8643
20151020 084500 8643
20151020 084500 8643
20151020 084500 8643
20151020 084500 8644
20151020 084500 8644
20151020 084500 8644
20151020 084500 8644
20151020 084500 8644
20151020 084501 8639
20151020 084501 8640
20151020 084501 8640
20151020 084501 8640
20151020 084501 8645
20151020 084501 8645
20151020 084501 8645
20151020 084501 8645
20151020 084501 8645
20151020 084502 8640
20151020 084502 8642
20151020 084505 8642
20151020 084505 8643
20151020 084509 8638
20151020 084510 8638
20151020 084510 8638
20151020 084511 8639
20151020 084519 8639
20151020 084520 8639
20151020 084522 8638
20151020 084525 8639
20151020 084526 8639
20151020 084526 8639
20151020 084535 8640
20151020 084609 8642
20151020 084610 8643
20151020 084611 8643
20151020 084613 8643
20151020 084613 8643
20151020 084614 8642
20151020 084614 8643
20151020 084614 8643
20151020 084614 8643
20151020 084614 8643
20151020 084614 8643
20151020 084614 8643
20151020 084615 8643
20151020 084615 8643
20151020 084616 8643
20151020 084616 8643
20151020 084616 8643
20151020 084616 8643
20151020 084616 8643
20151020 084616 8643
20151020 084616 8643
20151020 084616 8643
20151020 084616 8643
20151020 084616 8643
20151020 084616 8643
20151020 084617 8643
20151020 084619 8643
20151020 084621 8642
20151020 084622 8646
20151020 084622 8646
20151020 084622 8646
20151020 084622 8646
20151020 084622 8646
20151020 084623 8646
20151020 084623 8646
20151020 084623 8646
20151020 084638 8644
20151020 084706 8647
20151020 084715 8647
20151020 084717 8646
20151020 084727 8645
20151020 084728 8646
20151020 084729 8646
20151020 084732 8641
20151020 084757 8642
20151020 084759 8642
20151020 084808 8642
20151020 084810 8643
20151020 084811 8640
20151020 084813 8643
20151020 084813 8643
20151020 084814 8643
20151020 084820 8643
20151020 084849 8642
20151020 084852 8639
20151020 084856 8643
20151020 084857 8643
20151020 084911 8643
20151020 084920 8644
20151020 084921 8644
20151020 084921 8644
20151020 084921 8644
20151020 084921 8644
20151020 084921 8644
20151020 084921 8644
20151020 084921 8644
20151020 084921 8644
20151020 084922 8644
20151020 084928 8644
20151020 084929 8640
20151020 084939 8644
20151020 084946 8640
20151020 085000 8645
20151020 085002 8645
20151020 085003 8646
20151020 085006 8641
20151020 085013 8646
20151020 085014 8646
20151020 085014 8646
20151020 085018 8647
20151020 085031 8645
20151020 085049 8642
20151020 085054 8646
20151020 085058 8642
20151020 085058 8642
20151020 085058 8642
20151020 085058 8642
20151020 085058 8646
20151020 085118 8646
20151020 085119 8641
20151020 085121 8645
20151020 085133 8642
20151020 085133 8645
20151020 085147 8641
20151020 085154 8642
20151020 085202 8647
20151020 085202 8647
20151020 085202 8647
20151020 085203 8647
20151020 085203 8647
20151020 085203 8647
20151020 085203 8647
20151020 085203 8647
20151020 085203 8648
20151020 085203 8648
20151020 085203 8648
20151020 085203 8648
20151020 085203 8648
20151020 085203 8648
20151020 085203 8648
20151020 085203 8648
20151020 085203 8648
20151020 085203 8649
20151020 085203 8649
20151020 085203 8649
20151020 085203 8649
20151020 085203 8649
20151020 085203 8649
20151020 085203 8649
20151020 085203 8649
20151020 085203 8649
20151020 085203 8649
20151020 085203 8649
20151020 085204 8649
20151020 085206 8649
20151020 085206 8650
20151020 085206 8650
20151020 085207 8651
20151020 085208 8649
20151020 085214 8647
20151020 085219 8648
20151020 085219 8648
20151020 085230 8648
20151020 085234 8648
20151020 085234 8648
20151020 085242 8649
20151020 085248 8649
20151020 085304 8622
20151020 085430 8648
20151020 085436 8620
20151020 085436 8620
20151020 085505 8644
20151020 085515 8645
20151020 085517 8645
20151020 085528 8648
20151020 085557 8636
20151020 085606 8644
20151020 085634 8649
20151020 085649 8620
20151020 085708 8645
20151020 085810 8636
20151020 085825 8648
20151020 085901 8646
20151020 085901 8646
20151020 085906 8645
20151020 085912 8644
20151020 085917 8644
20151020 085918 8644
20151020 085919 8644
20151020 085920 8644
20151020 085922 8645
20151020 085932 8646
20151020 085940 8646
20151020 085940 8646
20151020 085948 8648
20151020 085948 8648
20151020 085948 8648
20151020 085948 8648
20151020 085948 8648
20151020 085954 8649
20151020 085954 8649
20151020 085955 8649
20151020 085956 8649
20151020 085958 8649
20151020 090001 8647
20151020 090001 8647
20151020 090010 8646
20151020 090010 8651
20151020 090011 8651
20151020 090011 8651
20151020 090011 8651
20151020 090011 8651
20151020 090014 8646
20151020 090016 8649
20151020 090025 8644
20151020 090029 8645
20151020 090029 8645
20151020 090029 8645
20151020 090029 8645
20151020 090029 8645
20151020 090029 8645
20151020 090029 8645
20151020 090045 8648
20151020 090104 8649
20151020 090104 8649
20151020 090110 8649
20151020 090110 8649
20151020 090110 8649
20151020 090110 8649
20151020 090113 8649
20151020 090129 8649
20151020 090149 8645
20151020 090149 8645
20151020 090149 8645
20151020 090149 8645
20151020 090150 8645
20151020 090156 8647
20151020 090223 8650
20151020 090223 8650
20151020 090229 8651
20151020 090229 8651
20151020 090230 8622
20151020 090230 8651
20151020 090231 8650
20151020 090233 8651
20151020 090233 8651
20151020 090238 8652
20151020 090238 8652
20151020 090238 8652
20151020 090238 8652
20151020 090238 8652
20151020 090238 8652
20151020 090238 8652
20151020 090238 8652
20151020 090238 8652
20151020 090238 8652
20151020 090238 8652
20151020 090238 8652
20151020 090238 8652
20151020 090239 8653
20151020 090239 8653
20151020 090239 8653
20151020 090239 8653
20151020 090239 8653
20151020 090239 8653
20151020 090239 8653
20151020 090239 8653
20151020 090239 8653
20151020 090239 8653
20151020 090239 8653
20151020 090239 8654
20151020 090239 8654
20151020 090239 8654
20151020 090239 8654
20151020 090239 8654
20151020 090239 8654
20151020 090239 8654
20151020 090239 8654
20151020 090239 8654
20151020 090239 8654
20151020 090239 8654
20151020 090239 8654
20151020 090239 8654
20151020 090239 8654
20151020 090239 8654
20151020 090239 8654
20151020 090239 8654
20151020 090239 8654
20151020 090240 8654
20151020 090243 8653
20151020 090301 8653
20151020 090305 8652
20151020 090306 8653
20151020 090317 8650
20151020 090322 8650
20151020 090326 8649
20151020 090326 8649
20151020 090326 8649
20151020 090334 8647
20151020 090334 8648
20151020 090335 8647
20151020 090335 8647
20151020 090335 8648
20151020 090336 8647
20151020 090337 8647
20151020 090337 8647
20151020 090337 8647
20151020 090338 8647
20151020 090348 8647
20151020 090348 8647
20151020 090348 8647
20151020 090349 8647
20151020 090349 8647
20151020 090351 8647
20151020 090351 8647
20151020 090356 8647
20151020 090359 8640
20151020 090359 8644
20151020 090359 8644
20151020 090359 8644
20151020 090359 8644
20151020 090359 8644
20151020 090359 8644
20151020 090359 8644
20151020 090359 8644
20151020 090359 8644
20151020 090359 8644
20151020 090359 8644
20151020 090359 8644
20151020 090359 8644
20151020 090359 8644
20151020 090359 8644
20151020 090359 8644
20151020 090359 8644
20151020 090359 8644
20151020 090359 8644
20151020 090359 8644
20151020 090359 8644
20151020 090359 8644
20151020 090359 8644
20151020 090359 8644
20151020 090359 8644
20151020 090359 8644
20151020 090359 8644
20151020 090359 8644
20151020 090359 8644
20151020 090359 8644
20151020 090359 8645
20151020 090359 8645
20151020 090359 8646
20151020 090359 8646
20151020 090359 8646
20151020 090359 8646
20151020 090359 8646
20151020 090415 8640
20151020 090423 8644
20151020 090502 8615
20151020 090502 8641
20151020 090506 8642
20151020 090506 8645
20151020 090510 8643
20151020 090510 8644
20151020 090510 8644
20151020 090510 8645
20151020 090510 8645
20151020 090510 8646
20151020 090510 8646
20151020 090510 8646
20151020 090522 8641
20151020 090524 8644
20151020 090524 8644
20151020 090545 8641
20151020 090545 8641
20151020 090545 8641
20151020 090545 8641
20151020 090545 8641
20151020 090554 8613
20151020 090554 8639
20151020 090604 8638
20151020 090613 8642
20151020 090613 8642
20151020 090622 8643
20151020 090625 8643
20151020 090627 8643
20151020 090627 8643
20151020 090629 8643
20151020 090632 8643
20151020 090636 8639
20151020 090636 8639
20151020 090637 8643
20151020 090644 8643
20151020 090645 8643
20151020 090648 8642
20151020 090707 8644
20151020 090707 8645
20151020 090707 8645
20151020 090707 8645
20151020 090707 8645
20151020 090707 8645
20151020 090707 8645
20151020 090708 8645
20151020 090708 8645
20151020 090708 8645
20151020 090708 8645
20151020 090708 8645
20151020 090709 8645
20151020 090710 8645
20151020 090712 8646
20151020 090713 8646
20151020 090714 8646
20151020 090714 8646
20151020 090716 8647
20151020 090716 8647
20151020 090716 8647
20151020 090716 8647
20151020 090716 8647
20151020 090716 8647
20151020 090716 8647
20151020 090716 8647
20151020 090716 8647
20151020 090716 8647
20151020 090716 8647
20151020 090716 8647
20151020 090716 8648
20151020 090717 8648
20151020 090717 8648
20151020 090717 8648
20151020 090717 8648
20151020 090717 8649
20151020 090717 8649
20151020 090717 8649
20151020 090718 8650
20151020 090718 8650
20151020 090718 8650
20151020 090718 8650
20151020 090718 8650
20151020 090718 8650
20151020 090718 8650
20151020 090718 8650
20151020 090718 8650
20151020 090718 8651
20151020 090718 8651
20151020 090718 8651
20151020 090718 8651
20151020 090718 8651
20151020 090718 8651
20151020 090718 8651
20151020 090720 8645
20151020 090721 8651
20151020 090722 8651
20151020 090722 8651
20151020 090730 8651
20151020 090737 8648
20151020 090737 8648
20151020 090739 8647
20151020 090739 8647
20151020 090749 8647
20151020 090756 8646
20151020 090758 8644
20151020 090802 8640
20151020 090802 8640
20151020 090802 8644
20151020 090802 8645
20151020 090802 8645
20151020 090805 8639
20151020 090812 8639
20151020 090812 8639
20151020 090812 8639
20151020 090812 8639
20151020 090813 8639
20151020 090813 8639
20151020 090813 8639
20151020 090813 8639
20151020 090813 8639
20151020 090823 8643
20151020 090823 8644
20151020 090823 8644
20151020 090823 8644
20151020 090823 8644
20151020 090823 8644
20151020 090826 8645
20151020 090829 8646
20151020 090829 8646
20151020 090829 8646
20151020 090829 8646
20151020 090830 8646
20151020 090830 8647
20151020 090852 8648
20151020 090902 8645
20151020 090903 8647
20151020 090918 8647
20151020 090918 8647
20151020 090930 8644
20151020 090938 8639
20151020 090939 8635
20151020 090939 8636
20151020 090939 8636
20151020 090939 8637
20151020 090939 8637
20151020 090939 8637
20151020 090939 8637
20151020 090939 8638
20151020 090939 8639
20151020 090939 8639
20151020 090940 8634
20151020 090940 8635
20151020 090940 8635
20151020 090940 8635
20151020 090940 8635
20151020 090956 8640
20151020 090957 8639
20151020 091018 8645
20151020 091032 8642
20151020 091033 8642
20151020 091054 8643
20151020 091105 8642
20151020 091154 8643
20151020 091301 8645
20151020 091340 8645
20151020 091340 8645
20151020 091341 8646
20151020 091346 8647
20151020 091346 8647
20151020 091346 8647
20151020 091347 8649
20151020 091347 8649
20151020 091347 8649
20151020 091347 8649
20151020 091347 8649
20151020 091348 8650
20151020 091348 8650
20151020 091348 8650
20151020 091348 8650
20151020 091348 8650
20151020 091348 8650
20151020 091348 8650
20151020 091348 8650
20151020 091348 8650
20151020 091348 8650
20151020 091348 8650
20151020 091348 8650
20151020 091348 8650
20151020 091348 8650
20151020 091348 8650
20151020 091348 8651
20151020 091348 8651
20151020 091349 8651
20151020 091422 8648
20151020 091431 8649
20151020 091431 8649
20151020 091431 8649
20151020 091445 8647
20151020 091445 8647
20151020 091500 8648
20151020 091504 8650
20151020 091504 8650
20151020 091504 8650
20151020 091504 8650
20151020 091504 8650
20151020 091504 8650
20151020 091504 8651
20151020 091504 8651
20151020 091504 8651
20151020 091504 8651
20151020 091504 8651
20151020 091505 8652
20151020 091505 8652
20151020 091505 8652
20151020 091505 8652
20151020 091505 8652
20151020 091505 8652
20151020 091505 8652
20151020 091505 8652
20151020 091505 8652
20151020 091505 8653
20151020 091505 8653
20151020 091505 8653
20151020 091505 8653
20151020 091505 8653
20151020 091505 8653
20151020 091505 8653
20151020 091505 8653
20151020 091505 8653
20151020 091505 8653
20151020 091505 8653
20151020 091505 8653
20151020 091505 8653
20151020 091505 8653
20151020 091505 8653
20151020 091505 8653
20151020 091505 8653
20151020 091505 8653
20151020 091505 8653
20151020 091505 8654
20151020 091506 8654
20151020 091506 8654
20151020 091506 8654
20151020 091506 8654
20151020 091506 8654
20151020 091506 8654
20151020 091506 8655
20151020 091506 8655
20151020 091506 8655
20151020 091506 8655
20151020 091506 8655
20151020 091506 8655
20151020 091506 8655
20151020 091506 8655
20151020 091506 8655
20151020 091506 8655
20151020 091506 8655
20151020 091506 8655
20151020 091506 8655
20151020 091506 8655
20151020 091506 8655
20151020 091506 8655
20151020 091506 8655
20151020 091506 8655
20151020 091506 8655
20151020 091506 8655
20151020 091506 8655
20151020 091506 8655
20151020 091506 8655
20151020 091506 8655
20151020 091506 8655
20151020 091506 8655
20151020 091506 8655
20151020 091506 8655
20151020 091506 8655
20151020 091506 8655
20151020 091506 8655
20151020 091506 8655
20151020 091506 8655
20151020 091506 8655
20151020 091506 8655
20151020 091506 8655
20151020 091506 8655
20151020 091506 8655
20151020 091506 8655
20151020 091506 8655
20151020 091506 8655
20151020 091506 8655
20151020 091506 8655
20151020 091506 8655
20151020 091506 8655
20151020 091506 8655
20151020 091506 8655
20151020 091506 8656
20151020 091506 8656
20151020 091506 8656
20151020 091506 8656
20151020 091506 8656
20151020 091506 8656
20151020 091506 8656
20151020 091506 8656
20151020 091506 8656
20151020 091506 8656
20151020 091506 8657
20151020 091506 8657
20151020 091506 8657
20151020 091506 8657
20151020 091506 8657
20151020 091506 8657
20151020 091506 8657
20151020 091506 8657
20151020 091506 8657
20151020 091506 8657
20151020 091506 8657
20151020 091506 8657
20151020 091506 8657
20151020 091506 8657
20151020 091506 8657
20151020 091506 8657
20151020 091506 8657
20151020 091506 8657
20151020 091506 8658
20151020 091506 8658
20151020 091506 8658
20151020 091506 8658
20151020 091506 8658
20151020 091506 8658
20151020 091506 8658
20151020 091506 8658
20151020 091506 8659
20151020 091506 8659
20151020 091506 8659
20151020 091506 8659
20151020 091506 8659
20151020 091506 8659
20151020 091506 8659
20151020 091506 8659
20151020 091506 8659
20151020 091506 8659
20151020 091506 8659
20151020 091506 8659
20151020 091506 8660
20151020 091506 8660
20151020 091506 8660
20151020 091506 8660
20151020 091506 8660
20151020 091506 8660
20151020 091506 8660
20151020 091506 8660
20151020 091506 8660
20151020 091506 8660
20151020 091506 8660
20151020 091506 8660
20151020 091506 8660
20151020 091506 8660
20151020 091506 8660
20151020 091506 8660
20151020 091506 8660
20151020 091506 8660
20151020 091506 8660
20151020 091506 8660
20151020 091506 8661
20151020 091506 8661
20151020 091506 8661
20151020 091506 8661
20151020 091506 8661
20151020 091506 8661
20151020 091506 8661
20151020 091506 8661
20151020 091506 8661
20151020 091506 8661
20151020 091506 8661
20151020 091506 8661
20151020 091506 8662
20151020 091506 8662
20151020 091506 8662
20151020 091506 8662
20151020 091506 8662
20151020 091506 8662
20151020 091506 8662
20151020 091506 8662
20151020 091506 8662
20151020 091506 8662
20151020 091506 8662
20151020 091506 8663
20151020 091506 8663
20151020 091506 8663
20151020 091507 8659
20151020 091507 8661
20151020 091507 8662
20151020 091507 8662
20151020 091507 8662
20151020 091507 8662
20151020 091507 8662
20151020 091507 8663
20151020 091507 8663
20151020 091509 8659
20151020 091510 8656
20151020 091510 8657
20151020 091518 8656
20151020 091520 8656
20151020 091522 8656
20151020 091522 8657
20151020 091534 8653
20151020 091534 8656
20151020 091534 8656
20151020 091536 8654
20151020 091557 8650
20151020 091622 8649
20151020 091629 8649
20151020 091631 8645
20151020 091651 8643
20151020 091651 8643
20151020 091651 8643
20151020 091651 8644
20151020 091651 8644
20151020 091651 8644
20151020 091651 8645
20151020 091651 8645
20151020 091651 8645
20151020 091651 8645
20151020 091652 8642
20151020 091652 8642
20151020 091652 8642
20151020 091702 8641
20151020 091715 8643
20151020 091715 8643
20151020 091716 8643
20151020 091719 8644
20151020 091719 8644
20151020 091722 8640
20151020 091737 8643
20151020 091745 8642
20151020 091746 8638
20151020 091746 8639
20151020 091746 8639
20151020 091746 8639
20151020 091746 8639
20151020 091746 8639
20151020 091746 8639
20151020 091746 8639
20151020 091746 8639
20151020 091746 8639
20151020 091746 8639
20151020 091746 8639
20151020 091746 8639
20151020 091746 8640
20151020 091746 8640
20151020 091746 8640
20151020 091746 8641
20151020 091747 8638
20151020 091747 8638
20151020 091747 8639
20151020 091747 8641
20151020 091747 8641
20151020 091747 8641
20151020 091816 8643
20151020 091817 8644
20151020 091903 8641
20151020 091903 8641
20151020 091903 8641
20151020 091914 8642
20151020 091915 8638
20151020 091941 8642
20151020 092002 8645
20151020 092002 8645
20151020 092002 8645
20151020 092002 8645
20151020 092002 8645
20151020 092003 8645
20151020 092003 8645
20151020 092003 8645
20151020 092014 8639
20151020 092014 8640
20151020 092014 8640
20151020 092014 8640
20151020 092014 8640
20151020 092014 8640
20151020 092014 8640
20151020 092014 8640
20151020 092014 8640
20151020 092014 8640
20151020 092014 8640
20151020 092015 8639
20151020 092017 8640
20151020 092019 8639
20151020 092030 8639
20151020 092032 8639
20151020 092033 8638
20151020 092033 8638
20151020 092034 8639
20151020 092038 8638
20151020 092038 8638
20151020 092038 8638
20151020 092038 8638
20151020 092038 8638
20151020 092038 8638
20151020 092038 8638
20151020 092039 8637
20151020 092039 8637
20151020 092039 8637
20151020 092039 8637
20151020 092039 8637
20151020 092039 8637
20151020 092039 8637
20151020 092039 8637
20151020 092039 8638
20151020 092040 8639
20151020 092040 8639
20151020 092040 8641
20151020 092040 8641
20151020 092040 8641
20151020 092040 8641
20151020 092040 8641
20151020 092040 8641
20151020 092040 8641
20151020 092040 8642
20151020 092040 8642
20151020 092040 8642
20151020 092040 8642
20151020 092040 8642
20151020 092040 8642
20151020 092040 8642
20151020 092040 8642
20151020 092042 8641
20151020 092050 8643
20151020 092102 8645
20151020 092102 8645
20151020 092102 8645
20151020 092102 8646
20151020 092102 8646
20151020 092102 8646
20151020 092102 8646
20151020 092152 8643
20151020 092352 8645
20151020 092417 8645
20151020 092419 8646
20151020 092419 8646
20151020 092419 8646
20151020 092419 8646
20151020 092419 8646
20151020 092419 8646
20151020 092419 8646
20151020 092420 8647
20151020 092420 8647
20151020 092420 8647
20151020 092421 8647
20151020 092428 8648
20151020 092428 8648
20151020 092428 8648
20151020 092428 8648
20151020 092431 8648
20151020 092432 8646
20151020 092502 8646
20151020 092502 8646
20151020 092503 8647
20151020 092510 8647
20151020 092511 8649
20151020 092511 8649
20151020 092512 8648
20151020 092513 8649
20151020 092513 8649
20151020 092513 8649
20151020 092513 8649
20151020 092513 8649
20151020 092513 8649
20151020 092513 8649
20151020 092520 8647
20151020 092555 8647
20151020 092606 8647
20151020 092609 8647
20151020 092611 8645
20151020 092613 8644
20151020 092613 8644
20151020 092615 8644
20151020 092616 8644
20151020 092632 8644
20151020 092703 8645
20151020 092703 8645
20151020 092703 8645
20151020 092711 8645
20151020 092717 8645
20151020 092718 8644
20151020 092718 8644
20151020 092719 8644
20151020 092729 8643
20151020 092729 8644
20151020 092736 8642
20151020 092736 8642
20151020 092737 8642
20151020 092737 8642
20151020 092738 8642
20151020 092752 8642
20151020 092943 8644
20151020 093016 8634
20151020 093019 8646
20151020 093021 8647
20151020 093027 8648
20151020 093110 8643
20151020 093110 8643
20151020 093145 8643
20151020 093214 8641
20151020 093253 8639
20151020 093253 8639
20151020 093253 8639
20151020 093253 8639
20151020 093253 8639
20151020 093253 8639
20151020 093253 8639
20151020 093253 8639
20151020 093253 8639
20151020 093253 8639
20151020 093253 8639
20151020 093253 8639
20151020 093253 8639
20151020 093253 8639
20151020 093253 8639
20151020 093253 8639
20151020 093253 8639
20151020 093253 8639
20151020 093253 8640
20151020 093253 8640
20151020 093253 8640
20151020 093253 8640
20151020 093254 8637
20151020 093254 8637
20151020 093254 8637
20151020 093254 8637
20151020 093254 8637
20151020 093254 8637
20151020 093254 8637
20151020 093254 8637
20151020 093254 8637
20151020 093254 8637
20151020 093254 8637
20151020 093254 8637
20151020 093254 8637
20151020 093254 8637
20151020 093254 8637
20151020 093254 8637
20151020 093254 8637
20151020 093254 8638
20151020 093254 8638
20151020 093254 8638
20151020 093254 8638
20151020 093254 8638
20151020 093254 8638
20151020 093254 8638
20151020 093254 8638
20151020 093254 8638
20151020 093254 8638
20151020 093254 8638
20151020 093255 8637
20151020 093255 8637
20151020 093259 8637
20151020 093259 8637
20151020 093259 8638
20151020 093309 8636
20151020 093309 8638
20151020 093310 8640
20151020 093310 8640
20151020 093344 8640
20151020 093413 8641
20151020 093413 8641
20151020 093522 8641
20151020 093522 8641
20151020 093522 8641
20151020 093552 8639
20151020 093556 8639
20151020 093558 8638
20151020 093558 8638
20151020 093559 8639
20151020 093753 8637
20151020 093810 8637
20151020 093819 8641
20151020 093819 8641
20151020 093819 8641
20151020 093819 8641
20151020 093819 8641
20151020 093819 8641
20151020 093819 8641
20151020 093822 8638
20151020 093829 8642
20151020 093829 8642
20151020 093836 8643
20151020 093837 8642
20151020 093837 8642
20151020 093839 8643
20151020 093839 8643
20151020 093843 8643
20151020 093844 8643
20151020 093844 8643
20151020 093844 8643
20151020 093846 8643
20151020 093848 8643
20151020 093933 8643
20151020 093933 8643
20151020 093933 8643
20151020 093933 8643
20151020 093933 8643
20151020 093938 8640
20151020 094013 8643
20151020 094017 8643
20151020 094023 8643
20151020 094024 8643
20151020 094028 8643
20151020 094036 8643
20151020 094058 8644
20151020 094100 8645
20151020 094100 8645
20151020 094103 8646
20151020 094103 8646
20151020 094103 8646
20151020 094108 8645
20151020 094115 8647
20151020 094116 8647
20151020 094116 8647
20151020 094117 8647
20151020 094118 8644
20151020 094120 8647
20151020 094123 8648
20151020 094123 8648
20151020 094123 8648
20151020 094124 8648
20151020 094124 8648
20151020 094124 8648
20151020 094124 8648
20151020 094124 8648
20151020 094124 8648
20151020 094124 8648
20151020 094124 8648
20151020 094125 8649
20151020 094126 8649
20151020 094126 8649
20151020 094126 8649
20151020 094126 8649
20151020 094126 8649
20151020 094131 8649
20151020 094133 8651
20151020 094133 8651
20151020 094133 8651
20151020 094133 8651
20151020 094133 8651
20151020 094133 8651
20151020 094133 8651
20151020 094133 8652
20151020 094133 8652
20151020 094133 8652
20151020 094133 8652
20151020 094133 8652
20151020 094133 8652
20151020 094133 8652
20151020 094133 8652
20151020 094133 8652
20151020 094133 8653
20151020 094133 8653
20151020 094133 8653
20151020 094133 8653
20151020 094133 8653
20151020 094133 8653
20151020 094133 8653
20151020 094133 8653
20151020 094133 8653
20151020 094133 8653
20151020 094133 8653
20151020 094133 8653
20151020 094133 8653
20151020 094133 8653
20151020 094133 8653
20151020 094133 8653
20151020 094133 8653
20151020 094133 8653
20151020 094133 8653
20151020 094133 8653
20151020 094133 8653
20151020 094133 8653
20151020 094133 8653
20151020 094133 8653
20151020 094133 8653
20151020 094133 8653
20151020 094133 8653
20151020 094133 8653
20151020 094133 8653
20151020 094133 8653
20151020 094133 8653
20151020 094133 8653
20151020 094133 8653
20151020 094133 8653
20151020 094133 8653
20151020 094133 8653
20151020 094133 8653
20151020 094133 8653
20151020 094133 8653
20151020 094133 8653
20151020 094133 8654
20151020 094133 8654
20151020 094133 8654
20151020 094133 8654
20151020 094133 8654
20151020 094133 8654
20151020 094133 8654
20151020 094133 8654
20151020 094133 8654
20151020 094133 8654
20151020 094133 8654
20151020 094133 8654
20151020 094133 8654
20151020 094133 8655
20151020 094133 8655
20151020 094133 8655
20151020 094133 8655
20151020 094133 8655
20151020 094133 8655
20151020 094133 8655
20151020 094133 8655
20151020 094133 8655
20151020 094133 8655
20151020 094133 8655
20151020 094133 8655
20151020 094133 8655
20151020 094133 8656
20151020 094133 8656
20151020 094133 8656
20151020 094133 8656
20151020 094133 8656
20151020 094133 8656
20151020 094133 8656
20151020 094134 8655
20151020 094134 8657
20151020 094134 8657
20151020 094134 8657
20151020 094134 8657
20151020 094134 8657
20151020 094134 8657
20151020 094134 8657
20151020 094134 8657
20151020 094134 8657
20151020 094134 8658
20151020 094134 8658
20151020 094134 8658
20151020 094134 8658
20151020 094134 8658
20151020 094134 8658
20151020 094134 8658
20151020 094134 8658
20151020 094134 8658
20151020 094134 8658
20151020 094134 8658
20151020 094134 8658
20151020 094134 8658
20151020 094134 8658
20151020 094134 8658
20151020 094134 8658
20151020 094134 8658
20151020 094134 8658
20151020 094134 8658
20151020 094134 8658
20151020 094134 8658
20151020 094134 8658
20151020 094134 8658
20151020 094134 8658
20151020 094134 8658
20151020 094134 8658
20151020 094134 8658
20151020 094134 8658
20151020 094134 8659
20151020 094134 8659
20151020 094134 8659
20151020 094134 8659
20151020 094134 8659
20151020 094136 8654
20151020 094136 8654
20151020 094137 8653
20151020 094137 8653
20151020 094141 8657
20151020 094141 8657
20151020 094142 8656
20151020 094142 8658
20151020 094142 8659
20151020 094142 8659
20151020 094142 8659
20151020 094142 8659
20151020 094142 8659
20151020 094142 8659
20151020 094142 8659
20151020 094143 8657
20151020 094143 8657
20151020 094143 8657
20151020 094144 8657
20151020 094144 8657
20151020 094144 8658
20151020 094146 8655
20151020 094148 8656
20151020 094148 8656
20151020 094152 8657
20151020 094152 8658
20151020 094153 8655
20151020 094158 8655
20151020 094200 8657
20151020 094201 8657
20151020 094202 8656
20151020 094202 8657
20151020 094202 8657
20151020 094202 8658
20151020 094202 8658
20151020 094202 8658
20151020 094202 8658
20151020 094204 8658
20151020 094214 8654
20151020 094214 8655
20151020 094217 8654
20151020 094229 8653
20151020 094229 8653
20151020 094301 8646
20151020 094302 8655
20151020 094302 8655
20151020 094302 8655
20151020 094302 8656
20151020 094302 8656
20151020 094302 8656
20151020 094302 8656
20151020 094302 8656
20151020 094302 8656
20151020 094302 8656
20151020 094302 8656
20151020 094302 8656
20151020 094302 8656
20151020 094302 8657
20151020 094302 8657
20151020 094302 8657
20151020 094302 8657
20151020 094302 8657
20151020 094302 8657
20151020 094302 8657
20151020 094302 8657
20151020 094305 8657
20151020 094307 8657
20151020 094308 8657
20151020 094309 8657
20151020 094311 8656
20151020 094311 8656
20151020 094314 8655
20151020 094315 8655
20151020 094316 8655
20151020 094317 8654
20151020 094317 8655
20151020 094322 8655
20151020 094325 8654
20151020 094325 8654
20151020 094325 8655
20151020 094350 8656
20151020 094358 8654
20151020 094408 8655
20151020 094424 8657
20151020 094425 8657
20151020 094426 8658
20151020 094430 8658
20151020 094430 8658
20151020 094430 8658
20151020 094431 8658
20151020 094431 8658
20151020 094431 8658
20151020 094432 8657
20151020 094432 8657
20151020 094432 8657
20151020 094432 8658
20151020 094500 8656
20151020 094501 8657
20151020 094501 8657
20151020 094501 8657
20151020 094501 8657
20151020 094506 8654
20151020 094506 8654
20151020 094507 8653
20151020 094507 8653
20151020 094507 8653
20151020 094507 8653
20151020 094507 8653
20151020 094507 8653
20151020 094507 8653
20151020 094507 8653
20151020 094507 8653
20151020 094507 8653
20151020 094507 8653
20151020 094507 8653
20151020 094507 8653
20151020 094507 8653
20151020 094507 8653
20151020 094510 8653
20151020 094512 8654
20151020 094513 8654
20151020 094514 8654
20151020 094514 8654
20151020 094514 8654
20151020 094516 8655
20151020 094516 8655
20151020 094516 8655
20151020 094516 8655
20151020 094516 8655
20151020 094516 8655
20151020 094517 8655
20151020 094621 8653
20151020 094651 8626
20151020 094702 8651
20151020 094705 8650
20151020 094712 8650
20151020 094714 8649
20151020 094720 8649
20151020 094727 8649
20151020 094728 8649
20151020 094736 8648
20151020 094748 8652
20151020 094749 8649
20151020 094749 8653
20151020 094749 8653
20151020 094823 8653
20151020 094823 8653
20151020 094823 8653
20151020 094823 8653
20151020 094823 8653
20151020 094825 8654
20151020 094825 8654
20151020 094827 8655
20151020 094842 8653
20151020 094848 8653
20151020 094929 8655
20151020 094929 8655
20151020 094929 8655
20151020 094929 8655
20151020 094929 8655
20151020 094929 8655
20151020 094929 8655
20151020 094929 8655
20151020 094929 8655
20151020 094929 8655
20151020 094929 8655
20151020 094929 8655
20151020 094929 8655
20151020 094929 8655
20151020 094929 8655
20151020 094929 8655
20151020 094930 8655
20151020 094930 8656
20151020 094930 8656
20151020 094930 8656
20151020 094930 8656
20151020 094930 8656
20151020 094930 8656
20151020 094930 8656
20151020 094930 8656
20151020 094930 8656
20151020 094930 8656
20151020 094930 8656
20151020 094939 8657
20151020 094939 8657
20151020 094939 8657
20151020 095000 8657
20151020 095000 8657
20151020 095001 8657
20151020 095002 8657
20151020 095003 8657
20151020 095003 8657
20151020 095003 8657
20151020 095003 8657
20151020 095003 8657
20151020 095003 8657
20151020 095003 8657
20151020 095003 8657
20151020 095003 8657
20151020 095003 8657
20151020 095003 8657
20151020 095003 8657
20151020 095003 8657
20151020 095003 8658
20151020 095003 8658
20151020 095003 8658
20151020 095004 8657
20151020 095004 8657
20151020 095004 8658
20151020 095004 8658
20151020 095004 8658
20151020 095004 8658
20151020 095004 8658
20151020 095004 8658
20151020 095004 8658
20151020 095004 8658
20151020 095004 8658
20151020 095004 8658
20151020 095005 8658
20151020 095005 8658
20151020 095007 8656
20151020 095007 8657
20151020 095033 8651
20151020 095033 8651
20151020 095034 8649
20151020 095034 8649
20151020 095034 8649
20151020 095034 8649
20151020 095035 8646
20151020 095035 8646
20151020 095035 8646
20151020 095035 8646
20151020 095035 8646
20151020 095035 8646
20151020 095035 8646
20151020 095035 8646
20151020 095035 8646
20151020 095035 8647
20151020 095035 8647
20151020 095035 8647
20151020 095035 8647
20151020 095035 8647
20151020 095035 8647
20151020 095035 8647
20151020 095035 8648
20151020 095035 8648
20151020 095035 8648
20151020 095035 8648
20151020 095043 8641
20151020 095043 8641
20151020 095043 8641
20151020 095043 8641
20151020 095043 8641
20151020 095043 8641
20151020 095043 8642
20151020 095043 8642
20151020 095043 8642
20151020 095043 8642
20151020 095043 8642
20151020 095043 8642
20151020 095043 8642
20151020 095043 8642
20151020 095043 8642
20151020 095043 8642
20151020 095043 8643
20151020 095043 8643
20151020 095043 8643
20151020 095043 8643
20151020 095043 8643
20151020 095043 8644
20151020 095043 8644
20151020 095043 8645
20151020 095043 8645
20151020 095043 8645
20151020 095044 8641
20151020 095044 8641
20151020 095044 8641
20151020 095045 8646
20151020 095046 8644
20151020 095047 8644
20151020 095048 8645
20151020 095137 8645
20151020 095147 8644
20151020 095147 8644
20151020 095147 8644
20151020 095152 8644
20151020 095152 8644
20151020 095232 8645
20151020 095305 8645
20151020 095330 8645
20151020 095443 8644
20151020 095444 8647
20151020 095528 8647
20151020 095610 8642
20151020 095610 8642
20151020 095610 8642
20151020 095610 8642
20151020 095610 8642
20151020 095610 8642
20151020 095610 8643
20151020 095610 8643
20151020 095610 8643
20151020 095610 8643
20151020 095622 8643
20151020 095658 8641
20151020 095659 8615
20151020 095659 8640
20151020 095808 8635
20151020 100159 8643
20151020 100224 8640
20151020 100308 8638
20151020 100308 8638
20151020 100308 8638
20151020 100308 8639
20151020 100308 8639
20151020 100309 8638
20151020 100311 8639
20151020 100311 8639
20151020 100336 8641
20151020 100343 8643
20151020 100352 8643
20151020 100352 8643
20151020 100352 8643
20151020 100354 8642
20151020 100426 8643
20151020 100520 8641
20151020 100756 8638
20151020 100956 8643
20151020 101153 8642
20151020 101226 8644
20151020 101227 8645
20151020 101233 8644
20151020 101337 8643
20151020 101357 8645
20151020 101409 8644
20151020 101411 8644
20151020 101417 8646
20151020 101418 8645
20151020 101418 8645
20151020 101427 8646
20151020 101435 8646
20151020 101437 8646
20151020 101439 8646
20151020 101440 8646
20151020 101440 8646
20151020 101440 8646
20151020 101453 8644
20151020 101528 8645
20151020 101542 8645
20151020 101549 8645
20151020 101608 8617
20151020 101751 8642
20151020 101751 8642
20151020 101753 8642
20151020 101806 8642
20151020 101806 8642
20151020 101806 8642
20151020 101806 8642
20151020 101806 8642
20151020 101806 8642
20151020 101806 8642
20151020 101806 8642
20151020 101847 8643
20151020 101912 8645
20151020 101912 8645
20151020 101912 8645
20151020 101913 8645
20151020 101915 8645
20151020 101928 8645
20151020 101932 8646
20151020 101936 8647
20151020 101939 8648
20151020 101940 8648
20151020 101944 8648
20151020 102412 8647
20151020 102419 8647
20151020 102436 8648
20151020 102529 8643
20151020 102534 8648
20151020 102534 8648
20151020 102534 8649
20151020 102534 8649
20151020 102534 8649
20151020 102534 8649
20151020 102535 8649
20151020 102536 8649
20151020 102536 8649
20151020 102536 8649
20151020 102536 8649
20151020 102537 8649
20151020 102537 8649
20151020 102539 8648
20151020 102539 8649
20151020 102541 8649
20151020 102541 8649
20151020 102542 8649
20151020 102542 8649
20151020 102542 8649
20151020 102542 8649
20151020 102553 8649
20151020 102615 8648
20151020 102616 8648
20151020 102618 8647
20151020 102620 8649
20151020 102624 8648
20151020 102624 8649
20151020 102624 8649
20151020 102630 8649
20151020 102632 8648
20151020 102646 8648
20151020 102736 8649
20151020 102737 8649
20151020 102738 8649
20151020 102739 8649
20151020 102740 8648
20151020 102743 8649
20151020 102748 8649
20151020 102751 8650
20151020 102751 8650
20151020 102751 8650
20151020 102751 8650
20151020 102752 8650
20151020 102752 8650
20151020 102752 8650
20151020 102752 8650
20151020 102752 8650
20151020 102752 8652
20151020 102752 8652
20151020 102752 8652
20151020 102752 8652
20151020 102752 8652
20151020 102752 8652
20151020 102752 8652
20151020 102752 8652
20151020 102752 8652
20151020 102752 8652
20151020 102752 8652
20151020 102752 8652
20151020 102753 8652
20151020 102753 8652
20151020 102753 8652
20151020 102753 8652
20151020 102754 8652
20151020 102755 8652
20151020 102756 8652
20151020 102800 8652
20151020 102800 8653
20151020 102800 8653
20151020 102800 8653
20151020 102800 8653
20151020 102800 8653
20151020 102800 8653
20151020 102800 8653
20151020 102800 8653
20151020 102800 8653
20151020 102800 8653
20151020 102800 8653
20151020 102812 8651
20151020 102938 8649
20151020 102943 8649
20151020 102949 8649
20151020 103002 8650
20151020 103002 8650
20151020 103002 8650
20151020 103002 8650
20151020 103002 8650
20151020 103002 8650
20151020 103002 8651
20151020 103002 8651
20151020 103002 8651
20151020 103008 8649
20151020 103008 8649
20151020 103008 8649
20151020 103008 8650
20151020 103008 8650
20151020 103010 8650
20151020 103023 8652
20151020 103023 8652
20151020 103023 8652
20151020 103023 8652
20151020 103023 8652
20151020 103023 8653
20151020 103023 8653
20151020 103023 8653
20151020 103023 8653
20151020 103023 8653
20151020 103023 8653
20151020 103023 8653
20151020 103023 8653
20151020 103023 8653
20151020 103023 8653
20151020 103023 8653
20151020 103023 8653
20151020 103023 8653
20151020 103023 8653
20151020 103024 8654
20151020 103024 8654
20151020 103024 8654
20151020 103024 8654
20151020 103024 8654
20151020 103027 8652
20151020 103027 8654
20151020 103027 8654
20151020 103027 8654
20151020 103028 8654
20151020 103029 8654
20151020 103029 8654
20151020 103030 8654
20151020 103031 8654
20151020 103031 8654
20151020 103032 8654
20151020 103033 8654
20151020 103033 8654
20151020 103036 8654
20151020 103038 8654
20151020 103039 8654
20151020 103040 8654
20151020 103057 8652
20151020 103111 8653
20151020 103112 8654
20151020 103112 8654
20151020 103114 8654
20151020 103115 8654
20151020 103115 8654
20151020 103115 8654
20151020 103115 8654
20151020 103115 8654
20151020 103115 8654
20151020 103115 8654
20151020 103115 8654
20151020 103115 8654
20151020 103115 8654
20151020 103117 8655
20151020 103117 8655
20151020 103210 8651
20151020 103300 8651
20151020 103316 8651
20151020 103321 8651
20151020 103322 8651
20151020 103521 8648
20151020 103725 8644
20151020 103803 8648
20151020 103907 8647
20151020 103936 8647
20151020 103936 8648
20151020 104137 8638
20151020 104433 8649
20151020 104453 8648
20151020 104503 8650
20151020 104503 8650
20151020 104503 8650
20151020 104935 8645
20151020 105000 8649
20151020 105000 8649
20151020 105002 8650
20151020 105004 8652
20151020 105004 8652
20151020 105004 8652
20151020 105004 8652
20151020 105004 8652
20151020 105006 8652
20151020 105006 8652
20151020 105006 8652
20151020 105007 8653
20151020 105007 8653
20151020 105007 8653
20151020 105007 8653
20151020 105007 8653
20151020 105007 8653
20151020 105007 8653
20151020 105007 8653
20151020 105007 8653
20151020 105007 8653
20151020 105007 8654
20151020 105007 8654
20151020 105007 8654
20151020 105007 8654
20151020 105012 8651
20151020 105045 8651
20151020 105053 8651
20151020 105053 8651
20151020 105338 8650
20151020 105500 8644
20151020 105500 8644
20151020 105500 8648
20151020 105509 8644
20151020 105627 8647
20151020 105649 8647
20151020 105716 8648
20151020 105716 8648
20151020 105737 8648
20151020 105758 8648
20151020 110239 8644
20151020 110637 8644
20151020 110637 8644
20151020 110637 8644
20151020 110637 8644
20151020 110637 8644
20151020 110637 8644
20151020 110637 8644
20151020 110637 8644
20151020 110637 8644
20151020 110637 8644
20151020 110637 8644
20151020 110637 8644
20151020 110637 8645
20151020 110637 8645
20151020 110637 8645
20151020 110637 8645
20151020 110637 8645
20151020 110637 8645
20151020 110637 8645
20151020 110637 8645
20151020 110637 8645
20151020 110637 8645
20151020 110637 8645
20151020 110637 8645
20151020 110642 8645
20151020 110644 8640
20151020 110644 8640
20151020 110715 8646
20151020 110721 8646
20151020 110741 8646
20151020 110752 8645
20151020 110752 8645
20151020 110752 8645
20151020 110753 8644
20151020 110753 8644
20151020 110753 8644
20151020 110753 8644
20151020 110753 8644
20151020 110753 8644
20151020 110753 8644
20151020 110804 8641
20151020 110811 8646
20151020 110811 8646
20151020 110811 8646
20151020 110811 8646
20151020 110811 8646
20151020 110811 8646
20151020 110811 8646
20151020 110811 8646
20151020 110837 8646
20151020 111155 8645
20151020 111155 8645
20151020 111205 8645
20151020 111427 8642
20151020 111427 8642
20151020 111427 8642
20151020 111427 8642
20151020 111427 8642
20151020 111427 8642
20151020 111427 8642
20151020 111427 8643
20151020 111428 8640
20151020 111428 8641
20151020 111428 8641
20151020 111428 8641
20151020 111428 8641
20151020 111428 8641
20151020 111428 8641
20151020 111428 8641
20151020 111428 8641
20151020 111428 8641
20151020 111428 8641
20151020 111428 8641
20151020 111510 8639
20151020 111922 8641
20151020 112048 8642
20151020 112350 8633
20151020 112506 8643
20151020 112827 8633
20151020 112924 8633
20151020 112938 8644
20151020 113135 8645
20151020 113212 8646
20151020 113336 8646
20151020 113529 8638
20151020 113529 8638
20151020 113649 8638
20151020 113717 8638
20151020 113718 8638
20151020 113729 8639
20151020 113737 8638
20151020 113742 8638
20151020 114029 8646
20151020 114029 8646
20151020 114029 8646
20151020 114029 8646
20151020 114029 8646
20151020 114029 8646
20151020 114029 8646
20151020 114132 8645
20151020 114134 8646
20151020 114136 8645
20151020 114408 8645
20151020 114409 8646
20151020 114409 8646
20151020 114409 8646
20151020 114409 8646
20151020 114409 8647
20151020 114409 8647
20151020 114409 8647
20151020 114409 8647
20151020 114409 8648
20151020 114442 8647
20151020 114442 8647
20151020 114613 8642
20151020 114806 8647
20151020 114809 8647
20151020 115050 8646
20151020 115052 8646
20151020 115056 8641
20151020 115056 8641
20151020 115111 8640
20151020 115114 8645
20151020 115114 8645
20151020 115114 8645
20151020 115114 8645
20151020 115114 8645
20151020 115114 8645
20151020 115115 8644
20151020 115115 8644
20151020 115115 8644
20151020 115210 8645
20151020 115210 8645
20151020 115210 8645
20151020 115210 8645
20151020 115210 8645
20151020 115210 8645
20151020 115302 8645
20151020 115320 8644
20151020 115513 8638
20151020 115513 8644
20151020 115513 8644
20151020 115513 8644
20151020 115513 8644
20151020 115513 8644
20151020 115513 8644
20151020 115513 8644
20151020 115513 8644
20151020 115606 8644
20151020 115606 8644
20151020 115606 8644
20151020 115606 8644
20151020 115606 8644
20151020 115617 8644
20151020 115659 8644
20151020 115659 8644
20151020 115659 8644
20151020 115705 8644
20151020 115717 8644
20151020 115717 8644
20151020 115723 8644
20151020 115723 8644
20151020 115723 8644
20151020 115723 8644
20151020 115743 8644
20151020 115811 8637
20151020 115844 8644
20151020 115844 8644
20151020 115844 8644
20151020 115844 8644
20151020 115917 8644
20151020 115920 8645
20151020 115920 8645
20151020 115928 8644
20151020 115928 8644
20151020 115928 8644
20151020 115928 8644
20151020 115928 8645
20151020 115945 8645
20151020 115948 8645
20151020 115948 8645
20151020 115949 8645
20151020 120002 8645
20151020 120152 8646
20151020 120252 8644
20151020 120351 8645
20151020 120410 8645
20151020 120412 8645
20151020 120415 8645
20151020 120434 8644
20151020 120504 8638
20151020 120505 8638
20151020 120513 8645
20151020 120606 8637
20151020 120606 8638
20151020 120606 8642
20151020 120606 8643
20151020 120609 8639
20151020 120757 8643
20151020 120757 8643
20151020 120757 8643
20151020 120757 8643
20151020 120757 8643
20151020 120757 8643
20151020 120757 8643
20151020 120757 8643
20151020 120803 8643
20151020 120803 8643
20151020 120803 8643
20151020 120806 8643
20151020 120808 8643
20151020 120808 8643
20151020 120808 8643
20151020 120808 8643
20151020 120808 8643
20151020 120813 8644
20151020 120814 8615
20151020 120842 8644
20151020 120958 8640
20151020 120958 8641
20151020 120958 8641
20151020 121120 8644
20151020 121135 8644
20151020 121142 8644
20151020 121146 8644
20151020 121151 8615
20151020 121158 8644
20151020 121205 8644
20151020 121205 8644
20151020 121205 8644
20151020 121205 8644
20151020 121205 8644
20151020 121205 8644
20151020 121205 8644
20151020 121222 8615
20151020 121405 8640
20151020 121718 8639
20151020 121718 8639
20151020 121718 8639
20151020 121718 8639
20151020 121718 8639
20151020 121718 8639
20151020 121718 8639
20151020 121718 8640
20151020 121930 8636
20151020 121930 8636
20151020 121930 8636
20151020 121930 8636
20151020 121930 8636
20151020 121930 8636
20151020 121930 8637
20151020 121930 8637
20151020 121930 8637
20151020 121930 8637
20151020 121930 8637
20151020 121930 8637
20151020 121930 8637
20151020 121930 8637
20151020 121930 8637
20151020 121930 8637
20151020 121930 8637
20151020 121930 8637
20151020 121930 8637
20151020 121930 8637
20151020 121930 8637
20151020 121930 8637
20151020 121930 8637
20151020 121930 8637
20151020 121930 8637
20151020 121930 8637
20151020 121930 8637
20151020 121930 8637
20151020 121930 8637
20151020 121931 8636
20151020 121931 8636
20151020 121931 8636
20151020 121931 8636
20151020 121931 8636
20151020 121931 8636
20151020 121931 8636
20151020 121931 8636
20151020 121931 8636
20151020 121931 8636
20151020 121931 8636
20151020 121931 8636
20151020 121931 8636
20151020 121931 8636
20151020 121931 8636
20151020 121931 8636
20151020 121931 8636
20151020 121931 8636
20151020 121931 8636
20151020 121931 8636
20151020 121931 8636
20151020 121931 8636
20151020 121931 8636
20151020 121931 8636
20151020 121932 8636
20151020 121932 8636
20151020 121940 8635
20151020 121940 8635
20151020 121940 8635
20151020 121940 8635
20151020 121940 8635
20151020 121940 8635
20151020 121940 8635
20151020 121940 8636
20151020 121940 8636
20151020 121941 8634
20151020 121941 8635
20151020 121941 8635
20151020 121943 8632
20151020 121943 8632
20151020 121943 8632
20151020 121943 8632
20151020 121943 8632
20151020 121943 8632
20151020 121943 8632
20151020 121943 8632
20151020 121943 8632
20151020 121943 8633
20151020 121943 8633
20151020 121943 8633
20151020 121943 8633
20151020 121943 8633
20151020 121943 8633
20151020 121943 8633
20151020 121943 8633
20151020 121943 8633
20151020 121943 8633
20151020 121943 8633
20151020 121943 8633
20151020 121943 8633
20151020 121943 8633
20151020 121943 8633
20151020 121943 8633
20151020 121943 8633
20151020 121943 8634
20151020 121943 8634
20151020 121943 8634
20151020 121943 8634
20151020 121943 8634
20151020 121943 8634
20151020 121943 8634
20151020 121943 8634
20151020 121943 8634
20151020 121943 8634
20151020 121943 8634
20151020 121943 8634
20151020 121943 8634
20151020 121943 8634
20151020 121943 8634
20151020 121943 8634
20151020 121943 8634
20151020 121943 8634
20151020 121943 8634
20151020 121943 8634
20151020 121943 8634
20151020 121943 8634
20151020 121943 8634
20151020 121943 8634
20151020 121943 8634
20151020 121943 8634
20151020 121943 8634
20151020 121944 8631
20151020 121944 8631
20151020 121944 8631
20151020 121944 8631
20151020 121944 8631
20151020 121944 8631
20151020 121944 8631
20151020 121944 8631
20151020 121944 8631
20151020 121944 8631
20151020 121944 8631
20151020 121944 8631
20151020 121944 8631
20151020 121944 8631
20151020 121944 8631
20151020 121944 8631
20151020 121944 8631
20151020 121944 8631
20151020 121944 8631
20151020 121944 8631
20151020 121944 8631
20151020 121944 8631
20151020 121944 8631
20151020 121944 8631
20151020 121944 8631
20151020 121944 8631
20151020 121944 8631
20151020 121944 8631
20151020 121944 8631
20151020 121944 8631
20151020 121944 8631
20151020 121944 8631
20151020 121944 8631
20151020 121944 8631
20151020 121944 8631
20151020 121944 8631
20151020 121944 8631
20151020 121944 8631
20151020 121944 8632
20151020 121944 8632
20151020 121944 8632
20151020 121944 8632
20151020 121944 8632
20151020 121944 8632
20151020 121944 8632
20151020 121944 8632
20151020 121945 8634
20151020 121946 8632
20151020 121950 8634
20151020 121958 8636
20151020 122004 8634
20151020 122006 8632
20151020 122014 8633
20151020 122032 8636
20151020 122056 8636
20151020 122117 8634
20151020 122211 8633
20151020 122235 8636
20151020 122235 8636
20151020 122239 8636
20151020 122244 8635
20151020 122316 8633
20151020 122322 8633
20151020 122322 8633
20151020 122324 8633
20151020 122351 8634
20151020 122351 8634
20151020 122558 8637
20151020 122559 8637
20151020 122559 8637
20151020 122559 8637
20151020 122600 8637
20151020 122600 8637
20151020 122600 8637
20151020 122600 8637
20151020 122617 8635
20151020 122617 8635
20151020 122738 8637
20151020 122746 8637
20151020 122747 8637
20151020 122748 8637
20151020 122748 8637
20151020 122817 8636
20151020 122817 8636
20151020 122818 8636
20151020 122828 8636
20151020 122850 8637
20151020 122855 8636
20151020 122858 8637
20151020 122905 8636
20151020 122938 8636
20151020 123033 8637
20151020 123033 8637
20151020 123033 8637
20151020 123033 8637
20151020 123033 8637
20151020 123033 8637
20151020 123053 8638
20151020 123053 8638
20151020 123054 8638
20151020 123056 8638
20151020 123056 8638
20151020 123102 8638
20151020 123111 8638
20151020 123111 8638
20151020 123116 8639
20151020 123312 8639
20151020 123312 8639
20151020 123314 8616
20151020 123317 8639
20151020 123404 8638
20151020 123404 8638
20151020 123404 8638
20151020 123404 8638
20151020 123404 8638
20151020 123406 8639
20151020 123406 8639
20151020 123406 8639
20151020 123410 8639
20151020 123531 8633
20151020 123540 8640
20151020 123540 8640
20151020 123638 8640
20151020 123801 8640
20151020 123813 8640
20151020 123825 8641
20151020 124012 8637
20151020 124100 8640
20151020 124159 8640
20151020 124200 8640
20151020 124209 8640
20151020 124215 8640
20151020 124220 8640
20151020 124220 8640
20151020 124220 8640
20151020 124227 8640
20151020 124603 8636
20151020 124603 8636
20151020 124603 8636
20151020 124603 8636
20151020 124603 8636
20151020 124603 8636
20151020 124603 8636
20151020 124603 8636
20151020 124607 8636
20151020 124607 8636
20151020 124648 8629
20151020 124648 8634
20151020 124705 8637
20151020 124711 8637
20151020 124755 8636
20151020 124853 8637
20151020 124859 8637
20151020 124859 8637
20151020 124947 8637
20151020 124955 8637
20151020 125119 8637
20151020 125151 8636
20151020 125151 8636
20151020 125151 8636
20151020 125151 8636
20151020 125329 8637
20151020 125709 8638
20151020 125807 8639
20151020 130004 8638
20151020 130005 8638
20151020 130039 8639
20151020 130041 8641
20151020 130140 8641
20151020 130235 8643
20151020 130235 8643
20151020 130235 8643
20151020 130235 8643
20151020 130235 8643
20151020 130235 8643
20151020 130235 8643
20151020 130238 8643
20151020 130239 8643
20151020 130241 8643
20151020 130246 8643
20151020 130249 8643
20151020 130249 8643
20151020 130249 8643
20151020 130255 8643
20151020 130255 8643
20151020 130319 8641
20151020 130331 8640
20151020 130337 8641
20151020 130404 8640
20151020 130417 8641
20151020 130724 8641
20151020 131549 8640
20151020 131708 8644
20151020 131708 8644
20151020 131710 8636
20151020 131724 8643
20151020 131812 8644
20151020 131817 8643
20151020 132000 8644
20151020 132000 8645
20151020 132001 8644
20151020 132001 8645
20151020 132016 8636
20151020 132022 8644
20151020 132117 8643
20151020 132210 8642
20151020 132501 8642
20151020 132752 8647
20151020 132831 8648
20151020 132838 8648
20151020 132838 8648
20151020 132912 8648
20151020 132924 8649
20151020 132924 8649
20151020 132927 8649
20151020 132929 8649
20151020 132931 8649
20151020 132931 8649
20151020 132933 8649
20151020 133002 8650
20151020 133002 8651
20151020 133004 8651
20151020 133004 8651
20151020 133007 8651
20151020 133034 8652
20151020 133039 8652
20151020 133050 8651
20151020 133200 8651
20151020 133237 8653
20151020 133246 8652
20151020 133252 8652
20151020 133252 8652
20151020 133252 8652
20151020 133252 8652
20151020 133252 8652
20151020 133252 8652
20151020 133252 8652
20151020 133253 8652
20151020 133300 8653
20151020 133300 8653
20151020 133300 8653
20151020 133300 8653
20151020 133300 8653
20151020 133300 8653
20151020 133300 8653
20151020 133300 8653
20151020 133300 8653
20151020 133300 8653
20151020 133300 8653
20151020 133300 8653
20151020 133301 8653
20151020 133301 8653
20151020 133301 8653
20151020 133301 8653
20151020 133301 8653
20151020 133301 8653
20151020 133301 8653
20151020 133301 8653
20151020 133301 8653
20151020 133301 8653
20151020 133301 8653
20151020 133301 8653
20151020 133301 8653
20151020 133301 8653
20151020 133301 8653
20151020 133329 8653
20151020 133329 8653
20151020 133329 8653
20151020 133329 8653
20151020 133329 8653
20151020 133329 8653
20151020 133329 8654
20151020 133335 8654
20151020 133342 8653
20151020 133350 8654
20151020 133352 8654
20151020 133353 8653
20151020 133353 8654
20151020 133401 8654
20151020 133403 8654
20151020 133403 8654
20151020 133403 8654
20151020 133419 8653
20151020 133439 8653
20151020 133439 8653
20151020 133439 8653
20151020 133439 8653
20151020 133440 8651
20151020 133449 8654
20151020 133452 8654
20151020 133453 8654
20151020 133454 8654
20151020 133454 8654
20151020 133501 8655
20151020 133511 8652
20151020 133526 8654
20151020 133541 8648
20151020 133541 8652
20151020 133549 8653
20151020 133556 8655
20151020 133558 8656
20151020 133558 8657
20151020 133558 8657
20151020 133603 8649
20151020 133613 8654
20151020 133615 8653
20151020 133617 8656
20151020 133629 8648
20151020 133653 8657
20151020 133655 8656
20151020 133657 8657
20151020 133700 8657
20151020 133701 8657
20151020 133710 8657
20151020 133711 8656
20151020 133826 8650
20151020 133826 8650
20151020 133829 8650
20151020 133847 8659
20151020 133850 8659
20151020 133850 8659
20151020 133853 8659
20151020 133858 8659
20151020 133858 8659
20151020 133914 8657
20151020 133914 8657
20151020 133921 8657
20151020 133930 8656
20151020 133931 8657
20151020 133931 8657
20151020 134202 8656
20151020 134217 8659
20151020 134230 8633
20151020 134252 8661
20151020 134252 8661
20151020 134253 8661
20151020 134253 8661
20151020 134254 8661
20151020 134254 8661
20151020 134258 8661
20151020 134258 8661
20151020 134258 8661
20151020 134300 8661
20151020 134300 8661
20151020 134300 8661
20151020 134300 8661
20151020 134300 8661
20151020 134300 8661
20151020 134300 8661
20151020 134300 8661
20151020 134300 8661
20151020 134301 8661
20151020 134301 8661
20151020 134301 8662
20151020 134301 8662
20151020 134301 8662
20151020 134301 8662
20151020 134301 8662
20151020 134301 8662
20151020 134301 8662
20151020 134301 8662
20151020 134301 8662
20151020 134301 8662
20151020 134302 8662
20151020 134302 8662
20151020 134303 8661
20151020 134303 8662
20151020 134304 8662
20151020 134306 8661
20151020 134308 8661
20151020 134308 8662
20151020 134309 8661
20151020 134309 8661
20151020 134309 8661
20151020 134315 8659
20151020 134340 8657
20151020 134358 8657
20151020 134408 8660
20151020 134425 8658
20151020 134425 8660
20151020 134425 8660
20151020 134458 8661
