20151104 084500 8755
20151104 084500 8755
20151104 084500 8765
20151104 084500 8765
20151104 084500 8765
20151104 084500 8765
20151104 084500 8766
20151104 084501 8768
20151104 084501 8769
20151104 084501 8769
20151104 084501 8769
20151104 084502 8764
20151104 084502 8764
20151104 084503 8762
20151104 084503 8762
20151104 084503 8762
20151104 084504 8762
20151104 084510 8764
20151104 084510 8764
20151104 084510 8764
20151104 084510 8764
20151104 084510 8764
20151104 084510 8764
20151104 084510 8764
20151104 084514 8765
20151104 084515 8767
20151104 084517 8765
20151104 084517 8769
20151104 084517 8770
20151104 084521 8771
20151104 084521 8772
20151104 084521 8773
20151104 084521 8773
20151104 084521 8773
20151104 084521 8773
20151104 084522 8773
20151104 084528 8770
20151104 084531 8770
20151104 084535 8771
20151104 084535 8773
20151104 084540 8770
20151104 084602 8770
20151104 084603 8758
20151104 084603 8771
20151104 084604 8771
20151104 084604 8773
20151104 084605 8772
20151104 084610 8770
20151104 084612 8772
20151104 084615 8772
20151104 084615 8772
20151104 084616 8771
20151104 084616 8771
20151104 084616 8771
20151104 084616 8771
20151104 084619 8772
20151104 084630 8773
20151104 084635 8774
20151104 084639 8774
20151104 084640 8773
20151104 084646 8775
20151104 084647 8775
20151104 084647 8777
20151104 084651 8775
20151104 084652 8777
20151104 084652 8777
20151104 084653 8778
20151104 084653 8778
20151104 084654 8778
20151104 084654 8780
20151104 084656 8779
20151104 084710 8783
20151104 084710 8783
20151104 084710 8783
20151104 084710 8783
20151104 084712 8782
20151104 084719 8781
20151104 084720 8782
20151104 084720 8782
20151104 084720 8782
20151104 084720 8782
20151104 084720 8782
20151104 084721 8782
20151104 084725 8781
20151104 084725 8781
20151104 084725 8782
20151104 084725 8782
20151104 084729 8782
20151104 084730 8782
20151104 084730 8782
20151104 084730 8782
20151104 084730 8782
20151104 084730 8782
20151104 084730 8782
20151104 084730 8782
20151104 084730 8782
20151104 084732 8783
20151104 084732 8783
20151104 084732 8783
20151104 084732 8783
20151104 084732 8783
20151104 084733 8782
20151104 084733 8782
20151104 084733 8782
20151104 084735 8784
20151104 084735 8784
20151104 084735 8784
20151104 084735 8784
20151104 084735 8786
20151104 084736 8785
20151104 084736 8785
20151104 084736 8785
20151104 084736 8787
20151104 084737 8786
20151104 084739 8786
20151104 084739 8786
20151104 084739 8786
20151104 084740 8785
20151104 084746 8788
20151104 084746 8788
20151104 084748 8787
20151104 084752 8788
20151104 084752 8789
20151104 084754 8790
20151104 084754 8790
20151104 084756 8791
20151104 084756 8791
20151104 084757 8790
20151104 084757 8791
20151104 084759 8793
20151104 084805 8784
20151104 084805 8784
20151104 084806 8784
20151104 084808 8782
20151104 084814 8783
20151104 084821 8781
20151104 084822 8783
20151104 084823 8783
20151104 084829 8783
20151104 084834 8784
20151104 084843 8783
20151104 084855 8784
20151104 084858 8785
20151104 084934 8784
20151104 084936 8783
20151104 084950 8783
20151104 084952 8783
20151104 084956 8783
20151104 085000 8785
20151104 085000 8785
20151104 085027 8785
20151104 085029 8785
20151104 085033 8787
20151104 085045 8787
20151104 085050 8788
20151104 085050 8788
20151104 085053 8789
20151104 085055 8790
20151104 085056 8791
20151104 085056 8791
20151104 085056 8791
20151104 085056 8791
20151104 085056 8791
20151104 085102 8787
20151104 085102 8788
20151104 085102 8788
20151104 085113 8789
20151104 085115 8790
20151104 085115 8790
20151104 085116 8791
20151104 085116 8791
20151104 085116 8791
20151104 085117 8791
20151104 085125 8791
20151104 085129 8790
20151104 085131 8790
20151104 085136 8789
20151104 085138 8787
20151104 085138 8787
20151104 085139 8787
20151104 085139 8787
20151104 085139 8787
20151104 085143 8787
20151104 085154 8788
20151104 085201 8788
20151104 085201 8789
20151104 085201 8789
20151104 085201 8789
20151104 085201 8789
20151104 085201 8789
20151104 085201 8789
20151104 085201 8789
20151104 085203 8787
20151104 085210 8787
20151104 085210 8787
20151104 085218 8786
20151104 085220 8787
20151104 085225 8785
20151104 085225 8785
20151104 085225 8785
20151104 085230 8784
20151104 085236 8786
20151104 085236 8786
20151104 085256 8784
20151104 085307 8782
20151104 085313 8782
20151104 085314 8782
20151104 085315 8782
20151104 085318 8782
20151104 085318 8782
20151104 085322 8783
20151104 085341 8781
20151104 085405 8785
20151104 085429 8784
20151104 085430 8783
20151104 085445 8783
20151104 085445 8783
20151104 085536 8781
20151104 085601 8779
20151104 085601 8780
20151104 085601 8780
20151104 085627 8779
20151104 085633 8780
20151104 085640 8778
20151104 085646 8780
20151104 085700 8776
20151104 085701 8776
20151104 085701 8776
20151104 085701 8776
20151104 085701 8776
20151104 085701 8776
20151104 085701 8776
20151104 085702 8776
20151104 085702 8776
20151104 085709 8775
20151104 085720 8774
20151104 085720 8774
20151104 085729 8775
20151104 085729 8775
20151104 085729 8775
20151104 085729 8776
20151104 085729 8779
20151104 085730 8777
20151104 085731 8777
20151104 085734 8779
20151104 085734 8779
20151104 085744 8778
20151104 085803 8778
20151104 085810 8778
20151104 085812 8778
20151104 085814 8778
20151104 085815 8777
20151104 085815 8777
20151104 085815 8777
20151104 085815 8777
20151104 085815 8777
20151104 085815 8777
20151104 085817 8778
20151104 085827 8779
20151104 085832 8779
20151104 085900 8782
20151104 085912 8781
20151104 085912 8781
20151104 085939 8784
20151104 085941 8784
20151104 090000 8782
20151104 090012 8779
20151104 090032 8776
20151104 090032 8776
20151104 090035 8779
20151104 090039 8777
20151104 090043 8771
20151104 090043 8771
20151104 090043 8772
20151104 090047 8772
20151104 090049 8774
20151104 090049 8774
20151104 090049 8774
20151104 090049 8774
20151104 090057 8774
20151104 090100 8775
20151104 090119 8780
20151104 090120 8782
20151104 090120 8782
20151104 090122 8780
20151104 090157 8782
20151104 090157 8782
20151104 090201 8781
20151104 090201 8781
20151104 090201 8781
20151104 090201 8781
20151104 090201 8781
20151104 090201 8781
20151104 090204 8779
20151104 090210 8784
20151104 090210 8784
20151104 090221 8783
20151104 090221 8783
20151104 090221 8783
20151104 090221 8783
20151104 090237 8785
20151104 090240 8786
20151104 090310 8784
20151104 090310 8785
20151104 090310 8785
20151104 090310 8785
20151104 090321 8785
20151104 090321 8785
20151104 090337 8788
20151104 090337 8788
20151104 090337 8788
20151104 090337 8788
20151104 090338 8789
20151104 090338 8789
20151104 090338 8791
20151104 090339 8790
20151104 090345 8789
20151104 090345 8789
20151104 090345 8789
20151104 090352 8784
20151104 090400 8782
20151104 090402 8780
20151104 090402 8780
20151104 090406 8779
20151104 090414 8777
20151104 090416 8779
20151104 090417 8776
20151104 090427 8779
20151104 090428 8779
20151104 090428 8779
20151104 090442 8778
20151104 090442 8778
20151104 090501 8783
20151104 090501 8784
20151104 090502 8784
20151104 090526 8782
20151104 090547 8776
20151104 090547 8776
20151104 090548 8775
20151104 090548 8775
20151104 090548 8775
20151104 090548 8775
20151104 090549 8776
20151104 090550 8771
20151104 090550 8771
20151104 090605 8769
20151104 090605 8769
20151104 090605 8769
20151104 090606 8766
20151104 090606 8767
20151104 090606 8767
20151104 090606 8767
20151104 090606 8767
20151104 090606 8767
20151104 090606 8767
20151104 090606 8767
20151104 090607 8766
20151104 090609 8772
20151104 090610 8770
20151104 090611 8770
20151104 090612 8770
20151104 090613 8770
20151104 090620 8768
20151104 090625 8770
20151104 090628 8771
20151104 090630 8770
20151104 090654 8771
20151104 090701 8770
20151104 090701 8770
20151104 090709 8769
20151104 090710 8769
20151104 090710 8769
20151104 090710 8769
20151104 090710 8769
20151104 090712 8769
20151104 090713 8769
20151104 090714 8769
20151104 090714 8769
20151104 090714 8770
20151104 090716 8767
20151104 090716 8768
20151104 090717 8766
20151104 090717 8766
20151104 090719 8765
20151104 090721 8767
20151104 090722 8767
20151104 090722 8767
20151104 090722 8767
20151104 090743 8762
20151104 090743 8763
20151104 090743 8764
20151104 090743 8764
20151104 090744 8755
20151104 090744 8755
20151104 090744 8755
20151104 090744 8756
20151104 090744 8757
20151104 090744 8758
20151104 090744 8758
20151104 090744 8760
20151104 090744 8760
20151104 090744 8760
20151104 090744 8760
20151104 090744 8761
20151104 090744 8761
20151104 090744 8761
20151104 090746 8759
20151104 090748 8764
20151104 090753 8764
20151104 090753 8765
20151104 090818 8764
20151104 090826 8762
20151104 090832 8759
20151104 090833 8757
20151104 090851 8755
20151104 090851 8755
20151104 090851 8756
20151104 090854 8753
20151104 090854 8753
20151104 090854 8754
20151104 090903 8756
20151104 090903 8756
20151104 090903 8759
20151104 090912 8756
20151104 090921 8754
20151104 090942 8755
20151104 090942 8757
20151104 090942 8757
20151104 090942 8758
20151104 090957 8761
20151104 090957 8761
20151104 091001 8757
20151104 091001 8758
20151104 091001 8758
20151104 091001 8758
20151104 091001 8758
20151104 091001 8758
20151104 091006 8758
20151104 091021 8758
20151104 091029 8759
20151104 091029 8759
20151104 091049 8760
20151104 091052 8759
20151104 091053 8759
20151104 091056 8759
20151104 091056 8762
20151104 091058 8762
20151104 091104 8764
20151104 091104 8766
20151104 091104 8767
20151104 091104 8768
20151104 091111 8770
20151104 091115 8771
20151104 091200 8767
20151104 091200 8767
20151104 091200 8767
20151104 091208 8771
20151104 091208 8771
20151104 091209 8771
20151104 091209 8771
20151104 091210 8771
20151104 091210 8771
20151104 091214 8770
20151104 091219 8770
20151104 091226 8771
20151104 091246 8773
20151104 091254 8773
20151104 091254 8773
20151104 091302 8772
20151104 091330 8768
20151104 091352 8771
20151104 091403 8768
20151104 091403 8768
20151104 091406 8768
20151104 091416 8767
20151104 091422 8769
20151104 091500 8766
20151104 091535 8763
20151104 091627 8765
20151104 091631 8764
20151104 091641 8767
20151104 091711 8767
20151104 091749 8767
20151104 091749 8767
20151104 091750 8769
20151104 091801 8770
20151104 091911 8769
20151104 091913 8771
20151104 091938 8774
20151104 091938 8774
20151104 092008 8769
20151104 092012 8767
20151104 092019 8765
20151104 092132 8769
20151104 092135 8771
20151104 092136 8771
20151104 092159 8772
20151104 092159 8772
20151104 092235 8773
20151104 092246 8774
20151104 092246 8775
20151104 092246 8776
20151104 092246 8776
20151104 092246 8776
20151104 092246 8776
20151104 092247 8780
20151104 092247 8781
20151104 092247 8781
20151104 092253 8782
20151104 092253 8783
20151104 092301 8780
20151104 092319 8779
20151104 092319 8779
20151104 092340 8779
20151104 092341 8779
20151104 092353 8780
20151104 092353 8780
20151104 092420 8776
20151104 092424 8779
20151104 092424 8779
20151104 092424 8779
20151104 092424 8780
20151104 092519 8782
20151104 092519 8782
20151104 092519 8782
20151104 092522 8781
20151104 092522 8781
20151104 092535 8784
20151104 092538 8784
20151104 092539 8784
20151104 092539 8784
20151104 092541 8782
20151104 092550 8785
20151104 092550 8785
20151104 092550 8785
20151104 092550 8785
20151104 092551 8786
20151104 092551 8786
20151104 092551 8787
20151104 092551 8788
20151104 092551 8788
20151104 092551 8788
20151104 092552 8787
20151104 092552 8789
20151104 092552 8789
20151104 092552 8789
20151104 092552 8790
20151104 092553 8791
20151104 092553 8791
20151104 092553 8791
20151104 092553 8791
20151104 092553 8791
20151104 092553 8791
20151104 092553 8791
20151104 092553 8791
20151104 092553 8792
20151104 092553 8792
20151104 092553 8792
20151104 092553 8792
20151104 092553 8792
20151104 092553 8793
20151104 092553 8793
20151104 092553 8793
20151104 092553 8794
20151104 092553 8794
20151104 092553 8794
20151104 092553 8794
20151104 092553 8794
20151104 092553 8795
20151104 092553 8795
20151104 092553 8796
20151104 092553 8796
20151104 092553 8796
20151104 092553 8796
20151104 092553 8796
20151104 092553 8796
20151104 092553 8796
20151104 092553 8796
20151104 092553 8796
20151104 092553 8796
20151104 092553 8796
20151104 092553 8796
20151104 092553 8796
20151104 092553 8796
20151104 092553 8796
20151104 092553 8798
20151104 092553 8798
20151104 092553 8799
20151104 092553 8799
20151104 092553 8799
20151104 092553 8799
20151104 092553 8799
20151104 092553 8799
20151104 092553 8799
20151104 092553 8799
20151104 092553 8800
20151104 092553 8801
20151104 092553 8801
20151104 092553 8802
20151104 092553 8803
20151104 092553 8803
20151104 092553 8803
20151104 092553 8804
20151104 092553 8804
20151104 092553 8804
20151104 092553 8804
20151104 092553 8804
20151104 092553 8805
20151104 092553 8805
20151104 092553 8805
20151104 092553 8805
20151104 092553 8806
20151104 092553 8806
20151104 092553 8806
20151104 092553 8806
20151104 092553 8806
20151104 092553 8806
20151104 092553 8806
20151104 092553 8807
20151104 092553 8807
20151104 092553 8809
20151104 092554 8805
20151104 092554 8806
20151104 092554 8807
20151104 092554 8808
20151104 092554 8808
20151104 092554 8808
20151104 092554 8808
20151104 092554 8808
20151104 092554 8812
20151104 092555 8801
20151104 092555 8803
20151104 092555 8803
20151104 092555 8803
20151104 092605 8799
20151104 092605 8800
20151104 092605 8800
20151104 092605 8800
20151104 092605 8800
20151104 092605 8800
20151104 092605 8800
20151104 092605 8800
20151104 092605 8805
20151104 092606 8800
20151104 092606 8801
20151104 092606 8801
20151104 092606 8801
20151104 092606 8801
20151104 092606 8801
20151104 092606 8801
20151104 092606 8805
20151104 092606 8806
20151104 092620 8802
20151104 092623 8802
20151104 092625 8800
20151104 092629 8801
20151104 092634 8801
20151104 092637 8802
20151104 092639 8803
20151104 092652 8804
20151104 092652 8804
20151104 092701 8803
20151104 092701 8804
20151104 092702 8806
20151104 092707 8806
20151104 092708 8809
20151104 092708 8809
20151104 092708 8809
20151104 092710 8809
20151104 092710 8811
20151104 092710 8811
20151104 092710 8811
20151104 092710 8811
20151104 092710 8811
20151104 092710 8811
20151104 092710 8811
20151104 092710 8815
20151104 092710 8815
20151104 092710 8815
20151104 092710 8815
20151104 092710 8815
20151104 092712 8810
20151104 092712 8811
20151104 092714 8815
20151104 092714 8816
20151104 092714 8816
20151104 092714 8816
20151104 092714 8816
20151104 092714 8816
20151104 092714 8816
20151104 092714 8816
20151104 092715 8817
20151104 092716 8816
20151104 092716 8816
20151104 092716 8816
20151104 092716 8816
20151104 092717 8808
20151104 092717 8808
20151104 092717 8808
20151104 092717 8808
20151104 092717 8808
20151104 092717 8808
20151104 092717 8808
20151104 092717 8817
20151104 092717 8817
20151104 092717 8823
20151104 092717 8823
20151104 092717 8823
20151104 092717 8823
20151104 092717 8823
20151104 092717 8823
20151104 092717 8823
20151104 092718 8816
20151104 092718 8816
20151104 092718 8816
20151104 092718 8816
20151104 092719 8816
20151104 092726 8816
20151104 092727 8816
20151104 092731 8816
20151104 092731 8816
20151104 092731 8816
20151104 092732 8816
20151104 092735 8815
20151104 092749 8813
20151104 092749 8813
20151104 092749 8813
20151104 092750 8816
20151104 092751 8815
20151104 092752 8815
20151104 092756 8812
20151104 092756 8812
20151104 092756 8812
20151104 092756 8812
20151104 092756 8812
20151104 092756 8812
20151104 092756 8812
20151104 092756 8813
20151104 092759 8813
20151104 092800 8813
20151104 092802 8815
20151104 092804 8814
20151104 092808 8815
20151104 092810 8815
20151104 092810 8816
20151104 092816 8815
20151104 092825 8811
20151104 092825 8811
20151104 092830 8811
20151104 092840 8810
20151104 092843 8810
20151104 092843 8810
20151104 092848 8808
20151104 092855 8805
20151104 092855 8811
20151104 092900 8805
20151104 092914 8805
20151104 092915 8807
20151104 092915 8807
20151104 092917 8808
20151104 092918 8808
20151104 092921 8807
20151104 092924 8810
20151104 092924 8810
20151104 092932 8810
20151104 092933 8810
20151104 092935 8811
20151104 092935 8813
20151104 092935 8813
20151104 092936 8812
20151104 092948 8810
20151104 093000 8813
20151104 093011 8807
20151104 093011 8813
20151104 093016 8809
20151104 093025 8810
20151104 093027 8811
20151104 093027 8816
20151104 093033 8810
20151104 093033 8815
20151104 093036 8809
20151104 093036 8809
20151104 093036 8809
20151104 093036 8809
20151104 093036 8809
20151104 093036 8809
20151104 093109 8810
20151104 093125 8809
20151104 093125 8809
20151104 093125 8815
20151104 093125 8815
20151104 093135 8810
20151104 093142 8810
20151104 093147 8810
20151104 093150 8810
20151104 093155 8810
20151104 093155 8810
20151104 093201 8812
20151104 093202 8812
20151104 093210 8813
20151104 093216 8815
20151104 093219 8815
20151104 093219 8815
20151104 093220 8805
20151104 093220 8820
20151104 093222 8815
20151104 093222 8815
20151104 093242 8816
20151104 093242 8816
20151104 093244 8817
20151104 093244 8817
20151104 093244 8817
20151104 093244 8818
20151104 093244 8818
20151104 093244 8818
20151104 093244 8818
20151104 093244 8818
20151104 093244 8823
20151104 093245 8818
20151104 093245 8819
20151104 093245 8819
20151104 093245 8819
20151104 093245 8819
20151104 093245 8819
20151104 093245 8819
20151104 093245 8819
20151104 093245 8819
20151104 093245 8819
20151104 093245 8820
20151104 093245 8820
20151104 093245 8820
20151104 093245 8820
20151104 093245 8821
20151104 093245 8821
20151104 093245 8821
20151104 093245 8821
20151104 093245 8821
20151104 093245 8821
20151104 093245 8822
20151104 093245 8824
20151104 093245 8825
20151104 093246 8820
20151104 093251 8824
20151104 093251 8824
20151104 093251 8824
20151104 093251 8824
20151104 093252 8824
20151104 093252 8824
20151104 093254 8826
20151104 093254 8826
20151104 093254 8826
20151104 093255 8824
20151104 093255 8824
20151104 093255 8824
20151104 093255 8824
20151104 093255 8826
20151104 093256 8826
20151104 093256 8826
20151104 093257 8829
20151104 093257 8829
20151104 093257 8829
20151104 093257 8833
20151104 093257 8833
20151104 093300 8830
20151104 093300 8834
20151104 093301 8833
20151104 093302 8833
20151104 093303 8832
20151104 093306 8834
20151104 093308 8833
20151104 093308 8834
20151104 093308 8834
20151104 093316 8831
20151104 093320 8830
20151104 093322 8832
20151104 093326 8831
20151104 093326 8835
20151104 093332 8832
20151104 093352 8831
20151104 093354 8830
20151104 093355 8829
20151104 093355 8829
20151104 093359 8827
20151104 093359 8828
20151104 093403 8827
20151104 093403 8827
20151104 093404 8825
20151104 093404 8825
20151104 093404 8826
20151104 093405 8824
20151104 093406 8824
20151104 093406 8825
20151104 093407 8826
20151104 093407 8826
20151104 093412 8824
20151104 093421 8824
20151104 093437 8824
20151104 093439 8822
20151104 093449 8825
20151104 093449 8830
20151104 093450 8824
20151104 093450 8824
20151104 093450 8829
20151104 093450 8829
20151104 093501 8824
20151104 093501 8825
20151104 093501 8826
20151104 093501 8828
20151104 093502 8829
20151104 093510 8829
20151104 093518 8827
20151104 093523 8830
20151104 093534 8831
20151104 093534 8832
20151104 093537 8835
20151104 093537 8835
20151104 093537 8836
20151104 093538 8836
20151104 093539 8834
20151104 093539 8834
20151104 093546 8837
20151104 093547 8837
20151104 093548 8838
20151104 093548 8838
20151104 093548 8838
20151104 093548 8843
20151104 093549 8838
20151104 093549 8843
20151104 093600 8839
20151104 093600 8839
20151104 093600 8840
20151104 093600 8840
20151104 093600 8845
20151104 093601 8841
20151104 093601 8843
20151104 093601 8843
20151104 093601 8844
20151104 093602 8845
20151104 093602 8845
20151104 093602 8845
20151104 093602 8845
20151104 093602 8845
20151104 093602 8845
20151104 093602 8845
20151104 093602 8845
20151104 093602 8845
20151104 093602 8845
20151104 093602 8849
20151104 093606 8845
20151104 093607 8845
20151104 093607 8845
20151104 093608 8843
20151104 093608 8846
20151104 093608 8846
20151104 093618 8845
20151104 093622 8842
20151104 093624 8843
20151104 093632 8842
20151104 093638 8839
20151104 093638 8839
20151104 093641 8839
20151104 093642 8840
20151104 093649 8841
20151104 093650 8841
20151104 093657 8842
20151104 093657 8842
20151104 093659 8843
20151104 093705 8842
20151104 093708 8843
20151104 093713 8842
20151104 093721 8843
20151104 093722 8844
20151104 093723 8843
20151104 093724 8843
20151104 093730 8844
20151104 093733 8845
20151104 093734 8845
20151104 093735 8846
20151104 093737 8846
20151104 093738 8845
20151104 093738 8847
20151104 093738 8847
20151104 093743 8846
20151104 093749 8846
20151104 093749 8846
20151104 093751 8845
20151104 093751 8845
20151104 093751 8845
20151104 093806 8845
20151104 093817 8844
20151104 093817 8844
20151104 093829 8846
20151104 093831 8846
20151104 093837 8846
20151104 093859 8847
20151104 093901 8849
20151104 093904 8848
20151104 093912 8838
20151104 093936 8846
20151104 093937 8843
20151104 093937 8843
20151104 093937 8844
20151104 093937 8844
20151104 093937 8845
20151104 093937 8845
20151104 093937 8845
20151104 093941 8842
20151104 093944 8841
20151104 093949 8839
20151104 093949 8839
20151104 093949 8840
20151104 093949 8840
20151104 093949 8840
20151104 093952 8838
20151104 094001 8843
20151104 094001 8843
20151104 094001 8843
20151104 094001 8843
20151104 094001 8843
20151104 094010 8840
20151104 094011 8840
20151104 094031 8839
20151104 094031 8839
20151104 094033 8839
20151104 094035 8839
20151104 094042 8840
20151104 094042 8840
20151104 094042 8840
20151104 094042 8840
20151104 094102 8839
20151104 094112 8840
20151104 094112 8845
20151104 094114 8838
20151104 094119 8838
20151104 094119 8843
20151104 094124 8839
20151104 094124 8839
20151104 094127 8838
20151104 094127 8838
20151104 094127 8838
20151104 094127 8838
20151104 094127 8838
20151104 094128 8838
20151104 094136 8838
20151104 094210 8838
20151104 094228 8835
20151104 094229 8835
20151104 094246 8834
20151104 094246 8834
20151104 094254 8834
20151104 094256 8834
20151104 094300 8835
20151104 094301 8835
20151104 094332 8835
20151104 094336 8835
20151104 094337 8835
20151104 094337 8836
20151104 094343 8837
20151104 094349 8838
20151104 094349 8839
20151104 094353 8840
20151104 094353 8840
20151104 094354 8840
20151104 094354 8841
20151104 094401 8843
20151104 094401 8843
20151104 094404 8845
20151104 094409 8844
20151104 094409 8846
20151104 094410 8846
20151104 094411 8847
20151104 094411 8847
20151104 094412 8848
20151104 094413 8849
20151104 094413 8849
20151104 094413 8850
20151104 094413 8850
20151104 094413 8850
20151104 094414 8853
20151104 094414 8853
20151104 094414 8853
20151104 094414 8853
20151104 094414 8853
20151104 094414 8853
20151104 094414 8853
20151104 094414 8853
20151104 094414 8853
20151104 094414 8853
20151104 094414 8854
20151104 094414 8854
20151104 094414 8855
20151104 094414 8855
20151104 094414 8855
20151104 094419 8854
20151104 094420 8856
20151104 094420 8856
20151104 094420 8857
20151104 094420 8857
20151104 094421 8856
20151104 094425 8857
20151104 094425 8858
20151104 094425 8858
20151104 094426 8856
20151104 094426 8857
20151104 094428 8849
20151104 094431 8858
20151104 094432 8859
20151104 094434 8859
20151104 094434 8859
20151104 094434 8859
20151104 094434 8866
20151104 094435 8858
20151104 094435 8858
20151104 094436 8858
20151104 094439 8858
20151104 094439 8858
20151104 094439 8859
20151104 094439 8859
20151104 094440 8866
20151104 094440 8866
20151104 094442 8861
20151104 094442 8862
20151104 094445 8860
20151104 094445 8860
20151104 094450 8862
20151104 094450 8862
20151104 094451 8862
20151104 094451 8863
20151104 094451 8863
20151104 094451 8863
20151104 094453 8862
20151104 094453 8862
20151104 094455 8864
20151104 094455 8864
20151104 094455 8864
20151104 094459 8865
20151104 094500 8868
20151104 094502 8863
20151104 094520 8858
20151104 094525 8862
20151104 094527 8861
20151104 094530 8861
20151104 094551 8860
20151104 094556 8861
20151104 094557 8862
20151104 094601 8863
20151104 094615 8860
20151104 094623 8856
20151104 094623 8856
20151104 094635 8861
20151104 094639 8861
20151104 094639 8861
20151104 094650 8859
20151104 094651 8860
20151104 094653 8861
20151104 094658 8861
20151104 094700 8862
20151104 094701 8863
20151104 094702 8863
20151104 094702 8864
20151104 094703 8864
20151104 094704 8865
20151104 094704 8865
20151104 094704 8867
20151104 094704 8868
20151104 094705 8869
20151104 094705 8869
20151104 094705 8869
20151104 094705 8869
20151104 094705 8869
20151104 094705 8869
20151104 094705 8869
20151104 094705 8869
20151104 094705 8869
20151104 094705 8869
20151104 094705 8869
20151104 094705 8869
20151104 094705 8870
20151104 094705 8871
20151104 094705 8871
20151104 094706 8872
20151104 094713 8868
20151104 094717 8867
20151104 094721 8865
20151104 094722 8862
20151104 094722 8863
20151104 094722 8863
20151104 094722 8864
20151104 094722 8864
20151104 094722 8865
20151104 094722 8865
20151104 094724 8860
20151104 094729 8863
20151104 094732 8863
20151104 094745 8863
20151104 094754 8863
20151104 094804 8863
20151104 094805 8863
20151104 094806 8864
20151104 094806 8864
20151104 094808 8864
20151104 094827 8865
20151104 094828 8865
20151104 094828 8865
20151104 094829 8865
20151104 094829 8865
20151104 094829 8865
20151104 094829 8865
20151104 094829 8865
20151104 094829 8865
20151104 094829 8865
20151104 094829 8865
20151104 094829 8865
20151104 094831 8871
20151104 094840 8864
20151104 094840 8864
20151104 094840 8864
20151104 094840 8864
20151104 094840 8864
20151104 094840 8864
20151104 094840 8864
20151104 094840 8864
20151104 094840 8864
20151104 094846 8864
20151104 094905 8864
20151104 094909 8865
20151104 094910 8866
20151104 094910 8866
20151104 094910 8866
20151104 094910 8866
20151104 094910 8866
20151104 094910 8866
20151104 094910 8866
20151104 094910 8866
20151104 094910 8866
20151104 094910 8866
20151104 094910 8866
20151104 094910 8866
20151104 094910 8866
20151104 094912 8865
20151104 094913 8867
20151104 094913 8867
20151104 094913 8867
20151104 094916 8864
20151104 094926 8865
20151104 094935 8865
20151104 094941 8868
20151104 094941 8868
20151104 094942 8867
20151104 094942 8868
20151104 094943 8868
20151104 094946 8868
20151104 094946 8868
20151104 094946 8868
20151104 094948 8869
20151104 094948 8869
20151104 094949 8867
20151104 094955 8869
20151104 094955 8870
20151104 094956 8871
20151104 094956 8871
20151104 094956 8872
20151104 094956 8873
20151104 094956 8873
20151104 094956 8873
20151104 094956 8873
20151104 094956 8873
20151104 094956 8873
20151104 095000 8872
20151104 095000 8872
20151104 095001 8873
20151104 095001 8874
20151104 095005 8875
20151104 095005 8875
20151104 095005 8875
20151104 095005 8875
20151104 095006 8875
20151104 095006 8875
20151104 095011 8875
20151104 095011 8875
20151104 095012 8875
20151104 095012 8875
20151104 095012 8876
20151104 095012 8876
20151104 095014 8878
20151104 095017 8868
20151104 095017 8868
20151104 095017 8878
20151104 095017 8878
20151104 095017 8884
20151104 095017 8884
20151104 095019 8880
20151104 095025 8878
20151104 095027 8879
20151104 095033 8878
20151104 095038 8879
20151104 095040 8878
20151104 095040 8880
20151104 095056 8883
20151104 095057 8883
20151104 095059 8883
20151104 095059 8883
20151104 095059 8883
20151104 095059 8883
20151104 095059 8883
20151104 095101 8883
20151104 095101 8883
20151104 095101 8883
20151104 095101 8883
20151104 095101 8883
20151104 095102 8882
20151104 095102 8882
20151104 095102 8883
20151104 095102 8883
20151104 095103 8883
20151104 095108 8883
20151104 095108 8883
20151104 095108 8883
20151104 095108 8883
20151104 095108 8883
20151104 095108 8883
20151104 095111 8883
20151104 095111 8883
20151104 095116 8884
20151104 095117 8885
20151104 095118 8884
20151104 095121 8885
20151104 095128 8886
20151104 095130 8887
20151104 095132 8888
20151104 095133 8888
20151104 095134 8888
20151104 095134 8888
20151104 095134 8889
20151104 095135 8888
20151104 095136 8887
20151104 095136 8888
20151104 095136 8888
20151104 095136 8889
20151104 095136 8889
20151104 095136 8889
20151104 095136 8889
20151104 095137 8890
20151104 095137 8890
20151104 095138 8891
20151104 095138 8891
20151104 095143 8891
20151104 095143 8891
20151104 095144 8893
20151104 095144 8893
20151104 095144 8893
20151104 095144 8893
20151104 095144 8893
20151104 095144 8893
20151104 095144 8894
20151104 095144 8894
20151104 095144 8898
20151104 095145 8894
20151104 095145 8894
20151104 095145 8894
20151104 095146 8894
20151104 095152 8895
20151104 095152 8895
20151104 095152 8895
20151104 095152 8895
20151104 095153 8895
20151104 095154 8896
20151104 095154 8896
20151104 095154 8896
20151104 095155 8897
20151104 095155 8897
20151104 095155 8897
20151104 095155 8897
20151104 095155 8897
20151104 095156 8888
20151104 095156 8904
20151104 095159 8898
20151104 095200 8899
20151104 095201 8899
20151104 095203 8897
20151104 095204 8892
20151104 095204 8894
20151104 095205 8892
20151104 095205 8892
20151104 095205 8892
20151104 095205 8893
20151104 095205 8893
20151104 095206 8894
20151104 095211 8893
20151104 095225 8889
20151104 095235 8890
20151104 095242 8885
20151104 095250 8883
20151104 095254 8882
20151104 095255 8882
20151104 095256 8882
20151104 095256 8883
20151104 095256 8883
20151104 095256 8883
20151104 095257 8883
20151104 095258 8884
20151104 095258 8884
20151104 095259 8885
20151104 095259 8885
20151104 095259 8885
20151104 095300 8884
20151104 095300 8884
20151104 095300 8884
20151104 095300 8884
20151104 095300 8884
20151104 095300 8884
20151104 095300 8884
20151104 095300 8885
20151104 095300 8885
20151104 095303 8886
20151104 095303 8886
20151104 095304 8883
20151104 095304 8884
20151104 095304 8885
20151104 095307 8883
20151104 095307 8884
20151104 095307 8884
20151104 095307 8884
20151104 095310 8884
20151104 095310 8884
20151104 095313 8886
20151104 095313 8886
20151104 095343 8887
20151104 095404 8888
20151104 095405 8888
20151104 095405 8889
20151104 095405 8889
20151104 095411 8890
20151104 095415 8887
20151104 095416 8887
20151104 095418 8885
20151104 095433 8884
20151104 095437 8882
20151104 095523 8880
20151104 095528 8879
20151104 095544 8878
20151104 095548 8881
20151104 095548 8882
20151104 095548 8882
20151104 095548 8883
20151104 095548 8883
20151104 095548 8883
20151104 095548 8883
20151104 095548 8883
20151104 095548 8883
20151104 095549 8882
20151104 095549 8882
20151104 095554 8884
20151104 095554 8884
20151104 095613 8884
20151104 095613 8884
20151104 095626 8882
20151104 095629 8881
20151104 095629 8881
20151104 095629 8881
20151104 095629 8881
20151104 095632 8879
20151104 095638 8884
20151104 095649 8881
20151104 095649 8882
20151104 095657 8880
20151104 095700 8882
20151104 095701 8883
20151104 095701 8884
20151104 095705 8883
20151104 095705 8883
20151104 095712 8881
20151104 095723 8874
20151104 095723 8876
20151104 095739 8873
20151104 095740 8874
20151104 095755 8869
20151104 095755 8869
20151104 095755 8871
20151104 095759 8870
20151104 095812 8871
20151104 095831 8872
20151104 095839 8872
20151104 095843 8870
20151104 095848 8871
20151104 095850 8872
20151104 095854 8872
20151104 095900 8873
20151104 095900 8873
20151104 095900 8874
20151104 095908 8874
20151104 095908 8875
20151104 095908 8875
20151104 095915 8877
20151104 095927 8875
20151104 095928 8874
20151104 095928 8874
20151104 095928 8874
20151104 095928 8874
20151104 095928 8874
20151104 095928 8874
20151104 095928 8875
20151104 095930 8873
20151104 095930 8874
20151104 095930 8874
20151104 095931 8874
20151104 095931 8874
20151104 095931 8874
20151104 095931 8875
20151104 095932 8875
20151104 095949 8875
20151104 095951 8874
20151104 095951 8875
20151104 095956 8874
20151104 095958 8874
20151104 095958 8874
20151104 095958 8874
20151104 095959 8874
20151104 095959 8874
20151104 095959 8874
20151104 100003 8874
20151104 100003 8874
20151104 100003 8874
20151104 100004 8874
20151104 100005 8875
20151104 100005 8875
20151104 100014 8872
20151104 100014 8873
20151104 100015 8872
20151104 100034 8873
20151104 100034 8873
20151104 100034 8874
20151104 100034 8875
20151104 100034 8876
20151104 100106 8875
20151104 100108 8877
20151104 100108 8877
20151104 100108 8877
20151104 100109 8879
20151104 100109 8880
20151104 100109 8880
20151104 100109 8881
20151104 100109 8882
20151104 100109 8882
20151104 100109 8882
20151104 100113 8883
20151104 100115 8883
20151104 100115 8883
20151104 100116 8884
20151104 100116 8884
20151104 100119 8883
20151104 100119 8884
20151104 100129 8880
20151104 100135 8880
20151104 100139 8880
20151104 100147 8880
20151104 100150 8879
20151104 100218 8875
20151104 100218 8875
20151104 100220 8876
20151104 100256 8877
20151104 100256 8877
20151104 100300 8878
20151104 100302 8878
20151104 100312 8879
20151104 100316 8879
20151104 100317 8879
20151104 100332 8877
20151104 100335 8878
20151104 100335 8878
20151104 100345 8878
20151104 100347 8877
20151104 100349 8874
20151104 100417 8873
20151104 100421 8873
20151104 100430 8873
20151104 100455 8868
20151104 100455 8868
20151104 100455 8870
20151104 100455 8871
20151104 100508 8875
20151104 100513 8874
20151104 100519 8876
20151104 100519 8882
20151104 100621 8871
20151104 100622 8871
20151104 100622 8872
20151104 100622 8872
20151104 100628 8871
20151104 100647 8869
20151104 100657 8866
20151104 100728 8867
20151104 100728 8867
20151104 100728 8867
20151104 100730 8867
20151104 100740 8868
20151104 100750 8867
20151104 100756 8867
20151104 100800 8863
20151104 100800 8863
20151104 100800 8863
20151104 100800 8863
20151104 100807 8863
20151104 100813 8862
20151104 100815 8861
20151104 100816 8861
20151104 100833 8861
20151104 100846 8864
20151104 100857 8863
20151104 100857 8863
20151104 100857 8863
20151104 100857 8863
20151104 100857 8863
20151104 100857 8863
20151104 100857 8863
20151104 100857 8863
20151104 100910 8863
20151104 100923 8863
20151104 100930 8859
20151104 100930 8860
20151104 100932 8858
20151104 100932 8858
20151104 100933 8858
20151104 100938 8858
20151104 100940 8858
20151104 100943 8857
20151104 100945 8858
20151104 100950 8855
20151104 100957 8853
20151104 100958 8852
20151104 101000 8854
20151104 101001 8854
20151104 101001 8854
20151104 101001 8855
20151104 101003 8855
20151104 101003 8855
20151104 101005 8855
20151104 101005 8855
20151104 101005 8856
20151104 101005 8856
20151104 101005 8856
20151104 101005 8856
20151104 101016 8858
20151104 101016 8858
20151104 101017 8859
20151104 101017 8859
20151104 101020 8860
20151104 101020 8860
20151104 101023 8861
20151104 101023 8861
20151104 101025 8862
20151104 101025 8862
20151104 101025 8862
20151104 101026 8862
20151104 101027 8862
20151104 101031 8862
20151104 101038 8861
20151104 101042 8861
20151104 101047 8861
20151104 101047 8861
20151104 101047 8862
20151104 101047 8862
20151104 101048 8862
20151104 101100 8861
20151104 101104 8864
20151104 101107 8864
20151104 101107 8864
20151104 101107 8864
20151104 101109 8865
20151104 101109 8865
20151104 101109 8865
20151104 101109 8865
20151104 101109 8865
20151104 101109 8870
20151104 101116 8866
20151104 101116 8866
20151104 101125 8867
20151104 101209 8865
20151104 101210 8867
20151104 101211 8866
20151104 101223 8859
20151104 101223 8874
20151104 101225 8869
20151104 101225 8869
20151104 101226 8870
20151104 101229 8871
20151104 101230 8871
20151104 101232 8870
20151104 101232 8875
20151104 101242 8872
20151104 101243 8873
20151104 101246 8871
20151104 101258 8868
20151104 101316 8873
20151104 101324 8873
20151104 101324 8874
20151104 101324 8874
20151104 101324 8874
20151104 101324 8874
20151104 101324 8874
20151104 101324 8875
20151104 101324 8875
20151104 101325 8875
20151104 101325 8880
20151104 101339 8874
20151104 101341 8873
20151104 101418 8873
20151104 101429 8874
20151104 101430 8874
20151104 101442 8875
20151104 101442 8875
20151104 101443 8876
20151104 101443 8876
20151104 101443 8877
20151104 101443 8877
20151104 101443 8877
20151104 101443 8883
20151104 101457 8875
20151104 101502 8879
20151104 101502 8879
20151104 101504 8879
20151104 101507 8879
20151104 101507 8879
20151104 101507 8880
20151104 101508 8879
20151104 101532 8883
20151104 101536 8875
20151104 101536 8883
20151104 101536 8883
20151104 101536 8883
20151104 101536 8890
20151104 101537 8883
20151104 101545 8881
20151104 101545 8881
20151104 101545 8882
20151104 101550 8882
20151104 101552 8881
20151104 101555 8880
20151104 101606 8880
20151104 101606 8880
20151104 101622 8880
20151104 101625 8880
20151104 101628 8881
20151104 101631 8881
20151104 101657 8878
20151104 101657 8878
20151104 101657 8878
20151104 101659 8877
20151104 101701 8875
20151104 101722 8872
20151104 101810 8873
20151104 101819 8874
20151104 101835 8873
20151104 101848 8870
20151104 101856 8871
20151104 102002 8874
20151104 102004 8874
20151104 102005 8875
20151104 102009 8874
20151104 102010 8875
20151104 102010 8875
20151104 102025 8878
20151104 102025 8878
20151104 102027 8878
20151104 102027 8878
20151104 102027 8878
20151104 102027 8878
20151104 102039 8878
20151104 102047 8878
20151104 102052 8879
20151104 102110 8880
20151104 102130 8879
20151104 102136 8880
20151104 102149 8877
20151104 102157 8877
20151104 102159 8880
20151104 102216 8882
20151104 102216 8882
20151104 102220 8881
20151104 102240 8879
20151104 102242 8879
20151104 102301 8883
20151104 102301 8884
20151104 102301 8884
20151104 102301 8884
20151104 102302 8885
20151104 102302 8885
20151104 102302 8885
20151104 102302 8886
20151104 102303 8884
20151104 102316 8877
20151104 102316 8877
20151104 102319 8875
20151104 102324 8871
20151104 102336 8872
20151104 102354 8868
20151104 102354 8868
20151104 102356 8869
20151104 102356 8869
20151104 102356 8869
20151104 102422 8870
20151104 102422 8870
20151104 102607 8872
20151104 102621 8874
20151104 102627 8877
20151104 102633 8879
20151104 102633 8879
20151104 102633 8879
20151104 102633 8879
20151104 102633 8879
20151104 102642 8878
20151104 102647 8875
20151104 102707 8872
20151104 102707 8872
20151104 102741 8870
20151104 102758 8872
20151104 102758 8872
20151104 102821 8871
20151104 102822 8871
20151104 102822 8871
20151104 102822 8871
20151104 102826 8871
20151104 102845 8871
20151104 102902 8870
20151104 102902 8870
20151104 102902 8870
20151104 102902 8870
20151104 102926 8871
20151104 102938 8870
20151104 103007 8874
20151104 103007 8874
20151104 103012 8874
20151104 103114 8871
20151104 103200 8868
20151104 103204 8867
20151104 103204 8867
20151104 103204 8867
20151104 103204 8867
20151104 103240 8867
20151104 103245 8868
20151104 103247 8865
20151104 103247 8866
20151104 103247 8866
20151104 103247 8866
20151104 103247 8866
20151104 103247 8866
20151104 103247 8866
20151104 103251 8865
20151104 103255 8865
20151104 103310 8869
20151104 103310 8870
20151104 103310 8870
20151104 103310 8870
20151104 103316 8869
20151104 103408 8873
20151104 103435 8873
20151104 103502 8871
20151104 103502 8871
20151104 103502 8871
20151104 103502 8871
20151104 103529 8871
20151104 103529 8872
20151104 103531 8870
20151104 103606 8871
20151104 103609 8868
20151104 103609 8868
20151104 103609 8868
20151104 103609 8868
20151104 103609 8868
20151104 103609 8869
20151104 103609 8869
20151104 103609 8869
20151104 103609 8869
20151104 103609 8869
20151104 103609 8869
20151104 103609 8869
20151104 103609 8869
20151104 103609 8869
20151104 103609 8869
20151104 103609 8869
20151104 103609 8869
20151104 103609 8869
20151104 103609 8869
20151104 103609 8869
20151104 103632 8867
20151104 103632 8868
20151104 103632 8868
20151104 103632 8868
20151104 103632 8868
20151104 103632 8868
20151104 103734 8864
20151104 103747 8867
20151104 103753 8868
20151104 103757 8869
20151104 103758 8869
20151104 103803 8867
20151104 103803 8867
20151104 103803 8867
20151104 103803 8867
20151104 103803 8867
20151104 103803 8867
20151104 103803 8868
20151104 103803 8868
20151104 103809 8869
20151104 103809 8869
20151104 103810 8870
20151104 103822 8871
20151104 103849 8870
20151104 103849 8870
20151104 103849 8870
20151104 103849 8870
20151104 103849 8871
20151104 103849 8871
20151104 103849 8871
20151104 103849 8871
20151104 103849 8871
20151104 103849 8871
20151104 103918 8875
20151104 103918 8875
20151104 103918 8875
20151104 103918 8875
20151104 103918 8875
20151104 103919 8876
20151104 103919 8876
20151104 103919 8876
20151104 103919 8876
20151104 103919 8876
20151104 103919 8876
20151104 103919 8876
20151104 103919 8876
20151104 103919 8876
20151104 103919 8876
20151104 103919 8876
20151104 103919 8876
20151104 103919 8881
20151104 103927 8873
20151104 103942 8872
20151104 103942 8872
20151104 103942 8872
20151104 103942 8872
20151104 103942 8872
20151104 103942 8872
20151104 103942 8872
20151104 103942 8872
20151104 103942 8872
20151104 103942 8872
20151104 103942 8873
20151104 103942 8873
20151104 103942 8873
20151104 103942 8873
20151104 103942 8873
20151104 103942 8873
20151104 104010 8870
20151104 104017 8868
20151104 104040 8865
20151104 104047 8866
20151104 104047 8866
20151104 104047 8866
20151104 104047 8867
20151104 104047 8867
20151104 104047 8867
20151104 104047 8867
20151104 104047 8867
20151104 104113 8865
20151104 104133 8868
20151104 104158 8866
20151104 104158 8866
20151104 104158 8866
20151104 104158 8866
20151104 104158 8866
20151104 104158 8866
20151104 104219 8865
20151104 104219 8865
20151104 104237 8865
20151104 104237 8865
20151104 104249 8867
20151104 104250 8867
20151104 104257 8867
20151104 104259 8866
20151104 104259 8866
20151104 104329 8868
20151104 104329 8868
20151104 104329 8868
20151104 104329 8868
20151104 104329 8868
20151104 104329 8868
20151104 104329 8868
20151104 104329 8868
20151104 104330 8869
20151104 104330 8869
20151104 104338 8870
20151104 104338 8870
20151104 104410 8869
20151104 104410 8869
20151104 104410 8869
20151104 104410 8869
20151104 104410 8869
20151104 104410 8869
20151104 104410 8869
20151104 104410 8869
20151104 104410 8869
20151104 104410 8869
20151104 104410 8869
20151104 104410 8869
20151104 104423 8872
20151104 104443 8871
20151104 104443 8871
20151104 104443 8871
20151104 104443 8871
20151104 104443 8871
20151104 104443 8871
20151104 104443 8872
20151104 104443 8872
20151104 104443 8872
20151104 104443 8872
20151104 104443 8872
20151104 104443 8872
20151104 104443 8872
20151104 104443 8872
20151104 104443 8872
20151104 104517 8870
20151104 104617 8872
20151104 104617 8872
20151104 104617 8872
20151104 104617 8872
20151104 104617 8872
20151104 104617 8872
20151104 104617 8872
20151104 104617 8872
20151104 104617 8872
20151104 104617 8872
20151104 104617 8873
20151104 104617 8873
20151104 104617 8873
20151104 104617 8873
20151104 104641 8872
20151104 104651 8871
20151104 104651 8872
20151104 104651 8872
20151104 104651 8872
20151104 104651 8872
20151104 104651 8872
20151104 104651 8872
20151104 104651 8872
20151104 104651 8872
20151104 104732 8871
20151104 104732 8871
20151104 104732 8871
20151104 104732 8871
20151104 104732 8871
20151104 104732 8871
20151104 104732 8871
20151104 104732 8871
20151104 104732 8871
20151104 104755 8871
20151104 104814 8871
20151104 104814 8871
20151104 104814 8871
20151104 104814 8871
20151104 104814 8871
20151104 104814 8871
20151104 104814 8871
20151104 104814 8871
20151104 104814 8871
20151104 104814 8871
20151104 104814 8872
20151104 104814 8872
20151104 104814 8872
20151104 104814 8872
20151104 104814 8872
20151104 104843 8872
20151104 104843 8872
20151104 104843 8872
20151104 104843 8872
20151104 104843 8872
20151104 104843 8872
20151104 104843 8872
20151104 104843 8872
20151104 104843 8872
20151104 104843 8872
20151104 104843 8873
20151104 104843 8873
20151104 104843 8873
20151104 104852 8875
20151104 104852 8875
20151104 104852 8876
20151104 104852 8877
20151104 104900 8875
20151104 104900 8875
20151104 104900 8875
20151104 104900 8875
20151104 104900 8875
20151104 104900 8875
20151104 104900 8875
20151104 104900 8875
20151104 104900 8875
20151104 104919 8876
20151104 104931 8875
20151104 104931 8875
20151104 104931 8876
20151104 104931 8876
20151104 104931 8876
20151104 104931 8876
20151104 104931 8876
20151104 104931 8876
20151104 104931 8876
20151104 104931 8876
20151104 104931 8876
20151104 104931 8876
20151104 104931 8876
20151104 104931 8876
20151104 104931 8876
20151104 104931 8876
20151104 104931 8877
20151104 104948 8878
20151104 104948 8878
20151104 104950 8876
20151104 104950 8876
20151104 105005 8875
20151104 105005 8875
20151104 105005 8875
20151104 105005 8875
20151104 105005 8875
20151104 105005 8875
20151104 105005 8875
20151104 105005 8875
20151104 105005 8875
20151104 105005 8875
20151104 105005 8875
20151104 105005 8875
20151104 105005 8875
20151104 105005 8875
20151104 105005 8875
20151104 105005 8875
20151104 105005 8875
20151104 105042 8877
20151104 105051 8876
20151104 105051 8876
20151104 105051 8876
20151104 105051 8876
20151104 105051 8876
20151104 105051 8876
20151104 105051 8876
20151104 105051 8876
20151104 105051 8876
20151104 105051 8876
20151104 105051 8876
20151104 105051 8876
20151104 105051 8876
20151104 105051 8876
20151104 105051 8876
20151104 105051 8877
20151104 105051 8877
20151104 105051 8877
20151104 105105 8877
20151104 105123 8876
20151104 105149 8873
20151104 105149 8873
20151104 105204 8875
20151104 105204 8875
20151104 105240 8874
20151104 105315 8875
20151104 105409 8875
20151104 105430 8876
20151104 105513 8879
20151104 105541 8877
20151104 105541 8882
20151104 105554 8879
20151104 105709 8880
20151104 105709 8881
20151104 105709 8882
20151104 105808 8881
20151104 105937 8879
20151104 110059 8879
20151104 110122 8885
20151104 110134 8879
20151104 110134 8879
20151104 110144 8878
20151104 110211 8878
20151104 110246 8880
20151104 110246 8880
20151104 110250 8881
20151104 110300 8883
20151104 110302 8883
20151104 110303 8883
20151104 110303 8883
20151104 110303 8883
20151104 110304 8883
20151104 110306 8883
20151104 110323 8881
20151104 110458 8879
20151104 110506 8877
20151104 110506 8877
20151104 110510 8876
20151104 110538 8874
20151104 110538 8874
20151104 110543 8874
20151104 110543 8874
20151104 110543 8874
20151104 110550 8873
20151104 110616 8877
20151104 110631 8873
20151104 110631 8873
20151104 110632 8873
20151104 110632 8873
20151104 110632 8873
20151104 110632 8873
20151104 110633 8873
20151104 110633 8873
20151104 110635 8873
20151104 110638 8873
20151104 110638 8873
20151104 110638 8873
20151104 110640 8872
20151104 110640 8872
20151104 110646 8873
20151104 110703 8873
20151104 110706 8874
20151104 110706 8874
20151104 110717 8873
20151104 110717 8873
20151104 110747 8874
20151104 110840 8876
20151104 110840 8877
20151104 110840 8877
20151104 110842 8878
20151104 110842 8879
20151104 110845 8881
20151104 110845 8881
20151104 110845 8881
20151104 110928 8880
20151104 111032 8880
20151104 111034 8880
20151104 111115 8879
20151104 111120 8879
20151104 111133 8879
20151104 111138 8879
20151104 111140 8878
20151104 111140 8878
20151104 111222 8879
20151104 111222 8884
20151104 111313 8872
20151104 111313 8873
20151104 111313 8874
20151104 111314 8870
20151104 111346 8872
20151104 111347 8870
20151104 111349 8870
20151104 111349 8870
20151104 111350 8868
20151104 111350 8868
20151104 111350 8868
20151104 111350 8868
20151104 111350 8868
20151104 111350 8868
20151104 111350 8868
20151104 111350 8868
20151104 111350 8869
20151104 111350 8869
20151104 111350 8869
20151104 111350 8869
20151104 111350 8869
20151104 111350 8869
20151104 111350 8869
20151104 111350 8869
20151104 111350 8874
20151104 111351 8869
20151104 111351 8869
20151104 111351 8870
20151104 111357 8869
20151104 111357 8869
20151104 111413 8872
20151104 111441 8872
20151104 111441 8872
20151104 111707 8871
20151104 111710 8870
20151104 111712 8871
20151104 111715 8871
20151104 111718 8871
20151104 112055 8872
20151104 112117 8873
20151104 112220 8873
20151104 112313 8875
20151104 112313 8875
20151104 112332 8874
20151104 112332 8874
20151104 112332 8875
20151104 112333 8876
20151104 112333 8882
20151104 112333 8882
20151104 112340 8877
20151104 112340 8882
20151104 112341 8877
20151104 112341 8882
20151104 112347 8876
20151104 112521 8877
20151104 112535 8876
20151104 112535 8876
20151104 112535 8876
20151104 112535 8876
20151104 112535 8876
20151104 112535 8876
20151104 112535 8876
20151104 112535 8876
20151104 112549 8877
20151104 112549 8877
20151104 112549 8877
20151104 112549 8877
20151104 112549 8877
20151104 112549 8877
20151104 112645 8875
20151104 112657 8875
20151104 112657 8875
20151104 112701 8876
20151104 112701 8876
20151104 112715 8877
20151104 112750 8877
20151104 112750 8877
20151104 112816 8877
20151104 112816 8882
20151104 112926 8878
20151104 112926 8878
20151104 112927 8878
20151104 112934 8879
20151104 112934 8879
20151104 112934 8879
20151104 112934 8879
20151104 112934 8879
20151104 112934 8879
20151104 112934 8880
20151104 112935 8880
20151104 112935 8880
20151104 112935 8880
20151104 112935 8880
20151104 112935 8880
20151104 112935 8880
20151104 112935 8880
20151104 112935 8881
20151104 112935 8881
20151104 112935 8881
20151104 112935 8885
20151104 112935 8885
20151104 112935 8885
20151104 112935 8886
20151104 112952 8880
20151104 112954 8881
20151104 113034 8883
20151104 113034 8883
20151104 113114 8882
20151104 113134 8883
20151104 113134 8884
20151104 113139 8885
20151104 113139 8885
20151104 113203 8885
20151104 113229 8885
20151104 113229 8885
20151104 113302 8884
20151104 113308 8884
20151104 113400 8880
20151104 113427 8884
20151104 113433 8884
20151104 113623 8882
20151104 113625 8882
20151104 113633 8882
20151104 113700 8883
20151104 113700 8883
20151104 113715 8880
20151104 113736 8879
20151104 113802 8878
20151104 113802 8880
20151104 113859 8882
20151104 113906 8880
20151104 113906 8880
20151104 113906 8885
20151104 113906 8885
20151104 113915 8879
20151104 114137 8882
20151104 114206 8879
20151104 114212 8881
20151104 114432 8879
20151104 114432 8879
20151104 114439 8880
20151104 114446 8880
20151104 114715 8878
20151104 114729 8878
20151104 114918 8878
20151104 115003 8878
20151104 115003 8878
20151104 115006 8878
20151104 115119 8877
20151104 115345 8878
20151104 115418 8878
20151104 115520 8879
20151104 115612 8880
20151104 115612 8880
20151104 115612 8880
20151104 115618 8879
20151104 115619 8879
20151104 115619 8879
20151104 115655 8882
20151104 115655 8882
20151104 115655 8882
20151104 115809 8881
20151104 120005 8882
20151104 120043 8880
20151104 120104 8880
20151104 120147 8879
20151104 120221 8880
20151104 120238 8881
20151104 120246 8881
20151104 120246 8881
20151104 120406 8880
20151104 120406 8880
20151104 120515 8880
20151104 120515 8880
20151104 120529 8885
20151104 120726 8878
20151104 120727 8875
20151104 120727 8875
20151104 120727 8876
20151104 120727 8877
20151104 120728 8871
20151104 120728 8871
20151104 120728 8872
20151104 120728 8872
20151104 120728 8872
20151104 120728 8872
20151104 120728 8873
20151104 120728 8873
20151104 120728 8874
20151104 120728 8874
20151104 120728 8874
20151104 120728 8875
20151104 120728 8875
20151104 120728 8875
20151104 120728 8875
20151104 120729 8870
20151104 120729 8870
20151104 120729 8870
20151104 120729 8870
20151104 120729 8870
20151104 120729 8870
20151104 120729 8870
20151104 120729 8871
20151104 120729 8871
20151104 120729 8871
20151104 120729 8871
20151104 120729 8871
20151104 120729 8871
20151104 120801 8876
20151104 120829 8877
20151104 120955 8877
20151104 121143 8877
20151104 121217 8878
20151104 121217 8878
20151104 121241 8878
20151104 121241 8878
20151104 121248 8880
20151104 121248 8881
20151104 121506 8880
20151104 121620 8879
20151104 121629 8880
20151104 121707 8880
20151104 121745 8881
20151104 121806 8880
20151104 121809 8880
20151104 122040 8879
20151104 122045 8879
20151104 122047 8879
20151104 122144 8880
20151104 122331 8882
20151104 122341 8882
20151104 122341 8882
20151104 122454 8882
20151104 122505 8882
20151104 122505 8882
20151104 122509 8882
20151104 122516 8883
20151104 122516 8883
20151104 122516 8883
20151104 122527 8885
20151104 122555 8883
20151104 122717 8884
20151104 122717 8884
20151104 122722 8885
20151104 122722 8886
20151104 122723 8886
20151104 122725 8883
20151104 122725 8883
20151104 122736 8887
20151104 122736 8887
20151104 122736 8887
20151104 122736 8887
20151104 122753 8887
20151104 122757 8888
20151104 122757 8888
20151104 122757 8888
20151104 122757 8888
20151104 122757 8888
20151104 122758 8887
20151104 122802 8887
20151104 122813 8889
20151104 122813 8889
20151104 122813 8889
20151104 122813 8889
20151104 122813 8889
20151104 122813 8889
20151104 122813 8889
20151104 122833 8889
20151104 122833 8889
20151104 122833 8889
20151104 122833 8889
20151104 122833 8890
20151104 122833 8890
20151104 122844 8892
20151104 122845 8892
20151104 122845 8892
20151104 122845 8892
20151104 122847 8890
20151104 122852 8890
20151104 122909 8892
20151104 122920 8890
20151104 123014 8890
20151104 123049 8890
20151104 123050 8891
20151104 123051 8891
20151104 123056 8891
20151104 123111 8891
20151104 123116 8890
20151104 123241 8891
20151104 123303 8893
20151104 123304 8894
20151104 123305 8893
20151104 123305 8893
20151104 123305 8893
20151104 123306 8893
20151104 123307 8893
20151104 123307 8893
20151104 123307 8893
20151104 123307 8893
20151104 123315 8892
20151104 123321 8891
20151104 123408 8892
20151104 123408 8892
20151104 123432 8892
20151104 123505 8892
20151104 123546 8891
20151104 123549 8890
20151104 123607 8890
20151104 123615 8889
20151104 123626 8887
20151104 123627 8887
20151104 123627 8887
20151104 123654 8889
20151104 123654 8889
20151104 123654 8889
20151104 123654 8889
20151104 123701 8887
20151104 124025 8888
20151104 124053 8888
20151104 124148 8887
20151104 124203 8887
20151104 124205 8887
20151104 124422 8887
20151104 124428 8887
20151104 124450 8887
20151104 124450 8887
20151104 124450 8887
20151104 124452 8887
20151104 124637 8887
20151104 124652 8886
20151104 124747 8887
20151104 124810 8887
20151104 124918 8887
20151104 124928 8887
20151104 124939 8888
20151104 125000 8887
20151104 125103 8883
20151104 125129 8884
20151104 125340 8886
20151104 125628 8887
20151104 125636 8888
20151104 125636 8888
20151104 125639 8889
20151104 125643 8891
20151104 125643 8891
20151104 125643 8897
20151104 125645 8891
20151104 125645 8891
20151104 125645 8891
20151104 125752 8890
20151104 125752 8890
20151104 125823 8889
20151104 125903 8889
20151104 125941 8889
20151104 125948 8889
20151104 125952 8889
20151104 125952 8889
20151104 125955 8890
20151104 130033 8885
20151104 130037 8884
20151104 130038 8884
20151104 130038 8884
20151104 130039 8884
20151104 130040 8884
20151104 130040 8885
20151104 130040 8885
20151104 130041 8884
20151104 130041 8884
20151104 130041 8884
20151104 130041 8884
20151104 130041 8884
20151104 130042 8884
20151104 130042 8884
20151104 130043 8884
20151104 130122 8886
20151104 130128 8884
20151104 130159 8884
20151104 130237 8883
20151104 130237 8883
20151104 130237 8884
20151104 130243 8882
20151104 130243 8882
20151104 130243 8882
20151104 130243 8882
20151104 130244 8882
20151104 130244 8882
20151104 130244 8882
20151104 130246 8882
20151104 130311 8882
20151104 130312 8882
20151104 130314 8882
20151104 130326 8883
20151104 130339 8884
20151104 130408 8884
20151104 130417 8874
20151104 130417 8889
20151104 130422 8883
20151104 130546 8883
20151104 130546 8889
20151104 130618 8882
20151104 130647 8881
20151104 130648 8879
20151104 130648 8879
20151104 130649 8878
20151104 130649 8878
20151104 130650 8880
20151104 130650 8880
20151104 130650 8880
20151104 130650 8880
20151104 130719 8880
20151104 130743 8880
20151104 130817 8880
20151104 130829 8879
20151104 130850 8880
20151104 130903 8880
20151104 130932 8879
20151104 131001 8877
20151104 131001 8878
20151104 131007 8876
20151104 131017 8878
20151104 131017 8878
20151104 131026 8877
20151104 131026 8877
20151104 131026 8877
20151104 131034 8877
20151104 131034 8877
20151104 131034 8877
20151104 131034 8877
20151104 131034 8877
20151104 131041 8877
20151104 131059 8879
20151104 131059 8879
20151104 131059 8879
20151104 131106 8879
20151104 131109 8879
20151104 131132 8879
20151104 131132 8885
20151104 131140 8880
20151104 131140 8880
20151104 131143 8880
20151104 131143 8880
20151104 131143 8880
20151104 131143 8880
20151104 131155 8881
20151104 131155 8881
20151104 131156 8881
20151104 131156 8881
20151104 131156 8887
20151104 131211 8882
20151104 131220 8882
20151104 131225 8882
20151104 131226 8882
20151104 131241 8881
20151104 131241 8882
20151104 131337 8879
20151104 131337 8885
20151104 131408 8878
20151104 131450 8879
20151104 131502 8876
20151104 131502 8876
20151104 131616 8870
20151104 131639 8880
20151104 131658 8880
20151104 131701 8880
20151104 131721 8879
20151104 131949 8879
20151104 131955 8882
20151104 132016 8880
20151104 132027 8880
20151104 132027 8886
20151104 132056 8882
20151104 132059 8882
20151104 132059 8882
20151104 132123 8882
20151104 132217 8881
20151104 132256 8880
20151104 132257 8880
20151104 132257 8880
20151104 132425 8879
20151104 132439 8886
20151104 132454 8880
20151104 132454 8880
20151104 132454 8886
20151104 132454 8886
20151104 132502 8879
20151104 132516 8880
20151104 132527 8881
20151104 132529 8882
20151104 132529 8883
20151104 132536 8875
20151104 132536 8883
20151104 132536 8890
20151104 132538 8883
20151104 132541 8884
20151104 132543 8883
20151104 132554 8881
20151104 132554 8883
20151104 132619 8881
20151104 132715 8880
20151104 132856 8882
20151104 132933 8882
20151104 133005 8881
20151104 133005 8881
20151104 133031 8882
20151104 133031 8882
20151104 133031 8882
20151104 133100 8882
20151104 133134 8882
20151104 133156 8882
20151104 133157 8882
20151104 133157 8882
20151104 133202 8881
20151104 133208 8881
20151104 133222 8881
20151104 133247 8882
20151104 133256 8881
20151104 133258 8880
20151104 133300 8880
20151104 133300 8880
20151104 133300 8880
20151104 133300 8880
20151104 133310 8879
20151104 133310 8879
20151104 133310 8879
20151104 133327 8887
20151104 133336 8884
20151104 133336 8884
20151104 133336 8884
20151104 133337 8884
20151104 133337 8884
20151104 133337 8884
20151104 133338 8884
20151104 133350 8884
20151104 133416 8884
20151104 133501 8882
20151104 133501 8882
20151104 133501 8883
20151104 133501 8883
20151104 133512 8884
20151104 133512 8884
20151104 133530 8884
20151104 133549 8890
20151104 133550 8884
20151104 133550 8884
20151104 133550 8890
20151104 133550 8890
20151104 133559 8884
20151104 133559 8884
20151104 133614 8885
20151104 133634 8882
20151104 133659 8881
20151104 133701 8880
20151104 133712 8880
20151104 133712 8880
20151104 133806 8881
20151104 133828 8881
20151104 133837 8881
20151104 133900 8880
20151104 133900 8880
20151104 133928 8880
20151104 133930 8880
20151104 133946 8879
20151104 133947 8879
20151104 133947 8879
20151104 133947 8879
20151104 133947 8879
20151104 133947 8879
20151104 133948 8879
20151104 133950 8878
20151104 133953 8879
20151104 134000 8878
20151104 134000 8878
20151104 134000 8878
20151104 134001 8877
20151104 134001 8877
20151104 134001 8877
20151104 134136 8882
20151104 134218 8882
20151104 134312 8882
20151104 134402 8883
20151104 134413 8882
20151104 134413 8882
20151104 134413 8882
20151104 134413 8882
20151104 134413 8882
20151104 134413 8882
20151104 134418 8883
20151104 134420 8883
20151104 134423 8882
20151104 134424 8882
20151104 134426 8883
20151104 134428 8883
20151104 134433 8883
20151104 134434 8882
20151104 134441 8883
20151104 134443 8883
20151104 134446 8883
20151104 134449 8882
