20151015 084500 8565
20151015 084500 8565
20151015 084500 8565
20151015 084500 8565
20151015 084500 8566
20151015 084500 8567
20151015 084500 8568
20151015 084501 8569
20151015 084501 8569
20151015 084501 8569
20151015 084501 8569
20151015 084501 8569
20151015 084501 8569
20151015 084502 8567
20151015 084503 8569
20151015 084503 8571
20151015 084503 8574
20151015 084503 8574
20151015 084503 8575
20151015 084503 8576
20151015 084503 8576
20151015 084504 8579
20151015 084504 8582
20151015 084505 8584
20151015 084505 8584
20151015 084505 8584
20151015 084506 8585
20151015 084506 8588
20151015 084506 8589
20151015 084506 8589
20151015 084507 8589
20151015 084507 8591
20151015 084508 8585
20151015 084508 8588
20151015 084512 8580
20151015 084513 8581
20151015 084513 8581
20151015 084513 8581
20151015 084513 8582
20151015 084513 8582
20151015 084513 8582
20151015 084513 8583
20151015 084514 8581
20151015 084514 8581
20151015 084514 8582
20151015 084514 8582
20151015 084514 8582
20151015 084514 8583
20151015 084514 8583
20151015 084514 8583
20151015 084514 8584
20151015 084517 8580
20151015 084517 8580
20151015 084518 8581
20151015 084519 8580
20151015 084523 8579
20151015 084525 8581
20151015 084526 8579
20151015 084527 8579
20151015 084528 8579
20151015 084533 8579
20151015 084536 8578
20151015 084536 8578
20151015 084536 8578
20151015 084539 8579
20151015 084539 8579
20151015 084540 8576
20151015 084540 8576
20151015 084541 8563
20151015 084541 8576
20151015 084542 8575
20151015 084542 8577
20151015 084542 8577
20151015 084542 8577
20151015 084542 8577
20151015 084543 8577
20151015 084543 8577
20151015 084544 8577
20151015 084544 8577
20151015 084546 8576
20151015 084548 8576
20151015 084550 8576
20151015 084550 8576
20151015 084551 8575
20151015 084552 8576
20151015 084553 8577
20151015 084553 8577
20151015 084553 8577
20151015 084556 8566
20151015 084556 8579
20151015 084556 8579
20151015 084556 8579
20151015 084558 8578
20151015 084600 8579
20151015 084606 8578
20151015 084609 8578
20151015 084609 8578
20151015 084615 8577
20151015 084615 8577
20151015 084619 8576
20151015 084630 8577
20151015 084646 8579
20151015 084647 8578
20151015 084647 8579
20151015 084647 8579
20151015 084648 8579
20151015 084648 8579
20151015 084650 8580
20151015 084650 8580
20151015 084650 8580
20151015 084650 8580
20151015 084650 8580
20151015 084652 8580
20151015 084653 8580
20151015 084655 8581
20151015 084655 8581
20151015 084655 8581
20151015 084655 8581
20151015 084703 8581
20151015 084705 8582
20151015 084710 8582
20151015 084711 8582
20151015 084711 8582
20151015 084711 8583
20151015 084712 8584
20151015 084712 8584
20151015 084712 8585
20151015 084713 8585
20151015 084714 8585
20151015 084715 8585
20151015 084716 8585
20151015 084717 8585
20151015 084717 8585
20151015 084717 8585
20151015 084717 8585
20151015 084717 8585
20151015 084720 8586
20151015 084720 8586
20151015 084721 8586
20151015 084721 8587
20151015 084721 8587
20151015 084722 8585
20151015 084722 8587
20151015 084723 8586
20151015 084724 8586
20151015 084725 8587
20151015 084737 8588
20151015 084737 8590
20151015 084737 8590
20151015 084738 8590
20151015 084739 8590
20151015 084739 8590
20151015 084739 8590
20151015 084740 8590
20151015 084742 8591
20151015 084742 8591
20151015 084742 8592
20151015 084742 8592
20151015 084743 8592
20151015 084747 8590
20151015 084752 8589
20151015 084753 8590
20151015 084753 8590
20151015 084753 8590
20151015 084753 8591
20151015 084754 8590
20151015 084754 8590
20151015 084754 8590
20151015 084754 8590
20151015 084754 8590
20151015 084754 8590
20151015 084754 8590
20151015 084755 8590
20151015 084755 8590
20151015 084755 8590
20151015 084755 8590
20151015 084755 8590
20151015 084756 8590
20151015 084756 8590
20151015 084756 8590
20151015 084756 8590
20151015 084756 8590
20151015 084756 8590
20151015 084757 8575
20151015 084757 8575
20151015 084757 8590
20151015 084757 8590
20151015 084757 8590
20151015 084757 8590
20151015 084758 8590
20151015 084759 8590
20151015 084759 8590
20151015 084800 8590
20151015 084801 8589
20151015 084802 8589
20151015 084803 8573
20151015 084803 8588
20151015 084803 8588
20151015 084805 8589
20151015 084807 8588
20151015 084807 8588
20151015 084808 8586
20151015 084809 8585
20151015 084809 8585
20151015 084809 8586
20151015 084809 8587
20151015 084813 8588
20151015 084813 8588
20151015 084817 8588
20151015 084819 8587
20151015 084822 8587
20151015 084828 8586
20151015 084828 8586
20151015 084828 8586
20151015 084835 8586
20151015 084835 8586
20151015 084836 8585
20151015 084841 8585
20151015 084841 8585
20151015 084843 8584
20151015 084845 8585
20151015 084845 8585
20151015 084901 8589
20151015 084901 8589
20151015 084901 8589
20151015 084903 8590
20151015 084903 8590
20151015 084903 8590
20151015 084904 8590
20151015 084905 8590
20151015 084906 8591
20151015 084906 8591
20151015 084906 8591
20151015 084912 8592
20151015 084912 8593
20151015 084912 8593
20151015 084919 8590
20151015 084922 8590
20151015 084922 8590
20151015 084927 8575
20151015 084929 8591
20151015 084929 8591
20151015 084932 8591
20151015 084937 8590
20151015 084942 8591
20151015 084943 8590
20151015 084945 8590
20151015 084946 8591
20151015 084949 8594
20151015 084949 8594
20151015 084949 8594
20151015 084950 8595
20151015 084950 8595
20151015 084950 8595
20151015 084951 8595
20151015 084953 8594
20151015 084953 8595
20151015 084953 8595
20151015 084953 8595
20151015 084954 8595
20151015 084955 8594
20151015 084955 8595
20151015 084955 8595
20151015 084955 8595
20151015 084957 8595
20151015 084959 8594
20151015 084959 8594
20151015 084959 8595
20151015 085000 8597
20151015 085000 8597
20151015 085000 8598
20151015 085000 8598
20151015 085000 8599
20151015 085000 8600
20151015 085001 8599
20151015 085002 8598
20151015 085002 8600
20151015 085004 8597
20151015 085005 8599
20151015 085005 8599
20151015 085009 8598
20151015 085010 8597
20151015 085011 8596
20151015 085011 8597
20151015 085012 8595
20151015 085012 8595
20151015 085012 8595
20151015 085013 8596
20151015 085022 8595
20151015 085039 8594
20151015 085039 8595
20151015 085041 8594
20151015 085042 8596
20151015 085051 8594
20151015 085053 8593
20151015 085054 8592
20151015 085055 8592
20151015 085057 8594
20151015 085058 8594
20151015 085058 8594
20151015 085058 8594
20151015 085058 8594
20151015 085058 8594
20151015 085058 8594
20151015 085058 8594
20151015 085104 8595
20151015 085112 8593
20151015 085115 8590
20151015 085127 8592
20151015 085128 8592
20151015 085137 8591
20151015 085138 8591
20151015 085142 8590
20151015 085150 8591
20151015 085153 8591
20151015 085156 8591
20151015 085200 8592
20151015 085200 8592
20151015 085212 8589
20151015 085212 8589
20151015 085212 8589
20151015 085212 8589
20151015 085212 8589
20151015 085213 8589
20151015 085217 8588
20151015 085218 8588
20151015 085226 8588
20151015 085229 8589
20151015 085229 8590
20151015 085230 8591
20151015 085230 8592
20151015 085234 8590
20151015 085238 8590
20151015 085243 8590
20151015 085247 8591
20151015 085249 8591
20151015 085251 8579
20151015 085251 8592
20151015 085251 8592
20151015 085251 8592
20151015 085251 8592
20151015 085259 8593
20151015 085300 8593
20151015 085301 8594
20151015 085302 8594
20151015 085303 8594
20151015 085306 8594
20151015 085313 8593
20151015 085314 8594
20151015 085314 8594
20151015 085320 8592
20151015 085347 8592
20151015 085406 8592
20151015 085407 8592
20151015 085423 8591
20151015 085423 8591
20151015 085436 8590
20151015 085501 8591
20151015 085509 8589
20151015 085549 8593
20151015 085552 8592
20151015 085612 8593
20151015 085614 8594
20151015 085614 8594
20151015 085614 8594
20151015 085614 8594
20151015 085614 8594
20151015 085614 8594
20151015 085615 8595
20151015 085616 8595
20151015 085617 8594
20151015 085617 8595
20151015 085621 8595
20151015 085621 8595
20151015 085622 8595
20151015 085625 8595
20151015 085628 8595
20151015 085629 8596
20151015 085631 8596
20151015 085641 8595
20151015 085641 8596
20151015 085641 8596
20151015 085641 8596
20151015 085642 8597
20151015 085649 8597
20151015 085650 8597
20151015 085652 8597
20151015 085654 8597
20151015 085656 8598
20151015 085656 8598
20151015 085656 8598
20151015 085657 8598
20151015 085657 8598
20151015 085702 8598
20151015 085702 8599
20151015 085705 8600
20151015 085705 8600
20151015 085705 8600
20151015 085705 8600
20151015 085705 8600
20151015 085706 8599
20151015 085709 8597
20151015 085724 8595
20151015 085728 8595
20151015 085732 8594
20151015 085733 8594
20151015 085748 8596
20151015 085748 8596
20151015 085752 8596
20151015 085759 8596
20151015 085800 8596
20151015 085800 8596
20151015 085800 8596
20151015 085805 8596
20151015 085805 8596
20151015 085805 8596
20151015 085826 8595
20151015 085835 8596
20151015 085841 8596
20151015 085842 8595
20151015 085858 8595
20151015 085912 8595
20151015 085912 8595
20151015 085915 8596
20151015 085919 8597
20151015 085921 8597
20151015 085929 8598
20151015 085930 8599
20151015 085930 8599
20151015 085930 8599
20151015 085930 8599
20151015 085930 8599
20151015 085931 8600
20151015 085931 8600
20151015 085931 8600
20151015 085931 8600
20151015 085931 8600
20151015 085931 8600
20151015 085932 8601
20151015 085932 8601
20151015 085935 8602
20151015 085935 8602
20151015 085935 8602
20151015 085935 8602
20151015 085935 8602
20151015 085935 8602
20151015 085936 8601
20151015 085936 8601
20151015 085939 8600
20151015 085939 8600
20151015 085942 8598
20151015 085950 8597
20151015 085950 8597
20151015 085958 8597
20151015 085959 8598
20151015 090003 8593
20151015 090003 8593
20151015 090005 8593
20151015 090006 8593
20151015 090008 8594
20151015 090013 8598
20151015 090014 8598
20151015 090017 8601
20151015 090017 8602
20151015 090018 8603
20151015 090018 8603
20151015 090018 8603
20151015 090018 8603
20151015 090018 8603
20151015 090018 8603
20151015 090018 8604
20151015 090018 8604
20151015 090018 8604
20151015 090018 8604
20151015 090018 8604
20151015 090018 8604
20151015 090018 8604
20151015 090018 8604
20151015 090018 8604
20151015 090018 8604
20151015 090018 8604
20151015 090018 8604
20151015 090018 8604
20151015 090018 8604
20151015 090018 8604
20151015 090019 8605
20151015 090019 8606
20151015 090019 8606
20151015 090019 8606
20151015 090019 8606
20151015 090019 8606
20151015 090021 8604
20151015 090029 8603
20151015 090037 8604
20151015 090038 8606
20151015 090038 8607
20151015 090038 8607
20151015 090038 8607
20151015 090038 8608
20151015 090038 8608
20151015 090038 8608
20151015 090040 8606
20151015 090049 8606
20151015 090100 8606
20151015 090101 8606
20151015 090102 8607
20151015 090102 8607
20151015 090102 8607
20151015 090102 8608
20151015 090103 8609
20151015 090103 8609
20151015 090103 8609
20151015 090103 8609
20151015 090103 8609
20151015 090103 8610
20151015 090103 8610
20151015 090103 8610
20151015 090103 8610
20151015 090103 8610
20151015 090103 8610
20151015 090103 8610
20151015 090103 8611
20151015 090104 8610
20151015 090105 8608
20151015 090114 8607
20151015 090118 8607
20151015 090122 8607
20151015 090123 8607
20151015 090123 8607
20151015 090127 8606
20151015 090129 8607
20151015 090130 8607
20151015 090150 8606
20151015 090152 8605
20151015 090152 8606
20151015 090152 8606
20151015 090153 8603
20151015 090153 8603
20151015 090153 8603
20151015 090153 8603
20151015 090206 8605
20151015 090208 8605
20151015 090215 8603
20151015 090218 8605
20151015 090218 8605
20151015 090218 8605
20151015 090221 8604
20151015 090221 8604
20151015 090221 8604
20151015 090221 8606
20151015 090221 8606
20151015 090224 8605
20151015 090226 8606
20151015 090226 8606
20151015 090227 8606
20151015 090227 8606
20151015 090227 8607
20151015 090227 8607
20151015 090227 8607
20151015 090227 8607
20151015 090230 8608
20151015 090230 8608
20151015 090231 8609
20151015 090231 8609
20151015 090231 8609
20151015 090231 8609
20151015 090232 8610
20151015 090232 8610
20151015 090234 8608
20151015 090235 8610
20151015 090237 8610
20151015 090237 8610
20151015 090237 8611
20151015 090238 8611
20151015 090238 8611
20151015 090238 8611
20151015 090238 8611
20151015 090238 8611
20151015 090238 8612
20151015 090239 8613
20151015 090239 8613
20151015 090239 8613
20151015 090239 8613
20151015 090239 8613
20151015 090239 8613
20151015 090241 8613
20151015 090242 8614
20151015 090242 8614
20151015 090242 8614
20151015 090242 8614
20151015 090242 8614
20151015 090243 8614
20151015 090255 8613
20151015 090257 8614
20151015 090257 8614
20151015 090258 8614
20151015 090259 8615
20151015 090259 8615
20151015 090300 8615
20151015 090300 8615
20151015 090300 8615
20151015 090300 8615
20151015 090300 8615
20151015 090300 8615
20151015 090300 8615
20151015 090300 8615
20151015 090300 8615
20151015 090300 8615
20151015 090300 8615
20151015 090300 8615
20151015 090300 8615
20151015 090300 8615
20151015 090300 8615
20151015 090300 8615
20151015 090300 8615
20151015 090300 8615
20151015 090300 8615
20151015 090300 8615
20151015 090300 8615
20151015 090300 8615
20151015 090300 8615
20151015 090301 8617
20151015 090301 8617
20151015 090301 8617
20151015 090301 8618
20151015 090302 8615
20151015 090302 8615
20151015 090303 8619
20151015 090304 8619
20151015 090307 8619
20151015 090308 8617
20151015 090311 8617
20151015 090311 8617
20151015 090325 8600
20151015 090325 8614
20151015 090325 8615
20151015 090325 8615
20151015 090330 8613
20151015 090331 8614
20151015 090333 8613
20151015 090333 8613
20151015 090337 8614
20151015 090338 8612
20151015 090347 8611
20151015 090353 8611
20151015 090355 8610
20151015 090357 8610
20151015 090405 8609
20151015 090408 8610
20151015 090408 8611
20151015 090410 8612
20151015 090417 8613
20151015 090423 8608
20151015 090427 8608
20151015 090432 8608
20151015 090443 8608
20151015 090447 8609
20151015 090448 8609
20151015 090455 8610
20151015 090455 8610
20151015 090457 8611
20151015 090457 8612
20151015 090458 8612
20151015 090459 8613
20151015 090500 8614
20151015 090500 8614
20151015 090501 8615
20151015 090501 8615
20151015 090501 8615
20151015 090501 8615
20151015 090501 8615
20151015 090501 8615
20151015 090501 8615
20151015 090501 8615
20151015 090501 8615
20151015 090501 8615
20151015 090501 8615
20151015 090501 8615
20151015 090501 8616
20151015 090501 8617
20151015 090501 8617
20151015 090501 8617
20151015 090501 8617
20151015 090501 8617
20151015 090501 8617
20151015 090501 8617
20151015 090501 8617
20151015 090505 8612
20151015 090513 8613
20151015 090524 8607
20151015 090541 8609
20151015 090542 8607
20151015 090555 8605
20151015 090555 8605
20151015 090559 8606
20151015 090601 8607
20151015 090601 8608
20151015 090601 8608
20151015 090605 8609
20151015 090610 8606
20151015 090618 8602
20151015 090618 8602
20151015 090618 8602
20151015 090618 8603
20151015 090618 8603
20151015 090618 8603
20151015 090619 8597
20151015 090619 8598
20151015 090619 8598
20151015 090619 8598
20151015 090619 8598
20151015 090619 8598
20151015 090619 8599
20151015 090619 8599
20151015 090619 8599
20151015 090619 8599
20151015 090619 8600
20151015 090623 8602
20151015 090634 8601
20151015 090639 8604
20151015 090642 8602
20151015 090643 8603
20151015 090647 8603
20151015 090650 8601
20151015 090656 8601
20151015 090656 8602
20151015 090656 8603
20151015 090656 8603
20151015 090658 8601
20151015 090705 8603
20151015 090709 8602
20151015 090710 8587
20151015 090716 8602
20151015 090720 8602
20151015 090720 8602
20151015 090720 8602
20151015 090720 8602
20151015 090720 8602
20151015 090725 8601
20151015 090727 8601
20151015 090727 8601
20151015 090727 8601
20151015 090739 8598
20151015 090739 8599
20151015 090740 8598
20151015 090741 8598
20151015 090741 8598
20151015 090741 8598
20151015 090741 8598
20151015 090741 8598
20151015 090741 8598
20151015 090741 8598
20151015 090742 8600
20151015 090743 8598
20151015 090750 8596
20151015 090750 8596
20151015 090750 8597
20151015 090751 8594
20151015 090751 8594
20151015 090751 8594
20151015 090751 8594
20151015 090751 8594
20151015 090751 8594
20151015 090751 8594
20151015 090751 8594
20151015 090751 8594
20151015 090751 8595
20151015 090751 8595
20151015 090751 8595
20151015 090752 8594
20151015 090752 8594
20151015 090753 8594
20151015 090755 8596
20151015 090756 8596
20151015 090759 8596
20151015 090800 8596
20151015 090806 8600
20151015 090807 8599
20151015 090814 8595
20151015 090814 8595
20151015 090815 8597
20151015 090816 8599
20151015 090839 8585
20151015 090839 8585
20151015 090839 8600
20151015 090839 8600
20151015 090839 8600
20151015 090839 8600
20151015 090839 8600
20151015 090839 8600
20151015 090839 8601
20151015 090841 8601
20151015 090841 8602
20151015 090841 8602
20151015 090844 8602
20151015 090855 8600
20151015 090855 8600
20151015 090855 8600
20151015 090855 8602
20151015 090857 8600
20151015 090857 8602
20151015 090857 8602
20151015 090857 8602
20151015 090906 8600
20151015 090906 8600
20151015 090911 8599
20151015 090920 8598
20151015 090920 8598
20151015 090924 8597
20151015 090927 8594
20151015 090928 8593
20151015 090937 8594
20151015 090938 8596
20151015 090938 8596
20151015 090938 8596
20151015 090938 8596
20151015 090938 8596
20151015 090938 8597
20151015 090938 8597
20151015 090939 8597
20151015 090946 8595
20151015 090952 8597
20151015 090952 8597
20151015 091003 8598
20151015 091008 8598
20151015 091014 8598
20151015 091015 8598
20151015 091015 8598
20151015 091020 8598
20151015 091020 8599
20151015 091022 8599
20151015 091022 8599
20151015 091023 8600
20151015 091023 8600
20151015 091024 8600
20151015 091033 8600
20151015 091035 8600
20151015 091035 8600
20151015 091035 8601
20151015 091036 8602
20151015 091037 8602
20151015 091037 8602
20151015 091038 8603
20151015 091046 8601
20151015 091056 8600
20151015 091058 8600
20151015 091107 8603
20151015 091117 8601
20151015 091122 8602
20151015 091128 8604
20151015 091128 8604
20151015 091132 8605
20151015 091132 8605
20151015 091132 8605
20151015 091132 8605
20151015 091133 8605
20151015 091133 8605
20151015 091133 8605
20151015 091134 8605
20151015 091134 8605
20151015 091134 8605
20151015 091135 8591
20151015 091135 8606
20151015 091135 8606
20151015 091135 8606
20151015 091135 8606
20151015 091135 8606
20151015 091135 8606
20151015 091136 8606
20151015 091136 8606
20151015 091136 8606
20151015 091136 8606
20151015 091136 8606
20151015 091142 8605
20151015 091152 8603
20151015 091222 8601
20151015 091230 8604
20151015 091230 8605
20151015 091235 8606
20151015 091238 8607
20151015 091241 8608
20151015 091242 8607
20151015 091242 8607
20151015 091243 8609
20151015 091247 8610
20151015 091247 8610
20151015 091247 8610
20151015 091249 8608
20151015 091249 8608
20151015 091249 8608
20151015 091249 8608
20151015 091249 8608
20151015 091249 8608
20151015 091256 8609
20151015 091257 8609
20151015 091303 8608
20151015 091306 8603
20151015 091306 8603
20151015 091306 8603
20151015 091306 8603
20151015 091306 8604
20151015 091306 8604
20151015 091306 8605
20151015 091306 8605
20151015 091307 8603
20151015 091307 8603
20151015 091307 8603
20151015 091307 8603
20151015 091318 8603
20151015 091318 8603
20151015 091324 8603
20151015 091338 8598
20151015 091342 8597
20151015 091343 8596
20151015 091344 8597
20151015 091345 8596
20151015 091349 8598
20151015 091352 8599
20151015 091400 8599
20151015 091400 8600
20151015 091402 8601
20151015 091402 8601
20151015 091403 8601
20151015 091403 8601
20151015 091403 8602
20151015 091403 8602
20151015 091403 8603
20151015 091406 8603
20151015 091406 8603
20151015 091406 8603
20151015 091409 8604
20151015 091409 8604
20151015 091410 8606
20151015 091412 8606
20151015 091412 8606
20151015 091412 8606
20151015 091412 8607
20151015 091413 8607
20151015 091416 8594
20151015 091416 8608
20151015 091416 8608
20151015 091419 8607
20151015 091427 8606
20151015 091427 8606
20151015 091427 8607
20151015 091427 8607
20151015 091428 8594
20151015 091428 8607
20151015 091428 8608
20151015 091428 8608
20151015 091428 8608
20151015 091428 8609
20151015 091428 8609
20151015 091429 8595
20151015 091429 8609
20151015 091429 8609
20151015 091429 8609
20151015 091429 8609
20151015 091429 8609
20151015 091429 8609
20151015 091429 8609
20151015 091429 8610
20151015 091429 8610
20151015 091429 8610
20151015 091429 8610
20151015 091429 8610
20151015 091429 8610
20151015 091429 8610
20151015 091429 8610
20151015 091429 8611
20151015 091430 8612
20151015 091430 8612
20151015 091430 8613
20151015 091430 8613
20151015 091430 8613
20151015 091430 8613
20151015 091430 8614
20151015 091430 8614
20151015 091430 8614
20151015 091430 8614
20151015 091430 8614
20151015 091430 8614
20151015 091430 8614
20151015 091430 8614
20151015 091430 8614
20151015 091430 8614
20151015 091430 8614
20151015 091430 8614
20151015 091430 8615
20151015 091430 8615
20151015 091430 8616
20151015 091430 8616
20151015 091430 8616
20151015 091430 8616
20151015 091430 8616
20151015 091430 8616
20151015 091430 8617
20151015 091430 8617
20151015 091430 8618
20151015 091430 8618
20151015 091430 8618
20151015 091430 8618
20151015 091430 8618
20151015 091430 8619
20151015 091430 8619
20151015 091430 8619
20151015 091430 8619
20151015 091431 8607
20151015 091431 8619
20151015 091431 8619
20151015 091431 8619
20151015 091431 8619
20151015 091431 8619
20151015 091431 8619
20151015 091431 8619
20151015 091431 8619
20151015 091431 8619
20151015 091431 8619
20151015 091431 8619
20151015 091431 8619
20151015 091431 8619
20151015 091431 8620
20151015 091431 8620
20151015 091431 8620
20151015 091431 8620
20151015 091431 8620
20151015 091431 8620
20151015 091431 8620
20151015 091431 8620
20151015 091431 8620
20151015 091431 8620
20151015 091431 8620
20151015 091431 8621
20151015 091431 8621
20151015 091431 8621
20151015 091431 8622
20151015 091431 8622
20151015 091431 8622
20151015 091431 8622
20151015 091431 8622
20151015 091431 8622
20151015 091431 8622
20151015 091431 8622
20151015 091431 8623
20151015 091431 8623
20151015 091431 8623
20151015 091431 8624
20151015 091431 8624
20151015 091431 8624
20151015 091431 8624
20151015 091431 8624
20151015 091431 8624
20151015 091431 8624
20151015 091431 8625
20151015 091431 8625
20151015 091431 8625
20151015 091431 8625
20151015 091431 8625
20151015 091431 8625
20151015 091431 8625
20151015 091431 8625
20151015 091431 8625
20151015 091431 8626
20151015 091431 8627
20151015 091431 8627
20151015 091431 8627
20151015 091431 8627
20151015 091431 8628
20151015 091431 8628
20151015 091431 8628
20151015 091432 8629
20151015 091432 8629
20151015 091432 8629
20151015 091432 8630
20151015 091432 8630
20151015 091432 8630
20151015 091432 8630
20151015 091432 8630
20151015 091432 8630
20151015 091432 8630
20151015 091432 8630
20151015 091433 8619
20151015 091433 8631
20151015 091433 8631
20151015 091433 8631
20151015 091433 8631
20151015 091433 8633
20151015 091433 8633
20151015 091433 8633
20151015 091433 8634
20151015 091437 8626
20151015 091437 8627
20151015 091437 8629
20151015 091441 8628
20151015 091441 8628
20151015 091444 8630
20151015 091446 8630
20151015 091457 8629
20151015 091458 8630
20151015 091500 8630
20151015 091500 8630
20151015 091504 8623
20151015 091504 8625
20151015 091504 8625
20151015 091504 8625
20151015 091505 8623
20151015 091505 8624
20151015 091506 8624
20151015 091506 8624
20151015 091509 8623
20151015 091514 8624
20151015 091514 8624
20151015 091519 8625
20151015 091519 8625
20151015 091523 8622
20151015 091523 8622
20151015 091523 8623
20151015 091526 8624
20151015 091533 8618
20151015 091534 8619
20151015 091536 8619
20151015 091539 8621
20151015 091542 8622
20151015 091543 8621
20151015 091544 8622
20151015 091544 8623
20151015 091544 8624
20151015 091545 8622
20151015 091545 8623
20151015 091545 8624
20151015 091548 8609
20151015 091548 8623
20151015 091551 8624
20151015 091552 8624
20151015 091552 8624
20151015 091553 8625
20151015 091553 8625
20151015 091554 8626
20151015 091554 8626
20151015 091603 8625
20151015 091606 8612
20151015 091607 8625
20151015 091611 8624
20151015 091613 8625
20151015 091614 8625
20151015 091614 8626
20151015 091615 8626
20151015 091616 8625
20151015 091618 8626
20151015 091618 8626
20151015 091620 8626
20151015 091621 8626
20151015 091626 8626
20151015 091626 8626
20151015 091626 8626
20151015 091626 8626
20151015 091626 8626
20151015 091626 8626
20151015 091627 8626
20151015 091630 8624
20151015 091635 8625
20151015 091637 8624
20151015 091641 8623
20151015 091655 8624
20151015 091655 8624
20151015 091655 8624
20151015 091655 8624
20151015 091659 8624
20151015 091708 8624
20151015 091708 8624
20151015 091709 8625
20151015 091709 8625
20151015 091709 8625
20151015 091709 8625
20151015 091709 8625
20151015 091709 8625
20151015 091709 8626
20151015 091709 8626
20151015 091709 8626
20151015 091709 8626
20151015 091709 8626
20151015 091710 8626
20151015 091710 8626
20151015 091710 8626
20151015 091717 8627
20151015 091725 8625
20151015 091725 8626
20151015 091727 8626
20151015 091737 8626
20151015 091738 8626
20151015 091739 8626
20151015 091739 8626
20151015 091739 8626
20151015 091744 8624
20151015 091745 8623
20151015 091745 8623
20151015 091752 8623
20151015 091752 8623
20151015 091752 8623
20151015 091753 8624
20151015 091753 8624
20151015 091754 8625
20151015 091756 8624
20151015 091757 8624
20151015 091758 8623
20151015 091758 8623
20151015 091758 8623
20151015 091758 8623
20151015 091758 8623
20151015 091813 8625
20151015 091821 8622
20151015 091822 8621
20151015 091830 8621
20151015 091830 8621
20151015 091833 8622
20151015 091833 8622
20151015 091833 8622
20151015 091833 8623
20151015 091834 8623
20151015 091834 8623
20151015 091835 8624
20151015 091835 8624
20151015 091836 8624
20151015 091836 8625
20151015 091838 8625
20151015 091842 8623
20151015 091844 8625
20151015 091853 8624
20151015 091856 8625
20151015 091856 8625
20151015 091856 8625
20151015 091857 8624
20151015 091900 8624
20151015 091900 8624
20151015 091906 8623
20151015 091916 8623
20151015 091923 8624
20151015 091938 8623
20151015 091943 8621
20151015 092001 8622
20151015 092001 8622
20151015 092001 8622
20151015 092002 8623
20151015 092014 8622
20151015 092015 8622
20151015 092016 8622
20151015 092021 8622
20151015 092021 8622
20151015 092026 8621
20151015 092026 8621
20151015 092028 8621
20151015 092041 8623
20151015 092044 8623
20151015 092044 8623
20151015 092045 8624
20151015 092100 8620
20151015 092100 8621
20151015 092107 8621
20151015 092108 8622
20151015 092111 8622
20151015 092112 8621
20151015 092142 8622
20151015 092142 8622
20151015 092142 8622
20151015 092142 8623
20151015 092142 8623
20151015 092146 8624
20151015 092146 8624
20151015 092146 8624
20151015 092146 8624
20151015 092146 8624
20151015 092146 8624
20151015 092146 8624
20151015 092146 8624
20151015 092147 8624
20151015 092148 8624
20151015 092148 8625
20151015 092149 8625
20151015 092149 8625
20151015 092149 8625
20151015 092149 8625
20151015 092149 8625
20151015 092149 8625
20151015 092149 8626
20151015 092149 8626
20151015 092149 8626
20151015 092149 8626
20151015 092149 8626
20151015 092149 8626
20151015 092150 8626
20151015 092150 8626
20151015 092150 8626
20151015 092152 8627
20151015 092152 8627
20151015 092158 8628
20151015 092158 8628
20151015 092158 8628
20151015 092158 8628
20151015 092158 8628
20151015 092158 8628
20151015 092158 8629
20151015 092158 8629
20151015 092158 8629
20151015 092158 8629
20151015 092158 8629
20151015 092158 8629
20151015 092158 8629
20151015 092159 8629
20151015 092159 8629
20151015 092159 8629
20151015 092159 8629
20151015 092159 8629
20151015 092159 8629
20151015 092159 8629
20151015 092201 8627
20151015 092204 8627
20151015 092209 8626
20151015 092212 8626
20151015 092215 8625
20151015 092215 8625
20151015 092228 8627
20151015 092231 8626
20151015 092234 8626
20151015 092237 8627
20151015 092237 8627
20151015 092238 8629
20151015 092238 8629
20151015 092238 8629
20151015 092238 8630
20151015 092238 8630
20151015 092239 8630
20151015 092240 8631
20151015 092240 8631
20151015 092240 8631
20151015 092240 8631
20151015 092240 8631
20151015 092244 8628
20151015 092256 8627
20151015 092257 8627
20151015 092305 8627
20151015 092317 8626
20151015 092332 8627
20151015 092332 8627
20151015 092333 8628
20151015 092333 8628
20151015 092333 8629
20151015 092334 8629
20151015 092334 8629
20151015 092340 8630
20151015 092343 8627
20151015 092351 8629
20151015 092351 8629
20151015 092352 8630
20151015 092352 8630
20151015 092354 8630
20151015 092354 8631
20151015 092355 8630
20151015 092355 8631
20151015 092355 8631
20151015 092356 8632
20151015 092356 8632
20151015 092357 8633
20151015 092357 8633
20151015 092357 8633
20151015 092357 8633
20151015 092357 8634
20151015 092357 8634
20151015 092357 8634
20151015 092357 8634
20151015 092357 8634
20151015 092357 8634
20151015 092357 8634
20151015 092357 8634
20151015 092357 8634
20151015 092357 8635
20151015 092357 8635
20151015 092357 8635
20151015 092357 8635
20151015 092357 8635
20151015 092357 8635
20151015 092357 8635
20151015 092357 8635
20151015 092357 8635
20151015 092357 8636
20151015 092357 8636
20151015 092357 8637
20151015 092357 8637
20151015 092357 8637
20151015 092358 8637
20151015 092358 8638
20151015 092400 8639
20151015 092400 8640
20151015 092400 8640
20151015 092400 8640
20151015 092401 8640
20151015 092401 8642
20151015 092404 8637
20151015 092410 8635
20151015 092410 8635
20151015 092410 8635
20151015 092411 8636
20151015 092413 8638
20151015 092421 8635
20151015 092421 8635
20151015 092425 8637
20151015 092425 8637
20151015 092425 8637
20151015 092427 8638
20151015 092429 8640
20151015 092430 8640
20151015 092430 8640
20151015 092430 8640
20151015 092431 8638
20151015 092431 8640
20151015 092436 8639
20151015 092444 8637
20151015 092449 8639
20151015 092459 8640
20151015 092459 8640
20151015 092459 8640
20151015 092501 8640
20151015 092501 8641
20151015 092511 8640
20151015 092512 8641
20151015 092515 8641
20151015 092515 8641
20151015 092515 8641
20151015 092515 8641
20151015 092515 8641
20151015 092515 8641
20151015 092515 8642
20151015 092515 8642
20151015 092516 8643
20151015 092516 8643
20151015 092516 8643
20151015 092516 8643
20151015 092516 8643
20151015 092517 8643
20151015 092517 8643
20151015 092517 8643
20151015 092519 8644
20151015 092519 8644
20151015 092520 8644
20151015 092520 8644
20151015 092520 8644
20151015 092520 8644
20151015 092521 8644
20151015 092521 8645
20151015 092521 8645
20151015 092521 8645
20151015 092521 8645
20151015 092522 8645
20151015 092534 8644
20151015 092537 8644
20151015 092538 8643
20151015 092539 8645
20151015 092540 8645
20151015 092540 8645
20151015 092540 8645
20151015 092540 8645
20151015 092540 8645
20151015 092540 8645
20151015 092540 8645
20151015 092541 8645
20151015 092541 8646
20151015 092541 8646
20151015 092542 8646
20151015 092542 8646
20151015 092547 8646
20151015 092547 8646
20151015 092547 8646
20151015 092553 8647
20151015 092559 8644
20151015 092601 8646
20151015 092601 8646
20151015 092601 8646
20151015 092615 8643
20151015 092615 8643
20151015 092615 8643
20151015 092615 8643
20151015 092615 8643
20151015 092618 8644
20151015 092618 8644
20151015 092623 8643
20151015 092623 8643
20151015 092623 8643
20151015 092627 8643
20151015 092629 8643
20151015 092629 8644
20151015 092629 8644
20151015 092632 8643
20151015 092633 8643
20151015 092633 8644
20151015 092633 8644
20151015 092634 8644
20151015 092635 8645
20151015 092635 8646
20151015 092635 8646
20151015 092635 8646
20151015 092638 8645
20151015 092645 8644
20151015 092645 8644
20151015 092646 8644
20151015 092646 8644
20151015 092649 8644
20151015 092655 8645
20151015 092656 8643
20151015 092657 8644
20151015 092657 8644
20151015 092657 8644
20151015 092657 8644
20151015 092657 8644
20151015 092658 8643
20151015 092700 8641
20151015 092701 8644
20151015 092701 8644
20151015 092701 8644
20151015 092701 8644
20151015 092701 8645
20151015 092701 8645
20151015 092702 8644
20151015 092702 8645
20151015 092702 8645
20151015 092703 8645
20151015 092703 8645
20151015 092704 8643
20151015 092704 8643
20151015 092704 8643
20151015 092704 8643
20151015 092704 8643
20151015 092704 8644
20151015 092704 8644
20151015 092704 8644
20151015 092704 8644
20151015 092704 8644
20151015 092722 8643
20151015 092732 8643
20151015 092741 8642
20151015 092742 8643
20151015 092747 8644
20151015 092748 8644
20151015 092749 8644
20151015 092753 8643
20151015 092753 8643
20151015 092753 8643
20151015 092753 8643
20151015 092753 8643
20151015 092758 8645
20151015 092758 8645
20151015 092758 8645
20151015 092758 8645
20151015 092758 8645
20151015 092758 8645
20151015 092758 8645
20151015 092758 8645
20151015 092758 8645
20151015 092758 8645
20151015 092758 8645
20151015 092758 8645
20151015 092758 8646
20151015 092758 8646
20151015 092758 8646
20151015 092758 8646
20151015 092759 8647
20151015 092759 8647
20151015 092759 8647
20151015 092759 8647
20151015 092759 8647
20151015 092759 8647
20151015 092759 8647
20151015 092759 8647
20151015 092759 8647
20151015 092759 8647
20151015 092800 8647
20151015 092801 8648
20151015 092801 8648
20151015 092801 8648
20151015 092801 8648
20151015 092801 8648
20151015 092802 8649
20151015 092802 8649
20151015 092806 8646
20151015 092814 8645
20151015 092818 8645
20151015 092819 8643
20151015 092819 8643
20151015 092819 8644
20151015 092824 8645
20151015 092834 8646
20151015 092838 8645
20151015 092839 8644
20151015 092841 8644
20151015 092841 8645
20151015 092848 8643
20151015 092849 8638
20151015 092849 8638
20151015 092849 8639
20151015 092849 8639
20151015 092849 8641
20151015 092849 8641
20151015 092850 8637
20151015 092852 8639
20151015 092857 8638
20151015 092902 8640
20151015 092912 8638
20151015 092912 8639
20151015 092915 8639
20151015 092919 8638
20151015 092920 8638
20151015 092926 8639
20151015 092926 8639
20151015 092936 8642
20151015 092936 8643
20151015 092941 8643
20151015 092946 8642
20151015 092946 8642
20151015 093003 8637
20151015 093010 8637
20151015 093013 8636
20151015 093013 8636
20151015 093028 8639
20151015 093028 8639
20151015 093029 8640
20151015 093029 8640
20151015 093030 8641
20151015 093030 8641
20151015 093031 8642
20151015 093045 8641
20151015 093112 8638
20151015 093128 8638
20151015 093205 8637
20151015 093205 8637
20151015 093302 8638
20151015 093302 8638
20151015 093302 8638
20151015 093333 8638
20151015 093333 8638
20151015 093346 8636
20151015 093347 8636
20151015 093409 8636
20151015 093409 8636
20151015 093409 8636
20151015 093428 8639
20151015 093428 8639
20151015 093429 8639
20151015 093429 8639
20151015 093430 8639
20151015 093438 8640
20151015 093439 8640
20151015 093439 8640
20151015 093439 8640
20151015 093440 8640
20151015 093440 8641
20151015 093440 8641
20151015 093440 8641
20151015 093440 8641
20151015 093440 8642
20151015 093456 8644
20151015 093456 8645
20151015 093501 8645
20151015 093501 8645
20151015 093501 8645
20151015 093501 8646
20151015 093501 8646
20151015 093501 8646
20151015 093501 8646
20151015 093501 8646
20151015 093501 8646
20151015 093501 8646
20151015 093501 8646
20151015 093501 8646
20151015 093501 8646
20151015 093501 8646
20151015 093501 8647
20151015 093501 8648
20151015 093502 8648
20151015 093502 8648
20151015 093517 8641
20151015 093526 8641
20151015 093537 8638
20151015 093537 8638
20151015 093546 8640
20151015 093613 8639
20151015 093622 8639
20151015 093622 8639
20151015 093654 8642
20151015 093655 8643
20151015 093655 8643
20151015 093655 8643
20151015 093655 8643
20151015 093656 8643
20151015 093657 8643
20151015 093657 8644
20151015 093657 8644
20151015 093701 8644
20151015 093702 8645
20151015 093706 8645
20151015 093706 8645
20151015 093706 8645
20151015 093706 8646
20151015 093706 8646
20151015 093706 8646
20151015 093706 8647
20151015 093706 8647
20151015 093706 8648
20151015 093706 8648
20151015 093706 8648
20151015 093706 8649
20151015 093707 8649
20151015 093707 8649
20151015 093707 8649
20151015 093707 8649
20151015 093707 8650
20151015 093707 8650
20151015 093707 8650
20151015 093707 8650
20151015 093707 8651
20151015 093707 8651
20151015 093707 8651
20151015 093707 8651
20151015 093707 8651
20151015 093707 8651
20151015 093707 8651
20151015 093707 8651
20151015 093707 8652
20151015 093707 8652
20151015 093707 8652
20151015 093707 8652
20151015 093707 8652
20151015 093707 8652
20151015 093707 8652
20151015 093708 8647
20151015 093708 8648
20151015 093729 8650
20151015 093730 8648
20151015 093730 8648
20151015 093730 8648
20151015 093730 8648
20151015 093730 8648
20151015 093730 8648
20151015 093730 8648
20151015 093730 8648
20151015 093730 8648
20151015 093730 8648
20151015 093730 8648
20151015 093730 8648
20151015 093730 8648
20151015 093731 8648
20151015 093758 8650
20151015 093759 8651
20151015 093802 8651
20151015 093805 8651
20151015 093806 8651
20151015 093806 8651
20151015 093806 8651
20151015 093806 8652
20151015 093806 8652
20151015 093815 8648
20151015 093831 8645
20151015 093831 8646
20151015 093850 8648
20151015 093850 8649
20151015 093850 8649
20151015 093851 8650
20151015 093852 8650
20151015 093857 8649
20151015 093859 8651
20151015 093859 8651
20151015 093859 8652
20151015 093859 8652
20151015 093900 8653
20151015 093900 8653
20151015 093900 8653
20151015 093900 8653
20151015 093900 8653
20151015 093900 8654
20151015 093901 8654
20151015 093901 8654
20151015 093901 8654
20151015 093901 8654
20151015 093901 8654
20151015 093901 8654
20151015 093901 8654
20151015 093901 8654
20151015 093901 8654
20151015 093901 8654
20151015 093901 8654
20151015 093901 8655
20151015 093901 8655
20151015 093901 8655
20151015 093901 8655
20151015 093901 8655
20151015 093901 8655
20151015 093901 8655
20151015 093901 8655
20151015 093901 8655
20151015 093902 8653
20151015 093905 8656
20151015 093905 8656
20151015 093905 8656
20151015 093905 8656
20151015 093905 8656
20151015 093905 8656
20151015 093905 8656
20151015 093905 8656
20151015 093905 8656
20151015 093905 8656
20151015 093905 8656
20151015 093906 8656
20151015 093906 8656
20151015 093907 8656
20151015 093909 8653
20151015 093924 8654
20151015 093932 8653
20151015 093938 8653
20151015 093938 8653
20151015 093938 8653
20151015 093939 8653
20151015 093940 8654
20151015 093944 8654
20151015 093946 8655
20151015 093949 8656
20151015 093949 8656
20151015 093949 8656
20151015 093949 8656
20151015 093949 8656
20151015 093949 8656
20151015 093949 8656
20151015 093949 8656
20151015 093949 8656
20151015 093950 8656
20151015 093950 8656
20151015 093950 8657
20151015 093952 8657
20151015 093954 8656
20151015 093954 8657
20151015 093954 8657
20151015 093954 8657
20151015 093956 8658
20151015 093956 8658
20151015 093956 8658
20151015 093958 8658
20151015 093958 8658
20151015 093958 8658
20151015 093958 8659
20151015 093959 8657
20151015 094001 8660
20151015 094001 8660
20151015 094001 8661
20151015 094001 8661
20151015 094001 8661
20151015 094001 8661
20151015 094001 8661
20151015 094001 8662
20151015 094001 8662
20151015 094001 8662
20151015 094001 8662
20151015 094001 8662
20151015 094001 8662
20151015 094001 8662
20151015 094002 8661
20151015 094003 8659
20151015 094009 8661
20151015 094011 8661
20151015 094012 8662
20151015 094012 8662
20151015 094012 8662
20151015 094012 8662
20151015 094014 8662
20151015 094014 8662
20151015 094016 8663
20151015 094027 8660
20151015 094048 8660
20151015 094049 8661
20151015 094102 8661
20151015 094106 8660
20151015 094106 8661
20151015 094107 8662
20151015 094107 8662
20151015 094107 8662
20151015 094107 8662
20151015 094107 8662
20151015 094108 8663
20151015 094108 8663
20151015 094108 8663
20151015 094108 8663
20151015 094108 8663
20151015 094108 8663
20151015 094108 8663
20151015 094108 8663
20151015 094108 8664
20151015 094110 8663
20151015 094111 8664
20151015 094111 8664
20151015 094111 8664
20151015 094112 8663
20151015 094113 8664
20151015 094119 8664
20151015 094119 8664
20151015 094121 8665
20151015 094121 8665
20151015 094121 8665
20151015 094121 8665
20151015 094121 8665
20151015 094121 8665
20151015 094121 8665
20151015 094121 8665
20151015 094122 8664
20151015 094122 8665
20151015 094122 8665
20151015 094129 8660
20151015 094129 8660
20151015 094130 8661
20151015 094130 8661
20151015 094132 8663
20151015 094132 8664
20151015 094136 8663
20151015 094142 8662
20151015 094143 8660
20151015 094143 8661
20151015 094147 8662
20151015 094152 8663
20151015 094152 8663
20151015 094154 8662
20151015 094156 8664
20151015 094208 8663
20151015 094208 8663
20151015 094208 8663
20151015 094222 8662
20151015 094230 8663
20151015 094234 8661
20151015 094245 8662
20151015 094246 8659
20151015 094246 8659
20151015 094246 8660
20151015 094246 8660
20151015 094247 8659
20151015 094247 8659
20151015 094247 8659
20151015 094251 8657
20151015 094251 8657
20151015 094331 8659
20151015 094331 8659
20151015 094331 8659
20151015 094338 8659
20151015 094343 8657
20151015 094350 8656
20151015 094353 8654
20151015 094353 8654
20151015 094353 8654
20151015 094353 8655
20151015 094353 8655
20151015 094355 8654
20151015 094355 8655
20151015 094407 8654
20151015 094411 8652
20151015 094421 8655
20151015 094422 8656
20151015 094422 8656
20151015 094427 8657
20151015 094433 8659
20151015 094441 8660
20151015 094444 8660
20151015 094444 8660
20151015 094444 8661
20151015 094444 8661
20151015 094444 8661
20151015 094452 8663
20151015 094452 8664
20151015 094452 8664
20151015 094453 8664
20151015 094453 8665
20151015 094453 8665
20151015 094453 8665
20151015 094453 8665
20151015 094453 8665
20151015 094453 8665
20151015 094453 8665
20151015 094453 8665
20151015 094453 8665
20151015 094453 8665
20151015 094455 8662
20151015 094457 8662
20151015 094457 8662
20151015 094457 8662
20151015 094501 8664
20151015 094501 8666
20151015 094501 8666
20151015 094502 8665
20151015 094502 8667
20151015 094502 8667
20151015 094502 8667
20151015 094502 8667
20151015 094512 8659
20151015 094514 8657
20151015 094514 8657
20151015 094520 8658
20151015 094523 8661
20151015 094523 8661
20151015 094523 8661
20151015 094523 8661
20151015 094530 8661
20151015 094543 8658
20151015 094553 8657
20151015 094628 8659
20151015 094628 8659
20151015 094628 8659
20151015 094628 8659
20151015 094644 8660
20151015 094644 8660
20151015 094644 8660
20151015 094648 8659
20151015 094705 8657
20151015 094705 8657
20151015 094705 8657
20151015 094706 8656
20151015 094706 8656
20151015 094706 8656
20151015 094706 8656
20151015 094710 8657
20151015 094710 8657
20151015 094726 8654
20151015 094726 8654
20151015 094726 8654
20151015 094736 8656
20151015 094737 8656
20151015 094737 8656
20151015 094737 8656
20151015 094743 8655
20151015 094746 8655
20151015 094808 8656
20151015 094808 8657
20151015 094830 8656
20151015 094837 8656
20151015 094850 8657
20151015 094851 8657
20151015 094856 8656
20151015 094904 8655
20151015 094909 8653
20151015 094910 8651
20151015 094910 8651
20151015 094910 8652
20151015 094910 8652
20151015 094910 8652
20151015 094910 8652
20151015 094911 8651
20151015 094918 8654
20151015 094926 8654
20151015 094931 8657
20151015 094943 8654
20151015 094959 8654
20151015 094959 8654
20151015 095003 8658
20151015 095004 8658
20151015 095008 8659
20151015 095009 8660
20151015 095010 8660
20151015 095010 8660
20151015 095010 8660
20151015 095011 8661
20151015 095011 8661
20151015 095011 8661
20151015 095011 8661
20151015 095011 8661
20151015 095014 8662
20151015 095014 8662
20151015 095014 8662
20151015 095103 8661
20151015 095121 8659
20151015 095135 8643
20151015 095145 8659
20151015 095153 8660
20151015 095153 8660
20151015 095153 8660
20151015 095201 8658
20151015 095205 8659
20151015 095215 8660
20151015 095215 8660
20151015 095215 8660
20151015 095254 8658
20151015 095256 8658
20151015 095258 8658
20151015 095305 8659
20151015 095309 8660
20151015 095309 8660
20151015 095309 8660
20151015 095316 8661
20151015 095334 8662
20151015 095334 8663
20151015 095334 8664
20151015 095335 8664
20151015 095335 8664
20151015 095337 8665
20151015 095342 8663
20151015 095349 8664
20151015 095350 8665
20151015 095355 8662
20151015 095357 8662
20151015 095414 8654
20151015 095414 8655
20151015 095414 8655
20151015 095414 8655
20151015 095415 8655
20151015 095415 8655
20151015 095416 8656
20151015 095421 8653
20151015 095425 8653
20151015 095434 8647
20151015 095434 8648
20151015 095434 8649
20151015 095434 8649
20151015 095434 8649
20151015 095434 8650
20151015 095434 8650
20151015 095434 8650
20151015 095435 8642
20151015 095435 8642
20151015 095435 8644
20151015 095435 8644
20151015 095435 8644
20151015 095435 8645
20151015 095435 8645
20151015 095435 8645
20151015 095435 8645
20151015 095435 8645
20151015 095436 8648
20151015 095437 8647
20151015 095437 8648
20151015 095442 8647
20151015 095443 8647
20151015 095446 8646
20151015 095446 8646
20151015 095447 8646
20151015 095448 8646
20151015 095501 8649
20151015 095501 8649
20151015 095510 8647
20151015 095523 8651
20151015 095531 8649
20151015 095541 8650
20151015 095547 8650
20151015 095548 8649
20151015 095554 8651
20151015 095557 8652
20151015 095604 8652
20151015 095604 8652
20151015 095605 8651
20151015 095605 8652
20151015 095605 8652
20151015 095622 8651
20151015 095646 8646
20151015 095653 8644
20151015 095655 8645
20151015 095705 8646
20151015 095707 8645
20151015 095709 8645
20151015 095747 8646
20151015 095750 8647
20151015 095750 8648
20151015 095750 8648
20151015 095750 8648
20151015 095750 8648
20151015 095750 8648
20151015 095835 8646
20151015 095929 8643
20151015 095930 8642
20151015 095930 8642
20151015 095930 8642
20151015 095931 8642
20151015 095931 8642
20151015 095947 8644
20151015 095948 8645
20151015 095949 8646
20151015 095949 8646
20151015 095949 8646
20151015 095949 8646
20151015 095949 8646
20151015 095949 8646
20151015 095953 8646
20151015 095953 8646
20151015 100001 8647
20151015 100014 8647
20151015 100026 8646
20151015 100109 8648
20151015 100109 8649
20151015 100109 8649
20151015 100113 8651
20151015 100113 8651
20151015 100114 8653
20151015 100124 8650
20151015 100132 8651
20151015 100133 8650
20151015 100150 8650
20151015 100217 8649
20151015 100233 8647
20151015 100245 8649
20151015 100254 8648
20151015 100302 8649
20151015 100302 8649
20151015 100306 8649
20151015 100335 8649
20151015 100346 8649
20151015 100348 8648
20151015 100410 8647
20151015 100419 8646
20151015 100431 8646
20151015 100442 8646
20151015 100446 8646
20151015 100452 8646
20151015 100454 8645
20151015 100454 8645
20151015 100537 8645
20151015 100540 8645
20151015 100542 8646
20151015 100542 8646
20151015 100542 8646
20151015 100549 8648
20151015 100552 8647
20151015 100556 8648
20151015 100556 8648
20151015 100556 8648
20151015 100606 8649
20151015 100606 8649
20151015 100606 8649
20151015 100609 8649
20151015 100613 8651
20151015 100613 8651
20151015 100613 8651
20151015 100613 8651
20151015 100613 8652
20151015 100614 8653
20151015 100615 8654
20151015 100615 8654
20151015 100615 8656
20151015 100616 8656
20151015 100617 8656
20151015 100617 8656
20151015 100617 8656
20151015 100617 8656
20151015 100621 8656
20151015 100659 8654
20151015 100706 8655
20151015 100730 8654
20151015 100741 8650
20151015 100743 8650
20151015 100801 8648
20151015 100808 8648
20151015 100809 8648
20151015 100827 8649
20151015 100846 8648
20151015 100912 8646
20151015 100912 8647
20151015 100912 8647
20151015 100915 8648
20151015 100927 8648
20151015 100949 8650
20151015 100956 8651
20151015 101008 8652
20151015 101017 8652
20151015 101030 8653
20151015 101036 8653
20151015 101037 8653
20151015 101047 8653
20151015 101103 8653
20151015 101110 8653
20151015 101131 8652
20151015 101131 8652
20151015 101144 8653
20151015 101158 8654
20151015 101205 8650
20151015 101205 8650
20151015 101206 8649
20151015 101218 8647
20151015 101237 8649
20151015 101309 8649
20151015 101321 8649
20151015 101321 8649
20151015 101328 8649
20151015 101339 8650
20151015 101352 8650
20151015 101355 8649
20151015 101404 8648
20151015 101405 8648
20151015 101405 8648
20151015 101421 8648
20151015 101422 8647
20151015 101438 8632
20151015 101438 8648
20151015 101449 8649
20151015 101449 8649
20151015 101449 8649
20151015 101449 8649
20151015 101519 8651
20151015 101523 8650
20151015 101525 8650
20151015 101529 8650
20151015 101549 8651
20151015 101549 8651
20151015 101552 8651
20151015 101558 8654
20151015 101559 8655
20151015 101618 8651
20151015 101618 8651
20151015 101622 8652
20151015 101656 8652
20151015 101658 8650
20151015 101658 8650
20151015 101658 8650
20151015 101736 8651
20151015 101738 8651
20151015 101745 8652
20151015 101820 8653
20151015 101820 8653
20151015 101820 8654
20151015 101820 8654
20151015 101820 8655
20151015 101820 8655
20151015 101820 8655
20151015 101820 8655
20151015 101820 8656
20151015 101820 8656
20151015 101820 8656
20151015 101820 8656
20151015 101820 8656
20151015 101820 8656
20151015 101820 8656
20151015 101820 8657
20151015 101821 8657
20151015 101821 8657
20151015 101821 8657
20151015 101821 8657
20151015 101821 8657
20151015 101821 8658
20151015 101821 8658
20151015 101821 8659
20151015 101823 8655
20151015 101825 8656
20151015 101825 8656
20151015 101825 8656
20151015 101825 8656
20151015 101825 8656
20151015 101829 8657
20151015 101830 8655
20151015 101841 8655
20151015 101842 8656
20151015 101854 8656
20151015 101941 8656
20151015 102000 8657
20151015 102002 8656
20151015 102003 8657
20151015 102007 8656
20151015 102047 8654
20151015 102051 8655
20151015 102051 8655
20151015 102051 8655
20151015 102121 8652
20151015 102123 8651
20151015 102123 8651
20151015 102123 8652
20151015 102125 8653
20151015 102133 8654
20151015 102144 8655
20151015 102144 8655
20151015 102145 8654
20151015 102147 8655
20151015 102147 8655
20151015 102216 8652
20151015 102217 8651
20151015 102237 8648
20151015 102241 8647
20151015 102256 8650
20151015 102303 8648
20151015 102304 8649
20151015 102305 8648
20151015 102309 8647
20151015 102314 8648
20151015 102321 8649
20151015 102321 8649
20151015 102407 8647
20151015 102408 8647
20151015 102408 8647
20151015 102429 8648
20151015 102438 8647
20151015 102442 8647
20151015 102450 8649
20151015 102502 8649
20151015 102513 8644
20151015 102513 8645
20151015 102513 8645
20151015 102513 8645
20151015 102513 8645
20151015 102513 8645
20151015 102513 8645
20151015 102513 8646
20151015 102513 8646
20151015 102513 8646
20151015 102513 8647
20151015 102514 8643
20151015 102514 8643
20151015 102514 8643
20151015 102514 8643
20151015 102514 8643
20151015 102519 8642
20151015 102521 8641
20151015 102521 8641
20151015 102521 8641
20151015 102521 8641
20151015 102521 8641
20151015 102522 8640
20151015 102522 8640
20151015 102522 8640
20151015 102522 8640
20151015 102522 8640
20151015 102523 8634
20151015 102523 8635
20151015 102523 8635
20151015 102523 8635
20151015 102523 8635
20151015 102523 8635
20151015 102523 8635
20151015 102523 8635
20151015 102523 8636
20151015 102523 8636
20151015 102523 8636
20151015 102523 8637
20151015 102523 8637
20151015 102523 8637
20151015 102523 8637
20151015 102523 8638
20151015 102523 8639
20151015 102523 8639
20151015 102524 8621
20151015 102524 8622
20151015 102524 8623
20151015 102524 8623
20151015 102524 8624
20151015 102524 8624
20151015 102524 8624
20151015 102524 8624
20151015 102524 8624
20151015 102524 8624
20151015 102524 8625
20151015 102524 8625
20151015 102524 8625
20151015 102524 8625
20151015 102524 8625
20151015 102524 8625
20151015 102524 8626
20151015 102524 8626
20151015 102524 8626
20151015 102524 8626
20151015 102524 8626
20151015 102524 8626
20151015 102524 8627
20151015 102524 8627
20151015 102524 8627
20151015 102524 8627
20151015 102524 8627
20151015 102524 8628
20151015 102524 8628
20151015 102524 8629
20151015 102524 8630
20151015 102524 8630
20151015 102524 8630
20151015 102524 8630
20151015 102524 8630
20151015 102524 8630
20151015 102524 8630
20151015 102524 8631
20151015 102524 8631
20151015 102524 8631
20151015 102524 8632
20151015 102524 8632
20151015 102524 8632
20151015 102524 8633
20151015 102524 8633
20151015 102524 8634
20151015 102524 8635
20151015 102525 8616
20151015 102525 8616
20151015 102525 8617
20151015 102525 8617
20151015 102525 8620
20151015 102525 8620
20151015 102525 8620
20151015 102525 8620
20151015 102525 8620
20151015 102525 8620
20151015 102525 8620
20151015 102525 8620
20151015 102525 8620
20151015 102526 8612
20151015 102526 8612
20151015 102526 8612
20151015 102526 8612
20151015 102526 8614
20151015 102526 8614
20151015 102526 8614
20151015 102526 8614
20151015 102526 8614
20151015 102526 8614
20151015 102526 8614
20151015 102526 8614
20151015 102526 8614
20151015 102526 8614
20151015 102526 8614
20151015 102526 8614
20151015 102526 8614
20151015 102526 8614
20151015 102526 8614
20151015 102526 8614
20151015 102526 8614
20151015 102526 8614
20151015 102526 8615
20151015 102526 8615
20151015 102526 8615
20151015 102527 8606
20151015 102527 8607
20151015 102527 8608
20151015 102527 8608
20151015 102527 8608
20151015 102527 8609
20151015 102527 8610
20151015 102527 8611
20151015 102527 8612
20151015 102528 8601
20151015 102528 8604
20151015 102528 8604
20151015 102528 8604
20151015 102528 8604
20151015 102528 8604
20151015 102528 8604
20151015 102528 8604
20151015 102528 8604
20151015 102528 8604
20151015 102528 8605
20151015 102529 8592
20151015 102529 8592
20151015 102529 8593
20151015 102529 8593
20151015 102529 8594
20151015 102529 8594
20151015 102529 8594
20151015 102529 8594
20151015 102529 8595
20151015 102529 8595
20151015 102529 8595
20151015 102529 8595
20151015 102529 8595
20151015 102529 8596
20151015 102529 8596
20151015 102529 8598
20151015 102529 8599
20151015 102529 8599
20151015 102530 8589
20151015 102530 8589
20151015 102530 8590
20151015 102530 8590
20151015 102530 8590
20151015 102530 8590
20151015 102530 8590
20151015 102530 8590
20151015 102530 8590
20151015 102530 8590
20151015 102530 8590
20151015 102530 8591
20151015 102530 8598
20151015 102531 8589
20151015 102531 8597
20151015 102531 8601
20151015 102531 8601
20151015 102531 8601
20151015 102532 8597
20151015 102532 8597
20151015 102533 8603
20151015 102535 8600
20151015 102535 8600
20151015 102535 8601
20151015 102535 8602
20151015 102535 8602
20151015 102535 8603
20151015 102535 8604
20151015 102535 8605
20151015 102540 8608
20151015 102541 8609
20151015 102543 8604
20151015 102543 8604
20151015 102543 8604
20151015 102545 8601
20151015 102545 8601
20151015 102545 8601
20151015 102546 8601
20151015 102551 8602
20151015 102551 8602
20151015 102558 8607
20151015 102558 8608
20151015 102558 8608
20151015 102558 8609
20151015 102559 8607
20151015 102559 8608
20151015 102600 8607
20151015 102601 8607
20151015 102601 8607
20151015 102608 8611
20151015 102610 8609
20151015 102610 8609
20151015 102610 8609
20151015 102610 8609
20151015 102610 8609
20151015 102610 8609
20151015 102610 8609
20151015 102610 8610
20151015 102612 8610
20151015 102612 8610
20151015 102612 8610
20151015 102612 8610
20151015 102614 8609
20151015 102626 8614
20151015 102629 8615
20151015 102630 8614
20151015 102630 8615
20151015 102634 8613
20151015 102634 8613
20151015 102634 8613
20151015 102640 8613
20151015 102640 8613
20151015 102640 8613
20151015 102640 8613
20151015 102640 8613
20151015 102640 8613
20151015 102640 8613
20151015 102640 8613
20151015 102640 8613
20151015 102652 8613
20151015 102652 8613
20151015 102652 8613
20151015 102652 8614
20151015 102652 8614
20151015 102653 8613
20151015 102653 8613
20151015 102655 8613
20151015 102657 8613
20151015 102657 8614
20151015 102706 8612
20151015 102706 8612
20151015 102707 8612
20151015 102722 8613
20151015 102722 8613
20151015 102723 8613
20151015 102725 8613
20151015 102726 8612
20151015 102727 8612
20151015 102729 8612
20151015 102729 8613
20151015 102730 8612
20151015 102730 8612
20151015 102731 8611
20151015 102731 8611
20151015 102734 8612
20151015 102738 8611
20151015 102738 8612
20151015 102743 8610
20151015 102743 8610
20151015 102749 8611
20151015 102750 8612
20151015 102750 8612
20151015 102750 8612
20151015 102807 8610
20151015 102808 8609
20151015 102808 8609
20151015 102809 8609
20151015 102809 8609
20151015 102809 8609
20151015 102809 8609
20151015 102809 8609
20151015 102809 8609
20151015 102809 8609
20151015 102812 8609
20151015 102814 8608
20151015 102814 8609
20151015 102815 8608
20151015 102816 8608
20151015 102818 8610
20151015 102822 8608
20151015 102828 8610
20151015 102828 8610
20151015 102832 8607
20151015 102832 8607
20151015 102832 8607
20151015 102832 8607
20151015 102833 8606
20151015 102833 8607
20151015 102833 8607
20151015 102833 8607
20151015 102833 8607
20151015 102845 8608
20151015 102845 8608
20151015 102852 8609
20151015 102857 8608
20151015 102900 8609
20151015 102903 8609
20151015 102918 8609
20151015 102926 8610
20151015 102953 8608
20151015 102953 8608
20151015 102959 8606
20151015 103000 8605
20151015 103000 8605
20151015 103000 8605
20151015 103000 8606
20151015 103001 8605
20151015 103001 8605
20151015 103002 8606
20151015 103012 8610
20151015 103013 8611
20151015 103015 8611
20151015 103015 8611
20151015 103015 8611
20151015 103018 8611
20151015 103018 8611
20151015 103024 8612
20151015 103024 8612
20151015 103056 8615
20151015 103056 8615
20151015 103057 8616
20151015 103058 8616
20151015 103058 8616
20151015 103058 8616
20151015 103102 8615
20151015 103103 8615
20151015 103114 8615
20151015 103128 8616
20151015 103141 8616
20151015 103141 8616
20151015 103141 8616
20151015 103141 8616
20151015 103143 8616
20151015 103157 8615
20151015 103157 8615
20151015 103206 8616
20151015 103209 8615
20151015 103217 8614
20151015 103218 8614
20151015 103219 8613
20151015 103222 8613
20151015 103222 8613
20151015 103224 8614
20151015 103224 8614
20151015 103226 8614
20151015 103240 8616
20151015 103240 8616
20151015 103250 8617
20151015 103255 8617
20151015 103305 8618
20151015 103305 8618
20151015 103346 8613
20151015 103346 8613
20151015 103347 8612
20151015 103349 8611
20151015 103351 8614
20151015 103352 8614
20151015 103357 8616
20151015 103358 8616
20151015 103404 8613
20151015 103406 8614
20151015 103418 8614
20151015 103449 8614
20151015 103502 8611
20151015 103502 8611
20151015 103502 8611
20151015 103502 8611
20151015 103502 8611
20151015 103502 8612
20151015 103502 8612
20151015 103502 8612
20151015 103507 8612
20151015 103525 8614
20151015 103530 8614
20151015 103537 8613
20151015 103603 8614
20151015 103611 8612
20151015 103612 8609
20151015 103612 8609
20151015 103612 8609
20151015 103612 8609
20151015 103612 8609
20151015 103612 8609
20151015 103612 8609
20151015 103612 8609
20151015 103612 8610
20151015 103612 8611
20151015 103613 8608
20151015 103620 8612
20151015 103648 8613
20151015 103655 8612
20151015 103656 8612
20151015 103702 8610
20151015 103703 8610
20151015 103715 8614
20151015 103715 8616
20151015 103715 8616
20151015 103715 8616
20151015 103715 8616
20151015 103715 8616
20151015 103715 8616
20151015 103715 8617
20151015 103715 8618
20151015 103715 8618
20151015 103715 8619
20151015 103716 8619
20151015 103716 8619
20151015 103716 8620
20151015 103716 8620
20151015 103716 8621
20151015 103720 8619
20151015 103720 8619
20151015 103740 8621
20151015 103748 8620
20151015 103750 8620
20151015 103750 8621
20151015 103751 8618
20151015 103803 8621
20151015 103804 8621
20151015 103813 8622
20151015 103817 8622
20151015 103819 8622
20151015 103819 8623
20151015 103820 8623
20151015 103821 8624
20151015 103822 8624
20151015 103829 8622
20151015 103841 8620
20151015 103849 8622
20151015 103853 8620
20151015 103902 8619
20151015 103903 8620
20151015 103910 8621
20151015 103910 8621
20151015 103911 8621
20151015 103916 8621
20151015 103919 8621
20151015 103931 8623
20151015 103931 8623
20151015 103931 8623
20151015 103931 8623
20151015 103931 8623
20151015 103932 8623
20151015 103932 8623
20151015 103932 8623
20151015 103934 8621
20151015 103935 8622
20151015 103945 8622
20151015 104001 8621
20151015 104006 8621
20151015 104006 8621
20151015 104009 8621
20151015 104017 8621
20151015 104035 8619
20151015 104035 8619
20151015 104039 8619
20151015 104042 8618
20151015 104043 8617
20151015 104043 8617
20151015 104056 8617
20151015 104108 8617
20151015 104109 8617
20151015 104133 8620
20151015 104157 8620
20151015 104157 8620
20151015 104157 8620
20151015 104211 8621
20151015 104258 8618
20151015 104306 8618
20151015 104333 8618
20151015 104345 8618
20151015 104402 8619
20151015 104419 8620
20151015 104419 8620
20151015 104441 8620
20151015 104443 8621
20151015 104444 8621
20151015 104501 8618
20151015 104519 8620
20151015 104553 8622
20151015 104555 8623
20151015 104611 8623
20151015 104628 8622
20151015 104631 8623
20151015 104631 8623
20151015 104634 8623
20151015 104643 8622
20151015 104655 8620
20151015 104700 8620
20151015 104701 8620
20151015 104702 8620
20151015 104705 8620
20151015 104726 8619
20151015 104726 8620
20151015 104730 8619
20151015 104736 8619
20151015 104744 8619
20151015 104839 8618
20151015 104856 8618
20151015 104902 8619
20151015 104903 8620
20151015 104915 8620
20151015 105018 8616
20151015 105024 8616
20151015 105047 8617
20151015 105135 8616
20151015 105135 8616
20151015 105135 8616
20151015 105219 8617
20151015 105225 8616
20151015 105239 8618
20151015 105250 8617
20151015 105255 8617
20151015 105314 8618
20151015 105352 8620
20151015 105511 8619
20151015 105512 8618
20151015 105522 8618
20151015 105526 8618
20151015 105606 8619
20151015 105617 8619
20151015 105632 8621
20151015 105633 8621
20151015 105633 8621
20151015 105634 8622
20151015 105634 8622
20151015 105634 8622
20151015 105640 8621
20151015 105656 8621
20151015 105726 8619
20151015 105746 8617
20151015 105818 8619
20151015 105818 8619
20151015 105820 8619
20151015 105829 8617
20151015 105902 8592
20151015 105932 8615
20151015 105934 8614
20151015 105934 8614
20151015 105934 8614
20151015 105934 8614
20151015 105938 8613
20151015 105939 8613
20151015 105939 8613
20151015 105955 8614
20151015 110001 8614
20151015 110013 8616
20151015 110022 8614
20151015 110047 8613
20151015 110047 8613
20151015 110048 8612
20151015 110048 8612
20151015 110051 8611
20151015 110051 8611
20151015 110106 8613
20151015 110109 8615
20151015 110109 8616
20151015 110140 8614
20151015 110306 8612
20151015 110352 8615
20151015 110353 8616
20151015 110353 8616
20151015 110353 8616
20151015 110353 8616
20151015 110353 8616
20151015 110356 8618
20151015 110439 8615
20151015 110458 8616
20151015 110502 8614
20151015 110504 8614
20151015 110534 8616
20151015 110534 8616
20151015 110544 8615
20151015 110544 8615
20151015 110612 8615
20151015 110649 8615
20151015 110655 8616
20151015 110658 8617
20151015 110659 8618
20151015 110659 8618
20151015 110718 8619
20151015 110735 8619
20151015 110747 8618
20151015 110753 8615
20151015 110753 8615
20151015 110832 8618
20151015 110834 8618
20151015 110916 8617
20151015 110948 8620
20151015 110948 8620
20151015 110955 8620
20151015 111020 8618
20151015 111047 8619
20151015 111055 8617
20151015 111114 8617
20151015 111114 8617
20151015 111114 8617
20151015 111114 8617
20151015 111219 8617
20151015 111317 8617
20151015 111333 8618
20151015 111355 8618
20151015 111356 8619
20151015 111358 8621
20151015 111401 8621
20151015 111401 8621
20151015 111401 8621
20151015 111402 8621
20151015 111402 8621
20151015 111430 8619
20151015 111501 8620
20151015 111501 8620
20151015 111501 8620
20151015 111513 8619
20151015 111524 8619
20151015 111524 8620
20151015 111529 8620
20151015 111550 8619
20151015 111550 8619
20151015 111555 8620
20151015 111557 8620
20151015 111647 8621
20151015 111657 8621
20151015 111711 8620
20151015 111716 8620
20151015 111745 8620
20151015 111745 8622
20151015 111755 8621
20151015 111817 8619
20151015 111817 8619
20151015 111817 8619
20151015 111817 8619
20151015 111818 8617
20151015 111821 8617
20151015 111827 8617
20151015 111829 8617
20151015 111844 8619
20151015 111956 8617
20151015 112007 8617
20151015 112034 8620
20151015 112040 8619
20151015 112040 8619
20151015 112043 8620
20151015 112055 8618
20151015 112116 8618
20151015 112152 8618
20151015 112221 8619
20151015 112222 8619
20151015 112222 8619
20151015 112222 8619
20151015 112300 8618
20151015 112304 8619
20151015 112307 8618
20151015 112319 8617
20151015 112319 8617
20151015 112319 8617
20151015 112319 8617
20151015 112352 8618
20151015 112404 8618
20151015 112408 8618
20151015 112438 8620
20151015 112446 8620
20151015 112446 8620
20151015 112500 8621
20151015 112501 8621
20151015 112504 8621
20151015 112552 8621
20151015 112610 8620
20151015 112725 8621
20151015 112744 8620
20151015 112803 8620
20151015 112809 8620
20151015 112813 8621
20151015 112818 8622
20151015 112818 8622
20151015 112835 8625
20151015 112835 8625
20151015 112835 8625
20151015 112835 8625
20151015 112835 8626
20151015 112835 8626
20151015 112835 8626
20151015 112835 8626
20151015 112835 8626
20151015 112835 8626
20151015 112835 8626
20151015 112835 8626
20151015 112835 8626
20151015 112835 8626
20151015 112835 8626
20151015 112835 8626
20151015 112835 8626
20151015 112835 8626
20151015 112835 8626
20151015 112836 8626
20151015 112836 8626
20151015 112836 8626
20151015 112836 8626
20151015 112836 8626
20151015 112836 8626
20151015 112836 8626
20151015 112836 8626
20151015 112836 8626
20151015 112837 8626
20151015 112837 8626
20151015 112837 8627
20151015 112837 8627
20151015 112840 8627
20151015 112853 8626
20151015 112856 8624
20151015 112856 8624
20151015 112856 8624
20151015 112856 8624
20151015 112909 8629
20151015 112909 8629
20151015 112909 8629
20151015 112910 8630
20151015 112910 8630
20151015 112910 8631
20151015 112910 8631
20151015 112910 8631
20151015 112910 8631
20151015 112910 8631
20151015 112910 8631
20151015 112915 8631
20151015 112922 8631
20151015 112942 8628
20151015 113029 8629
20151015 113046 8630
20151015 113047 8614
20151015 113059 8631
20151015 113059 8631
20151015 113208 8630
20151015 113209 8630
20151015 113220 8629
20151015 113237 8630
20151015 113304 8613
20151015 113310 8630
20151015 113314 8631
20151015 113317 8630
20151015 113329 8631
20151015 113329 8631
20151015 113335 8632
20151015 113335 8632
20151015 113346 8632
20151015 113346 8632
20151015 113346 8632
20151015 113346 8632
20151015 113346 8632
20151015 113346 8632
20151015 113346 8632
20151015 113346 8632
20151015 113346 8632
20151015 113353 8632
20151015 113355 8632
20151015 113359 8633
20151015 113400 8633
20151015 113400 8633
20151015 113400 8633
20151015 113405 8634
20151015 113405 8634
20151015 113405 8634
20151015 113405 8634
20151015 113405 8634
20151015 113405 8634
20151015 113413 8633
20151015 113419 8632
20151015 113437 8633
20151015 113447 8633
20151015 113456 8632
20151015 113500 8632
20151015 113501 8634
20151015 113504 8634
20151015 113511 8633
20151015 113513 8634
20151015 113519 8635
20151015 113524 8635
20151015 113526 8635
20151015 113526 8635
20151015 113527 8635
20151015 113529 8635
20151015 113529 8635
20151015 113530 8635
20151015 113535 8634
20151015 113538 8634
20151015 113542 8633
20151015 113543 8632
20151015 113608 8634
20151015 113614 8633
20151015 113620 8633
20151015 113628 8634
20151015 113642 8633
20151015 113642 8633
20151015 113642 8633
20151015 113649 8634
20151015 113649 8634
20151015 113701 8633
20151015 113728 8632
20151015 113728 8632
20151015 113741 8631
20151015 113747 8630
20151015 113747 8630
20151015 113747 8630
20151015 113749 8630
20151015 113755 8629
20151015 113757 8629
20151015 113757 8630
20151015 113829 8630
20151015 113832 8629
20151015 113850 8628
20151015 113900 8628
20151015 113913 8627
20151015 114001 8628
20151015 114014 8629
20151015 114045 8628
20151015 114045 8628
20151015 114111 8629
20151015 114127 8631
20151015 114127 8631
20151015 114134 8629
20151015 114249 8631
20151015 114249 8631
20151015 114249 8631
20151015 114306 8630
20151015 114335 8630
20151015 114438 8629
20151015 114520 8631
20151015 114541 8632
20151015 114541 8633
20151015 114544 8633
20151015 114550 8634
20151015 114557 8634
20151015 114611 8633
20151015 114624 8631
20151015 114707 8632
20151015 114745 8629
20151015 114745 8630
20151015 114753 8632
20151015 114758 8634
20151015 114800 8635
20151015 114808 8633
20151015 114915 8634
20151015 114916 8633
20151015 114942 8633
20151015 115040 8636
20151015 115040 8636
20151015 115040 8636
20151015 115040 8636
20151015 115040 8636
20151015 115040 8636
20151015 115040 8636
20151015 115040 8636
20151015 115040 8636
20151015 115040 8636
20151015 115040 8636
20151015 115040 8636
20151015 115040 8636
20151015 115040 8636
20151015 115040 8636
20151015 115040 8636
20151015 115040 8636
20151015 115045 8636
20151015 115047 8636
20151015 115102 8636
20151015 115107 8636
20151015 115107 8636
20151015 115156 8636
20151015 115202 8638
20151015 115202 8638
20151015 115202 8638
20151015 115203 8637
20151015 115213 8636
20151015 115213 8636
20151015 115213 8636
20151015 115220 8636
20151015 115232 8637
20151015 115242 8636
20151015 115245 8636
20151015 115245 8637
20151015 115248 8637
20151015 115258 8637
20151015 115301 8635
20151015 115301 8636
20151015 115301 8636
20151015 115301 8636
20151015 115333 8637
20151015 115352 8638
20151015 115355 8638
20151015 115355 8638
20151015 115355 8638
20151015 115401 8636
20151015 115404 8636
20151015 115425 8639
20151015 115425 8639
20151015 115425 8639
20151015 115425 8639
20151015 115425 8639
20151015 115425 8639
20151015 115429 8638
20151015 115451 8638
20151015 115502 8638
20151015 115525 8638
20151015 115527 8639
20151015 115527 8639
20151015 115527 8639
20151015 115527 8639
20151015 115528 8639
20151015 115528 8640
20151015 115528 8640
20151015 115528 8640
20151015 115528 8640
20151015 115528 8640
20151015 115528 8640
20151015 115528 8640
20151015 115528 8640
20151015 115528 8640
20151015 115528 8641
20151015 115528 8641
20151015 115547 8640
20151015 115553 8639
20151015 115553 8639
20151015 115601 8616
20151015 115601 8640
20151015 115601 8640
20151015 115611 8639
20151015 115619 8639
20151015 115623 8639
20151015 115633 8638
20151015 115633 8638
20151015 115634 8638
20151015 115648 8637
20151015 115656 8637
20151015 115745 8638
20151015 115751 8639
20151015 115752 8640
20151015 115800 8640
20151015 115828 8640
20151015 115833 8639
20151015 115833 8639
20151015 115833 8639
20151015 115833 8639
20151015 115833 8639
20151015 115833 8639
20151015 115833 8639
20151015 115838 8640
20151015 115842 8641
20151015 115904 8640
20151015 115915 8640
20151015 115916 8641
20151015 115916 8641
20151015 115937 8640
20151015 115947 8640
20151015 115958 8640
20151015 120006 8640
20151015 120013 8642
20151015 120013 8642
20151015 120046 8642
20151015 120049 8642
20151015 120053 8642
20151015 120054 8641
20151015 120058 8641
20151015 120058 8641
20151015 120058 8641
20151015 120058 8641
20151015 120118 8642
20151015 120119 8642
20151015 120121 8642
20151015 120131 8643
20151015 120131 8643
20151015 120131 8643
20151015 120131 8643
20151015 120133 8642
20151015 120140 8643
20151015 120238 8641
20151015 120302 8641
20151015 120306 8641
20151015 120412 8639
20151015 120440 8638
20151015 120537 8636
20151015 120541 8636
20151015 120545 8635
20151015 120553 8637
20151015 120610 8637
20151015 120639 8635
20151015 120642 8636
20151015 120643 8635
20151015 120714 8636
20151015 120715 8636
20151015 120730 8636
20151015 120730 8636
20151015 120743 8635
20151015 120748 8635
20151015 120748 8635
20151015 120750 8634
20151015 120750 8634
20151015 120750 8634
20151015 120750 8634
20151015 120754 8633
20151015 120754 8633
20151015 120807 8632
20151015 120807 8634
20151015 120808 8632
20151015 120818 8634
20151015 120859 8632
20151015 120859 8632
20151015 120900 8631
20151015 120902 8631
20151015 120904 8631
20151015 120905 8631
20151015 120915 8631
20151015 120920 8632
20151015 120922 8632
20151015 120926 8631
20151015 120926 8631
20151015 120945 8630
20151015 120945 8630
20151015 120945 8630
20151015 120950 8631
20151015 121008 8632
20151015 121009 8632
20151015 121021 8633
20151015 121021 8633
20151015 121048 8633
20151015 121121 8632
20151015 121137 8633
20151015 121138 8633
20151015 121145 8633
20151015 121155 8633
20151015 121219 8632
20151015 121302 8634
20151015 121313 8634
20151015 121313 8634
20151015 121313 8634
20151015 121313 8634
20151015 121352 8635
20151015 121357 8634
20151015 121415 8634
20151015 121500 8635
20151015 121522 8634
20151015 121610 8632
20151015 121611 8632
20151015 121613 8632
20151015 121656 8633
20151015 121705 8633
20151015 121712 8633
20151015 121712 8633
20151015 121747 8632
20151015 121816 8632
20151015 121821 8631
20151015 121829 8630
20151015 121900 8630
20151015 121948 8631
20151015 122000 8632
20151015 122010 8631
20151015 122015 8631
20151015 122020 8631
20151015 122054 8631
20151015 122057 8631
20151015 122116 8631
20151015 122116 8631
20151015 122117 8631
20151015 122124 8631
20151015 122133 8631
20151015 122203 8629
20151015 122205 8629
20151015 122206 8629
20151015 122214 8629
20151015 122214 8629
20151015 122214 8629
20151015 122214 8629
20151015 122227 8628
20151015 122227 8628
20151015 122228 8628
20151015 122306 8629
20151015 122347 8629
20151015 122349 8629
20151015 122350 8629
20151015 122351 8629
20151015 122359 8630
20151015 122426 8629
20151015 122438 8629
20151015 122439 8629
20151015 122501 8602
20151015 122501 8602
20151015 122501 8602
20151015 122501 8602
20151015 122501 8602
20151015 122501 8602
20151015 122501 8602
20151015 122501 8602
20151015 122501 8602
20151015 122501 8602
20151015 122501 8602
20151015 122501 8602
20151015 122501 8602
20151015 122501 8602
20151015 122501 8612
20151015 122501 8623
20151015 122501 8623
20151015 122501 8624
20151015 122501 8624
20151015 122501 8624
20151015 122501 8624
20151015 122501 8625
20151015 122501 8625
20151015 122501 8625
20151015 122501 8625
20151015 122501 8625
20151015 122501 8625
20151015 122501 8625
20151015 122501 8625
20151015 122501 8625
20151015 122501 8625
20151015 122501 8625
20151015 122501 8625
20151015 122501 8625
20151015 122501 8625
20151015 122501 8625
20151015 122501 8625
20151015 122501 8625
20151015 122501 8625
20151015 122501 8625
20151015 122501 8625
20151015 122501 8625
20151015 122501 8625
20151015 122501 8625
20151015 122501 8625
20151015 122501 8625
20151015 122501 8625
20151015 122501 8625
20151015 122501 8625
20151015 122501 8625
20151015 122501 8625
20151015 122501 8625
20151015 122501 8625
20151015 122501 8625
20151015 122501 8625
20151015 122501 8626
20151015 122501 8626
20151015 122501 8626
20151015 122501 8626
20151015 122501 8626
20151015 122501 8626
20151015 122501 8626
20151015 122501 8626
20151015 122501 8626
20151015 122501 8627
20151015 122501 8627
20151015 122501 8627
20151015 122501 8627
20151015 122501 8627
20151015 122501 8627
20151015 122501 8627
20151015 122501 8628
20151015 122501 8628
20151015 122503 8625
20151015 122611 8626
20151015 122618 8626
20151015 122743 8627
20151015 122855 8628
20151015 122912 8626
20151015 122915 8627
20151015 123000 8624
20151015 123000 8625
20151015 123000 8625
20151015 123000 8625
20151015 123000 8625
20151015 123000 8626
20151015 123000 8626
20151015 123000 8626
20151015 123000 8626
20151015 123001 8608
20151015 123001 8608
20151015 123001 8623
20151015 123001 8623
20151015 123001 8623
20151015 123001 8623
20151015 123047 8627
20151015 123114 8625
20151015 123125 8627
20151015 123149 8626
20151015 123157 8628
20151015 123157 8628
20151015 123157 8628
20151015 123157 8629
20151015 123157 8629
20151015 123157 8630
20151015 123220 8629
20151015 123257 8629
20151015 123352 8628
20151015 123447 8629
20151015 123447 8629
20151015 123447 8629
20151015 123519 8628
20151015 123524 8629
20151015 123543 8611
20151015 123543 8611
20151015 123543 8626
20151015 123543 8626
20151015 123543 8627
20151015 123555 8626
20151015 123605 8626
20151015 123643 8626
20151015 123655 8627
20151015 123658 8626
20151015 123658 8627
20151015 123732 8625
20151015 123755 8627
20151015 123828 8626
20151015 123829 8625
20151015 123829 8625
20151015 123837 8609
20151015 123837 8624
20151015 123837 8624
20151015 123837 8624
20151015 123900 8625
20151015 123900 8625
20151015 123907 8624
20151015 123909 8623
20151015 123909 8623
20151015 123910 8608
20151015 123910 8623
20151015 123910 8623
20151015 123910 8623
20151015 123910 8623
20151015 123910 8623
20151015 123910 8623
20151015 123912 8621
20151015 123912 8621
20151015 123912 8622
20151015 123912 8622
20151015 123912 8622
20151015 123912 8622
20151015 123912 8622
20151015 123922 8620
20151015 123922 8620
20151015 123923 8619
20151015 123923 8619
20151015 123923 8619
20151015 123923 8619
20151015 123924 8619
20151015 124001 8622
20151015 124046 8622
20151015 124113 8621
20151015 124133 8620
20151015 124133 8620
20151015 124207 8622
20151015 124300 8623
20151015 124305 8622
20151015 124317 8623
20151015 124400 8623
20151015 124437 8621
20151015 124438 8621
20151015 124503 8619
20151015 124503 8619
20151015 124503 8620
20151015 124504 8615
20151015 124504 8615
20151015 124504 8615
20151015 124504 8615
20151015 124504 8615
20151015 124504 8615
20151015 124504 8615
20151015 124504 8615
20151015 124504 8615
20151015 124504 8616
20151015 124504 8616
20151015 124504 8617
20151015 124504 8617
20151015 124504 8617
20151015 124504 8617
20151015 124504 8617
20151015 124504 8617
20151015 124504 8617
20151015 124504 8618
20151015 124504 8618
20151015 124511 8618
20151015 124553 8622
20151015 124609 8623
20151015 124610 8624
20151015 124640 8624
20151015 124705 8623
20151015 124705 8624
20151015 124715 8626
20151015 124715 8626
20151015 124715 8626
20151015 124715 8627
20151015 124738 8626
20151015 124742 8626
20151015 124806 8625
20151015 124806 8625
20151015 124811 8625
20151015 124812 8625
20151015 124815 8624
20151015 124856 8627
20151015 124856 8628
20151015 124856 8628
20151015 124856 8628
20151015 124856 8628
20151015 124902 8627
20151015 124910 8629
20151015 124912 8629
20151015 124912 8629
20151015 124912 8629
20151015 124915 8629
20151015 124931 8627
20151015 124939 8628
20151015 124941 8630
20151015 125003 8626
20151015 125009 8627
20151015 125045 8629
20151015 125050 8629
20151015 125109 8627
20151015 125114 8628
20151015 125114 8628
20151015 125138 8627
20151015 125159 8627
20151015 125215 8626
20151015 125219 8627
20151015 125245 8626
20151015 125245 8626
20151015 125245 8626
20151015 125245 8626
20151015 125245 8626
20151015 125245 8626
20151015 125245 8626
20151015 125245 8626
20151015 125245 8627
20151015 125245 8627
20151015 125245 8627
20151015 125245 8627
20151015 125352 8626
20151015 125525 8625
20151015 125543 8626
20151015 125618 8625
20151015 125639 8625
20151015 125656 8624
20151015 125659 8625
20151015 125701 8608
20151015 125701 8608
20151015 125701 8623
20151015 125701 8623
20151015 125701 8623
20151015 125701 8623
20151015 125701 8623
20151015 125702 8622
20151015 125702 8622
20151015 125702 8622
20151015 125703 8622
20151015 125703 8622
20151015 125703 8622
20151015 125703 8622
20151015 125703 8622
20151015 125703 8622
20151015 125717 8623
20151015 125721 8622
20151015 125813 8623
20151015 125813 8623
20151015 125827 8621
20151015 125827 8621
20151015 125827 8621
20151015 125827 8621
20151015 125827 8622
20151015 125827 8622
20151015 125827 8622
20151015 125828 8622
20151015 125828 8622
20151015 125901 8621
20151015 125923 8607
20151015 125923 8622
20151015 125949 8622
20151015 125952 8622
20151015 130001 8622
20151015 130002 8622
20151015 130038 8623
20151015 130058 8597
20151015 130102 8622
20151015 130129 8623
20151015 130137 8600
20151015 130137 8608
20151015 130146 8622
20151015 130156 8621
20151015 130236 8625
20151015 130241 8625
20151015 130411 8622
20151015 130412 8621
20151015 130412 8621
20151015 130412 8621
20151015 130412 8621
20151015 130420 8620
20151015 130421 8620
20151015 130421 8620
20151015 130421 8620
20151015 130423 8619
20151015 130423 8619
20151015 130429 8618
20151015 130437 8620
20151015 130449 8619
20151015 130510 8619
20151015 130519 8619
20151015 130519 8619
20151015 130523 8619
20151015 130531 8603
20151015 130545 8617
20151015 130545 8617
20151015 130546 8616
20151015 130546 8616
20151015 130547 8615
20151015 130547 8615
20151015 130547 8615
20151015 130547 8616
20151015 130548 8614
20151015 130548 8614
20151015 130548 8614
20151015 130548 8614
20151015 130548 8614
20151015 130548 8614
20151015 130548 8614
20151015 130548 8614
20151015 130548 8614
20151015 130548 8614
20151015 130548 8614
20151015 130548 8614
20151015 130548 8614
20151015 130548 8614
20151015 130548 8614
20151015 130548 8614
20151015 130548 8614
20151015 130548 8614
20151015 130553 8614
20151015 130553 8614
20151015 130555 8614
20151015 130555 8614
20151015 130555 8616
20151015 130556 8614
20151015 130556 8614
20151015 130602 8614
20151015 130603 8614
20151015 130604 8614
20151015 130604 8614
20151015 130605 8614
20151015 130611 8615
20151015 130612 8616
20151015 130633 8616
20151015 130748 8619
20151015 130804 8617
20151015 130804 8617
20151015 130804 8617
20151015 130823 8618
20151015 130823 8618
20151015 130823 8618
20151015 130823 8618
20151015 130829 8619
20151015 130837 8618
20151015 130837 8618
20151015 130837 8618
20151015 130837 8618
20151015 130837 8619
20151015 130837 8619
20151015 130842 8618
20151015 130851 8618
20151015 130851 8618
20151015 130851 8618
20151015 130851 8618
20151015 130851 8618
20151015 130856 8619
20151015 130928 8615
20151015 130928 8615
20151015 130928 8615
20151015 130928 8615
20151015 130928 8616
20151015 130928 8616
20151015 130950 8615
20151015 130953 8615
20151015 130955 8616
20151015 131001 8614
20151015 131001 8614
20151015 131001 8614
20151015 131001 8615
20151015 131002 8614
20151015 131011 8600
20151015 131102 8616
20151015 131200 8618
20151015 131200 8618
20151015 131200 8618
20151015 131236 8619
20151015 131236 8619
20151015 131236 8619
20151015 131236 8620
20151015 131236 8621
20151015 131236 8621
20151015 131435 8616
20151015 131441 8615
20151015 131441 8615
20151015 131441 8615
20151015 131441 8615
20151015 131441 8615
20151015 131442 8614
20151015 131442 8614
20151015 131442 8614
20151015 131442 8614
20151015 131442 8614
20151015 131444 8614
20151015 131444 8614
20151015 131503 8614
20151015 131504 8613
20151015 131504 8613
20151015 131504 8613
20151015 131533 8617
20151015 131704 8616
20151015 131704 8616
20151015 131836 8617
20151015 131901 8617
20151015 131914 8619
20151015 131914 8619
20151015 131919 8621
20151015 131931 8623
20151015 131934 8623
20151015 132017 8622
20151015 132059 8623
20151015 132116 8624
20151015 132116 8624
20151015 132133 8609
20151015 132154 8624
20151015 132219 8621
20151015 132447 8619
20151015 132447 8619
20151015 132448 8619
20151015 132452 8619
20151015 132541 8617
20151015 132551 8617
20151015 132552 8616
20151015 132558 8615
20151015 132600 8615
20151015 132600 8615
20151015 132608 8617
20151015 132728 8615
20151015 132728 8615
20151015 132805 8614
20151015 132808 8614
20151015 132809 8614
20151015 132809 8614
20151015 132812 8615
20151015 132814 8615
20151015 132818 8614
20151015 132819 8614
20151015 132819 8614
20151015 132819 8614
20151015 132819 8614
20151015 132832 8614
20151015 132833 8614
20151015 132833 8614
20151015 132833 8614
20151015 132836 8613
20151015 132836 8614
20151015 132842 8614
20151015 132844 8614
20151015 132854 8614
20151015 132858 8613
20151015 132858 8613
20151015 132858 8613
20151015 132900 8613
20151015 132900 8613
20151015 132901 8613
20151015 132901 8613
20151015 132903 8613
20151015 132903 8613
20151015 132905 8613
20151015 132906 8613
20151015 132907 8613
20151015 132907 8613
20151015 132907 8613
20151015 132907 8613
20151015 132907 8614
20151015 132909 8613
20151015 132909 8613
20151015 132909 8613
20151015 132909 8613
20151015 132909 8613
20151015 132909 8613
20151015 132909 8613
20151015 132910 8613
20151015 132910 8613
20151015 132911 8613
20151015 132911 8613
20151015 132912 8613
20151015 132916 8612
20151015 132916 8612
20151015 132920 8611
20151015 132921 8611
20151015 132921 8611
20151015 132922 8611
20151015 132922 8611
20151015 132923 8611
20151015 132923 8611
20151015 132923 8611
20151015 132923 8611
20151015 132923 8611
20151015 132923 8611
20151015 132923 8611
20151015 132923 8611
20151015 132923 8612
20151015 132933 8611
20151015 132936 8612
20151015 133001 8611
20151015 133006 8610
20151015 133022 8612
20151015 133026 8611
20151015 133034 8612
20151015 133057 8612
20151015 133102 8612
20151015 133109 8611
20151015 133110 8611
20151015 133115 8611
20151015 133115 8611
20151015 133118 8611
20151015 133143 8612
20151015 133143 8612
20151015 133239 8613
20151015 133246 8613
20151015 133246 8613
20151015 133246 8613
20151015 133246 8613
20151015 133254 8611
20151015 133254 8611
20151015 133304 8611
20151015 133307 8610
20151015 133307 8610
20151015 133307 8610
20151015 133307 8610
20151015 133309 8609
20151015 133310 8609
20151015 133310 8609
20151015 133312 8609
20151015 133313 8609
20151015 133315 8608
20151015 133315 8608
20151015 133315 8608
20151015 133315 8608
20151015 133316 8608
20151015 133316 8608
20151015 133318 8608
20151015 133319 8608
20151015 133319 8608
20151015 133319 8608
20151015 133321 8608
20151015 133321 8608
20151015 133322 8608
20151015 133322 8608
20151015 133322 8608
20151015 133322 8608
20151015 133322 8608
20151015 133323 8608
20151015 133323 8608
20151015 133323 8608
20151015 133323 8608
20151015 133323 8608
20151015 133323 8608
20151015 133327 8607
20151015 133333 8608
20151015 133337 8606
20151015 133351 8609
20151015 133353 8609
20151015 133353 8609
20151015 133401 8608
20151015 133407 8608
20151015 133527 8609
20151015 133542 8609
20151015 133547 8609
20151015 133600 8596
20151015 133603 8596
20151015 133608 8611
20151015 133629 8611
20151015 133640 8611
20151015 133642 8611
20151015 133649 8609
20151015 133649 8609
20151015 133703 8609
20151015 133707 8608
20151015 133709 8607
20151015 133709 8608
20151015 133709 8608
20151015 133714 8608
20151015 133719 8607
20151015 133719 8607
20151015 133719 8607
20151015 133721 8606
20151015 133721 8606
20151015 133741 8606
20151015 133742 8606
20151015 133743 8606
20151015 133743 8606
20151015 133743 8606
20151015 133743 8606
20151015 133743 8606
20151015 133745 8605
20151015 133756 8607
20151015 133756 8607
20151015 133756 8607
20151015 133756 8607
20151015 133756 8607
20151015 133756 8607
20151015 133756 8607
20151015 133758 8608
20151015 133812 8606
20151015 133816 8607
20151015 133816 8607
20151015 133816 8607
20151015 133816 8607
20151015 133816 8607
20151015 133816 8607
20151015 133817 8607
20151015 133817 8607
20151015 133817 8607
20151015 133817 8607
20151015 133817 8607
20151015 133817 8607
20151015 133817 8607
20151015 133817 8608
20151015 133817 8608
20151015 133817 8608
20151015 133824 8608
20151015 133824 8608
20151015 133824 8608
20151015 133824 8608
20151015 133824 8608
20151015 133824 8608
20151015 133824 8608
20151015 133827 8608
20151015 133944 8608
20151015 134024 8609
20151015 134033 8609
20151015 134112 8611
20151015 134125 8611
20151015 134128 8612
20151015 134128 8612
20151015 134128 8612
20151015 134128 8612
20151015 134133 8612
20151015 134133 8612
20151015 134135 8613
20151015 134155 8614
20151015 134155 8614
20151015 134155 8614
20151015 134155 8614
20151015 134155 8614
20151015 134221 8612
20151015 134301 8612
20151015 134311 8610
20151015 134343 8610
20151015 134343 8610
20151015 134345 8611
20151015 134345 8611
20151015 134345 8611
20151015 134355 8611
20151015 134356 8611
20151015 134400 8609
20151015 134403 8608
20151015 134406 8609
20151015 134420 8610
20151015 134426 8609
20151015 134428 8608
20151015 134430 8608
20151015 134431 8609
20151015 134435 8608
20151015 134436 8609
20151015 134436 8609
20151015 134438 8609
20151015 134442 8609
20151015 134444 8608
20151015 134445 8609
20151015 134452 8609
