20151016 084500 8589
20151016 084500 8589
20151016 084500 8589
20151016 084500 8589
20151016 084500 8589
20151016 084500 8589
20151016 084500 8589
20151016 084500 8589
20151016 084500 8589
20151016 084500 8589
20151016 084500 8589
20151016 084500 8589
20151016 084500 8589
20151016 084500 8589
20151016 084500 8589
20151016 084500 8589
20151016 084500 8589
20151016 084500 8589
20151016 084500 8590
20151016 084500 8590
20151016 084500 8590
20151016 084500 8590
20151016 084500 8591
20151016 084501 8588
20151016 084501 8588
20151016 084501 8588
20151016 084501 8588
20151016 084501 8588
20151016 084501 8593
20151016 084501 8593
20151016 084501 8593
20151016 084501 8594
20151016 084502 8587
20151016 084502 8587
20151016 084502 8587
20151016 084502 8588
20151016 084502 8588
20151016 084502 8588
20151016 084502 8588
20151016 084502 8588
20151016 084503 8593
20151016 084506 8595
20151016 084507 8597
20151016 084510 8595
20151016 084510 8596
20151016 084511 8596
20151016 084511 8596
20151016 084511 8596
20151016 084513 8593
20151016 084513 8594
20151016 084513 8594
20151016 084513 8594
20151016 084513 8594
20151016 084514 8595
20151016 084515 8596
20151016 084519 8604
20151016 084522 8603
20151016 084524 8599
20151016 084526 8599
20151016 084528 8599
20151016 084528 8600
20151016 084528 8600
20151016 084529 8600
20151016 084531 8601
20151016 084531 8601
20151016 084533 8600
20151016 084535 8599
20151016 084535 8600
20151016 084535 8600
20151016 084541 8602
20151016 084545 8601
20151016 084545 8601
20151016 084545 8602
20151016 084546 8602
20151016 084546 8602
20151016 084546 8602
20151016 084546 8602
20151016 084546 8602
20151016 084546 8602
20151016 084553 8604
20151016 084553 8607
20151016 084553 8607
20151016 084554 8609
20151016 084555 8605
20151016 084559 8606
20151016 084600 8608
20151016 084601 8607
20151016 084603 8605
20151016 084609 8602
20151016 084611 8605
20151016 084611 8605
20151016 084614 8604
20151016 084617 8604
20151016 084619 8605
20151016 084621 8606
20151016 084622 8605
20151016 084622 8605
20151016 084622 8605
20151016 084622 8605
20151016 084622 8605
20151016 084622 8606
20151016 084622 8606
20151016 084622 8606
20151016 084622 8606
20151016 084622 8606
20151016 084622 8606
20151016 084623 8605
20151016 084623 8605
20151016 084623 8605
20151016 084623 8605
20151016 084623 8605
20151016 084624 8605
20151016 084624 8605
20151016 084624 8606
20151016 084625 8605
20151016 084625 8605
20151016 084625 8605
20151016 084626 8605
20151016 084627 8607
20151016 084629 8606
20151016 084630 8606
20151016 084630 8606
20151016 084632 8608
20151016 084638 8609
20151016 084638 8609
20151016 084639 8610
20151016 084642 8609
20151016 084645 8608
20151016 084645 8608
20151016 084647 8611
20151016 084649 8612
20151016 084652 8612
20151016 084652 8612
20151016 084652 8613
20151016 084655 8612
20151016 084655 8614
20151016 084655 8614
20151016 084656 8613
20151016 084656 8613
20151016 084656 8613
20151016 084657 8613
20151016 084657 8613
20151016 084658 8612
20151016 084658 8612
20151016 084658 8613
20151016 084700 8614
20151016 084700 8614
20151016 084702 8615
20151016 084702 8615
20151016 084703 8614
20151016 084703 8615
20151016 084705 8615
20151016 084706 8615
20151016 084710 8614
20151016 084712 8614
20151016 084713 8615
20151016 084714 8615
20151016 084714 8615
20151016 084715 8614
20151016 084716 8613
20151016 084717 8612
20151016 084717 8612
20151016 084717 8612
20151016 084718 8612
20151016 084718 8613
20151016 084718 8613
20151016 084718 8613
20151016 084719 8612
20151016 084719 8612
20151016 084719 8614
20151016 084720 8612
20151016 084720 8613
20151016 084721 8612
20151016 084722 8612
20151016 084722 8613
20151016 084722 8613
20151016 084723 8612
20151016 084723 8613
20151016 084723 8613
20151016 084724 8612
20151016 084724 8612
20151016 084724 8613
20151016 084725 8612
20151016 084729 8612
20151016 084730 8611
20151016 084730 8612
20151016 084732 8611
20151016 084732 8611
20151016 084740 8611
20151016 084740 8611
20151016 084740 8611
20151016 084740 8611
20151016 084740 8611
20151016 084741 8611
20151016 084808 8611
20151016 084813 8607
20151016 084813 8607
20151016 084813 8608
20151016 084813 8608
20151016 084813 8608
20151016 084813 8608
20151016 084813 8609
20151016 084813 8609
20151016 084813 8609
20151016 084813 8610
20151016 084814 8596
20151016 084814 8607
20151016 084818 8606
20151016 084825 8607
20151016 084827 8608
20151016 084833 8607
20151016 084836 8596
20151016 084849 8609
20151016 084900 8609
20151016 084909 8597
20151016 084909 8597
20151016 084910 8609
20151016 084917 8609
20151016 084925 8596
20151016 084927 8611
20151016 084927 8611
20151016 084933 8610
20151016 084933 8611
20151016 084935 8612
20151016 084939 8597
20151016 084939 8610
20151016 084939 8610
20151016 084939 8610
20151016 084939 8610
20151016 084939 8610
20151016 084939 8610
20151016 084942 8611
20151016 084944 8611
20151016 084944 8611
20151016 085025 8610
20151016 085028 8610
20151016 085051 8612
20151016 085053 8612
20151016 085058 8610
20151016 085058 8610
20151016 085104 8608
20151016 085116 8607
20151016 085119 8606
20151016 085124 8606
20151016 085124 8606
20151016 085124 8606
20151016 085124 8606
20151016 085124 8606
20151016 085124 8606
20151016 085124 8606
20151016 085124 8606
20151016 085124 8606
20151016 085124 8606
20151016 085124 8606
20151016 085125 8605
20151016 085125 8605
20151016 085125 8605
20151016 085125 8605
20151016 085138 8607
20151016 085139 8608
20151016 085146 8607
20151016 085152 8606
20151016 085154 8606
20151016 085159 8606
20151016 085200 8605
20151016 085200 8605
20151016 085200 8605
20151016 085200 8605
20151016 085200 8605
20151016 085200 8605
20151016 085201 8604
20151016 085201 8605
20151016 085201 8605
20151016 085201 8606
20151016 085220 8605
20151016 085222 8605
20151016 085228 8605
20151016 085234 8603
20151016 085234 8603
20151016 085234 8603
20151016 085236 8602
20151016 085236 8602
20151016 085236 8602
20151016 085245 8602
20151016 085316 8604
20151016 085328 8605
20151016 085339 8605
20151016 085341 8605
20151016 085357 8609
20151016 085358 8609
20151016 085410 8611
20151016 085411 8612
20151016 085411 8612
20151016 085411 8612
20151016 085423 8609
20151016 085449 8608
20151016 085449 8608
20151016 085449 8608
20151016 085512 8605
20151016 085512 8605
20151016 085517 8605
20151016 085539 8603
20151016 085629 8592
20151016 085640 8605
20151016 085716 8609
20151016 085721 8610
20151016 085730 8609
20151016 085730 8609
20151016 085730 8609
20151016 085734 8609
20151016 085734 8609
20151016 085802 8607
20151016 085802 8607
20151016 085829 8610
20151016 085905 8610
20151016 085921 8610
20151016 085924 8610
20151016 085928 8610
20151016 085942 8609
20151016 085943 8608
20151016 085947 8608
20151016 085950 8609
20151016 085952 8607
20151016 090000 8606
20151016 090000 8606
20151016 090000 8606
20151016 090000 8606
20151016 090001 8606
20151016 090003 8604
20151016 090003 8604
20151016 090004 8603
20151016 090010 8609
20151016 090010 8609
20151016 090010 8609
20151016 090011 8611
20151016 090012 8613
20151016 090012 8613
20151016 090013 8614
20151016 090013 8614
20151016 090013 8614
20151016 090014 8613
20151016 090014 8614
20151016 090014 8615
20151016 090014 8616
20151016 090014 8616
20151016 090014 8616
20151016 090015 8617
20151016 090015 8617
20151016 090018 8614
20151016 090021 8614
20151016 090025 8615
20151016 090025 8615
20151016 090025 8615
20151016 090025 8615
20151016 090025 8615
20151016 090026 8615
20151016 090026 8615
20151016 090026 8615
20151016 090026 8615
20151016 090026 8616
20151016 090026 8616
20151016 090026 8616
20151016 090026 8616
20151016 090027 8616
20151016 090027 8617
20151016 090027 8617
20151016 090027 8617
20151016 090027 8617
20151016 090027 8617
20151016 090027 8617
20151016 090027 8617
20151016 090028 8616
20151016 090028 8616
20151016 090028 8616
20151016 090028 8616
20151016 090028 8617
20151016 090028 8617
20151016 090028 8617
20151016 090028 8617
20151016 090028 8617
20151016 090028 8617
20151016 090029 8617
20151016 090030 8618
20151016 090051 8610
20151016 090051 8611
20151016 090051 8611
20151016 090053 8608
20151016 090055 8606
20151016 090056 8609
20151016 090056 8609
20151016 090057 8608
20151016 090057 8608
20151016 090057 8608
20151016 090059 8604
20151016 090100 8603
20151016 090101 8602
20151016 090101 8602
20151016 090101 8602
20151016 090101 8602
20151016 090101 8602
20151016 090101 8603
20151016 090101 8604
20151016 090102 8602
20151016 090102 8602
20151016 090108 8607
20151016 090110 8604
20151016 090111 8603
20151016 090112 8602
20151016 090113 8602
20151016 090113 8603
20151016 090114 8601
20151016 090115 8601
20151016 090115 8601
20151016 090115 8601
20151016 090115 8602
20151016 090117 8601
20151016 090117 8601
20151016 090117 8601
20151016 090117 8603
20151016 090122 8604
20151016 090124 8606
20151016 090135 8601
20151016 090135 8601
20151016 090135 8601
20151016 090135 8603
20151016 090136 8601
20151016 090138 8601
20151016 090138 8601
20151016 090139 8601
20151016 090139 8601
20151016 090139 8601
20151016 090140 8598
20151016 090140 8598
20151016 090140 8598
20151016 090140 8598
20151016 090140 8598
20151016 090140 8598
20151016 090140 8598
20151016 090140 8598
20151016 090140 8599
20151016 090140 8599
20151016 090140 8599
20151016 090140 8599
20151016 090140 8600
20151016 090140 8600
20151016 090140 8600
20151016 090140 8600
20151016 090140 8600
20151016 090140 8600
20151016 090140 8600
20151016 090140 8600
20151016 090140 8600
20151016 090140 8600
20151016 090140 8600
20151016 090140 8600
20151016 090141 8597
20151016 090141 8598
20151016 090142 8601
20151016 090143 8602
20151016 090145 8601
20151016 090149 8602
20151016 090150 8603
20151016 090150 8603
20151016 090156 8606
20151016 090157 8606
20151016 090200 8607
20151016 090200 8607
20151016 090200 8607
20151016 090200 8607
20151016 090221 8605
20151016 090228 8604
20151016 090233 8608
20151016 090233 8609
20151016 090233 8609
20151016 090233 8610
20151016 090233 8610
20151016 090233 8611
20151016 090233 8612
20151016 090233 8612
20151016 090233 8612
20151016 090233 8612
20151016 090233 8612
20151016 090239 8611
20151016 090247 8608
20151016 090305 8610
20151016 090306 8610
20151016 090314 8610
20151016 090322 8610
20151016 090331 8609
20151016 090332 8609
20151016 090350 8607
20151016 090358 8606
20151016 090413 8609
20151016 090451 8610
20151016 090456 8611
20151016 090500 8612
20151016 090502 8612
20151016 090503 8612
20151016 090503 8613
20151016 090503 8613
20151016 090503 8613
20151016 090503 8614
20151016 090519 8605
20151016 090531 8606
20151016 090534 8605
20151016 090536 8603
20151016 090536 8603
20151016 090536 8603
20151016 090557 8602
20151016 090557 8602
20151016 090557 8603
20151016 090558 8602
20151016 090559 8602
20151016 090600 8599
20151016 090600 8600
20151016 090600 8600
20151016 090600 8600
20151016 090600 8600
20151016 090600 8600
20151016 090600 8600
20151016 090600 8600
20151016 090600 8600
20151016 090600 8600
20151016 090600 8600
20151016 090600 8601
20151016 090600 8601
20151016 090600 8601
20151016 090600 8601
20151016 090600 8601
20151016 090600 8601
20151016 090600 8601
20151016 090600 8601
20151016 090601 8598
20151016 090601 8598
20151016 090601 8598
20151016 090601 8598
20151016 090601 8598
20151016 090601 8598
20151016 090603 8596
20151016 090603 8597
20151016 090603 8597
20151016 090603 8597
20151016 090603 8597
20151016 090606 8599
20151016 090609 8599
20151016 090611 8599
20151016 090612 8598
20151016 090617 8599
20151016 090617 8599
20151016 090634 8601
20151016 090638 8601
20151016 090638 8601
20151016 090642 8595
20151016 090642 8595
20151016 090642 8595
20151016 090642 8595
20151016 090642 8595
20151016 090642 8595
20151016 090642 8595
20151016 090642 8595
20151016 090642 8595
20151016 090642 8595
20151016 090642 8595
20151016 090642 8595
20151016 090642 8595
20151016 090642 8596
20151016 090642 8596
20151016 090642 8596
20151016 090642 8596
20151016 090642 8596
20151016 090642 8596
20151016 090642 8596
20151016 090642 8596
20151016 090643 8581
20151016 090643 8593
20151016 090643 8593
20151016 090643 8593
20151016 090643 8593
20151016 090643 8594
20151016 090643 8594
20151016 090643 8595
20151016 090643 8595
20151016 090643 8595
20151016 090643 8595
20151016 090650 8595
20151016 090654 8598
20151016 090658 8597
20151016 090704 8594
20151016 090708 8593
20151016 090726 8596
20151016 090731 8595
20151016 090749 8596
20151016 090757 8593
20151016 090757 8593
20151016 090757 8593
20151016 090758 8590
20151016 090758 8590
20151016 090758 8591
20151016 090758 8591
20151016 090758 8591
20151016 090758 8591
20151016 090758 8591
20151016 090758 8591
20151016 090758 8591
20151016 090758 8591
20151016 090758 8591
20151016 090758 8592
20151016 090758 8592
20151016 090758 8592
20151016 090758 8592
20151016 090758 8592
20151016 090758 8592
20151016 090759 8590
20151016 090759 8590
20151016 090759 8590
20151016 090759 8590
20151016 090759 8590
20151016 090759 8590
20151016 090759 8590
20151016 090759 8590
20151016 090759 8590
20151016 090759 8590
20151016 090759 8590
20151016 090759 8590
20151016 090759 8590
20151016 090759 8590
20151016 090759 8590
20151016 090759 8590
20151016 090800 8588
20151016 090800 8588
20151016 090800 8588
20151016 090803 8592
20151016 090810 8591
20151016 090815 8593
20151016 090840 8594
20151016 090840 8594
20151016 090840 8595
20151016 090845 8598
20151016 090846 8597
20151016 090852 8587
20151016 090900 8594
20151016 090902 8596
20151016 090902 8596
20151016 090902 8596
20151016 090905 8584
20151016 090908 8594
20151016 090914 8595
20151016 090922 8597
20151016 090922 8598
20151016 091007 8593
20151016 091008 8593
20151016 091008 8594
20151016 091009 8593
20151016 091009 8594
20151016 091010 8593
20151016 091011 8590
20151016 091011 8590
20151016 091011 8590
20151016 091011 8591
20151016 091011 8591
20151016 091011 8591
20151016 091011 8591
20151016 091011 8591
20151016 091011 8591
20151016 091011 8591
20151016 091011 8591
20151016 091011 8591
20151016 091011 8591
20151016 091011 8591
20151016 091011 8591
20151016 091011 8591
20151016 091011 8592
20151016 091011 8592
20151016 091011 8592
20151016 091011 8592
20151016 091011 8592
20151016 091011 8592
20151016 091011 8592
20151016 091011 8592
20151016 091011 8592
20151016 091011 8592
20151016 091012 8584
20151016 091012 8584
20151016 091012 8584
20151016 091012 8584
20151016 091012 8584
20151016 091012 8584
20151016 091012 8584
20151016 091012 8585
20151016 091012 8585
20151016 091012 8585
20151016 091012 8585
20151016 091012 8585
20151016 091012 8585
20151016 091012 8586
20151016 091012 8586
20151016 091012 8586
20151016 091012 8586
20151016 091012 8586
20151016 091012 8586
20151016 091012 8586
20151016 091012 8586
20151016 091012 8586
20151016 091012 8586
20151016 091012 8586
20151016 091012 8586
20151016 091012 8586
20151016 091012 8586
20151016 091012 8586
20151016 091012 8586
20151016 091012 8586
20151016 091012 8586
20151016 091012 8586
20151016 091012 8586
20151016 091012 8586
20151016 091012 8586
20151016 091012 8587
20151016 091012 8587
20151016 091012 8587
20151016 091012 8587
20151016 091012 8587
20151016 091012 8587
20151016 091012 8587
20151016 091012 8587
20151016 091012 8587
20151016 091012 8587
20151016 091012 8587
20151016 091012 8587
20151016 091012 8587
20151016 091012 8587
20151016 091012 8588
20151016 091012 8588
20151016 091012 8588
20151016 091012 8588
20151016 091012 8588
20151016 091012 8588
20151016 091012 8588
20151016 091012 8588
20151016 091012 8589
20151016 091012 8589
20151016 091012 8589
20151016 091012 8589
20151016 091012 8589
20151016 091013 8583
20151016 091013 8583
20151016 091013 8583
20151016 091013 8583
20151016 091013 8583
20151016 091013 8583
20151016 091013 8583
20151016 091015 8587
20151016 091017 8588
20151016 091020 8589
20151016 091023 8587
20151016 091030 8587
20151016 091034 8590
20151016 091038 8591
20151016 091041 8590
20151016 091051 8591
20151016 091055 8591
20151016 091055 8591
20151016 091101 8587
20151016 091101 8588
20151016 091101 8588
20151016 091101 8588
20151016 091103 8590
20151016 091107 8589
20151016 091108 8587
20151016 091108 8587
20151016 091109 8587
20151016 091116 8587
20151016 091118 8586
20151016 091118 8586
20151016 091122 8586
20151016 091122 8586
20151016 091122 8586
20151016 091122 8586
20151016 091122 8586
20151016 091122 8586
20151016 091123 8585
20151016 091123 8585
20151016 091125 8585
20151016 091125 8585
20151016 091126 8573
20151016 091127 8573
20151016 091131 8584
20151016 091131 8584
20151016 091131 8584
20151016 091131 8585
20151016 091131 8585
20151016 091131 8585
20151016 091134 8586
20151016 091134 8586
20151016 091134 8586
20151016 091135 8585
20151016 091135 8586
20151016 091140 8586
20151016 091145 8586
20151016 091156 8586
20151016 091157 8587
20151016 091159 8588
20151016 091159 8588
20151016 091159 8588
20151016 091159 8589
20151016 091159 8589
20151016 091200 8591
20151016 091201 8592
20151016 091207 8593
20151016 091207 8593
20151016 091207 8593
20151016 091207 8593
20151016 091207 8593
20151016 091213 8591
20151016 091217 8591
20151016 091218 8590
20151016 091221 8592
20151016 091223 8592
20151016 091225 8595
20151016 091227 8598
20151016 091227 8598
20151016 091227 8598
20151016 091227 8599
20151016 091227 8599
20151016 091230 8595
20151016 091230 8595
20151016 091241 8583
20151016 091244 8593
20151016 091244 8594
20151016 091245 8593
20151016 091257 8594
20151016 091257 8594
20151016 091304 8596
20151016 091308 8598
20151016 091309 8598
20151016 091310 8596
20151016 091310 8598
20151016 091324 8594
20151016 091324 8594
20151016 091326 8583
20151016 091326 8593
20151016 091327 8593
20151016 091333 8595
20151016 091344 8595
20151016 091350 8592
20151016 091353 8593
20151016 091402 8591
20151016 091402 8591
20151016 091402 8591
20151016 091402 8591
20151016 091402 8591
20151016 091404 8590
20151016 091405 8589
20151016 091406 8591
20151016 091409 8592
20151016 091431 8593
20151016 091431 8593
20151016 091501 8594
20151016 091503 8593
20151016 091503 8594
20151016 091504 8593
20151016 091504 8593
20151016 091510 8595
20151016 091510 8595
20151016 091512 8596
20151016 091513 8595
20151016 091522 8598
20151016 091530 8594
20151016 091537 8597
20151016 091540 8596
20151016 091541 8598
20151016 091541 8598
20151016 091542 8598
20151016 091544 8596
20151016 091617 8595
20151016 091629 8594
20151016 091629 8594
20151016 091629 8594
20151016 091633 8593
20151016 091633 8593
20151016 091633 8594
20151016 091633 8594
20151016 091634 8592
20151016 091634 8592
20151016 091636 8591
20151016 091636 8591
20151016 091637 8591
20151016 091645 8591
20151016 091659 8591
20151016 091735 8593
20151016 091806 8591
20151016 091806 8591
20151016 091806 8591
20151016 091806 8591
20151016 091806 8591
20151016 091807 8591
20151016 091809 8591
20151016 091809 8592
20151016 091814 8590
20151016 091814 8590
20151016 091815 8589
20151016 091815 8589
20151016 091815 8589
20151016 091815 8589
20151016 091816 8588
20151016 091816 8588
20151016 091816 8588
20151016 091816 8588
20151016 091843 8588
20151016 091844 8587
20151016 091844 8587
20151016 091844 8587
20151016 091844 8587
20151016 091905 8591
20151016 091914 8592
20151016 091916 8593
20151016 091916 8593
20151016 091943 8591
20151016 091951 8591
20151016 091956 8591
20151016 092000 8588
20151016 092007 8588
20151016 092008 8589
20151016 092009 8587
20151016 092010 8587
20151016 092010 8587
20151016 092010 8587
20151016 092011 8586
20151016 092011 8587
20151016 092011 8587
20151016 092011 8588
20151016 092022 8591
20151016 092028 8593
20151016 092030 8593
20151016 092032 8594
20151016 092045 8595
20151016 092048 8595
20151016 092049 8597
20151016 092059 8595
20151016 092102 8596
20151016 092102 8596
20151016 092102 8596
20151016 092105 8595
20151016 092105 8595
20151016 092124 8596
20151016 092125 8598
20151016 092125 8598
20151016 092125 8598
20151016 092125 8598
20151016 092125 8599
20151016 092125 8599
20151016 092125 8599
20151016 092125 8599
20151016 092125 8599
20151016 092125 8600
20151016 092125 8600
20151016 092125 8601
20151016 092125 8601
20151016 092125 8601
20151016 092125 8601
20151016 092125 8601
20151016 092125 8602
20151016 092125 8602
20151016 092125 8602
20151016 092125 8602
20151016 092125 8602
20151016 092125 8603
20151016 092125 8603
20151016 092125 8603
20151016 092125 8603
20151016 092125 8603
20151016 092125 8605
20151016 092126 8603
20151016 092133 8603
20151016 092134 8603
20151016 092136 8603
20151016 092137 8604
20151016 092145 8607
20151016 092145 8607
20151016 092148 8606
20151016 092149 8606
20151016 092150 8606
20151016 092150 8606
20151016 092151 8607
20151016 092151 8607
20151016 092153 8606
20151016 092154 8604
20151016 092203 8603
20151016 092203 8604
20151016 092207 8604
20151016 092211 8605
20151016 092214 8605
20151016 092214 8606
20151016 092215 8606
20151016 092216 8605
20151016 092230 8605
20151016 092230 8606
20151016 092238 8605
20151016 092242 8607
20151016 092242 8607
20151016 092242 8608
20151016 092242 8608
20151016 092242 8608
20151016 092243 8608
20151016 092249 8608
20151016 092250 8607
20151016 092250 8607
20151016 092255 8607
20151016 092256 8607
20151016 092259 8608
20151016 092300 8607
20151016 092300 8609
20151016 092324 8605
20151016 092329 8607
20151016 092329 8607
20151016 092329 8607
20151016 092331 8608
20151016 092331 8608
20151016 092331 8609
20151016 092335 8607
20151016 092335 8607
20151016 092336 8608
20151016 092359 8595
20151016 092401 8606
20151016 092407 8606
20151016 092411 8608
20151016 092412 8609
20151016 092412 8609
20151016 092412 8610
20151016 092412 8610
20151016 092412 8611
20151016 092412 8611
20151016 092412 8611
20151016 092412 8612
20151016 092412 8612
20151016 092412 8612
20151016 092412 8612
20151016 092412 8612
20151016 092412 8612
20151016 092412 8613
20151016 092412 8613
20151016 092412 8613
20151016 092412 8613
20151016 092412 8613
20151016 092412 8613
20151016 092412 8613
20151016 092412 8613
20151016 092412 8613
20151016 092412 8613
20151016 092413 8613
20151016 092413 8613
20151016 092413 8613
20151016 092413 8613
20151016 092413 8613
20151016 092413 8613
20151016 092413 8613
20151016 092413 8613
20151016 092413 8613
20151016 092413 8613
20151016 092413 8614
20151016 092416 8611
20151016 092418 8610
20151016 092418 8611
20151016 092428 8611
20151016 092439 8610
20151016 092449 8613
20151016 092449 8613
20151016 092449 8613
20151016 092449 8613
20151016 092449 8613
20151016 092449 8614
20151016 092450 8614
20151016 092450 8614
20151016 092451 8614
20151016 092458 8611
20151016 092500 8609
20151016 092500 8609
20151016 092500 8609
20151016 092500 8609
20151016 092500 8609
20151016 092500 8609
20151016 092501 8609
20151016 092512 8610
20151016 092513 8609
20151016 092514 8609
20151016 092515 8608
20151016 092523 8608
20151016 092530 8613
20151016 092530 8613
20151016 092530 8613
20151016 092530 8613
20151016 092530 8614
20151016 092530 8614
20151016 092530 8614
20151016 092531 8615
20151016 092531 8615
20151016 092531 8615
20151016 092531 8615
20151016 092531 8615
20151016 092531 8615
20151016 092531 8616
20151016 092531 8616
20151016 092531 8616
20151016 092531 8616
20151016 092531 8616
20151016 092531 8618
20151016 092532 8618
20151016 092532 8618
20151016 092532 8618
20151016 092532 8618
20151016 092532 8618
20151016 092532 8618
20151016 092532 8618
20151016 092532 8618
20151016 092532 8618
20151016 092532 8618
20151016 092532 8619
20151016 092532 8619
20151016 092532 8619
20151016 092532 8619
20151016 092532 8619
20151016 092534 8615
20151016 092535 8614
20151016 092540 8614
20151016 092549 8611
20151016 092549 8611
20151016 092550 8611
20151016 092551 8610
20151016 092555 8609
20151016 092557 8609
20151016 092622 8607
20151016 092622 8607
20151016 092622 8607
20151016 092622 8607
20151016 092627 8608
20151016 092627 8608
20151016 092652 8610
20151016 092655 8610
20151016 092656 8610
20151016 092702 8610
20151016 092705 8610
20151016 092728 8611
20151016 092728 8611
20151016 092744 8609
20151016 092752 8611
20151016 092807 8609
20151016 092906 8611
20151016 092953 8614
20151016 092956 8615
20151016 092956 8616
20151016 092956 8616
20151016 092957 8616
20151016 092957 8617
20151016 092957 8617
20151016 092957 8617
20151016 092957 8617
20151016 092957 8617
20151016 093009 8612
20151016 093030 8613
20151016 093030 8613
20151016 093031 8613
20151016 093031 8613
20151016 093031 8613
20151016 093031 8613
20151016 093031 8613
20151016 093031 8613
20151016 093031 8613
20151016 093031 8613
20151016 093114 8611
20151016 093114 8611
20151016 093114 8611
20151016 093225 8614
20151016 093236 8613
20151016 093300 8610
20151016 093302 8609
20151016 093312 8611
20151016 093312 8611
20151016 093312 8611
20151016 093317 8611
20151016 093351 8611
20151016 093353 8612
20151016 093353 8612
20151016 093355 8612
20151016 093357 8613
20151016 093357 8613
20151016 093359 8613
20151016 093405 8614
20151016 093410 8613
20151016 093433 8611
20151016 093436 8611
20151016 093436 8611
20151016 093436 8611
20151016 093516 8614
20151016 093517 8614
20151016 093521 8614
20151016 093521 8615
20151016 093522 8616
20151016 093522 8616
20151016 093522 8616
20151016 093522 8616
20151016 093522 8616
20151016 093522 8617
20151016 093522 8617
20151016 093523 8616
20151016 093523 8618
20151016 093523 8618
20151016 093523 8618
20151016 093523 8618
20151016 093523 8618
20151016 093523 8618
20151016 093531 8617
20151016 093534 8615
20151016 093548 8618
20151016 093550 8617
20151016 093551 8619
20151016 093551 8619
20151016 093551 8619
20151016 093551 8619
20151016 093551 8619
20151016 093551 8619
20151016 093551 8620
20151016 093551 8620
20151016 093551 8620
20151016 093551 8620
20151016 093551 8621
20151016 093551 8621
20151016 093551 8621
20151016 093551 8621
20151016 093551 8621
20151016 093551 8621
20151016 093551 8621
20151016 093551 8621
20151016 093551 8621
20151016 093551 8621
20151016 093551 8622
20151016 093551 8622
20151016 093551 8622
20151016 093551 8622
20151016 093551 8622
20151016 093551 8622
20151016 093551 8622
20151016 093551 8623
20151016 093551 8623
20151016 093551 8623
20151016 093551 8623
20151016 093551 8623
20151016 093551 8623
20151016 093551 8623
20151016 093551 8623
20151016 093551 8623
20151016 093551 8623
20151016 093551 8623
20151016 093551 8623
20151016 093551 8623
20151016 093551 8623
20151016 093551 8623
20151016 093551 8623
20151016 093552 8621
20151016 093552 8621
20151016 093552 8623
20151016 093558 8620
20151016 093558 8620
20151016 093616 8621
20151016 093643 8623
20151016 093643 8623
20151016 093646 8620
20151016 093646 8620
20151016 093652 8621
20151016 093652 8621
20151016 093711 8621
20151016 093716 8609
20151016 093719 8620
20151016 093724 8621
20151016 093724 8621
20151016 093725 8621
20151016 093728 8620
20151016 093754 8621
20151016 093754 8621
20151016 093801 8620
20151016 093803 8622
20151016 093803 8622
20151016 093803 8622
20151016 093804 8622
20151016 093810 8622
20151016 093828 8620
20151016 093832 8620
20151016 093832 8621
20151016 093841 8619
20151016 093843 8619
20151016 093854 8619
20151016 093854 8619
20151016 093857 8619
20151016 093905 8619
20151016 093905 8619
20151016 093905 8619
20151016 093905 8619
20151016 093905 8619
20151016 093905 8619
20151016 093905 8619
20151016 093905 8619
20151016 093905 8620
20151016 093905 8620
20151016 093905 8620
20151016 093905 8620
20151016 093905 8620
20151016 093905 8620
20151016 093909 8621
20151016 093911 8622
20151016 093913 8623
20151016 093913 8623
20151016 093913 8623
20151016 093913 8623
20151016 093933 8623
20151016 093946 8619
20151016 093946 8619
20151016 093951 8621
20151016 093951 8621
20151016 093951 8621
20151016 093951 8621
20151016 093951 8621
20151016 093951 8621
20151016 093954 8622
20151016 094000 8623
20151016 094001 8624
20151016 094001 8624
20151016 094001 8624
20151016 094003 8625
20151016 094004 8625
20151016 094045 8621
20151016 094045 8621
20151016 094105 8622
20151016 094128 8620
20151016 094132 8619
20151016 094206 8622
20151016 094206 8622
20151016 094206 8622
20151016 094206 8622
20151016 094206 8623
20151016 094220 8607
20151016 094221 8621
20151016 094222 8621
20151016 094237 8622
20151016 094237 8622
20151016 094238 8623
20151016 094318 8620
20151016 094320 8620
20151016 094321 8620
20151016 094321 8620
20151016 094325 8620
20151016 094326 8620
20151016 094326 8620
20151016 094326 8620
20151016 094328 8605
20151016 094328 8620
20151016 094329 8620
20151016 094330 8620
20151016 094335 8620
20151016 094340 8620
20151016 094344 8620
20151016 094345 8619
20151016 094346 8620
20151016 094405 8620
20151016 094407 8620
20151016 094407 8620
20151016 094410 8620
20151016 094421 8620
20151016 094421 8620
20151016 094421 8620
20151016 094421 8620
20151016 094421 8620
20151016 094421 8620
20151016 094422 8619
20151016 094422 8619
20151016 094422 8619
20151016 094422 8619
20151016 094422 8619
20151016 094422 8619
20151016 094422 8620
20151016 094422 8620
20151016 094422 8620
20151016 094422 8620
20151016 094425 8622
20151016 094425 8623
20151016 094426 8623
20151016 094426 8624
20151016 094426 8624
20151016 094426 8624
20151016 094426 8624
20151016 094501 8624
20151016 094501 8625
20151016 094501 8625
20151016 094501 8625
20151016 094501 8626
20151016 094501 8626
20151016 094501 8626
20151016 094501 8626
20151016 094501 8626
20151016 094501 8626
20151016 094502 8626
20151016 094502 8626
20151016 094502 8626
20151016 094502 8626
20151016 094502 8626
20151016 094502 8626
20151016 094502 8626
20151016 094502 8626
20151016 094656 8621
20151016 094656 8621
20151016 094656 8621
20151016 094657 8621
20151016 094657 8621
20151016 094658 8621
20151016 094708 8619
20151016 094708 8619
20151016 094708 8619
20151016 094708 8619
20151016 094708 8619
20151016 094708 8619
20151016 094708 8619
20151016 094708 8619
20151016 094708 8619
20151016 094708 8619
20151016 094708 8619
20151016 094727 8618
20151016 094727 8618
20151016 094729 8617
20151016 094729 8617
20151016 094729 8617
20151016 094730 8617
20151016 094730 8617
20151016 094732 8617
20151016 094737 8616
20151016 094737 8616
20151016 094737 8616
20151016 094737 8616
20151016 094738 8617
20151016 094755 8615
20151016 094756 8614
20151016 094757 8614
20151016 094818 8614
20151016 094818 8614
20151016 094823 8613
20151016 094824 8612
20151016 094824 8612
20151016 094825 8612
20151016 094841 8612
20151016 094841 8612
20151016 094842 8611
20151016 094842 8612
20151016 094845 8611
20151016 094845 8611
20151016 094845 8611
20151016 094904 8600
20151016 094910 8601
20151016 094913 8612
20151016 094918 8601
20151016 094925 8612
20151016 094927 8611
20151016 094941 8611
20151016 094942 8611
20151016 094943 8611
20151016 094958 8610
20151016 094959 8607
20151016 094959 8607
20151016 094959 8608
20151016 094959 8608
20151016 094959 8608
20151016 094959 8609
20151016 094959 8609
20151016 094959 8609
20151016 094959 8609
20151016 095055 8598
20151016 095143 8599
20151016 095211 8599
20151016 095242 8607
20151016 095242 8608
20151016 095242 8608
20151016 095242 8609
20151016 095243 8606
20151016 095243 8606
20151016 095243 8606
20151016 095243 8606
20151016 095243 8606
20151016 095243 8606
20151016 095243 8606
20151016 095243 8606
20151016 095243 8606
20151016 095243 8607
20151016 095243 8607
20151016 095308 8609
20151016 095315 8609
20151016 095315 8609
20151016 095319 8610
20151016 095353 8608
20151016 095354 8608
20151016 095355 8608
20151016 095355 8608
20151016 095413 8607
20151016 095415 8606
20151016 095415 8606
20151016 095415 8606
20151016 095416 8605
20151016 095416 8605
20151016 095417 8605
20151016 095418 8605
20151016 095419 8605
20151016 095419 8605
20151016 095420 8605
20151016 095421 8604
20151016 095421 8604
20151016 095421 8604
20151016 095421 8604
20151016 095423 8604
20151016 095424 8603
20151016 095424 8603
20151016 095424 8603
20151016 095424 8604
20151016 095425 8603
20151016 095439 8604
20151016 095442 8593
20151016 095532 8606
20151016 095537 8606
20151016 095609 8609
20151016 095616 8608
20151016 095733 8606
20151016 095742 8606
20151016 095744 8606
20151016 095805 8605
20151016 095805 8605
20151016 095806 8605
20151016 095807 8605
20151016 095811 8605
20151016 095811 8605
20151016 095816 8605
20151016 095854 8607
20151016 095854 8607
20151016 095855 8607
20151016 095918 8606
20151016 095926 8605
20151016 095932 8606
20151016 095942 8606
20151016 095942 8606
20151016 100003 8606
20151016 100047 8609
20151016 100048 8609
20151016 100056 8609
20151016 100120 8607
20151016 100202 8609
20151016 100211 8610
20151016 100214 8611
20151016 100220 8612
20151016 100222 8612
20151016 100458 8607
20151016 100506 8606
20151016 100506 8607
20151016 100515 8605
20151016 100515 8605
20151016 100515 8605
20151016 100531 8604
20151016 100540 8603
20151016 100540 8603
20151016 100540 8603
20151016 100541 8603
20151016 100542 8603
20151016 100542 8603
20151016 100543 8604
20151016 100548 8602
20151016 100548 8602
20151016 100548 8602
20151016 100548 8602
20151016 100549 8601
20151016 100549 8601
20151016 100558 8601
20151016 100558 8601
20151016 100603 8598
20151016 100603 8599
20151016 100603 8600
20151016 100603 8600
20151016 100603 8600
20151016 100603 8600
20151016 100603 8600
20151016 100603 8600
20151016 100603 8600
20151016 100603 8600
20151016 100603 8600
20151016 100603 8600
20151016 100603 8600
20151016 100603 8600
20151016 100603 8600
20151016 100603 8600
20151016 100604 8596
20151016 100604 8596
20151016 100604 8597
20151016 100604 8597
20151016 100604 8597
20151016 100604 8597
20151016 100604 8597
20151016 100604 8597
20151016 100604 8597
20151016 100604 8597
20151016 100604 8597
20151016 100604 8597
20151016 100604 8598
20151016 100604 8598
20151016 100604 8598
20151016 100604 8598
20151016 100604 8598
20151016 100604 8598
20151016 100604 8598
20151016 100604 8598
20151016 100605 8596
20151016 100605 8596
20151016 100607 8599
20151016 100613 8599
20151016 100613 8599
20151016 100628 8598
20151016 100709 8602
20151016 100744 8592
20151016 100800 8592
20151016 100812 8592
20151016 100817 8603
20151016 100849 8606
20151016 100849 8606
20151016 100849 8606
20151016 100849 8606
20151016 100849 8606
20151016 100853 8606
20151016 100857 8607
20151016 100935 8608
20151016 100935 8609
20151016 100936 8608
20151016 100937 8609
20151016 100938 8609
20151016 100938 8609
20151016 100938 8609
20151016 100938 8609
20151016 100939 8609
20151016 100939 8609
20151016 100939 8609
20151016 100943 8608
20151016 100943 8608
20151016 100957 8612
20151016 100957 8612
20151016 100958 8612
20151016 101001 8613
20151016 101001 8613
20151016 101002 8613
20151016 101003 8611
20151016 101003 8611
20151016 101046 8610
20151016 101048 8612
20151016 101051 8613
20151016 101053 8613
20151016 101056 8613
20151016 101056 8614
20151016 101059 8615
20151016 101102 8614
20151016 101103 8614
20151016 101105 8615
20151016 101106 8615
20151016 101110 8617
20151016 101112 8616
20151016 101113 8616
20151016 101115 8618
20151016 101115 8618
20151016 101116 8618
20151016 101116 8618
20151016 101116 8618
20151016 101116 8619
20151016 101116 8619
20151016 101117 8620
20151016 101124 8619
20151016 101124 8621
20151016 101124 8621
20151016 101124 8621
20151016 101124 8621
20151016 101124 8621
20151016 101141 8621
20151016 101145 8621
20151016 101148 8620
20151016 101148 8621
20151016 101152 8619
20151016 101159 8621
20151016 101159 8621
20151016 101319 8617
20151016 101320 8616
20151016 101322 8617
20151016 101327 8618
20151016 101339 8619
20151016 101345 8607
20151016 101351 8619
20151016 101404 8619
20151016 101409 8617
20151016 101411 8619
20151016 101438 8621
20151016 101442 8621
20151016 101442 8621
20151016 101442 8621
20151016 101442 8621
20151016 101442 8621
20151016 101443 8621
20151016 101450 8620
20151016 101455 8620
20151016 101455 8620
20151016 101457 8620
20151016 101457 8620
20151016 101457 8620
20151016 101458 8620
20151016 101458 8620
20151016 101501 8621
20151016 101502 8621
20151016 101504 8622
20151016 101505 8622
20151016 101526 8621
20151016 101531 8621
20151016 101533 8620
20151016 101545 8621
20151016 101617 8619
20151016 101625 8618
20151016 101656 8618
20151016 101809 8621
20151016 101833 8618
20151016 101833 8618
20151016 101854 8619
20151016 101921 8620
20151016 101933 8622
20151016 101933 8622
20151016 101933 8622
20151016 101933 8622
20151016 101933 8622
20151016 101933 8622
20151016 101933 8622
20151016 101933 8622
20151016 101933 8622
20151016 101934 8623
20151016 101935 8623
20151016 101935 8623
20151016 101936 8623
20151016 101939 8623
20151016 101939 8623
20151016 101939 8623
20151016 101942 8621
20151016 102000 8620
20151016 102039 8621
20151016 102143 8618
20151016 102143 8618
20151016 102151 8617
20151016 102332 8618
20151016 102332 8618
20151016 102332 8618
20151016 102332 8618
20151016 102349 8618
20151016 102354 8618
20151016 102434 8614
20151016 102502 8616
20151016 102502 8616
20151016 102508 8617
20151016 102552 8616
20151016 102552 8616
20151016 102616 8618
20151016 102635 8617
20151016 102809 8612
20151016 102810 8612
20151016 102819 8611
20151016 102821 8611
20151016 102823 8611
20151016 102823 8611
20151016 102823 8611
20151016 102824 8611
20151016 102840 8612
20151016 102842 8611
20151016 102855 8611
20151016 102952 8613
20151016 103024 8609
20151016 103028 8609
20151016 103028 8609
20151016 103028 8609
20151016 103028 8609
20151016 103044 8609
20151016 103046 8608
20151016 103047 8608
20151016 103049 8607
20151016 103050 8607
20151016 103108 8610
20151016 103215 8611
20151016 103221 8611
20151016 103320 8610
20151016 103336 8611
20151016 103519 8609
20151016 103520 8597
20151016 103534 8596
20151016 103714 8608
20151016 103743 8606
20151016 103743 8606
20151016 103743 8606
20151016 103743 8606
20151016 103744 8606
20151016 103744 8606
20151016 103745 8606
20151016 103748 8606
20151016 103748 8606
20151016 103748 8606
20151016 103749 8605
20151016 103749 8606
20151016 103749 8606
20151016 103749 8606
20151016 103749 8606
20151016 103749 8606
20151016 103749 8606
20151016 103803 8603
20151016 103803 8603
20151016 103803 8604
20151016 103823 8604
20151016 103834 8603
20151016 103842 8605
20151016 103843 8605
20151016 103843 8605
20151016 103931 8594
20151016 103957 8607
20151016 104001 8607
20151016 104015 8604
20151016 104015 8604
20151016 104015 8604
20151016 104015 8604
20151016 104015 8604
20151016 104015 8604
20151016 104108 8604
20151016 104124 8604
20151016 104138 8604
20151016 104202 8604
20151016 104209 8603
20151016 104209 8603
20151016 104210 8602
20151016 104210 8602
20151016 104210 8602
20151016 104211 8602
20151016 104212 8603
20151016 104213 8602
20151016 104213 8602
20151016 104214 8602
20151016 104214 8602
20151016 104234 8604
20151016 104247 8604
20151016 104341 8602
20151016 104342 8601
20151016 104342 8601
20151016 104342 8601
20151016 104342 8601
20151016 104342 8601
20151016 104342 8601
20151016 104342 8601
20151016 104342 8601
20151016 104342 8601
20151016 104342 8602
20151016 104343 8601
20151016 104343 8601
20151016 104346 8601
20151016 104346 8601
20151016 104400 8601
20151016 104402 8601
20151016 104402 8601
20151016 104404 8601
20151016 104405 8601
20151016 104406 8601
20151016 104406 8601
20151016 104410 8601
20151016 104411 8601
20151016 104411 8601
20151016 104411 8601
20151016 104411 8601
20151016 104411 8601
20151016 104411 8601
20151016 104411 8601
20151016 104411 8601
20151016 104414 8601
20151016 104427 8600
20151016 104501 8601
20151016 104501 8601
20151016 104501 8601
20151016 104501 8601
20151016 104501 8601
20151016 104501 8601
20151016 104501 8602
20151016 104501 8602
20151016 104501 8602
20151016 104501 8602
20151016 104505 8589
20151016 104505 8602
20151016 104513 8589
20151016 104557 8604
20151016 104558 8603
20151016 104628 8605
20151016 104632 8606
20151016 104632 8606
20151016 104706 8604
20151016 104706 8604
20151016 104706 8604
20151016 104706 8604
20151016 104706 8604
20151016 104854 8606
20151016 105058 8610
20151016 105253 8608
20151016 105253 8608
20151016 105319 8607
20151016 105319 8607
20151016 105319 8607
20151016 105319 8607
20151016 105319 8607
20151016 105319 8607
20151016 105319 8607
20151016 105319 8607
20151016 105319 8607
20151016 105319 8607
20151016 105319 8607
20151016 105434 8610
20151016 105448 8609
20151016 105524 8611
20151016 105524 8611
20151016 105524 8611
20151016 105524 8612
20151016 105524 8612
20151016 105524 8612
20151016 105524 8612
20151016 105525 8613
20151016 105525 8613
20151016 105525 8613
20151016 105525 8613
20151016 105525 8613
20151016 105525 8613
20151016 105525 8613
20151016 105525 8614
20151016 105525 8614
20151016 105525 8614
20151016 105527 8614
20151016 105530 8613
20151016 105542 8613
20151016 105544 8613
20151016 105618 8611
20151016 105618 8611
20151016 105618 8611
20151016 105713 8609
20151016 105713 8610
20151016 105743 8607
20151016 105754 8607
20151016 105754 8607
20151016 105755 8606
20151016 105756 8606
20151016 105756 8606
20151016 105757 8606
20151016 105803 8606
20151016 105822 8609
20151016 105831 8609
20151016 105922 8607
20151016 105924 8608
20151016 110101 8607
20151016 110101 8607
20151016 110107 8606
20151016 110107 8606
20151016 110425 8607
20151016 110432 8604
20151016 110433 8603
20151016 110433 8604
20151016 110433 8604
20151016 110434 8603
20151016 110435 8603
20151016 110435 8603
20151016 110445 8602
20151016 110446 8602
20151016 110447 8602
20151016 110447 8602
20151016 110458 8603
20151016 110502 8602
20151016 110503 8601
20151016 110503 8601
20151016 110503 8601
20151016 110503 8601
20151016 110503 8601
20151016 110505 8601
20151016 110508 8599
20151016 110508 8599
20151016 110508 8599
20151016 110508 8599
20151016 110508 8599
20151016 110508 8599
20151016 110508 8599
20151016 110508 8599
20151016 110508 8599
20151016 110508 8599
20151016 110508 8599
20151016 110508 8599
20151016 110508 8599
20151016 110508 8599
20151016 110508 8599
20151016 110508 8600
20151016 110508 8600
20151016 110509 8597
20151016 110509 8598
20151016 110509 8598
20151016 110509 8598
20151016 110509 8598
20151016 110509 8598
20151016 110509 8598
20151016 110509 8598
20151016 110510 8597
20151016 110510 8597
20151016 110510 8597
20151016 110510 8597
20151016 110510 8597
20151016 110510 8597
20151016 110510 8597
20151016 110510 8597
20151016 110510 8597
20151016 110510 8597
20151016 110510 8597
20151016 110510 8597
20151016 110510 8597
20151016 110524 8597
20151016 110525 8593
20151016 110525 8594
20151016 110525 8594
20151016 110525 8594
20151016 110525 8594
20151016 110525 8594
20151016 110525 8594
20151016 110525 8594
20151016 110525 8594
20151016 110525 8595
20151016 110525 8595
20151016 110525 8595
20151016 110525 8595
20151016 110525 8595
20151016 110525 8595
20151016 110525 8596
20151016 110525 8596
20151016 110525 8596
20151016 110525 8596
20151016 110525 8596
20151016 110525 8596
20151016 110525 8596
20151016 110525 8596
20151016 110525 8596
20151016 110525 8596
20151016 110525 8596
20151016 110525 8596
20151016 110525 8596
20151016 110525 8596
20151016 110525 8596
20151016 110525 8596
20151016 110526 8593
20151016 110526 8593
20151016 110526 8593
20151016 110526 8593
20151016 110526 8593
20151016 110539 8598
20151016 110545 8596
20151016 110618 8598
20151016 110637 8600
20151016 110645 8598
20151016 110649 8598
20151016 110650 8598
20151016 110653 8599
20151016 110742 8601
20151016 110744 8600
20151016 110801 8603
20151016 110813 8599
20151016 110824 8598
20151016 110828 8598
20151016 110828 8598
20151016 110830 8598
20151016 110834 8597
20151016 110836 8597
20151016 110836 8598
20151016 110837 8597
20151016 110838 8597
20151016 110842 8598
20151016 110844 8597
20151016 110849 8597
20151016 110851 8598
20151016 110857 8599
20151016 110913 8597
20151016 110914 8596
20151016 110915 8596
20151016 110916 8596
20151016 110916 8596
20151016 110917 8595
20151016 110917 8596
20151016 110932 8595
20151016 110932 8595
20151016 110945 8599
20151016 111003 8596
20151016 111017 8595
20151016 111018 8594
20151016 111018 8594
20151016 111020 8594
20151016 111022 8594
20151016 111026 8594
20151016 111027 8594
20151016 111037 8596
20151016 111041 8596
20151016 111041 8596
20151016 111053 8597
20151016 111113 8598
20151016 111116 8599
20151016 111117 8599
20151016 111119 8599
20151016 111119 8599
20151016 111122 8599
20151016 111150 8587
20151016 111206 8587
20151016 111253 8587
20151016 111329 8587
20151016 111330 8587
20151016 111331 8586
20151016 111338 8587
20151016 111401 8585
20151016 111401 8596
20151016 111401 8596
20151016 111415 8597
20151016 111415 8597
20151016 111516 8598
20151016 111516 8598
20151016 111516 8598
20151016 111516 8598
20151016 111520 8600
20151016 111520 8600
20151016 111524 8601
20151016 111524 8601
20151016 111526 8601
20151016 111526 8601
20151016 111527 8602
20151016 111527 8602
20151016 111530 8602
20151016 111557 8603
20151016 111559 8603
20151016 111600 8603
20151016 111603 8604
20151016 111609 8603
20151016 111612 8604
20151016 111616 8604
20151016 111616 8604
20151016 111631 8604
20151016 111710 8600
20151016 111713 8600
20151016 111827 8597
20151016 111829 8597
20151016 111925 8596
20151016 111925 8596
20151016 111926 8595
20151016 111926 8595
20151016 111927 8594
20151016 111927 8594
20151016 111927 8594
20151016 111927 8594
20151016 111929 8594
20151016 111929 8594
20151016 111929 8594
20151016 111930 8594
20151016 111931 8594
20151016 111932 8594
20151016 111939 8596
20151016 112010 8598
20151016 112037 8595
20151016 112037 8595
20151016 112039 8594
20151016 112039 8594
20151016 112039 8594
20151016 112040 8593
20151016 112040 8595
20151016 112041 8593
20151016 112041 8593
20151016 112041 8593
20151016 112055 8593
20151016 112101 8593
20151016 112101 8593
20151016 112101 8593
20151016 112101 8593
20151016 112101 8593
20151016 112101 8595
20151016 112102 8593
20151016 112103 8592
20151016 112103 8592
20151016 112103 8592
20151016 112103 8592
20151016 112103 8592
20151016 112103 8592
20151016 112103 8592
20151016 112103 8592
20151016 112107 8592
20151016 112108 8592
20151016 112108 8592
20151016 112109 8592
20151016 112110 8591
20151016 112110 8591
20151016 112110 8591
20151016 112110 8591
20151016 112110 8591
20151016 112110 8591
20151016 112110 8591
20151016 112110 8592
20151016 112111 8591
20151016 112111 8591
20151016 112111 8591
20151016 112111 8592
20151016 112216 8591
20151016 112216 8591
20151016 112216 8591
20151016 112216 8591
20151016 112216 8591
20151016 112216 8591
20151016 112216 8591
20151016 112216 8591
20151016 112216 8591
20151016 112216 8591
20151016 112216 8591
20151016 112216 8591
20151016 112216 8591
20151016 112216 8591
20151016 112217 8587
20151016 112217 8587
20151016 112217 8587
20151016 112217 8587
20151016 112217 8587
20151016 112217 8587
20151016 112217 8587
20151016 112217 8587
20151016 112217 8587
20151016 112217 8587
20151016 112217 8588
20151016 112217 8588
20151016 112217 8588
20151016 112217 8588
20151016 112217 8588
20151016 112217 8588
20151016 112217 8588
20151016 112217 8588
20151016 112217 8588
20151016 112217 8588
20151016 112217 8588
20151016 112217 8588
20151016 112217 8589
20151016 112217 8589
20151016 112217 8589
20151016 112217 8589
20151016 112217 8589
20151016 112217 8589
20151016 112217 8589
20151016 112217 8589
20151016 112217 8589
20151016 112217 8589
20151016 112217 8589
20151016 112217 8590
20151016 112217 8590
20151016 112217 8590
20151016 112217 8590
20151016 112217 8590
20151016 112217 8590
20151016 112217 8590
20151016 112218 8581
20151016 112218 8581
20151016 112218 8581
20151016 112218 8581
20151016 112218 8581
20151016 112218 8581
20151016 112218 8581
20151016 112218 8581
20151016 112218 8581
20151016 112218 8581
20151016 112218 8581
20151016 112218 8581
20151016 112218 8581
20151016 112218 8581
20151016 112218 8581
20151016 112218 8581
20151016 112218 8581
20151016 112218 8581
20151016 112218 8581
20151016 112218 8581
20151016 112218 8581
20151016 112218 8581
20151016 112218 8581
20151016 112218 8581
20151016 112218 8581
20151016 112218 8581
20151016 112218 8581
20151016 112218 8581
20151016 112218 8581
20151016 112218 8581
20151016 112218 8581
20151016 112218 8581
20151016 112218 8581
20151016 112218 8581
20151016 112218 8581
20151016 112218 8581
20151016 112218 8581
20151016 112218 8581
20151016 112218 8581
20151016 112218 8582
20151016 112218 8582
20151016 112218 8582
20151016 112218 8582
20151016 112218 8582
20151016 112218 8582
20151016 112218 8582
20151016 112218 8582
20151016 112218 8582
20151016 112218 8582
20151016 112218 8582
20151016 112218 8583
20151016 112218 8583
20151016 112218 8583
20151016 112218 8583
20151016 112218 8583
20151016 112218 8583
20151016 112218 8583
20151016 112218 8583
20151016 112218 8583
20151016 112218 8583
20151016 112218 8583
20151016 112218 8583
20151016 112218 8583
20151016 112218 8583
20151016 112218 8583
20151016 112218 8583
20151016 112218 8583
20151016 112218 8583
20151016 112218 8583
20151016 112218 8583
20151016 112218 8583
20151016 112218 8583
20151016 112218 8583
20151016 112218 8584
20151016 112218 8584
20151016 112218 8584
20151016 112218 8584
20151016 112218 8584
20151016 112218 8584
20151016 112218 8584
20151016 112218 8584
20151016 112218 8584
20151016 112218 8584
20151016 112218 8585
20151016 112218 8585
20151016 112218 8585
20151016 112218 8585
20151016 112218 8585
20151016 112218 8586
20151016 112218 8586
20151016 112218 8586
20151016 112218 8586
20151016 112218 8586
20151016 112218 8586
20151016 112218 8586
20151016 112218 8586
20151016 112218 8586
20151016 112218 8586
20151016 112218 8586
20151016 112218 8586
20151016 112218 8586
20151016 112218 8586
20151016 112218 8586
20151016 112218 8586
20151016 112218 8586
20151016 112218 8586
20151016 112218 8586
20151016 112218 8586
20151016 112218 8586
20151016 112218 8586
20151016 112218 8586
20151016 112218 8586
20151016 112218 8586
20151016 112218 8586
20151016 112218 8586
20151016 112219 8578
20151016 112219 8578
20151016 112219 8578
20151016 112219 8578
20151016 112219 8578
20151016 112219 8578
20151016 112219 8578
20151016 112219 8578
20151016 112219 8579
20151016 112219 8579
20151016 112219 8579
20151016 112219 8579
20151016 112219 8579
20151016 112219 8579
20151016 112219 8579
20151016 112219 8580
20151016 112219 8580
20151016 112219 8580
20151016 112219 8580
20151016 112219 8580
20151016 112219 8580
20151016 112219 8580
20151016 112219 8580
20151016 112219 8580
20151016 112221 8577
20151016 112221 8577
20151016 112221 8577
20151016 112221 8577
20151016 112221 8577
20151016 112221 8577
20151016 112221 8577
20151016 112221 8577
20151016 112221 8577
20151016 112222 8577
20151016 112222 8577
20151016 112222 8579
20151016 112223 8580
20151016 112223 8582
20151016 112224 8580
20151016 112225 8585
20151016 112229 8581
20151016 112230 8583
20151016 112230 8583
20151016 112231 8583
20151016 112234 8582
20151016 112235 8583
20151016 112236 8584
20151016 112239 8582
20151016 112240 8586
20151016 112240 8587
20151016 112241 8587
20151016 112245 8585
20151016 112247 8584
20151016 112249 8584
20151016 112250 8583
20151016 112250 8583
20151016 112250 8583
20151016 112250 8583
20151016 112251 8583
20151016 112252 8582
20151016 112254 8568
20151016 112302 8579
20151016 112302 8579
20151016 112302 8580
20151016 112302 8580
20151016 112308 8579
20151016 112309 8580
20151016 112311 8579
20151016 112312 8579
20151016 112312 8579
20151016 112313 8577
20151016 112313 8577
20151016 112313 8578
20151016 112314 8577
20151016 112314 8577
20151016 112315 8577
20151016 112315 8578
20151016 112315 8578
20151016 112319 8577
20151016 112320 8578
20151016 112320 8578
20151016 112323 8579
20151016 112325 8578
20151016 112326 8578
20151016 112334 8579
20151016 112343 8569
20151016 112351 8581
20151016 112354 8581
20151016 112358 8579
20151016 112358 8579
20151016 112358 8579
20151016 112401 8577
20151016 112401 8578
20151016 112401 8578
20151016 112401 8578
20151016 112404 8577
20151016 112404 8577
20151016 112404 8577
20151016 112404 8577
20151016 112404 8578
20151016 112406 8576
20151016 112408 8578
20151016 112408 8578
20151016 112408 8578
20151016 112410 8578
20151016 112411 8579
20151016 112420 8579
20151016 112422 8579
20151016 112427 8578
20151016 112434 8580
20151016 112443 8581
20151016 112444 8581
20151016 112501 8579
20151016 112502 8579
20151016 112502 8579
20151016 112502 8579
20151016 112503 8579
20151016 112503 8579
20151016 112507 8579
20151016 112514 8578
20151016 112515 8578
20151016 112516 8576
20151016 112516 8576
20151016 112516 8576
20151016 112516 8576
20151016 112516 8576
20151016 112516 8576
20151016 112516 8576
20151016 112516 8576
20151016 112516 8576
20151016 112516 8576
20151016 112516 8577
20151016 112517 8576
20151016 112517 8576
20151016 112517 8576
20151016 112517 8576
20151016 112518 8574
20151016 112518 8574
20151016 112518 8574
20151016 112518 8574
20151016 112518 8575
20151016 112518 8575
20151016 112519 8574
20151016 112519 8574
20151016 112521 8573
20151016 112521 8573
20151016 112521 8573
20151016 112523 8573
20151016 112524 8573
20151016 112524 8573
20151016 112524 8573
20151016 112525 8573
20151016 112526 8573
20151016 112526 8573
20151016 112526 8573
20151016 112526 8573
20151016 112527 8572
20151016 112527 8572
20151016 112527 8572
20151016 112527 8572
20151016 112527 8572
20151016 112527 8573
20151016 112531 8574
20151016 112539 8573
20151016 112542 8574
20151016 112554 8575
20151016 112559 8574
20151016 112601 8573
20151016 112602 8575
20151016 112603 8573
20151016 112603 8574
20151016 112606 8573
20151016 112606 8573
20151016 112607 8572
20151016 112607 8573
20151016 112608 8573
20151016 112610 8573
20151016 112611 8572
20151016 112611 8572
20151016 112612 8571
20151016 112612 8571
20151016 112612 8571
20151016 112612 8571
20151016 112612 8572
20151016 112631 8575
20151016 112635 8576
20151016 112636 8577
20151016 112637 8577
20151016 112643 8574
20151016 112643 8574
20151016 112643 8575
20151016 112643 8575
20151016 112646 8574
20151016 112646 8575
20151016 112648 8575
20151016 112658 8574
20151016 112659 8574
20151016 112701 8573
20151016 112701 8573
20151016 112703 8573
20151016 112705 8573
20151016 112707 8561
20151016 112708 8573
20151016 112716 8572
20151016 112717 8572
20151016 112740 8575
20151016 112748 8575
20151016 112750 8575
20151016 112750 8575
20151016 112753 8575
20151016 112753 8575
20151016 112755 8575
20151016 112755 8575
20151016 112757 8575
20151016 112757 8575
20151016 112759 8574
20151016 112759 8575
20151016 112800 8574
20151016 112800 8574
20151016 112800 8574
20151016 112809 8577
20151016 112810 8577
20151016 112810 8578
20151016 112810 8578
20151016 112810 8578
20151016 112810 8578
20151016 112816 8576
20151016 112817 8574
20151016 112818 8574
20151016 112819 8573
20151016 112819 8573
20151016 112845 8577
20151016 112846 8578
20151016 112847 8577
20151016 112900 8576
20151016 113008 8579
20151016 113021 8578
20151016 113021 8578
20151016 113021 8578
20151016 113058 8580
20151016 113058 8580
20151016 113059 8580
20151016 113216 8583
20151016 113219 8583
20151016 113223 8582
20151016 113223 8582
20151016 113422 8584
20151016 113433 8571
20151016 113500 8582
20151016 113516 8586
20151016 113516 8586
20151016 113531 8584
20151016 113611 8585
20151016 113611 8585
20151016 113616 8585
20151016 113658 8573
20151016 113658 8574
20151016 113658 8574
20151016 113702 8584
20151016 113751 8571
20151016 113751 8571
20151016 114024 8587
20151016 114209 8574
20151016 114226 8589
20151016 114239 8590
20151016 114240 8590
20151016 114342 8588
20151016 114440 8586
20151016 114440 8587
20151016 114441 8586
20151016 114441 8586
20151016 114441 8586
20151016 114441 8586
20151016 114441 8586
20151016 114441 8586
20151016 114441 8586
20151016 114459 8586
20151016 114505 8585
20151016 114505 8585
20151016 114505 8585
20151016 114505 8585
20151016 114505 8585
20151016 114704 8586
20151016 114720 8584
20151016 114755 8584
20151016 114847 8574
20151016 115102 8574
20151016 115115 8587
20151016 115141 8588
20151016 115141 8588
20151016 115142 8588
20151016 115146 8588
20151016 115149 8588
20151016 115149 8588
20151016 115201 8576
20151016 115301 8589
20151016 115305 8589
20151016 115322 8576
20151016 115622 8575
20151016 115724 8574
20151016 115908 8587
20151016 115908 8588
20151016 115908 8588
20151016 115908 8588
20151016 115908 8588
20151016 115914 8588
20151016 115919 8589
20151016 115919 8589
20151016 115919 8589
20151016 115919 8591
20151016 115919 8591
20151016 115919 8591
20151016 115919 8591
20151016 115919 8591
20151016 115919 8591
20151016 115919 8591
20151016 115920 8592
20151016 115920 8592
20151016 115920 8592
20151016 115920 8592
20151016 115920 8593
20151016 115920 8593
20151016 115920 8593
20151016 115920 8593
20151016 115920 8593
20151016 115920 8593
20151016 115920 8593
20151016 115920 8593
20151016 115920 8593
20151016 115920 8593
20151016 115920 8593
20151016 115920 8593
20151016 115920 8594
20151016 115920 8594
20151016 115920 8594
20151016 115929 8595
20151016 115932 8595
20151016 115933 8596
20151016 115933 8596
20151016 115935 8596
20151016 115935 8596
20151016 115935 8596
20151016 115935 8596
20151016 115935 8597
20151016 115936 8596
20151016 115936 8597
20151016 115936 8597
20151016 115941 8595
20151016 120003 8596
20151016 120003 8596
20151016 120003 8596
20151016 120003 8596
20151016 120003 8596
20151016 120003 8596
20151016 120004 8584
20151016 120039 8595
20151016 120112 8595
20151016 120257 8594
20151016 120308 8594
20151016 120510 8592
20151016 120520 8580
20151016 120648 8580
20151016 121101 8580
20151016 121101 8590
20151016 121108 8589
20151016 121108 8589
20151016 121109 8590
20151016 121200 8593
20151016 121201 8593
20151016 121207 8593
20151016 121210 8593
20151016 121210 8593
20151016 121404 8579
20151016 121439 8580
20151016 121439 8580
20151016 121623 8592
20151016 121632 8592
20151016 121641 8592
20151016 121751 8593
20151016 122005 8592
20151016 122043 8593
20151016 122046 8593
20151016 122113 8594
20151016 122113 8594
20151016 122113 8594
20151016 122125 8594
20151016 122155 8597
20151016 122155 8597
20151016 122155 8597
20151016 122155 8598
20151016 122155 8598
20151016 122155 8598
20151016 122155 8598
20151016 122155 8598
20151016 122155 8598
20151016 122155 8598
20151016 122155 8598
20151016 122155 8598
20151016 122155 8598
20151016 122155 8598
20151016 122155 8598
20151016 122155 8598
20151016 122155 8598
20151016 122155 8598
20151016 122155 8598
20151016 122155 8598
20151016 122155 8599
20151016 122155 8599
20151016 122155 8599
20151016 122155 8599
20151016 122156 8599
20151016 122156 8600
20151016 122156 8600
20151016 122156 8600
20151016 122156 8600
20151016 122156 8600
20151016 122156 8601
20151016 122156 8601
20151016 122156 8601
20151016 122156 8601
20151016 122156 8601
20151016 122156 8601
20151016 122156 8601
20151016 122156 8601
20151016 122156 8601
20151016 122156 8601
20151016 122156 8601
20151016 122156 8601
20151016 122156 8601
20151016 122156 8601
20151016 122156 8601
20151016 122156 8601
20151016 122156 8602
20151016 122157 8602
20151016 122157 8602
20151016 122157 8602
20151016 122158 8598
20151016 122211 8600
20151016 122211 8600
20151016 122424 8600
20151016 123018 8599
20151016 123237 8595
20151016 123351 8585
20151016 123421 8585
20151016 123431 8585
20151016 123501 8596
20151016 123634 8583
20151016 123942 8596
20151016 124029 8598
20151016 124029 8598
20151016 124135 8597
20151016 124227 8596
20151016 124340 8595
20151016 125039 8581
20151016 125607 8595
20151016 125607 8595
20151016 125607 8596
20151016 125650 8596
20151016 125658 8597
20151016 125704 8597
20151016 125828 8597
20151016 125828 8597
20151016 125828 8597
20151016 125931 8596
20151016 125944 8592
20151016 125944 8592
20151016 125944 8592
20151016 125944 8592
20151016 125951 8592
20151016 130004 8591
20151016 130004 8591
20151016 130004 8591
20151016 130004 8591
20151016 130004 8591
20151016 130008 8588
20151016 130008 8588
20151016 130008 8588
20151016 130008 8588
20151016 130008 8588
20151016 130008 8589
20151016 130008 8589
20151016 130008 8589
20151016 130008 8589
20151016 130008 8589
20151016 130008 8589
20151016 130008 8589
20151016 130008 8590
20151016 130008 8590
20151016 130009 8588
20151016 130009 8588
20151016 130012 8587
20151016 130012 8587
20151016 130012 8587
20151016 130025 8592
20151016 130050 8593
20151016 130111 8594
20151016 130525 8595
20151016 130525 8595
20151016 130540 8596
20151016 130759 8583
20151016 130859 8597
20151016 130859 8597
20151016 130900 8597
20151016 130906 8585
20151016 130954 8584
20151016 131002 8598
20151016 131004 8598
20151016 131007 8598
20151016 131007 8598
20151016 131011 8598
20151016 131015 8599
20151016 131016 8599
20151016 131017 8599
20151016 131020 8599
20151016 131027 8597
20151016 131032 8598
20151016 131227 8599
20151016 131228 8586
20151016 131230 8599
20151016 131231 8599
20151016 131231 8599
20151016 131235 8600
20151016 131238 8600
20151016 131243 8600
20151016 131243 8600
20151016 131243 8601
20151016 131243 8601
20151016 131243 8601
20151016 131243 8601
20151016 131243 8601
20151016 131243 8601
20151016 131243 8601
20151016 131243 8601
20151016 131243 8601
20151016 131243 8601
20151016 131243 8602
20151016 131243 8602
20151016 131244 8602
20151016 131244 8602
20151016 131244 8602
20151016 131316 8603
20151016 131318 8603
20151016 131318 8603
20151016 131321 8603
20151016 131348 8603
20151016 131356 8603
20151016 131401 8603
20151016 131408 8601
20151016 131428 8601
20151016 131431 8600
20151016 131502 8603
20151016 131502 8603
20151016 131502 8603
20151016 131502 8603
20151016 131502 8604
20151016 131504 8604
20151016 131504 8604
20151016 131505 8603
20151016 131505 8604
20151016 131505 8604
20151016 131505 8604
20151016 131505 8604
20151016 131505 8604
20151016 131600 8600
20151016 131602 8600
20151016 131821 8603
20151016 131821 8603
20151016 131821 8603
20151016 131947 8591
20151016 131947 8591
20151016 132211 8590
20151016 132212 8590
20151016 132304 8603
20151016 132427 8601
20151016 132435 8600
20151016 132435 8600
20151016 132435 8600
20151016 132436 8600
20151016 132436 8600
20151016 132448 8589
20151016 132450 8599
20151016 132453 8599
20151016 132453 8599
20151016 132518 8598
20151016 132524 8597
20151016 132525 8597
20151016 132547 8596
20151016 132549 8595
20151016 132550 8597
20151016 132704 8599
20151016 132750 8601
20151016 132750 8601
20151016 132750 8601
20151016 132755 8601
20151016 132906 8601
20151016 132940 8600
20151016 132941 8601
20151016 132947 8601
20151016 132958 8602
20151016 133001 8603
20151016 133005 8603
20151016 133005 8603
20151016 133033 8604
20151016 133033 8604
20151016 133033 8604
20151016 133034 8604
20151016 133036 8603
20151016 133051 8601
20151016 133051 8601
20151016 133053 8601
20151016 133053 8601
20151016 133053 8601
20151016 133053 8601
20151016 133053 8601
20151016 133054 8600
20151016 133054 8600
20151016 133054 8600
20151016 133054 8600
20151016 133054 8600
20151016 133054 8600
20151016 133054 8600
20151016 133054 8600
20151016 133054 8600
20151016 133054 8600
20151016 133054 8600
20151016 133054 8600
20151016 133054 8600
20151016 133054 8600
20151016 133054 8600
20151016 133054 8600
20151016 133054 8600
20151016 133109 8600
20151016 133117 8601
20151016 133117 8602
20151016 133122 8602
20151016 133127 8602
20151016 133133 8602
20151016 133137 8602
20151016 133138 8602
20151016 133138 8602
20151016 133138 8602
20151016 133138 8602
20151016 133141 8602
20151016 133142 8602
20151016 133148 8602
20151016 133149 8602
20151016 133149 8602
20151016 133149 8602
20151016 133149 8602
20151016 133150 8602
20151016 133150 8602
20151016 133151 8602
20151016 133151 8602
20151016 133151 8602
20151016 133151 8602
20151016 133151 8602
20151016 133151 8602
20151016 133151 8602
20151016 133151 8602
20151016 133151 8602
20151016 133151 8602
20151016 133151 8602
20151016 133151 8602
20151016 133151 8602
20151016 133151 8602
20151016 133151 8602
20151016 133151 8602
20151016 133152 8602
20151016 133153 8602
20151016 133156 8602
20151016 133157 8602
20151016 133307 8602
20151016 133317 8603
20151016 133333 8591
20151016 133353 8592
20151016 133415 8604
20151016 133427 8604
20151016 133427 8604
20151016 133455 8604
20151016 133459 8606
20151016 133459 8606
20151016 133459 8606
20151016 133459 8606
20151016 133500 8606
20151016 133503 8607
20151016 133504 8607
20151016 133504 8607
20151016 133506 8607
20151016 133507 8607
20151016 133515 8606
20151016 133522 8594
20151016 133522 8606
20151016 133522 8606
20151016 133614 8607
20151016 133622 8607
20151016 133628 8607
20151016 133630 8607
20151016 133709 8608
20151016 133709 8608
20151016 133726 8608
20151016 133727 8608
20151016 133743 8608
20151016 133750 8607
20151016 133804 8609
20151016 133805 8609
20151016 133806 8609
20151016 133806 8609
20151016 133808 8608
20151016 133808 8609
20151016 133809 8609
20151016 133810 8609
20151016 133810 8609
20151016 133812 8609
20151016 133812 8609
20151016 133812 8609
20151016 133812 8609
20151016 133813 8609
20151016 133813 8610
20151016 133813 8610
20151016 133834 8610
20151016 133843 8588
20151016 133843 8609
20151016 133844 8610
20151016 133845 8610
20151016 133901 8608
20151016 133908 8608
20151016 133911 8607
20151016 133911 8607
20151016 133911 8607
20151016 133911 8607
20151016 133911 8607
20151016 133911 8607
20151016 133911 8607
20151016 133912 8607
20151016 133919 8607
20151016 133923 8607
20151016 133923 8607
20151016 133923 8607
20151016 133923 8607
20151016 133923 8607
20151016 133923 8607
20151016 133923 8607
20151016 133923 8607
20151016 133923 8607
20151016 133924 8594
20151016 133924 8607
20151016 133924 8607
20151016 133924 8607
20151016 133924 8607
20151016 133940 8608
20151016 133943 8608
20151016 133956 8608
20151016 134008 8609
20151016 134130 8609
20151016 134312 8608
20151016 134312 8608
20151016 134312 8608
20151016 134312 8608
20151016 134312 8608
20151016 134312 8608
20151016 134312 8608
20151016 134312 8608
20151016 134312 8608
20151016 134312 8608
20151016 134312 8608
20151016 134312 8608
20151016 134312 8608
20151016 134312 8608
20151016 134312 8608
20151016 134312 8608
20151016 134312 8608
20151016 134312 8608
20151016 134312 8608
20151016 134312 8608
20151016 134312 8608
20151016 134312 8608
20151016 134312 8608
20151016 134312 8608
20151016 134312 8608
20151016 134312 8608
20151016 134312 8608
20151016 134312 8608
20151016 134326 8608
20151016 134326 8608
20151016 134326 8608
20151016 134326 8608
20151016 134326 8608
20151016 134326 8608
20151016 134326 8608
20151016 134326 8608
20151016 134326 8608
20151016 134326 8608
20151016 134326 8608
20151016 134326 8608
20151016 134326 8608
20151016 134327 8608
20151016 134327 8608
20151016 134327 8608
20151016 134334 8609
20151016 134354 8608
20151016 134355 8608
20151016 134358 8608
20151016 134401 8608
20151016 134401 8608
20151016 134401 8608
20151016 134401 8608
20151016 134402 8608
20151016 134423 8608
20151016 134423 8608
20151016 134423 8608
20151016 134423 8608
20151016 134423 8608
20151016 134424 8608
20151016 134425 8608
20151016 134425 8608
20151016 134430 8608
20151016 134430 8608
20151016 134437 8608
20151016 134438 8608
20151016 134439 8608
20151016 134442 8608
20151016 134442 8608
20151016 134447 8608
20151016 134448 8608
20151016 134449 8608
20151016 134449 8608
20151016 134449 8608
20151016 134453 8609
20151016 134454 8608
20151016 134457 8608
20151016 134457 8609
20151016 134457 8609
20151016 134458 8609
20151016 134458 8609
20151016 134459 8609
