20151106 084500 8850
20151106 084500 8851
20151106 084500 8852
20151106 084520 8850
20151106 084522 8850
20151106 084529 8853
20151106 084529 8853
20151106 084529 8853
20151106 084529 8853
20151106 084529 8854
20151106 084529 8854
20151106 084534 8850
20151106 084535 8848
20151106 084535 8848
20151106 084538 8847
20151106 084544 8849
20151106 084546 8849
20151106 084600 8850
20151106 084601 8849
20151106 084601 8850
20151106 084604 8849
20151106 084604 8849
20151106 084606 8850
20151106 084606 8850
20151106 084606 8850
20151106 084606 8850
20151106 084606 8850
20151106 084606 8850
20151106 084606 8850
20151106 084608 8850
20151106 084627 8853
20151106 084631 8854
20151106 084652 8854
20151106 084654 8856
20151106 084659 8857
20151106 084659 8857
20151106 084707 8857
20151106 084707 8857
20151106 084707 8857
20151106 084714 8854
20151106 084714 8854
20151106 084714 8854
20151106 084730 8851
20151106 084751 8848
20151106 084751 8848
20151106 084751 8848
20151106 084751 8849
20151106 084751 8849
20151106 084753 8847
20151106 084803 8848
20151106 084912 8849
20151106 084941 8850
20151106 084941 8850
20151106 084943 8851
20151106 084943 8851
20151106 085032 8851
20151106 085032 8851
20151106 085037 8851
20151106 085047 8850
20151106 085101 8851
20151106 085117 8845
20151106 085117 8845
20151106 085117 8846
20151106 085117 8846
20151106 085119 8846
20151106 085131 8848
20151106 085132 8847
20151106 085137 8850
20151106 085148 8850
20151106 085152 8850
20151106 085219 8850
20151106 085219 8850
20151106 085234 8850
20151106 085239 8850
20151106 085315 8853
20151106 085315 8853
20151106 085346 8851
20151106 085402 8853
20151106 085408 8852
20151106 085412 8852
20151106 085435 8851
20151106 085441 8851
20151106 085442 8851
20151106 085620 8851
20151106 085702 8850
20151106 085702 8850
20151106 085708 8850
20151106 085805 8849
20151106 085858 8853
20151106 085859 8852
20151106 085859 8854
20151106 085950 8851
20151106 090017 8849
20151106 090017 8849
20151106 090017 8849
20151106 090024 8854
20151106 090027 8854
20151106 090039 8848
20151106 090040 8848
20151106 090059 8845
20151106 090059 8845
20151106 090059 8845
20151106 090059 8845
20151106 090059 8845
20151106 090059 8845
20151106 090100 8841
20151106 090100 8841
20151106 090107 8843
20151106 090110 8840
20151106 090115 8839
20151106 090121 8839
20151106 090121 8839
20151106 090122 8839
20151106 090123 8839
20151106 090124 8839
20151106 090124 8839
20151106 090125 8840
20151106 090126 8839
20151106 090126 8839
20151106 090126 8839
20151106 090126 8839
20151106 090126 8839
20151106 090126 8839
20151106 090135 8841
20151106 090143 8843
20151106 090145 8845
20151106 090149 8845
20151106 090222 8838
20151106 090222 8838
20151106 090223 8837
20151106 090245 8840
20151106 090250 8840
20151106 090305 8841
20151106 090305 8841
20151106 090320 8844
20151106 090320 8844
20151106 090320 8845
20151106 090352 8842
20151106 090401 8845
20151106 090403 8844
20151106 090407 8838
20151106 090407 8839
20151106 090410 8838
20151106 090415 8841
20151106 090417 8838
20151106 090417 8838
20151106 090437 8841
20151106 090456 8837
20151106 090456 8837
20151106 090456 8837
20151106 090457 8836
20151106 090457 8837
20151106 090500 8834
20151106 090500 8834
20151106 090500 8834
20151106 090500 8834
20151106 090500 8834
20151106 090500 8834
20151106 090500 8834
20151106 090506 8837
20151106 090510 8841
20151106 090511 8840
20151106 090526 8839
20151106 090610 8839
20151106 090626 8841
20151106 090634 8843
20151106 090646 8844
20151106 090709 8843
20151106 090813 8844
20151106 090821 8843
20151106 090822 8843
20151106 090826 8844
20151106 090827 8843
20151106 090848 8845
20151106 090850 8843
20151106 090917 8841
20151106 090949 8842
20151106 090954 8840
20151106 090954 8840
20151106 090954 8840
20151106 090958 8840
20151106 090959 8839
20151106 090959 8839
20151106 090959 8839
20151106 090959 8839
20151106 090959 8839
20151106 090959 8839
20151106 090959 8839
20151106 091001 8836
20151106 091001 8837
20151106 091018 8838
20151106 091024 8839
20151106 091027 8841
20151106 091103 8840
20151106 091105 8840
20151106 091106 8839
20151106 091107 8838
20151106 091112 8837
20151106 091125 8833
20151106 091125 8834
20151106 091125 8835
20151106 091125 8835
20151106 091125 8835
20151106 091125 8835
20151106 091126 8829
20151106 091126 8829
20151106 091126 8830
20151106 091126 8830
20151106 091126 8830
20151106 091126 8830
20151106 091126 8830
20151106 091126 8830
20151106 091126 8830
20151106 091126 8830
20151106 091126 8830
20151106 091126 8830
20151106 091126 8831
20151106 091126 8831
20151106 091126 8831
20151106 091126 8831
20151106 091126 8832
20151106 091126 8832
20151106 091126 8832
20151106 091127 8828
20151106 091147 8831
20151106 091151 8831
20151106 091200 8826
20151106 091200 8826
20151106 091200 8827
20151106 091200 8827
20151106 091201 8825
20151106 091201 8826
20151106 091228 8829
20151106 091241 8831
20151106 091259 8831
20151106 091341 8829
20151106 091341 8829
20151106 091353 8827
20151106 091357 8827
20151106 091357 8827
20151106 091357 8827
20151106 091413 8829
20151106 091426 8829
20151106 091428 8827
20151106 091437 8827
20151106 091459 8825
20151106 091500 8821
20151106 091500 8822
20151106 091500 8822
20151106 091500 8822
20151106 091500 8823
20151106 091500 8823
20151106 091500 8823
20151106 091500 8825
20151106 091500 8827
20151106 091501 8820
20151106 091501 8820
20151106 091501 8820
20151106 091501 8820
20151106 091501 8820
20151106 091501 8820
20151106 091501 8820
20151106 091501 8820
20151106 091501 8820
20151106 091502 8819
20151106 091502 8821
20151106 091502 8822
20151106 091502 8822
20151106 091503 8817
20151106 091503 8817
20151106 091503 8818
20151106 091503 8819
20151106 091504 8817
20151106 091504 8817
20151106 091505 8816
20151106 091505 8816
20151106 091505 8816
20151106 091505 8817
20151106 091510 8817
20151106 091510 8817
20151106 091511 8814
20151106 091511 8814
20151106 091511 8814
20151106 091511 8814
20151106 091511 8814
20151106 091511 8814
20151106 091511 8814
20151106 091512 8814
20151106 091513 8816
20151106 091517 8816
20151106 091521 8816
20151106 091521 8817
20151106 091521 8817
20151106 091521 8817
20151106 091521 8817
20151106 091521 8817
20151106 091521 8817
20151106 091536 8817
20151106 091547 8816
20151106 091555 8816
20151106 091556 8814
20151106 091556 8814
20151106 091618 8817
20151106 091619 8817
20151106 091629 8817
20151106 091636 8818
20151106 091637 8816
20151106 091645 8816
20151106 091649 8815
20151106 091649 8815
20151106 091652 8815
20151106 091653 8815
20151106 091701 8813
20151106 091701 8813
20151106 091701 8813
20151106 091701 8813
20151106 091701 8813
20151106 091701 8813
20151106 091701 8813
20151106 091704 8813
20151106 091708 8812
20151106 091708 8812
20151106 091708 8812
20151106 091708 8812
20151106 091708 8812
20151106 091709 8811
20151106 091709 8811
20151106 091710 8810
20151106 091710 8810
20151106 091711 8810
20151106 091711 8810
20151106 091716 8810
20151106 091717 8812
20151106 091717 8812
20151106 091717 8813
20151106 091722 8816
20151106 091737 8817
20151106 091737 8817
20151106 091737 8817
20151106 091741 8815
20151106 091741 8815
20151106 091744 8815
20151106 091801 8816
20151106 091804 8816
20151106 091824 8816
20151106 091824 8816
20151106 091826 8815
20151106 091847 8817
20151106 091859 8817
20151106 091903 8815
20151106 091949 8820
20151106 092001 8815
20151106 092001 8815
20151106 092003 8814
20151106 092006 8815
20151106 092031 8812
20151106 092031 8813
20151106 092036 8813
20151106 092038 8811
20151106 092038 8811
20151106 092038 8811
20151106 092040 8811
20151106 092041 8807
20151106 092041 8807
20151106 092041 8808
20151106 092041 8808
20151106 092041 8809
20151106 092041 8809
20151106 092041 8809
20151106 092041 8809
20151106 092041 8809
20151106 092041 8809
20151106 092041 8809
20151106 092041 8809
20151106 092041 8809
20151106 092041 8809
20151106 092041 8809
20151106 092041 8810
20151106 092041 8810
20151106 092043 8809
20151106 092043 8809
20151106 092044 8810
20151106 092051 8812
20151106 092052 8813
20151106 092052 8813
20151106 092052 8814
20151106 092055 8815
20151106 092055 8815
20151106 092055 8815
20151106 092109 8813
20151106 092123 8811
20151106 092128 8811
20151106 092135 8811
20151106 092135 8811
20151106 092135 8811
20151106 092135 8812
20151106 092135 8812
20151106 092142 8812
20151106 092159 8813
20151106 092159 8813
20151106 092200 8813
20151106 092206 8812
20151106 092206 8812
20151106 092206 8812
20151106 092206 8812
20151106 092229 8812
20151106 092337 8814
20151106 092337 8814
20151106 092353 8813
20151106 092400 8816
20151106 092450 8818
20151106 092452 8818
20151106 092452 8819
20151106 092452 8819
20151106 092537 8821
20151106 092548 8820
20151106 092602 8820
20151106 092616 8819
20151106 092645 8819
20151106 092723 8819
20151106 092730 8819
20151106 092752 8816
20151106 092826 8822
20151106 092908 8824
20151106 092909 8824
20151106 092923 8821
20151106 092931 8820
20151106 092932 8820
20151106 092934 8820
20151106 092948 8821
20151106 092952 8818
20151106 092952 8818
20151106 092952 8819
20151106 092956 8817
20151106 092956 8817
20151106 093000 8815
20151106 093000 8816
20151106 093000 8816
20151106 093000 8817
20151106 093001 8814
20151106 093001 8816
20151106 093001 8817
20151106 093005 8811
20151106 093005 8812
20151106 093009 8811
20151106 093011 8809
20151106 093011 8810
20151106 093012 8802
20151106 093012 8802
20151106 093012 8803
20151106 093012 8804
20151106 093012 8804
20151106 093012 8804
20151106 093012 8805
20151106 093012 8805
20151106 093012 8806
20151106 093012 8806
20151106 093012 8806
20151106 093012 8808
20151106 093012 8808
20151106 093013 8801
20151106 093013 8801
20151106 093013 8801
20151106 093022 8799
20151106 093022 8799
20151106 093022 8799
20151106 093022 8799
20151106 093022 8799
20151106 093022 8799
20151106 093022 8799
20151106 093022 8800
20151106 093022 8800
20151106 093026 8801
20151106 093026 8801
20151106 093029 8801
20151106 093029 8801
20151106 093034 8801
20151106 093101 8802
20151106 093103 8795
20151106 093103 8795
20151106 093103 8795
20151106 093103 8795
20151106 093103 8797
20151106 093103 8800
20151106 093103 8800
20151106 093103 8800
20151106 093104 8798
20151106 093106 8795
20151106 093106 8796
20151106 093108 8794
20151106 093108 8794
20151106 093108 8794
20151106 093109 8795
20151106 093110 8796
20151106 093113 8796
20151106 093115 8793
20151106 093121 8792
20151106 093121 8792
20151106 093125 8794
20151106 093133 8794
20151106 093137 8792
20151106 093138 8791
20151106 093138 8791
20151106 093139 8793
20151106 093140 8791
20151106 093140 8793
20151106 093142 8792
20151106 093143 8791
20151106 093146 8790
20151106 093146 8790
20151106 093146 8790
20151106 093146 8790
20151106 093146 8791
20151106 093146 8793
20151106 093146 8793
20151106 093149 8792
20151106 093149 8792
20151106 093151 8789
20151106 093151 8789
20151106 093151 8789
20151106 093151 8789
20151106 093151 8789
20151106 093151 8789
20151106 093152 8789
20151106 093152 8789
20151106 093152 8789
20151106 093152 8789
20151106 093152 8789
20151106 093152 8789
20151106 093201 8786
20151106 093202 8783
20151106 093202 8784
20151106 093202 8784
20151106 093202 8784
20151106 093202 8784
20151106 093202 8785
20151106 093202 8785
20151106 093203 8784
20151106 093203 8784
20151106 093203 8786
20151106 093206 8786
20151106 093218 8785
20151106 093225 8784
20151106 093225 8784
20151106 093230 8784
20151106 093232 8785
20151106 093241 8788
20151106 093248 8786
20151106 093249 8786
20151106 093300 8784
20151106 093300 8784
20151106 093300 8784
20151106 093300 8784
20151106 093300 8785
20151106 093302 8782
20151106 093304 8786
20151106 093304 8786
20151106 093306 8782
20151106 093306 8783
20151106 093306 8783
20151106 093306 8783
20151106 093306 8783
20151106 093311 8782
20151106 093321 8780
20151106 093323 8779
20151106 093323 8779
20151106 093323 8780
20151106 093323 8781
20151106 093325 8779
20151106 093325 8779
20151106 093325 8779
20151106 093325 8779
20151106 093325 8780
20151106 093342 8778
20151106 093345 8779
20151106 093346 8779
20151106 093348 8778
20151106 093348 8778
20151106 093354 8779
20151106 093357 8777
20151106 093357 8777
20151106 093357 8777
20151106 093357 8777
20151106 093357 8777
20151106 093357 8777
20151106 093400 8775
20151106 093401 8774
20151106 093401 8775
20151106 093433 8779
20151106 093434 8779
20151106 093436 8780
20151106 093440 8780
20151106 093444 8781
20151106 093445 8782
20151106 093445 8783
20151106 093445 8783
20151106 093500 8781
20151106 093500 8783
20151106 093503 8780
20151106 093504 8783
20151106 093504 8783
20151106 093504 8783
20151106 093506 8780
20151106 093507 8781
20151106 093514 8781
20151106 093514 8782
20151106 093524 8780
20151106 093530 8780
20151106 093530 8781
20151106 093530 8790
20151106 093535 8780
20151106 093543 8781
20151106 093545 8780
20151106 093551 8781
20151106 093551 8781
20151106 093602 8779
20151106 093604 8778
20151106 093604 8778
20151106 093604 8778
20151106 093611 8777
20151106 093620 8777
20151106 093620 8778
20151106 093624 8779
20151106 093638 8777
20151106 093640 8776
20151106 093642 8777
20151106 093657 8774
20151106 093706 8772
20151106 093706 8772
20151106 093707 8770
20151106 093708 8769
20151106 093708 8770
20151106 093708 8770
20151106 093708 8770
20151106 093708 8770
20151106 093708 8770
20151106 093708 8770
20151106 093708 8770
20151106 093708 8771
20151106 093711 8770
20151106 093719 8769
20151106 093720 8768
20151106 093721 8769
20151106 093724 8768
20151106 093726 8768
20151106 093726 8768
20151106 093726 8768
20151106 093726 8768
20151106 093726 8768
20151106 093729 8766
20151106 093729 8766
20151106 093731 8764
20151106 093731 8764
20151106 093731 8765
20151106 093731 8765
20151106 093731 8765
20151106 093734 8766
20151106 093750 8760
20151106 093750 8760
20151106 093757 8762
20151106 093803 8758
20151106 093806 8758
20151106 093814 8760
20151106 093814 8760
20151106 093816 8760
20151106 093824 8758
20151106 093825 8759
20151106 093827 8762
20151106 093833 8763
20151106 093834 8764
20151106 093835 8764
20151106 093838 8767
20151106 093838 8767
20151106 093840 8770
20151106 093840 8771
20151106 093841 8769
20151106 093841 8769
20151106 093841 8769
20151106 093842 8771
20151106 093854 8770
20151106 093915 8767
20151106 093917 8768
20151106 093925 8768
20151106 093925 8768
20151106 093925 8768
20151106 093925 8768
20151106 093925 8768
20151106 093925 8768
20151106 093925 8769
20151106 093947 8770
20151106 093951 8771
20151106 093953 8772
20151106 094000 8770
20151106 094001 8769
20151106 094003 8768
20151106 094028 8770
20151106 094028 8770
20151106 094034 8771
20151106 094034 8771
20151106 094037 8769
20151106 094038 8768
20151106 094049 8770
20151106 094121 8768
20151106 094123 8767
20151106 094128 8766
20151106 094129 8764
20151106 094129 8765
20151106 094129 8765
20151106 094129 8765
20151106 094130 8763
20151106 094131 8764
20151106 094134 8758
20151106 094134 8758
20151106 094134 8758
20151106 094134 8759
20151106 094136 8755
20151106 094151 8759
20151106 094151 8759
20151106 094155 8758
20151106 094159 8759
20151106 094200 8758
20151106 094200 8758
20151106 094200 8758
20151106 094200 8758
20151106 094200 8758
20151106 094202 8757
20151106 094202 8757
20151106 094203 8755
20151106 094203 8755
20151106 094205 8757
20151106 094209 8756
20151106 094216 8758
20151106 094216 8758
20151106 094217 8757
20151106 094222 8761
20151106 094228 8762
20151106 094228 8762
20151106 094228 8762
20151106 094228 8762
20151106 094230 8762
20151106 094231 8762
20151106 094305 8763
20151106 094330 8762
20151106 094352 8762
20151106 094357 8762
20151106 094359 8760
20151106 094400 8761
20151106 094406 8760
20151106 094407 8760
20151106 094407 8760
20151106 094407 8760
20151106 094409 8759
20151106 094414 8760
20151106 094415 8760
20151106 094417 8761
20151106 094421 8765
20151106 094422 8766
20151106 094423 8766
20151106 094423 8766
20151106 094430 8765
20151106 094430 8765
20151106 094434 8769
20151106 094435 8770
20151106 094442 8773
20151106 094442 8773
20151106 094444 8775
20151106 094444 8775
20151106 094444 8776
20151106 094444 8776
20151106 094444 8777
20151106 094444 8777
20151106 094445 8776
20151106 094445 8776
20151106 094445 8777
20151106 094450 8774
20151106 094453 8776
20151106 094456 8774
20151106 094459 8774
20151106 094500 8771
20151106 094500 8774
20151106 094503 8774
20151106 094503 8774
20151106 094503 8775
20151106 094503 8775
20151106 094503 8775
20151106 094506 8776
20151106 094513 8779
20151106 094516 8775
20151106 094530 8772
20151106 094534 8771
20151106 094539 8772
20151106 094550 8773
20151106 094550 8773
20151106 094558 8774
20151106 094558 8774
20151106 094604 8775
20151106 094608 8771
20151106 094609 8771
20151106 094617 8768
20151106 094632 8774
20151106 094635 8773
20151106 094641 8775
20151106 094653 8775
20151106 094700 8772
20151106 094737 8775
20151106 094749 8776
20151106 094750 8777
20151106 094750 8777
20151106 094755 8778
20151106 094759 8788
20151106 094809 8776
20151106 094811 8774
20151106 094820 8774
20151106 094820 8774
20151106 094823 8772
20151106 094826 8772
20151106 094827 8771
20151106 094827 8771
20151106 094827 8771
20151106 094828 8771
20151106 094831 8772
20151106 094842 8773
20151106 094850 8773
20151106 094902 8773
20151106 094902 8773
20151106 094904 8772
20151106 094914 8777
20151106 094915 8777
20151106 094917 8778
20151106 094917 8778
20151106 094917 8778
20151106 094926 8775
20151106 094946 8777
20151106 094946 8777
20151106 094949 8776
20151106 094954 8776
20151106 095045 8770
20151106 095045 8770
20151106 095045 8770
20151106 095045 8770
20151106 095045 8770
20151106 095045 8771
20151106 095045 8771
20151106 095046 8767
20151106 095046 8767
20151106 095046 8768
20151106 095046 8768
20151106 095048 8769
20151106 095122 8769
20151106 095158 8771
20151106 095223 8768
20151106 095228 8765
20151106 095229 8765
20151106 095229 8765
20151106 095243 8762
20151106 095243 8763
20151106 095245 8762
20151106 095248 8760
20151106 095248 8760
20151106 095254 8760
20151106 095320 8761
20151106 095340 8766
20151106 095414 8760
20151106 095415 8760
20151106 095417 8760
20151106 095417 8760
20151106 095424 8765
20151106 095424 8765
20151106 095450 8767
20151106 095512 8762
20151106 095523 8760
20151106 095523 8760
20151106 095523 8760
20151106 095523 8760
20151106 095529 8755
20151106 095529 8755
20151106 095529 8755
20151106 095529 8755
20151106 095529 8755
20151106 095529 8755
20151106 095529 8755
20151106 095529 8755
20151106 095529 8756
20151106 095529 8757
20151106 095529 8758
20151106 095530 8749
20151106 095530 8749
20151106 095530 8749
20151106 095530 8750
20151106 095530 8750
20151106 095530 8750
20151106 095530 8751
20151106 095530 8751
20151106 095530 8752
20151106 095530 8752
20151106 095530 8752
20151106 095530 8753
20151106 095530 8754
20151106 095530 8754
20151106 095531 8751
20151106 095531 8751
20151106 095535 8753
20151106 095618 8756
20151106 095627 8753
20151106 095639 8754
20151106 095642 8754
20151106 095657 8755
20151106 095709 8751
20151106 095712 8750
20151106 095713 8752
20151106 095721 8751
20151106 095732 8748
20151106 095732 8749
20151106 095732 8749
20151106 095732 8749
20151106 095733 8747
20151106 095733 8747
20151106 095734 8747
20151106 095735 8747
20151106 095739 8746
20151106 095748 8752
20151106 095830 8756
20151106 095830 8756
20151106 095830 8756
20151106 095830 8757
20151106 095844 8758
20151106 095909 8761
20151106 095923 8762
20151106 095925 8762
20151106 095926 8763
20151106 100001 8764
20151106 100010 8763
20151106 100010 8763
20151106 100012 8762
20151106 100014 8759
20151106 100017 8760
20151106 100023 8761
20151106 100039 8762
20151106 100138 8763
20151106 100151 8762
20151106 100157 8761
20151106 100157 8761
20151106 100211 8762
20151106 100220 8763
20151106 100231 8763
20151106 100241 8765
20151106 100252 8766
20151106 100253 8767
20151106 100302 8762
20151106 100310 8761
20151106 100320 8763
20151106 100346 8765
20151106 100349 8763
20151106 100354 8762
20151106 100423 8763
20151106 100423 8763
20151106 100432 8762
20151106 100500 8759
20151106 100500 8759
20151106 100501 8755
20151106 100501 8755
20151106 100501 8757
20151106 100505 8754
20151106 100547 8754
20151106 100550 8752
20151106 100550 8753
20151106 100550 8753
20151106 100551 8752
20151106 100551 8752
20151106 100553 8751
20151106 100557 8753
20151106 100625 8756
20151106 100639 8761
20151106 100640 8761
20151106 100745 8764
20151106 100747 8765
20151106 100748 8763
20151106 100809 8764
20151106 100809 8765
20151106 100812 8765
20151106 100837 8765
20151106 100850 8767
20151106 100850 8767
20151106 100850 8767
20151106 100850 8767
20151106 100850 8767
20151106 100850 8767
20151106 100850 8767
20151106 100857 8769
20151106 100908 8766
20151106 100912 8764
20151106 100918 8764
20151106 100922 8765
20151106 100930 8767
20151106 100932 8767
20151106 100954 8768
20151106 100957 8768
20151106 101004 8768
20151106 101004 8768
20151106 101008 8767
20151106 101008 8768
20151106 101044 8766
20151106 101044 8766
20151106 101044 8766
20151106 101044 8766
20151106 101044 8766
20151106 101044 8766
20151106 101044 8766
20151106 101044 8766
20151106 101044 8766
20151106 101044 8776
20151106 101044 8776
20151106 101055 8765
20151106 101055 8766
20151106 101100 8775
20151106 101118 8762
20151106 101125 8764
20151106 101125 8764
20151106 101159 8767
20151106 101239 8767
20151106 101239 8767
20151106 101239 8767
20151106 101252 8768
20151106 101322 8768
20151106 101328 8767
20151106 101350 8769
20151106 101406 8767
20151106 101408 8765
20151106 101408 8765
20151106 101412 8766
20151106 101412 8766
20151106 101458 8766
20151106 101458 8766
20151106 101501 8766
20151106 101502 8764
20151106 101502 8764
20151106 101502 8765
20151106 101537 8767
20151106 101547 8770
20151106 101553 8772
20151106 101603 8769
20151106 101604 8769
20151106 101621 8773
20151106 101621 8773
20151106 101621 8773
20151106 101621 8773
20151106 101621 8773
20151106 101728 8771
20151106 101728 8771
20151106 101728 8771
20151106 101728 8771
20151106 101728 8771
20151106 101728 8771
20151106 101728 8771
20151106 101728 8771
20151106 101728 8771
20151106 101728 8771
20151106 101728 8771
20151106 101728 8771
20151106 101728 8771
20151106 101728 8771
20151106 101728 8771
20151106 101729 8771
20151106 101729 8771
20151106 101803 8770
20151106 101808 8770
20151106 101808 8770
20151106 101808 8770
20151106 101808 8770
20151106 101808 8770
20151106 101856 8769
20151106 101904 8768
20151106 101909 8769
20151106 101941 8770
20151106 102026 8767
20151106 102026 8768
20151106 102102 8766
20151106 102112 8765
20151106 102117 8764
20151106 102127 8764
20151106 102130 8765
20151106 102202 8765
20151106 102249 8765
20151106 102251 8766
20151106 102404 8768
20151106 102404 8768
20151106 102405 8769
20151106 102405 8769
20151106 102415 8768
20151106 102423 8774
20151106 102423 8774
20151106 102430 8774
20151106 102430 8775
20151106 102430 8776
20151106 102431 8778
20151106 102431 8779
20151106 102431 8779
20151106 102431 8779
20151106 102431 8779
20151106 102432 8780
20151106 102432 8780
20151106 102432 8780
20151106 102432 8780
20151106 102432 8780
20151106 102432 8780
20151106 102432 8780
20151106 102432 8780
20151106 102432 8780
20151106 102433 8781
20151106 102433 8781
20151106 102433 8781
20151106 102433 8782
20151106 102444 8778
20151106 102503 8783
20151106 102503 8783
20151106 102503 8783
20151106 102503 8783
20151106 102503 8783
20151106 102503 8783
20151106 102503 8784
20151106 102503 8785
20151106 102508 8782
20151106 102515 8783
20151106 102515 8783
20151106 102517 8782
20151106 102523 8783
20151106 102546 8784
20151106 102551 8786
20151106 102551 8786
20151106 102553 8786
20151106 102553 8786
20151106 102557 8786
20151106 102557 8787
20151106 102602 8787
20151106 102604 8787
20151106 102604 8787
20151106 102604 8788
20151106 102605 8788
20151106 102616 8785
20151106 102630 8783
20151106 102631 8783
20151106 102637 8784
20151106 102647 8782
20151106 102647 8782
20151106 102647 8782
20151106 102651 8781
20151106 102703 8782
20151106 102719 8779
20151106 102720 8779
20151106 102749 8778
20151106 102923 8778
20151106 102923 8779
20151106 103017 8777
20151106 103018 8776
20151106 103050 8774
20151106 103051 8774
20151106 103052 8774
20151106 103052 8774
20151106 103052 8774
20151106 103052 8774
20151106 103052 8774
20151106 103052 8774
20151106 103052 8774
20151106 103052 8774
20151106 103052 8774
20151106 103107 8775
20151106 103118 8775
20151106 103118 8775
20151106 103118 8775
20151106 103129 8776
20151106 103137 8776
20151106 103256 8774
20151106 103256 8774
20151106 103314 8773
20151106 103331 8770
20151106 103420 8770
20151106 103424 8769
20151106 103428 8769
20151106 103430 8767
20151106 103452 8763
20151106 103452 8764
20151106 103452 8764
20151106 103452 8764
20151106 103459 8763
20151106 103529 8766
20151106 103639 8765
20151106 103646 8765
20151106 103646 8765
20151106 103745 8763
20151106 103746 8762
20151106 103751 8762
20151106 103752 8761
20151106 103804 8763
20151106 103906 8759
20151106 103907 8758
20151106 103907 8759
20151106 103908 8758
20151106 103909 8757
20151106 103909 8757
20151106 103920 8757
20151106 103920 8757
20151106 103920 8757
20151106 103956 8760
20151106 104011 8754
20151106 104011 8754
20151106 104011 8755
20151106 104011 8755
20151106 104020 8754
20151106 104021 8754
20151106 104046 8759
20151106 104059 8755
20151106 104108 8752
20151106 104109 8751
20151106 104109 8751
20151106 104110 8751
20151106 104110 8752
20151106 104112 8752
20151106 104113 8750
20151106 104126 8749
20151106 104126 8749
20151106 104126 8749
20151106 104126 8749
20151106 104126 8749
20151106 104127 8749
20151106 104127 8749
20151106 104127 8749
20151106 104127 8749
20151106 104127 8749
20151106 104138 8749
20151106 104139 8749
20151106 104139 8749
20151106 104144 8747
20151106 104144 8747
20151106 104144 8747
20151106 104144 8747
20151106 104145 8746
20151106 104145 8746
20151106 104146 8740
20151106 104146 8741
20151106 104146 8741
20151106 104146 8741
20151106 104146 8741
20151106 104146 8741
20151106 104146 8742
20151106 104146 8742
20151106 104146 8742
20151106 104146 8744
20151106 104146 8744
20151106 104146 8744
20151106 104146 8744
20151106 104147 8744
20151106 104147 8744
20151106 104158 8745
20151106 104201 8742
20151106 104205 8739
20151106 104206 8739
20151106 104206 8739
20151106 104206 8739
20151106 104212 8739
20151106 104213 8740
20151106 104216 8738
20151106 104216 8738
20151106 104219 8746
20151106 104220 8746
20151106 104232 8738
20151106 104238 8736
20151106 104238 8736
20151106 104243 8735
20151106 104243 8735
20151106 104248 8735
20151106 104250 8734
20151106 104251 8734
20151106 104255 8732
20151106 104258 8733
20151106 104258 8733
20151106 104259 8731
20151106 104301 8731
20151106 104303 8729
20151106 104305 8728
20151106 104305 8728
20151106 104305 8728
20151106 104305 8728
20151106 104305 8728
20151106 104305 8728
20151106 104306 8728
20151106 104307 8728
20151106 104307 8728
20151106 104313 8727
20151106 104313 8727
20151106 104318 8730
20151106 104319 8732
20151106 104336 8730
20151106 104336 8730
20151106 104346 8732
20151106 104346 8733
20151106 104349 8729
20151106 104349 8730
20151106 104349 8730
20151106 104352 8729
20151106 104353 8729
20151106 104355 8727
20151106 104356 8727
20151106 104356 8727
20151106 104358 8725
20151106 104359 8726
20151106 104410 8726
20151106 104411 8725
20151106 104411 8725
20151106 104411 8725
20151106 104411 8725
20151106 104411 8725
20151106 104416 8725
20151106 104432 8723
20151106 104432 8723
20151106 104432 8723
20151106 104439 8722
20151106 104442 8722
20151106 104445 8718
20151106 104445 8720
20151106 104445 8721
20151106 104452 8714
20151106 104452 8714
20151106 104452 8714
20151106 104453 8714
20151106 104453 8714
20151106 104458 8711
20151106 104458 8711
20151106 104458 8711
20151106 104458 8711
20151106 104500 8707
20151106 104500 8707
20151106 104500 8709
20151106 104500 8709
20151106 104500 8709
20151106 104500 8709
20151106 104500 8710
20151106 104500 8710
20151106 104500 8710
20151106 104502 8713
20151106 104503 8710
20151106 104503 8710
20151106 104503 8710
20151106 104506 8704
20151106 104511 8710
20151106 104513 8709
20151106 104514 8712
20151106 104514 8712
20151106 104514 8712
20151106 104514 8712
20151106 104515 8712
20151106 104520 8711
20151106 104522 8715
20151106 104535 8717
20151106 104535 8717
20151106 104542 8716
20151106 104548 8713
20151106 104553 8717
20151106 104559 8718
20151106 104613 8721
20151106 104616 8721
20151106 104616 8722
20151106 104618 8720
20151106 104628 8724
20151106 104628 8724
20151106 104628 8724
20151106 104631 8724
20151106 104646 8724
20151106 104649 8724
20151106 104650 8725
20151106 104654 8726
20151106 104659 8723
20151106 104700 8725
20151106 104701 8725
20151106 104703 8725
20151106 104711 8726
20151106 104718 8727
20151106 104720 8726
20151106 104723 8724
20151106 104746 8725
20151106 104752 8724
20151106 104755 8725
20151106 104847 8723
20151106 104900 8723
20151106 104904 8721
20151106 104918 8722
20151106 104928 8723
20151106 105002 8724
20151106 105025 8726
20151106 105032 8724
20151106 105044 8722
20151106 105047 8723
20151106 105104 8719
20151106 105243 8726
20151106 105323 8726
20151106 105347 8724
20151106 105347 8724
20151106 105419 8720
20151106 105429 8720
20151106 105446 8721
20151106 105452 8721
20151106 105512 8726
20151106 105513 8726
20151106 105516 8727
20151106 105620 8721
20151106 105628 8721
20151106 105702 8723
20151106 105711 8724
20151106 105711 8724
20151106 105711 8724
20151106 105745 8727
20151106 105811 8725
20151106 105811 8725
20151106 105959 8730
20151106 105959 8731
20151106 105959 8732
20151106 110001 8734
20151106 110013 8730
20151106 110021 8731
20151106 110021 8731
20151106 110021 8731
20151106 110021 8731
20151106 110021 8731
20151106 110021 8731
20151106 110021 8731
20151106 110022 8731
20151106 110024 8732
20151106 110112 8729
20151106 110114 8728
20151106 110114 8728
20151106 110114 8729
20151106 110114 8729
20151106 110114 8729
20151106 110114 8730
20151106 110206 8728
20151106 110209 8727
20151106 110215 8728
20151106 110217 8728
20151106 110217 8728
20151106 110217 8730
20151106 110255 8730
20151106 110316 8729
20151106 110329 8728
20151106 110329 8728
20151106 110329 8728
20151106 110336 8725
20151106 110345 8725
20151106 110406 8722
20151106 110406 8733
20151106 110409 8722
20151106 110409 8733
20151106 110502 8721
20151106 110502 8722
20151106 110559 8720
20151106 110559 8721
20151106 110608 8719
20151106 110608 8719
20151106 110608 8719
20151106 110608 8719
20151106 110608 8719
20151106 110608 8719
20151106 110609 8719
20151106 110610 8719
20151106 110620 8717
20151106 110620 8717
20151106 110620 8717
20151106 110620 8717
20151106 110627 8717
20151106 110636 8716
20151106 110636 8716
20151106 110636 8716
20151106 110639 8717
20151106 110725 8712
20151106 110725 8713
20151106 110725 8713
20151106 110725 8714
20151106 110725 8714
20151106 110725 8714
20151106 110725 8714
20151106 110725 8715
20151106 110725 8716
20151106 110725 8716
20151106 110739 8712
20151106 110743 8710
20151106 110747 8711
20151106 110754 8709
20151106 110754 8709
20151106 110802 8707
20151106 110808 8711
20151106 110808 8711
20151106 110808 8711
20151106 110809 8712
20151106 110812 8715
20151106 110812 8717
20151106 110815 8718
20151106 110815 8718
20151106 110815 8718
20151106 110817 8718
20151106 110819 8720
20151106 110819 8720
20151106 110819 8720
20151106 110819 8720
20151106 110820 8721
20151106 110826 8722
20151106 110834 8718
20151106 110848 8730
20151106 110850 8721
20151106 110857 8720
20151106 110857 8721
20151106 110857 8721
20151106 110911 8720
20151106 110911 8720
20151106 110943 8718
20151106 110943 8718
20151106 111024 8720
20151106 111027 8721
20151106 111027 8721
20151106 111031 8721
20151106 111037 8722
20151106 111037 8722
20151106 111040 8722
20151106 111045 8721
20151106 111045 8721
20151106 111057 8721
20151106 111107 8725
20151106 111117 8723
20151106 111127 8724
20151106 111228 8726
20151106 111228 8727
20151106 111311 8722
20151106 111358 8722
20151106 111358 8722
20151106 111358 8722
20151106 111545 8722
20151106 111610 8724
20151106 111734 8722
20151106 111851 8724
20151106 111909 8726
20151106 111909 8726
20151106 111914 8727
20151106 111914 8727
20151106 111952 8725
20151106 112006 8725
20151106 112006 8725
20151106 112007 8725
20151106 112007 8725
20151106 112015 8723
20151106 112015 8723
20151106 112015 8723
20151106 112026 8722
20151106 112044 8725
20151106 112107 8725
20151106 112258 8724
20151106 112320 8725
20151106 112358 8724
20151106 112539 8722
20151106 112540 8721
20151106 112540 8721
20151106 112541 8721
20151106 112707 8722
20151106 112836 8720
20151106 112837 8719
20151106 112837 8719
20151106 112838 8719
20151106 112839 8719
20151106 112839 8719
20151106 112839 8719
20151106 112839 8719
20151106 112903 8718
20151106 112904 8717
20151106 112913 8719
20151106 113001 8720
20151106 113012 8719
20151106 113027 8716
20151106 113056 8718
20151106 113108 8716
20151106 113111 8715
20151106 113111 8715
20151106 113115 8714
20151106 113117 8711
20151106 113127 8714
20151106 113127 8714
20151106 113208 8714
20151106 113213 8713
20151106 113214 8712
20151106 113222 8714
20151106 113232 8714
20151106 113253 8715
20151106 113341 8714
20151106 113341 8715
20151106 113352 8714
20151106 113415 8709
20151106 113415 8709
20151106 113415 8709
20151106 113415 8709
20151106 113415 8709
20151106 113419 8706
20151106 113419 8706
20151106 113419 8707
20151106 113419 8707
20151106 113432 8706
20151106 113440 8702
20151106 113440 8702
20151106 113440 8702
20151106 113440 8703
20151106 113440 8703
20151106 113440 8704
20151106 113440 8704
20151106 113440 8704
20151106 113440 8704
20151106 113440 8704
20151106 113440 8704
20151106 113449 8707
20151106 113511 8714
20151106 113514 8715
20151106 113545 8714
20151106 113606 8716
20151106 113606 8716
20151106 113611 8716
20151106 113622 8718
20151106 113636 8717
20151106 113651 8720
20151106 113746 8717
20151106 113746 8717
20151106 113818 8717
20151106 113837 8717
20151106 113904 8714
20151106 113950 8716
20151106 114022 8716
20151106 114052 8717
20151106 114118 8718
20151106 114306 8715
20151106 114320 8713
20151106 114342 8711
20151106 114345 8709
20151106 114347 8708
20151106 114353 8707
20151106 114400 8707
20151106 114418 8710
20151106 114419 8710
20151106 114503 8707
20151106 114503 8707
20151106 114517 8703
20151106 114517 8703
20151106 114517 8703
20151106 114518 8702
20151106 114518 8702
20151106 114518 8702
20151106 114518 8703
20151106 114520 8701
20151106 114531 8703
20151106 114531 8704
20151106 114532 8704
20151106 114552 8701
20151106 114553 8700
20151106 114553 8701
20151106 114554 8699
20151106 114554 8699
20151106 114554 8699
20151106 114554 8699
20151106 114554 8699
20151106 114554 8699
20151106 114554 8700
20151106 114554 8700
20151106 114554 8700
20151106 114559 8698
20151106 114559 8698
20151106 114607 8699
20151106 114607 8699
20151106 114608 8698
20151106 114628 8700
20151106 114633 8698
20151106 114633 8699
20151106 114633 8699
20151106 114635 8697
20151106 114635 8697
20151106 114635 8697
20151106 114637 8696
20151106 114638 8696
20151106 114638 8696
20151106 114638 8696
20151106 114639 8695
20151106 114639 8695
20151106 114639 8695
20151106 114640 8692
20151106 114640 8693
20151106 114640 8693
20151106 114640 8693
20151106 114640 8694
20151106 114640 8694
20151106 114649 8690
20151106 114649 8690
20151106 114649 8690
20151106 114649 8690
20151106 114649 8691
20151106 114649 8691
20151106 114649 8693
20151106 114652 8689
20151106 114652 8690
20151106 114652 8690
20151106 114653 8688
20151106 114653 8688
20151106 114653 8688
20151106 114653 8688
20151106 114653 8688
20151106 114653 8689
20151106 114653 8689
20151106 114653 8689
20151106 114653 8689
20151106 114653 8689
20151106 114654 8688
20151106 114654 8688
20151106 114654 8688
20151106 114654 8688
20151106 114654 8690
20151106 114655 8688
20151106 114655 8688
20151106 114655 8688
20151106 114655 8688
20151106 114655 8688
20151106 114655 8688
20151106 114655 8688
20151106 114655 8688
20151106 114656 8688
20151106 114656 8688
20151106 114656 8688
20151106 114656 8688
20151106 114658 8688
20151106 114658 8688
20151106 114658 8688
20151106 114659 8687
20151106 114703 8688
20151106 114814 8697
20151106 114903 8697
20151106 114908 8698
20151106 114910 8697
20151106 114919 8701
20151106 114919 8702
20151106 114919 8702
20151106 114919 8702
20151106 114929 8703
20151106 114952 8703
20151106 114959 8706
20151106 115006 8707
20151106 115028 8705
20151106 115040 8701
20151106 115117 8698
20151106 115117 8699
20151106 115117 8699
20151106 115117 8699
20151106 115128 8699
20151106 115130 8701
20151106 115148 8703
20151106 115152 8701
20151106 115311 8699
20151106 115311 8699
20151106 115317 8697
20151106 115317 8697
20151106 115317 8697
20151106 115317 8697
20151106 115320 8697
20151106 115324 8697
20151106 115324 8697
20151106 115324 8697
20151106 115324 8697
20151106 115339 8698
20151106 115339 8698
20151106 115433 8696
20151106 115445 8694
20151106 115446 8694
20151106 115446 8694
20151106 115446 8694
20151106 115447 8694
20151106 115447 8694
20151106 115447 8694
20151106 115448 8694
20151106 115448 8694
20151106 115448 8694
20151106 115451 8694
20151106 115452 8694
20151106 115455 8694
20151106 115455 8694
20151106 115456 8694
20151106 115457 8694
20151106 115501 8694
20151106 115502 8693
20151106 115516 8692
20151106 115521 8691
20151106 115537 8691
20151106 115630 8695
20151106 115639 8698
20151106 115654 8696
20151106 115654 8696
20151106 115654 8696
20151106 115656 8696
20151106 115657 8696
20151106 115709 8696
20151106 115709 8696
20151106 115714 8695
20151106 115749 8694
20151106 115750 8694
20151106 115750 8694
20151106 115750 8696
20151106 115755 8696
20151106 115800 8696
20151106 115804 8696
20151106 115834 8691
20151106 115836 8690
20151106 115838 8689
20151106 115838 8690
20151106 115839 8688
20151106 115839 8688
20151106 115842 8688
20151106 115842 8688
20151106 115857 8689
20151106 115903 8688
20151106 115907 8689
20151106 115916 8689
20151106 115942 8686
20151106 115942 8686
20151106 115952 8689
20151106 115956 8691
20151106 120011 8689
20151106 120021 8691
20151106 120022 8691
20151106 120031 8691
20151106 120042 8690
20151106 120110 8688
20151106 120110 8688
20151106 120110 8688
20151106 120114 8687
20151106 120114 8687
20151106 120118 8688
20151106 120142 8687
20151106 120150 8689
20151106 120150 8689
20151106 120258 8688
20151106 120331 8688
20151106 120332 8689
20151106 120348 8692
20151106 120519 8693
20151106 120519 8693
20151106 120519 8693
20151106 120534 8693
20151106 120541 8692
20151106 120543 8691
20151106 120543 8691
20151106 120548 8690
20151106 120606 8689
20151106 120607 8690
20151106 120722 8691
20151106 120728 8693
20151106 120800 8693
20151106 120800 8694
20151106 120818 8692
20151106 120923 8691
20151106 120941 8690
20151106 121015 8684
20151106 121016 8683
20151106 121016 8683
20151106 121016 8683
20151106 121017 8683
20151106 121017 8683
20151106 121021 8685
20151106 121026 8684
20151106 121026 8684
20151106 121032 8687
20151106 121047 8687
20151106 121053 8687
20151106 121056 8687
20151106 121056 8688
20151106 121117 8688
20151106 121129 8681
20151106 121129 8681
20151106 121131 8679
20151106 121131 8679
20151106 121131 8679
20151106 121131 8679
20151106 121131 8679
20151106 121131 8679
20151106 121131 8680
20151106 121132 8677
20151106 121132 8678
20151106 121132 8678
20151106 121132 8678
20151106 121132 8681
20151106 121133 8677
20151106 121142 8676
20151106 121143 8676
20151106 121144 8676
20151106 121144 8676
20151106 121144 8676
20151106 121145 8676
20151106 121145 8676
20151106 121145 8676
20151106 121145 8676
20151106 121145 8676
20151106 121146 8676
20151106 121146 8676
20151106 121146 8676
20151106 121146 8676
20151106 121155 8673
20151106 121155 8674
20151106 121155 8674
20151106 121155 8674
20151106 121156 8673
20151106 121203 8673
20151106 121203 8673
20151106 121203 8673
20151106 121203 8673
20151106 121203 8673
20151106 121208 8672
20151106 121211 8671
20151106 121224 8679
20151106 121226 8678
20151106 121226 8678
20151106 121226 8678
20151106 121226 8678
20151106 121226 8678
20151106 121229 8681
20151106 121315 8678
20151106 121316 8678
20151106 121351 8676
20151106 121358 8677
20151106 121420 8676
20151106 121420 8676
20151106 121444 8676
20151106 121500 8677
20151106 121506 8680
20151106 121506 8681
20151106 121507 8681
20151106 121507 8681
20151106 121508 8681
20151106 121509 8682
20151106 121523 8680
20151106 121524 8681
20151106 121539 8681
20151106 121627 8678
20151106 121629 8674
20151106 121629 8674
20151106 121638 8671
20151106 121638 8671
20151106 121639 8669
20151106 121639 8669
20151106 121639 8669
20151106 121639 8669
20151106 121639 8669
20151106 121639 8669
20151106 121639 8669
20151106 121639 8669
20151106 121639 8669
20151106 121640 8668
20151106 121640 8668
20151106 121641 8674
20151106 121650 8676
20151106 121715 8678
20151106 121736 8675
20151106 121736 8675
20151106 121750 8674
20151106 121752 8675
20151106 121811 8675
20151106 121815 8675
20151106 121831 8676
20151106 121831 8676
20151106 121931 8675
20151106 121932 8674
20151106 121934 8674
20151106 121942 8675
20151106 121942 8675
20151106 121942 8675
20151106 121942 8675
20151106 121952 8673
20151106 122003 8670
20151106 122005 8669
20151106 122006 8668
20151106 122006 8668
20151106 122006 8668
20151106 122006 8669
20151106 122008 8667
20151106 122027 8668
20151106 122034 8667
20151106 122035 8667
20151106 122044 8664
20151106 122044 8666
20151106 122045 8663
20151106 122046 8662
20151106 122051 8660
20151106 122051 8661
20151106 122053 8659
20151106 122056 8658
20151106 122057 8659
20151106 122058 8659
20151106 122058 8659
20151106 122058 8659
20151106 122058 8659
20151106 122058 8659
20151106 122059 8658
20151106 122059 8658
20151106 122101 8655
20151106 122101 8655
20151106 122101 8656
20151106 122102 8659
20151106 122108 8662
20151106 122108 8662
20151106 122143 8659
20151106 122143 8659
20151106 122155 8662
20151106 122155 8662
20151106 122155 8662
20151106 122213 8662
20151106 122213 8662
20151106 122218 8663
20151106 122220 8664
20151106 122240 8660
20151106 122242 8659
20151106 122243 8659
20151106 122252 8661
20151106 122326 8661
20151106 122326 8661
20151106 122334 8659
20151106 122337 8659
20151106 122339 8657
20151106 122339 8658
20151106 122341 8655
20151106 122341 8656
20151106 122342 8654
20151106 122354 8656
20151106 122357 8656
20151106 122419 8653
20151106 122432 8653
20151106 122434 8654
20151106 122443 8652
20151106 122443 8652
20151106 122443 8652
20151106 122443 8652
20151106 122443 8652
20151106 122449 8652
20151106 122506 8651
20151106 122506 8651
20151106 122513 8652
20151106 122522 8655
20151106 122535 8654
20151106 122556 8653
20151106 122607 8654
20151106 122607 8654
20151106 122607 8654
20151106 122622 8655
20151106 122622 8656
20151106 122622 8656
20151106 122635 8661
20151106 122635 8661
20151106 122638 8663
20151106 122639 8663
20151106 122718 8661
20151106 122718 8662
20151106 122753 8663
20151106 122758 8662
20151106 122806 8662
20151106 122812 8660
20151106 122813 8660
20151106 122814 8660
20151106 122828 8663
20151106 122901 8663
20151106 122912 8665
20151106 122923 8666
20151106 122931 8666
20151106 122936 8666
20151106 122946 8664
20151106 122946 8665
20151106 123002 8665
20151106 123026 8671
20151106 123041 8674
20151106 123044 8673
20151106 123044 8673
20151106 123053 8673
20151106 123057 8675
20151106 123058 8673
20151106 123101 8676
20151106 123103 8677
20151106 123121 8674
20151106 123121 8675
20151106 123145 8674
20151106 123145 8674
20151106 123155 8675
20151106 123155 8675
20151106 123155 8675
20151106 123155 8675
20151106 123155 8675
20151106 123155 8675
20151106 123155 8675
20151106 123157 8676
20151106 123157 8676
20151106 123157 8676
20151106 123157 8676
20151106 123157 8676
20151106 123157 8676
20151106 123203 8677
20151106 123204 8677
20151106 123204 8677
20151106 123204 8677
20151106 123205 8677
20151106 123207 8678
20151106 123207 8679
20151106 123210 8679
20151106 123211 8679
20151106 123215 8680
20151106 123220 8679
20151106 123226 8680
20151106 123227 8681
20151106 123227 8681
20151106 123227 8681
20151106 123231 8680
20151106 123231 8680
20151106 123231 8681
20151106 123231 8681
20151106 123232 8681
20151106 123234 8683
20151106 123301 8684
20151106 123313 8680
20151106 123321 8681
20151106 123325 8682
20151106 123330 8682
20151106 123345 8680
20151106 123407 8683
20151106 123409 8683
20151106 123422 8681
20151106 123422 8681
20151106 123428 8680
20151106 123435 8679
20151106 123435 8679
20151106 123435 8679
20151106 123435 8679
20151106 123435 8679
20151106 123435 8679
20151106 123435 8679
20151106 123435 8679
20151106 123435 8679
20151106 123435 8680
20151106 123435 8680
20151106 123435 8680
20151106 123436 8680
20151106 123436 8680
20151106 123454 8680
20151106 123506 8681
20151106 123514 8682
20151106 123532 8683
20151106 123532 8683
20151106 123532 8683
20151106 123532 8683
20151106 123537 8683
20151106 123649 8680
20151106 123652 8680
20151106 123653 8680
20151106 123655 8680
20151106 123655 8680
20151106 123655 8680
20151106 123704 8680
20151106 123717 8680
20151106 123736 8682
20151106 123736 8682
20151106 123736 8682
20151106 123736 8682
20151106 123736 8682
20151106 123736 8682
20151106 123738 8682
20151106 123806 8682
20151106 123930 8681
20151106 123944 8679
20151106 123959 8678
20151106 124001 8676
20151106 124009 8675
20151106 124012 8675
20151106 124112 8675
20151106 124138 8678
20151106 124138 8678
20151106 124142 8679
20151106 124144 8679
20151106 124154 8677
20151106 124230 8678
20151106 124247 8681
20151106 124302 8684
20151106 124302 8684
20151106 124302 8684
20151106 124302 8684
20151106 124304 8684
20151106 124323 8683
20151106 124324 8681
20151106 124548 8678
20151106 124550 8677
20151106 124551 8677
20151106 124624 8677
20151106 124629 8675
20151106 124640 8675
20151106 124737 8674
20151106 124737 8674
20151106 124737 8675
20151106 124737 8675
20151106 124737 8675
20151106 124744 8672
20151106 124746 8670
20151106 124746 8670
20151106 124746 8670
20151106 124746 8670
20151106 124746 8670
20151106 124746 8670
20151106 124747 8668
20151106 124747 8669
20151106 124747 8669
20151106 124747 8669
20151106 124747 8669
20151106 124747 8669
20151106 124751 8667
20151106 124751 8678
20151106 124752 8667
20151106 124752 8667
20151106 124752 8667
20151106 124754 8667
20151106 124754 8678
20151106 124804 8672
20151106 124809 8668
20151106 124842 8666
20151106 124842 8666
20151106 124842 8666
20151106 124844 8667
20151106 124852 8666
20151106 124852 8666
20151106 124852 8666
20151106 124852 8666
20151106 124852 8666
20151106 124852 8666
20151106 124904 8666
20151106 124953 8669
20151106 124953 8669
20151106 124953 8669
20151106 124953 8669
20151106 125011 8672
20151106 125011 8672
20151106 125011 8672
20151106 125014 8670
20151106 125055 8670
20151106 125055 8670
20151106 125055 8670
20151106 125055 8670
20151106 125113 8674
20151106 125124 8674
20151106 125133 8673
20151106 125218 8676
20151106 125225 8676
20151106 125258 8679
20151106 125333 8682
20151106 125336 8684
20151106 125336 8685
20151106 125336 8685
20151106 125336 8687
20151106 125336 8688
20151106 125346 8688
20151106 125352 8690
20151106 125358 8691
20151106 125358 8691
20151106 125358 8691
20151106 125402 8692
20151106 125404 8691
20151106 125405 8691
20151106 125422 8691
20151106 125426 8690
20151106 125426 8690
20151106 125447 8688
20151106 125532 8689
20151106 125533 8690
20151106 125550 8690
20151106 125558 8691
20151106 125610 8691
20151106 125619 8692
20151106 125619 8692
20151106 125619 8692
20151106 125619 8692
20151106 125626 8692
20151106 125636 8693
20151106 125637 8693
20151106 125644 8692
20151106 125647 8689
20151106 125647 8689
20151106 125647 8690
20151106 125654 8688
20151106 125654 8688
20151106 125655 8686
20151106 125655 8687
20151106 125657 8686
20151106 125657 8686
20151106 125700 8687
20151106 125705 8690
20151106 125722 8689
20151106 125731 8689
20151106 125736 8688
20151106 125736 8688
20151106 125746 8687
20151106 125747 8686
20151106 125758 8691
20151106 125758 8691
20151106 125758 8691
20151106 125801 8691
20151106 125803 8692
20151106 125803 8692
20151106 125803 8692
20151106 125803 8692
20151106 125803 8692
20151106 125803 8693
20151106 125829 8693
20151106 125830 8691
20151106 125845 8692
20151106 125904 8693
20151106 125912 8693
20151106 125921 8694
20151106 125922 8695
20151106 125922 8696
20151106 125932 8696
20151106 125938 8697
20151106 125939 8701
20151106 125939 8701
20151106 125939 8701
20151106 125939 8701
20151106 125939 8702
20151106 125941 8699
20151106 125945 8699
20151106 125947 8699
20151106 125959 8701
20151106 130000 8703
20151106 130000 8703
20151106 130000 8703
20151106 130000 8704
20151106 130000 8704
20151106 130000 8705
20151106 130000 8706
20151106 130000 8706
20151106 130001 8707
20151106 130021 8703
20151106 130034 8705
20151106 130036 8707
20151106 130036 8707
20151106 130038 8707
20151106 130038 8707
20151106 130038 8707
20151106 130038 8707
20151106 130038 8707
20151106 130048 8702
20151106 130052 8701
20151106 130127 8701
20151106 130138 8700
20151106 130156 8701
20151106 130156 8701
20151106 130223 8700
20151106 130223 8700
20151106 130226 8700
20151106 130239 8701
20151106 130306 8701
20151106 130335 8703
20151106 130429 8701
20151106 130429 8701
20151106 130429 8701
20151106 130429 8702
20151106 130433 8699
20151106 130441 8698
20151106 130441 8698
20151106 130448 8697
20151106 130459 8697
20151106 130519 8701
20151106 130520 8700
20151106 130545 8701
20151106 130545 8701
20151106 130553 8699
20151106 130553 8699
20151106 130739 8700
20151106 130739 8700
20151106 130743 8698
20151106 130743 8698
20151106 130743 8698
20151106 130743 8698
20151106 130747 8697
20151106 130747 8698
20151106 130815 8695
20151106 130815 8695
20151106 130838 8696
20151106 130850 8694
20151106 130850 8694
20151106 130850 8694
20151106 130850 8694
20151106 130850 8694
20151106 130850 8694
20151106 130850 8695
20151106 130850 8695
20151106 130850 8695
20151106 130850 8695
20151106 130850 8695
20151106 130850 8695
20151106 130850 8695
20151106 130850 8695
20151106 130851 8695
20151106 130851 8695
20151106 130904 8695
20151106 130916 8694
20151106 131101 8693
20151106 131110 8695
20151106 131114 8694
20151106 131202 8696
20151106 131234 8692
20151106 131247 8690
20151106 131247 8690
20151106 131247 8690
20151106 131247 8690
20151106 131247 8690
20151106 131247 8691
20151106 131247 8691
20151106 131247 8691
20151106 131247 8691
20151106 131247 8691
20151106 131301 8692
20151106 131302 8691
20151106 131302 8692
20151106 131320 8690
20151106 131320 8690
20151106 131320 8690
20151106 131320 8690
20151106 131320 8690
20151106 131326 8689
20151106 131326 8689
20151106 131326 8689
20151106 131351 8691
20151106 131415 8689
20151106 131417 8691
20151106 131417 8691
20151106 131417 8691
20151106 131425 8690
20151106 131500 8691
20151106 131500 8691
20151106 131500 8691
20151106 131500 8693
20151106 131503 8694
20151106 131519 8700
20151106 131519 8701
20151106 131603 8700
20151106 131603 8700
20151106 131603 8700
20151106 131603 8700
20151106 131611 8695
20151106 131612 8695
20151106 131640 8693
20151106 131646 8693
20151106 131728 8696
20151106 131805 8696
20151106 131815 8696
20151106 131831 8696
20151106 131838 8694
20151106 131838 8694
20151106 131955 8699
20151106 132000 8701
20151106 132000 8701
20151106 132001 8701
20151106 132001 8702
20151106 132002 8703
20151106 132002 8703
20151106 132002 8704
20151106 132002 8705
20151106 132002 8705
20151106 132002 8706
20151106 132002 8706
20151106 132002 8707
20151106 132002 8708
20151106 132003 8711
20151106 132003 8711
20151106 132003 8711
20151106 132003 8711
20151106 132003 8711
20151106 132003 8711
20151106 132003 8711
20151106 132003 8711
20151106 132006 8706
20151106 132038 8707
20151106 132044 8710
20151106 132056 8711
20151106 132056 8711
20151106 132056 8711
20151106 132056 8711
20151106 132056 8711
20151106 132056 8712
20151106 132058 8712
20151106 132109 8711
20151106 132113 8712
20151106 132115 8713
20151106 132119 8712
20151106 132119 8712
20151106 132132 8714
20151106 132132 8714
20151106 132140 8715
20151106 132143 8716
20151106 132143 8716
20151106 132143 8716
20151106 132143 8716
20151106 132144 8717
20151106 132144 8717
20151106 132149 8718
20151106 132149 8718
20151106 132149 8718
20151106 132152 8719
20151106 132152 8719
20151106 132152 8719
20151106 132152 8719
20151106 132154 8720
20151106 132154 8721
20151106 132154 8721
20151106 132154 8721
20151106 132154 8721
20151106 132155 8720
20151106 132202 8720
20151106 132202 8720
20151106 132202 8720
20151106 132209 8715
20151106 132214 8716
20151106 132217 8716
20151106 132220 8717
20151106 132220 8717
20151106 132246 8713
20151106 132247 8714
20151106 132258 8714
20151106 132316 8712
20151106 132317 8712
20151106 132329 8712
20151106 132331 8710
20151106 132331 8710
20151106 132334 8710
20151106 132335 8710
20151106 132348 8709
20151106 132356 8709
20151106 132357 8709
20151106 132358 8711
20151106 132358 8711
20151106 132358 8711
20151106 132438 8710
20151106 132448 8712
20151106 132508 8708
20151106 132508 8708
20151106 132508 8710
20151106 132509 8705
20151106 132509 8706
20151106 132509 8707
20151106 132509 8707
20151106 132513 8705
20151106 132513 8705
20151106 132514 8705
20151106 132523 8708
20151106 132530 8704
20151106 132530 8705
20151106 132538 8706
20151106 132548 8701
20151106 132548 8703
20151106 132548 8704
20151106 132549 8698
20151106 132549 8699
20151106 132549 8699
20151106 132549 8700
20151106 132549 8700
20151106 132549 8700
20151106 132552 8696
20151106 132552 8696
20151106 132552 8696
20151106 132557 8697
20151106 132557 8697
20151106 132600 8697
20151106 132600 8697
20151106 132600 8697
20151106 132600 8697
20151106 132600 8697
20151106 132606 8696
20151106 132606 8696
20151106 132606 8697
20151106 132609 8693
20151106 132610 8692
20151106 132612 8691
20151106 132612 8691
20151106 132613 8689
20151106 132613 8690
20151106 132620 8695
20151106 132622 8695
20151106 132623 8696
20151106 132623 8697
20151106 132623 8697
20151106 132623 8697
20151106 132623 8697
20151106 132623 8697
20151106 132623 8697
20151106 132623 8697
20151106 132627 8698
20151106 132627 8698
20151106 132627 8698
20151106 132627 8698
20151106 132639 8705
20151106 132656 8705
20151106 132702 8709
20151106 132735 8708
20151106 132753 8709
20151106 132754 8710
20151106 132805 8711
20151106 132806 8711
20151106 132814 8712
20151106 132815 8712
20151106 132816 8713
20151106 132817 8712
20151106 132820 8712
20151106 132822 8711
20151106 132832 8711
20151106 132929 8706
20151106 132939 8704
20151106 132953 8707
20151106 133011 8707
20151106 133017 8702
20151106 133033 8703
20151106 133105 8702
20151106 133110 8699
20151106 133110 8699
20151106 133110 8699
20151106 133110 8699
20151106 133110 8699
20151106 133110 8699
20151106 133110 8700
20151106 133110 8700
20151106 133110 8700
20151106 133110 8700
20151106 133110 8700
20151106 133110 8700
20151106 133110 8700
20151106 133110 8700
20151106 133110 8700
20151106 133110 8700
20151106 133110 8700
20151106 133110 8700
20151106 133110 8700
20151106 133111 8699
20151106 133125 8700
20151106 133125 8700
20151106 133125 8701
20151106 133125 8701
20151106 133125 8701
20151106 133127 8699
20151106 133127 8699
20151106 133127 8699
20151106 133127 8699
20151106 133129 8699
20151106 133129 8699
20151106 133137 8698
20151106 133144 8697
20151106 133144 8697
20151106 133144 8697
20151106 133144 8697
20151106 133144 8697
20151106 133148 8699
20151106 133202 8696
20151106 133210 8695
20151106 133215 8699
20151106 133229 8700
20151106 133300 8701
20151106 133301 8702
20151106 133304 8702
20151106 133304 8702
20151106 133304 8702
20151106 133304 8702
20151106 133304 8702
20151106 133304 8702
20151106 133325 8701
20151106 133345 8694
20151106 133404 8698
20151106 133404 8698
20151106 133408 8696
20151106 133408 8696
20151106 133408 8697
20151106 133415 8697
20151106 133441 8695
20151106 133453 8694
20151106 133522 8696
20151106 133538 8695
20151106 133543 8695
20151106 133546 8693
20151106 133546 8693
20151106 133602 8695
20151106 133627 8693
20151106 133629 8694
20151106 133629 8694
20151106 133629 8694
20151106 133715 8695
20151106 133735 8693
20151106 133740 8691
20151106 133747 8692
20151106 133754 8691
20151106 133804 8690
20151106 133810 8690
20151106 133813 8689
20151106 133815 8688
20151106 133816 8688
20151106 133834 8686
20151106 133845 8685
20151106 133847 8684
20151106 133848 8684
20151106 133848 8684
20151106 133848 8684
20151106 133900 8687
20151106 133902 8689
20151106 133904 8690
20151106 133904 8690
20151106 133907 8690
20151106 133915 8691
20151106 133955 8684
20151106 134013 8681
20151106 134014 8681
20151106 134014 8681
20151106 134023 8681
20151106 134025 8681
20151106 134026 8681
20151106 134028 8681
20151106 134044 8681
20151106 134044 8681
20151106 134045 8681
20151106 134046 8681
20151106 134055 8690
20151106 134102 8683
20151106 134109 8683
20151106 134114 8682
20151106 134114 8682
20151106 134135 8679
20151106 134138 8679
20151106 134144 8679
20151106 134202 8681
20151106 134204 8681
20151106 134218 8681
20151106 134219 8682
20151106 134238 8682
20151106 134259 8683
20151106 134259 8683
20151106 134259 8683
20151106 134259 8683
20151106 134300 8684
20151106 134300 8684
20151106 134315 8682
20151106 134328 8683
20151106 134340 8684
20151106 134341 8684
20151106 134341 8684
20151106 134343 8685
20151106 134344 8685
20151106 134344 8685
20151106 134344 8686
20151106 134344 8686
20151106 134346 8686
20151106 134351 8687
20151106 134357 8688
20151106 134400 8689
20151106 134400 8690
20151106 134401 8691
20151106 134417 8689
20151106 134421 8689
20151106 134425 8688
20151106 134428 8690
20151106 134428 8690
20151106 134431 8690
20151106 134438 8691
20151106 134439 8690
20151106 134439 8691
20151106 134443 8690
20151106 134443 8701
20151106 134449 8689
