20151125 084500 8416
20151125 084504 8415
20151125 084551 8412
20151125 084554 8412
20151125 084554 8412
20151125 084557 8410
20151125 084630 8404
20151125 084630 8404
20151125 084634 8406
20151125 084647 8407
20151125 084715 8402
20151125 084718 8402
20151125 084720 8401
20151125 084721 8401
20151125 084721 8401
20151125 084723 8401
20151125 084726 8401
20151125 084731 8399
20151125 084731 8400
20151125 084733 8398
20151125 084733 8398
20151125 084737 8396
20151125 084737 8397
20151125 084737 8397
20151125 084737 8398
20151125 084739 8398
20151125 084740 8399
20151125 084743 8399
20151125 084745 8399
20151125 084754 8401
20151125 084754 8401
20151125 084758 8400
20151125 084800 8401
20151125 084816 8404
20151125 084934 8400
20151125 084942 8399
20151125 085002 8402
20151125 085005 8402
20151125 085007 8402
20151125 085014 8402
20151125 085016 8403
20151125 085025 8405
20151125 085035 8406
20151125 085051 8405
20151125 085142 8404
20151125 085142 8405
20151125 085143 8404
20151125 085201 8400
20151125 085201 8400
20151125 085201 8401
20151125 085201 8401
20151125 085201 8402
20151125 085213 8399
20151125 085213 8399
20151125 085218 8398
20151125 085219 8394
20151125 085222 8397
20151125 085223 8397
20151125 085225 8396
20151125 085229 8396
20151125 085229 8397
20151125 085231 8396
20151125 085233 8396
20151125 085234 8395
20151125 085236 8395
20151125 085243 8397
20151125 085304 8399
20151125 085338 8396
20151125 085345 8397
20151125 085401 8395
20151125 085402 8394
20151125 085402 8394
20151125 085402 8394
20151125 085404 8394
20151125 085405 8394
20151125 085406 8394
20151125 085417 8393
20151125 085421 8393
20151125 085430 8397
20151125 085443 8396
20151125 085445 8396
20151125 085502 8394
20151125 085505 8394
20151125 085511 8396
20151125 085554 8398
20151125 085555 8399
20151125 085604 8399
20151125 085606 8398
20151125 085654 8395
20151125 085726 8392
20151125 085730 8391
20151125 085739 8390
20151125 085740 8390
20151125 085905 8394
20151125 085936 8397
20151125 085936 8397
20151125 085959 8399
20151125 090019 8401
20151125 090021 8403
20151125 090023 8406
20151125 090023 8406
20151125 090023 8406
20151125 090023 8406
20151125 090024 8404
20151125 090030 8403
20151125 090031 8399
20151125 090035 8400
20151125 090041 8397
20151125 090156 8404
20151125 090156 8404
20151125 090216 8397
20151125 090216 8397
20151125 090216 8397
20151125 090216 8397
20151125 090216 8397
20151125 090224 8394
20151125 090224 8394
20151125 090236 8393
20151125 090238 8390
20151125 090239 8389
20151125 090247 8388
20151125 090248 8388
20151125 090254 8392
20151125 090256 8390
20151125 090311 8389
20151125 090320 8388
20151125 090321 8389
20151125 090336 8386
20151125 090338 8385
20151125 090338 8385
20151125 090339 8384
20151125 090339 8384
20151125 090339 8384
20151125 090346 8386
20151125 090352 8384
20151125 090355 8384
20151125 090402 8384
20151125 090409 8386
20151125 090409 8386
20151125 090424 8386
20151125 090440 8384
20151125 090455 8386
20151125 090516 8389
20151125 090608 8399
20151125 090619 8400
20151125 090632 8400
20151125 090633 8400
20151125 090634 8400
20151125 090707 8395
20151125 090708 8395
20151125 090718 8393
20151125 090752 8389
20151125 090835 8397
20151125 090838 8400
20151125 090919 8389
20151125 090935 8395
20151125 090959 8397
20151125 091015 8397
20151125 091038 8403
20151125 091040 8404
20151125 091046 8403
20151125 091053 8401
20151125 091148 8395
20151125 091149 8395
20151125 091203 8396
20151125 091203 8397
20151125 091246 8393
20151125 091409 8389
20151125 091409 8389
20151125 091415 8387
20151125 091415 8387
20151125 091433 8381
20151125 091434 8379
20151125 091434 8380
20151125 091435 8377
20151125 091435 8378
20151125 091435 8378
20151125 091449 8377
20151125 091450 8377
20151125 091450 8377
20151125 091452 8377
20151125 091453 8374
20151125 091453 8374
20151125 091453 8374
20151125 091504 8379
20151125 091504 8379
20151125 091505 8379
20151125 091517 8382
20151125 091524 8382
20151125 091527 8381
20151125 091548 8380
20151125 091618 8380
20151125 091643 8377
20151125 091648 8374
20151125 091648 8374
20151125 091649 8374
20151125 091658 8370
20151125 091701 8362
20151125 091701 8364
20151125 091701 8364
20151125 091701 8365
20151125 091701 8366
20151125 091715 8364
20151125 091728 8366
20151125 091728 8366
20151125 091728 8366
20151125 091746 8366
20151125 091804 8364
20151125 091804 8364
20151125 091804 8364
20151125 091838 8363
20151125 091843 8362
20151125 091845 8362
20151125 091847 8363
20151125 091859 8362
20151125 091903 8361
20151125 091904 8357
20151125 091904 8359
20151125 091914 8358
20151125 091916 8358
20151125 091920 8356
20151125 091921 8358
20151125 091943 8358
20151125 091945 8359
20151125 091947 8361
20151125 091957 8358
20151125 092005 8354
20151125 092005 8354
20151125 092005 8354
20151125 092005 8354
20151125 092005 8354
20151125 092005 8354
20151125 092006 8358
20151125 092018 8361
20151125 092026 8362
20151125 092026 8363
20151125 092028 8364
20151125 092029 8366
20151125 092030 8366
20151125 092033 8366
20151125 092034 8366
20151125 092035 8366
20151125 092035 8366
20151125 092035 8366
20151125 092035 8366
20151125 092041 8367
20151125 092047 8366
20151125 092103 8366
20151125 092104 8366
20151125 092104 8366
20151125 092105 8366
20151125 092108 8365
20151125 092112 8366
20151125 092137 8367
20151125 092142 8368
20151125 092143 8369
20151125 092148 8369
20151125 092151 8368
20151125 092151 8368
20151125 092151 8368
20151125 092151 8368
20151125 092151 8369
20151125 092152 8367
20151125 092232 8367
20151125 092232 8367
20151125 092305 8368
20151125 092308 8367
20151125 092338 8364
20151125 092408 8364
20151125 092411 8364
20151125 092413 8364
20151125 092416 8356
20151125 092421 8354
20151125 092421 8354
20151125 092422 8352
20151125 092422 8352
20151125 092422 8353
20151125 092433 8354
20151125 092433 8355
20151125 092444 8351
20151125 092447 8346
20151125 092448 8349
20151125 092448 8349
20151125 092448 8349
20151125 092448 8349
20151125 092448 8349
20151125 092448 8349
20151125 092449 8346
20151125 092449 8346
20151125 092449 8346
20151125 092450 8349
20151125 092459 8348
20151125 092501 8344
20151125 092517 8351
20151125 092517 8351
20151125 092550 8352
20151125 092655 8356
20151125 092655 8356
20151125 092655 8356
20151125 092701 8352
20151125 092702 8350
20151125 092718 8352
20151125 092721 8355
20151125 092722 8356
20151125 092730 8353
20151125 092747 8348
20151125 092747 8349
20151125 092752 8348
20151125 092755 8346
20151125 092814 8348
20151125 092837 8351
20151125 092853 8348
20151125 092857 8346
20151125 092859 8346
20151125 092900 8345
20151125 092903 8344
20151125 092904 8344
20151125 092907 8345
20151125 092908 8346
20151125 092915 8350
20151125 092921 8350
20151125 092924 8349
20151125 092955 8346
20151125 093000 8345
20151125 093000 8346
20151125 093001 8339
20151125 093001 8339
20151125 093001 8340
20151125 093001 8340
20151125 093001 8341
20151125 093001 8342
20151125 093013 8339
20151125 093026 8339
20151125 093044 8339
20151125 093052 8336
20151125 093055 8335
20151125 093102 8334
20151125 093106 8333
20151125 093132 8334
20151125 093139 8335
20151125 093146 8332
20151125 093146 8332
20151125 093157 8330
20151125 093201 8329
20151125 093201 8329
20151125 093201 8329
20151125 093202 8330
20151125 093202 8330
20151125 093202 8330
20151125 093207 8331
20151125 093207 8331
20151125 093213 8328
20151125 093215 8328
20151125 093221 8332
20151125 093221 8332
20151125 093221 8332
20151125 093221 8332
20151125 093224 8333
20151125 093233 8332
20151125 093254 8337
20151125 093254 8337
20151125 093258 8335
20151125 093258 8335
20151125 093258 8335
20151125 093258 8335
20151125 093258 8335
20151125 093258 8335
20151125 093258 8335
20151125 093258 8335
20151125 093319 8335
20151125 093343 8336
20151125 093343 8336
20151125 093348 8338
20151125 093403 8334
20151125 093403 8334
20151125 093403 8335
20151125 093404 8334
20151125 093404 8334
20151125 093404 8334
20151125 093413 8336
20151125 093454 8334
20151125 093455 8334
20151125 093456 8334
20151125 093458 8334
20151125 093500 8335
20151125 093501 8332
20151125 093501 8332
20151125 093501 8333
20151125 093502 8334
20151125 093503 8336
20151125 093516 8335
20151125 093525 8326
20151125 093525 8326
20151125 093525 8326
20151125 093525 8328
20151125 093525 8328
20151125 093525 8328
20151125 093525 8329
20151125 093533 8329
20151125 093547 8331
20151125 093600 8329
20151125 093601 8326
20151125 093608 8329
20151125 093615 8331
20151125 093617 8332
20151125 093635 8337
20151125 093728 8333
20151125 093728 8334
20151125 093823 8333
20151125 093826 8338
20151125 093852 8334
20151125 093854 8341
20151125 093857 8335
20151125 093913 8341
20151125 093915 8341
20151125 093925 8339
20151125 094005 8337
20151125 094028 8340
20151125 094043 8338
20151125 094043 8339
20151125 094055 8339
20151125 094109 8341
20151125 094112 8339
20151125 094119 8341
20151125 094129 8341
20151125 094130 8343
20151125 094131 8343
20151125 094132 8343
20151125 094133 8344
20151125 094133 8344
20151125 094135 8344
20151125 094139 8343
20151125 094141 8344
20151125 094152 8343
20151125 094155 8343
20151125 094156 8346
20151125 094156 8348
20151125 094201 8345
20151125 094206 8347
20151125 094207 8348
20151125 094221 8348
20151125 094221 8349
20151125 094231 8349
20151125 094233 8349
20151125 094235 8350
20151125 094241 8349
20151125 094301 8347
20151125 094303 8345
20151125 094305 8344
20151125 094306 8345
20151125 094306 8345
20151125 094332 8349
20151125 094333 8349
20151125 094333 8349
20151125 094336 8348
20151125 094336 8349
20151125 094336 8349
20151125 094343 8351
20151125 094343 8351
20151125 094343 8352
20151125 094343 8354
20151125 094344 8354
20151125 094347 8349
20151125 094347 8349
20151125 094347 8349
20151125 094347 8349
20151125 094347 8350
20151125 094347 8350
20151125 094436 8354
20151125 094436 8356
20151125 094436 8356
20151125 094436 8356
20151125 094436 8356
20151125 094436 8361
20151125 094437 8367
20151125 094437 8367
20151125 094437 8367
20151125 094437 8367
20151125 094437 8369
20151125 094437 8369
20151125 094530 8361
20151125 094530 8361
20151125 094530 8361
20151125 094547 8359
20151125 094547 8359
20151125 094555 8356
20151125 094555 8356
20151125 094615 8357
20151125 094622 8357
20151125 094623 8357
20151125 094623 8358
20151125 094623 8358
20151125 094623 8358
20151125 094636 8358
20151125 094645 8358
20151125 094716 8355
20151125 094719 8353
20151125 094729 8353
20151125 094732 8354
20151125 094734 8354
20151125 094738 8355
20151125 094818 8348
20151125 094830 8353
20151125 094832 8352
20151125 094835 8352
20151125 094838 8352
20151125 094840 8352
20151125 094843 8352
20151125 094846 8351
20151125 094848 8351
20151125 094851 8352
20151125 094854 8352
20151125 094857 8354
20151125 094936 8355
20151125 094937 8356
20151125 094938 8356
20151125 094938 8356
20151125 094949 8352
20151125 094951 8350
20151125 094952 8350
20151125 094954 8350
20151125 094954 8351
20151125 095100 8354
20151125 095110 8353
20151125 095114 8355
20151125 095140 8358
20151125 095140 8358
20151125 095141 8359
20151125 095143 8359
20151125 095210 8361
20151125 095211 8361
20151125 095211 8361
20151125 095211 8361
20151125 095211 8361
20151125 095211 8361
20151125 095211 8361
20151125 095211 8361
20151125 095225 8364
20151125 095231 8364
20151125 095234 8364
20151125 095252 8369
20151125 095252 8369
20151125 095252 8369
20151125 095252 8369
20151125 095253 8370
20151125 095253 8370
20151125 095253 8371
20151125 095253 8371
20151125 095253 8371
20151125 095253 8371
20151125 095253 8371
20151125 095253 8371
20151125 095253 8371
20151125 095253 8371
20151125 095253 8371
20151125 095254 8372
20151125 095254 8372
20151125 095254 8372
20151125 095254 8372
20151125 095254 8372
20151125 095254 8372
20151125 095254 8372
20151125 095254 8372
20151125 095254 8372
20151125 095254 8372
20151125 095254 8372
20151125 095254 8372
20151125 095254 8373
20151125 095254 8373
20151125 095254 8373
20151125 095256 8375
20151125 095256 8377
20151125 095256 8377
20151125 095318 8369
20151125 095319 8367
20151125 095342 8371
20151125 095419 8368
20151125 095451 8372
20151125 095456 8374
20151125 095500 8374
20151125 095501 8374
20151125 095501 8375
20151125 095502 8376
20151125 095502 8376
20151125 095503 8376
20151125 095503 8376
20151125 095526 8373
20151125 095533 8372
20151125 095542 8376
20151125 095542 8376
20151125 095557 8377
20151125 095557 8377
20151125 095602 8378
20151125 095623 8373
20151125 095652 8371
20151125 095658 8370
20151125 095721 8369
20151125 095732 8368
20151125 095743 8366
20151125 095757 8366
20151125 095758 8365
20151125 095759 8365
20151125 095759 8365
20151125 095759 8366
20151125 095808 8367
20151125 095815 8366
20151125 095815 8367
20151125 095855 8363
20151125 095941 8366
20151125 100035 8367
20151125 100102 8371
20151125 100102 8371
20151125 100108 8373
20151125 100108 8374
20151125 100237 8365
20151125 100240 8365
20151125 100245 8365
20151125 100310 8359
20151125 100310 8359
20151125 100312 8357
20151125 100313 8354
20151125 100313 8354
20151125 100313 8355
20151125 100328 8358
20151125 100336 8356
20151125 100338 8356
20151125 100349 8350
20151125 100351 8355
20151125 100421 8352
20151125 100522 8353
20151125 100522 8353
20151125 100550 8351
20151125 100550 8351
20151125 100550 8351
20151125 100550 8351
20151125 100550 8351
20151125 100550 8351
20151125 100550 8351
20151125 100550 8351
20151125 100705 8348
20151125 100723 8350
20151125 100750 8352
20151125 100754 8353
20151125 100817 8355
20151125 100827 8355
20151125 100829 8355
20151125 100829 8355
20151125 100844 8356
20151125 100847 8356
20151125 100853 8355
20151125 100854 8353
20151125 100945 8360
20151125 100945 8360
20151125 100945 8360
20151125 100945 8360
20151125 100948 8361
20151125 101057 8356
20151125 101058 8356
20151125 101103 8354
20151125 101214 8351
20151125 101216 8351
20151125 101326 8354
20151125 101343 8352
20151125 101403 8350
20151125 101430 8351
20151125 101430 8351
20151125 101616 8349
20151125 101618 8346
20151125 101618 8347
20151125 101619 8342
20151125 101619 8344
20151125 101619 8344
20151125 101619 8344
20151125 101619 8344
20151125 101619 8345
20151125 101619 8345
20151125 101620 8341
20151125 101623 8341
20151125 101628 8341
20151125 101630 8341
20151125 101633 8342
20151125 101633 8342
20151125 101634 8342
20151125 101709 8344
20151125 101811 8345
20151125 101831 8346
20151125 101848 8347
20151125 101940 8345
20151125 102005 8342
20151125 102131 8345
20151125 102135 8345
20151125 102139 8346
20151125 102216 8346
20151125 102316 8347
20151125 102337 8352
20151125 102340 8352
20151125 102456 8357
20151125 102506 8354
20151125 102520 8358
20151125 102525 8359
20151125 102637 8356
20151125 102709 8352
20151125 103022 8353
20151125 103117 8356
20151125 103117 8356
20151125 103117 8356
20151125 103117 8356
20151125 103233 8352
20151125 103236 8352
20151125 103310 8348
20151125 103311 8349
20151125 103320 8350
20151125 103333 8348
20151125 103337 8349
20151125 103341 8348
20151125 103400 8348
20151125 103409 8346
20151125 103410 8346
20151125 103435 8342
20151125 103436 8342
20151125 103450 8344
20151125 103557 8348
20151125 103714 8351
20151125 103714 8352
20151125 103714 8352
20151125 103745 8356
20151125 103749 8356
20151125 103749 8356
20151125 103750 8356
20151125 103808 8358
20151125 103814 8357
20151125 103816 8357
20151125 103818 8357
20151125 103823 8357
20151125 103824 8354
20151125 104215 8360
20151125 104217 8362
20151125 104218 8363
20151125 104228 8365
20151125 104228 8365
20151125 104229 8365
20151125 104333 8363
20151125 104639 8347
20151125 104639 8347
20151125 104720 8351
20151125 104811 8347
20151125 104814 8346
20151125 104816 8346
20151125 104819 8342
20151125 104819 8342
20151125 104819 8344
20151125 104819 8344
20151125 104829 8339
20151125 104829 8340
20151125 104830 8335
20151125 104830 8336
20151125 104830 8336
20151125 104830 8337
20151125 104830 8337
20151125 104841 8334
20151125 104841 8334
20151125 104841 8335
20151125 104844 8339
20151125 104904 8340
20151125 104907 8339
20151125 104916 8342
20151125 104932 8341
20151125 105047 8340
20151125 105057 8340
20151125 105101 8337
20151125 105101 8337
20151125 105101 8338
20151125 105107 8332
20151125 105107 8334
20151125 105128 8332
20151125 105128 8332
20151125 105130 8327
20151125 105130 8328
20151125 105130 8328
20151125 105130 8329
20151125 105130 8329
20151125 105130 8330
20151125 105130 8330
20151125 105130 8330
20151125 105130 8330
20151125 105130 8332
20151125 105131 8322
20151125 105131 8322
20151125 105131 8322
20151125 105131 8322
20151125 105131 8322
20151125 105131 8324
20151125 105131 8324
20151125 105131 8324
20151125 105131 8325
20151125 105131 8325
20151125 105131 8325
20151125 105131 8325
20151125 105240 8327
20151125 105348 8326
20151125 105407 8332
20151125 105412 8333
20151125 105423 8333
20151125 105423 8333
20151125 105522 8330
20151125 105522 8330
20151125 105522 8330
20151125 105538 8332
20151125 105538 8332
20151125 105600 8334
20151125 105628 8333
20151125 105628 8334
20151125 105636 8332
20151125 105636 8333
20151125 105701 8334
20151125 105708 8332
20151125 105727 8334
20151125 105749 8332
20151125 105757 8332
20151125 105802 8329
20151125 105802 8329
20151125 105802 8330
20151125 105802 8330
20151125 105826 8325
20151125 105828 8324
20151125 105828 8324
20151125 105828 8324
20151125 105828 8324
20151125 105924 8331
20151125 105925 8332
20151125 105932 8332
20151125 105932 8332
20151125 105935 8334
20151125 105937 8334
20151125 105940 8336
20151125 105943 8336
20151125 105950 8337
20151125 110000 8337
20151125 110113 8336
20151125 110217 8338
20151125 110217 8338
20151125 110217 8339
20151125 110217 8339
20151125 110217 8340
20151125 110231 8342
20151125 110231 8343
20151125 110232 8345
20151125 110300 8342
20151125 110307 8343
20151125 110313 8346
20151125 110321 8348
20151125 110330 8349
20151125 110334 8349
20151125 110337 8353
20151125 110337 8354
20151125 110337 8354
20151125 110338 8356
20151125 110338 8356
20151125 110338 8356
20151125 110338 8356
20151125 110338 8356
20151125 110338 8356
20151125 110338 8356
20151125 110402 8353
20151125 110423 8353
20151125 110550 8351
20151125 110635 8351
20151125 110635 8351
20151125 110644 8351
20151125 110838 8352
20151125 110857 8352
20151125 110857 8352
20151125 110904 8352
20151125 111004 8350
20151125 111013 8350
20151125 111014 8348
20151125 111255 8346
20151125 111420 8344
20151125 111424 8343
20151125 111450 8343
20151125 111450 8343
20151125 111450 8343
20151125 111502 8341
20151125 111505 8340
20151125 111508 8336
20151125 111509 8336
20151125 111626 8342
20151125 111634 8341
20151125 111704 8342
20151125 111809 8348
20151125 111809 8348
20151125 111809 8348
20151125 111931 8341
20151125 112112 8340
20151125 112114 8340
20151125 112143 8338
20151125 112237 8336
20151125 112251 8339
20151125 112306 8340
20151125 112306 8340
20151125 112307 8340
20151125 112307 8340
20151125 112307 8340
20151125 112307 8340
20151125 112307 8340
20151125 112307 8340
20151125 112308 8340
20151125 112309 8340
20151125 112310 8340
20151125 112312 8340
20151125 112313 8340
20151125 112314 8340
20151125 112314 8340
20151125 112316 8340
20151125 112317 8340
20151125 112352 8341
20151125 112515 8342
20151125 112515 8342
20151125 112515 8342
20151125 112711 8343
20151125 112711 8343
20151125 112711 8343
20151125 112728 8345
20151125 112904 8350
20151125 112904 8351
20151125 112904 8351
20151125 112904 8351
20151125 112904 8351
20151125 112954 8349
20151125 113004 8347
20151125 113016 8346
20151125 113016 8347
20151125 113016 8347
20151125 113016 8347
20151125 113155 8344
20151125 113200 8342
20151125 113205 8341
20151125 113248 8346
20151125 113250 8346
20151125 113253 8346
20151125 113258 8346
20151125 113401 8344
20151125 113515 8345
20151125 113739 8339
20151125 114009 8344
20151125 114034 8344
20151125 114038 8344
20151125 114120 8343
20151125 114548 8344
20151125 114548 8346
20151125 114615 8348
20151125 114615 8349
20151125 114625 8347
20151125 114625 8347
20151125 114656 8347
20151125 114710 8346
20151125 114810 8344
20151125 114821 8342
20151125 114904 8342
20151125 114904 8342
20151125 114950 8342
20151125 115813 8348
20151125 115835 8349
20151125 115838 8349
20151125 120137 8348
20151125 120236 8344
20151125 120545 8345
20151125 120545 8345
20151125 120740 8344
20151125 120951 8343
20151125 121007 8342
20151125 121245 8344
20151125 121303 8345
20151125 121303 8345
20151125 121319 8346
20151125 121342 8348
20151125 121343 8348
20151125 121345 8348
20151125 121348 8350
20151125 121348 8350
20151125 121348 8351
20151125 121348 8351
20151125 121349 8351
20151125 121349 8353
20151125 121349 8354
20151125 121349 8354
20151125 121349 8356
20151125 121349 8356
20151125 121349 8356
20151125 121349 8356
20151125 121435 8354
20151125 121437 8356
20151125 121437 8356
20151125 121437 8356
20151125 121437 8356
20151125 121437 8356
20151125 121437 8357
20151125 121442 8358
20151125 121444 8359
20151125 121445 8359
20151125 121452 8362
20151125 121453 8363
20151125 121455 8361
20151125 121516 8360
20151125 121519 8361
20151125 121630 8355
20151125 121638 8359
20151125 121649 8360
20151125 121716 8361
20151125 121716 8361
20151125 121733 8362
20151125 121739 8362
20151125 121740 8363
20151125 121740 8364
20151125 121756 8365
20151125 121756 8365
20151125 121759 8364
20151125 121804 8363
20151125 121818 8361
20151125 121818 8362
20151125 121845 8361
20151125 121845 8361
20151125 121845 8361
20151125 121845 8361
20151125 121846 8361
20151125 121903 8361
20151125 121924 8358
20151125 121924 8358
20151125 121924 8358
20151125 121924 8358
20151125 121924 8358
20151125 121924 8358
20151125 121924 8358
20151125 121924 8358
20151125 121924 8358
20151125 121928 8357
20151125 121928 8357
20151125 121928 8357
20151125 121928 8358
20151125 121928 8358
20151125 121928 8358
20151125 121947 8357
20151125 122013 8358
20151125 122013 8358
20151125 122013 8358
20151125 122013 8358
20151125 122013 8358
20151125 122013 8358
20151125 122101 8361
20151125 122102 8361
20151125 122102 8361
20151125 122104 8361
20151125 122106 8361
20151125 122119 8361
20151125 122119 8361
20151125 122119 8361
20151125 122119 8361
20151125 122125 8361
20151125 122218 8360
20151125 122345 8359
20151125 122412 8359
20151125 122439 8358
20151125 122501 8358
20151125 122511 8360
20151125 122515 8360
20151125 122515 8361
20151125 122515 8361
20151125 122529 8365
20151125 122530 8366
20151125 122530 8366
20151125 122530 8366
20151125 122530 8366
20151125 122530 8366
20151125 122530 8366
20151125 122530 8366
20151125 122530 8366
20151125 122530 8366
20151125 122530 8366
20151125 122530 8366
20151125 122530 8366
20151125 122530 8366
20151125 122530 8366
20151125 122543 8364
20151125 122547 8365
20151125 122600 8367
20151125 122600 8367
20151125 122601 8366
20151125 122601 8366
20151125 122601 8366
20151125 122705 8368
20151125 123001 8363
20151125 123129 8361
20151125 123204 8359
20151125 123208 8360
20151125 123208 8360
20151125 123209 8362
20151125 123304 8363
20151125 123401 8364
20151125 123414 8365
20151125 123414 8366
20151125 123414 8366
20151125 123922 8362
20151125 124054 8361
20151125 124054 8361
20151125 124054 8361
20151125 124054 8361
20151125 124054 8361
20151125 124054 8361
20151125 124056 8361
20151125 124137 8361
20151125 124336 8359
20151125 124438 8358
20151125 124505 8359
20151125 124624 8357
20151125 124636 8356
20151125 124639 8356
20151125 124650 8354
20151125 124650 8354
20151125 124651 8354
20151125 124651 8354
20151125 124708 8353
20151125 124739 8353
20151125 124745 8353
20151125 124750 8353
20151125 124801 8353
20151125 124824 8352
20151125 124831 8352
20151125 124835 8351
20151125 124838 8351
20151125 124857 8351
20151125 124957 8350
20151125 125252 8353
20151125 125252 8353
20151125 125331 8356
20151125 125331 8356
20151125 125331 8356
20151125 125837 8355
20151125 125909 8355
20151125 125925 8355
20151125 125946 8354
20151125 125958 8353
20151125 130224 8351
20151125 130340 8353
20151125 130426 8355
20151125 130429 8356
20151125 130429 8356
20151125 130437 8357
20151125 130441 8356
20151125 130444 8355
20151125 130500 8354
20151125 130525 8357
20151125 130528 8357
20151125 130530 8356
20151125 130536 8356
20151125 130645 8356
20151125 130713 8356
20151125 130727 8354
20151125 130727 8354
20151125 130743 8355
20151125 130806 8356
20151125 130836 8357
20151125 130846 8358
20151125 130853 8358
20151125 130853 8359
20151125 130857 8361
20151125 130859 8362
20151125 130922 8363
20151125 131116 8361
20151125 131116 8361
20151125 131116 8361
20151125 131116 8361
20151125 131116 8361
20151125 131201 8362
20151125 131224 8363
20151125 131224 8364
20151125 131306 8364
20151125 131311 8364
20151125 131348 8366
20151125 131437 8362
20151125 131438 8361
20151125 131608 8355
20151125 131612 8355
20151125 131614 8355
20151125 131618 8357
20151125 131747 8360
20151125 131747 8360
20151125 131747 8360
20151125 131747 8360
20151125 131757 8361
20151125 131810 8362
20151125 131810 8362
20151125 131810 8362
20151125 131810 8362
20151125 131938 8366
20151125 131938 8367
20151125 131938 8367
20151125 131942 8366
20151125 131944 8366
20151125 131946 8366
20151125 131948 8366
20151125 131948 8368
20151125 131948 8368
20151125 131948 8368
20151125 131950 8369
20151125 131950 8369
20151125 131950 8369
20151125 131954 8366
20151125 131954 8366
20151125 131954 8366
20151125 131954 8367
20151125 131954 8367
20151125 132004 8370
20151125 132101 8368
20151125 132103 8368
20151125 132104 8368
20151125 132104 8368
20151125 132109 8368
20151125 132109 8368
20151125 132123 8367
20151125 132123 8368
20151125 132123 8368
20151125 132123 8368
20151125 132123 8368
20151125 132123 8368
20151125 132123 8368
20151125 132129 8368
20151125 132130 8368
20151125 132142 8369
20151125 132148 8370
20151125 132153 8369
20151125 132204 8368
20151125 132208 8368
20151125 132221 8325
20151125 132221 8325
20151125 132224 8325
20151125 132224 8368
20151125 132227 8368
20151125 132229 8368
20151125 132229 8368
20151125 132239 8363
20151125 132341 8367
20151125 132410 8370
20151125 132411 8370
20151125 132411 8370
20151125 132412 8370
20151125 132412 8370
20151125 132417 8370
20151125 132420 8371
20151125 132420 8372
20151125 132420 8372
20151125 132420 8372
20151125 132422 8373
20151125 132422 8373
20151125 132425 8373
20151125 132427 8372
20151125 132428 8373
20151125 132428 8373
20151125 132431 8372
20151125 132432 8371
20151125 132435 8370
20151125 132443 8369
20151125 132513 8368
20151125 132518 8367
20151125 132551 8370
20151125 132608 8374
20151125 132611 8375
20151125 132616 8374
20151125 132616 8374
20151125 132616 8374
20151125 132642 8372
20151125 132646 8372
20151125 132651 8371
20151125 132729 8372
20151125 132805 8374
20151125 132808 8374
20151125 132849 8372
20151125 132907 8371
20151125 132948 8373
20151125 132950 8374
20151125 132950 8374
20151125 133010 8374
20151125 133014 8374
20151125 133035 8372
20151125 133047 8371
20151125 133048 8371
20151125 133048 8371
20151125 133048 8371
20151125 133048 8371
20151125 133048 8371
20151125 133054 8371
20151125 133105 8374
20151125 133105 8374
20151125 133105 8374
20151125 133105 8375
20151125 133109 8376
20151125 133109 8376
20151125 133109 8376
20151125 133109 8376
20151125 133109 8376
20151125 133109 8376
20151125 133109 8376
20151125 133110 8376
20151125 133113 8376
20151125 133126 8376
20151125 133133 8377
20151125 133133 8377
20151125 133133 8377
20151125 133134 8376
20151125 133134 8377
20151125 133134 8377
20151125 133134 8377
20151125 133135 8377
20151125 133135 8377
20151125 133159 8377
20151125 133200 8378
20151125 133200 8378
20151125 133215 8378
20151125 133226 8377
20151125 133226 8377
20151125 133226 8377
20151125 133226 8377
20151125 133226 8377
20151125 133226 8377
20151125 133226 8377
20151125 133226 8378
20151125 133226 8378
20151125 133227 8378
20151125 133254 8378
20151125 133412 8376
20151125 133412 8376
20151125 133413 8376
20151125 133513 8376
20151125 133525 8377
20151125 133542 8381
20151125 133553 8381
20151125 133612 8380
20151125 133624 8379
20151125 133631 8379
20151125 133638 8380
20151125 133638 8380
20151125 133653 8379
20151125 133653 8379
20151125 133701 8378
20151125 133708 8378
20151125 133708 8378
20151125 133728 8378
20151125 133748 8380
20151125 133834 8381
20151125 133834 8381
20151125 133834 8381
20151125 133834 8381
20151125 133835 8381
20151125 133837 8381
20151125 133838 8381
20151125 133852 8381
20151125 133900 8382
20151125 133900 8382
20151125 133903 8382
20151125 133930 8382
20151125 133932 8383
20151125 133933 8383
20151125 133936 8383
20151125 133936 8383
20151125 133936 8383
20151125 133936 8383
20151125 133951 8384
20151125 133954 8384
20151125 133957 8384
20151125 133957 8384
20151125 134000 8385
20151125 134002 8384
20151125 134043 8385
20151125 134043 8385
20151125 134043 8385
20151125 134049 8384
20151125 134100 8384
20151125 134108 8383
20151125 134110 8383
20151125 134114 8383
20151125 134117 8384
20151125 134120 8384
20151125 134132 8342
20151125 134135 8343
20151125 134137 8386
20151125 134141 8385
20151125 134229 8387
20151125 134237 8387
20151125 134252 8387
20151125 134308 8386
20151125 134318 8384
20151125 134318 8385
20151125 134319 8384
20151125 134320 8384
20151125 134323 8379
20151125 134325 8383
20151125 134325 8383
20151125 134326 8383
20151125 134326 8383
20151125 134327 8383
20151125 134328 8383
20151125 134328 8383
20151125 134328 8383
20151125 134331 8343
20151125 134331 8385
20151125 134331 8385
20151125 134400 8385
20151125 134414 8384
20151125 134434 8384
20151125 134434 8384
20151125 134438 8385
20151125 134441 8384
20151125 134451 8386
20151125 134451 8386
20151125 134453 8387
20151125 134453 8387
20151125 134455 8387
20151125 134455 8387
20151125 134455 8387
20151125 134459 8388
