20151022 084500 8557
20151022 084500 8560
20151022 084500 8565
20151022 084500 8565
20151022 084500 8566
20151022 084500 8566
20151022 084500 8569
20151022 084500 8573
20151022 084500 8573
20151022 084500 8574
20151022 084500 8575
20151022 084500 8579
20151022 084500 8579
20151022 084500 8580
20151022 084500 8583
20151022 084500 8583
20151022 084500 8583
20151022 084500 8585
20151022 084500 8585
20151022 084500 8585
20151022 084500 8585
20151022 084500 8585
20151022 084500 8585
20151022 084500 8585
20151022 084500 8585
20151022 084500 8585
20151022 084500 8585
20151022 084500 8585
20151022 084500 8585
20151022 084500 8585
20151022 084500 8586
20151022 084500 8586
20151022 084500 8587
20151022 084500 8587
20151022 084500 8587
20151022 084500 8587
20151022 084500 8587
20151022 084500 8587
20151022 084500 8588
20151022 084500 8588
20151022 084500 8588
20151022 084500 8588
20151022 084500 8588
20151022 084500 8588
20151022 084500 8588
20151022 084500 8588
20151022 084500 8588
20151022 084500 8588
20151022 084500 8588
20151022 084500 8588
20151022 084500 8588
20151022 084500 8588
20151022 084500 8588
20151022 084500 8588
20151022 084500 8588
20151022 084500 8588
20151022 084500 8588
20151022 084500 8588
20151022 084500 8588
20151022 084500 8589
20151022 084500 8589
20151022 084500 8589
20151022 084500 8589
20151022 084500 8590
20151022 084500 8590
20151022 084500 8590
20151022 084500 8590
20151022 084500 8590
20151022 084500 8591
20151022 084500 8593
20151022 084500 8595
20151022 084500 8599
20151022 084500 8599
20151022 084500 8600
20151022 084501 8579
20151022 084501 8579
20151022 084501 8580
20151022 084501 8580
20151022 084501 8580
20151022 084501 8584
20151022 084514 8586
20151022 084518 8587
20151022 084519 8585
20151022 084522 8585
20151022 084524 8579
20151022 084524 8585
20151022 084527 8583
20151022 084534 8583
20151022 084534 8583
20151022 084538 8585
20151022 084547 8581
20151022 084547 8582
20151022 084547 8582
20151022 084548 8581
20151022 084555 8582
20151022 084557 8580
20151022 084600 8575
20151022 084604 8583
20151022 084605 8582
20151022 084605 8583
20151022 084606 8582
20151022 084606 8582
20151022 084607 8581
20151022 084609 8581
20151022 084612 8581
20151022 084613 8579
20151022 084614 8579
20151022 084615 8579
20151022 084615 8579
20151022 084615 8579
20151022 084616 8577
20151022 084618 8554
20151022 084621 8576
20151022 084622 8596
20151022 084625 8578
20151022 084625 8578
20151022 084628 8578
20151022 084628 8579
20151022 084629 8578
20151022 084630 8579
20151022 084633 8579
20151022 084633 8579
20151022 084633 8579
20151022 084633 8579
20151022 084633 8579
20151022 084635 8579
20151022 084635 8579
20151022 084635 8579
20151022 084636 8579
20151022 084636 8579
20151022 084636 8579
20151022 084639 8579
20151022 084639 8580
20151022 084640 8579
20151022 084640 8580
20151022 084640 8580
20151022 084641 8578
20151022 084641 8579
20151022 084641 8579
20151022 084641 8580
20151022 084641 8580
20151022 084641 8580
20151022 084642 8579
20151022 084642 8579
20151022 084642 8579
20151022 084642 8580
20151022 084642 8580
20151022 084642 8580
20151022 084643 8580
20151022 084643 8580
20151022 084643 8580
20151022 084643 8580
20151022 084646 8580
20151022 084647 8578
20151022 084647 8578
20151022 084650 8578
20151022 084650 8578
20151022 084651 8579
20151022 084651 8579
20151022 084652 8579
20151022 084652 8579
20151022 084652 8579
20151022 084652 8579
20151022 084652 8579
20151022 084653 8579
20151022 084654 8578
20151022 084654 8579
20151022 084654 8579
20151022 084654 8579
20151022 084654 8579
20151022 084655 8579
20151022 084655 8579
20151022 084655 8579
20151022 084655 8579
20151022 084659 8579
20151022 084659 8579
20151022 084700 8579
20151022 084700 8579
20151022 084700 8579
20151022 084700 8579
20151022 084701 8579
20151022 084703 8579
20151022 084704 8578
20151022 084704 8579
20151022 084704 8579
20151022 084704 8580
20151022 084704 8580
20151022 084704 8580
20151022 084705 8579
20151022 084705 8579
20151022 084705 8579
20151022 084705 8580
20151022 084705 8580
20151022 084706 8579
20151022 084706 8580
20151022 084707 8580
20151022 084710 8579
20151022 084711 8579
20151022 084711 8579
20151022 084712 8579
20151022 084712 8579
20151022 084712 8579
20151022 084712 8580
20151022 084712 8580
20151022 084713 8579
20151022 084713 8579
20151022 084713 8579
20151022 084713 8579
20151022 084713 8579
20151022 084713 8579
20151022 084721 8580
20151022 084721 8580
20151022 084728 8580
20151022 084729 8595
20151022 084741 8589
20151022 084757 8579
20151022 084800 8578
20151022 084805 8578
20151022 084806 8578
20151022 084806 8578
20151022 084806 8578
20151022 084807 8577
20151022 084807 8578
20151022 084807 8578
20151022 084807 8579
20151022 084808 8578
20151022 084808 8578
20151022 084808 8579
20151022 084808 8579
20151022 084834 8554
20151022 084834 8554
20151022 084850 8578
20151022 084854 8578
20151022 084858 8578
20151022 084902 8577
20151022 084903 8578
20151022 084904 8578
20151022 084904 8578
20151022 084910 8578
20151022 084910 8579
20151022 084911 8578
20151022 084919 8580
20151022 084925 8579
20151022 084933 8573
20151022 084939 8580
20151022 085003 8570
20151022 085003 8576
20151022 085003 8576
20151022 085003 8576
20151022 085005 8582
20151022 085016 8573
20151022 085016 8573
20151022 085016 8573
20151022 085017 8574
20151022 085029 8572
20151022 085030 8574
20151022 085034 8551
20151022 085034 8566
20151022 085036 8581
20151022 085043 8573
20151022 085044 8572
20151022 085046 8571
20151022 085049 8570
20151022 085053 8569
20151022 085101 8567
20151022 085107 8571
20151022 085111 8569
20151022 085111 8569
20151022 085112 8569
20151022 085112 8570
20151022 085112 8570
20151022 085113 8569
20151022 085115 8575
20151022 085118 8563
20151022 085128 8571
20151022 085133 8570
20151022 085148 8571
20151022 085148 8571
20151022 085148 8571
20151022 085201 8575
20151022 085203 8573
20151022 085204 8573
20151022 085222 8574
20151022 085224 8573
20151022 085233 8571
20151022 085233 8572
20151022 085235 8572
20151022 085236 8572
20151022 085236 8572
20151022 085236 8572
20151022 085236 8572
20151022 085308 8570
20151022 085327 8573
20151022 085336 8571
20151022 085340 8571
20151022 085402 8571
20151022 085408 8563
20151022 085454 8567
20151022 085459 8567
20151022 085500 8566
20151022 085500 8567
20151022 085500 8567
20151022 085501 8566
20151022 085503 8568
20151022 085524 8570
20151022 085524 8570
20151022 085525 8570
20151022 085528 8570
20151022 085533 8571
20151022 085544 8571
20151022 085544 8571
20151022 085545 8575
20151022 085549 8571
20151022 085552 8572
20151022 085552 8573
20151022 085553 8574
20151022 085554 8566
20151022 085554 8572
20151022 085554 8572
20151022 085554 8572
20151022 085555 8574
20151022 085600 8572
20151022 085620 8573
20151022 085630 8567
20151022 085630 8567
20151022 085630 8572
20151022 085630 8573
20151022 085651 8574
20151022 085654 8575
20151022 085657 8574
20151022 085700 8576
20151022 085701 8575
20151022 085707 8574
20151022 085709 8574
20151022 085728 8574
20151022 085730 8574
20151022 085742 8574
20151022 085749 8576
20151022 085753 8575
20151022 085757 8575
20151022 085759 8576
20151022 085823 8574
20151022 085824 8552
20151022 085824 8567
20151022 085827 8574
20151022 085828 8575
20151022 085835 8581
20151022 085839 8573
20151022 085929 8581
20151022 085929 8581
20151022 085932 8571
20151022 085953 8572
20151022 090000 8568
20151022 090000 8568
20151022 090000 8569
20151022 090000 8569
20151022 090000 8569
20151022 090000 8570
20151022 090001 8568
20151022 090002 8568
20151022 090002 8568
20151022 090004 8569
20151022 090004 8571
20151022 090007 8573
20151022 090008 8572
20151022 090011 8574
20151022 090029 8578
20151022 090030 8578
20151022 090031 8583
20151022 090034 8579
20151022 090036 8579
20151022 090036 8580
20151022 090040 8579
20151022 090052 8578
20151022 090102 8578
20151022 090106 8578
20151022 090118 8581
20151022 090121 8582
20151022 090122 8583
20151022 090122 8583
20151022 090122 8583
20151022 090123 8582
20151022 090139 8584
20151022 090140 8583
20151022 090149 8562
20151022 090152 8582
20151022 090156 8581
20151022 090156 8581
20151022 090156 8581
20151022 090156 8581
20151022 090240 8581
20151022 090240 8581
20151022 090245 8581
20151022 090246 8581
20151022 090249 8575
20151022 090249 8581
20151022 090253 8583
20151022 090254 8583
20151022 090257 8586
20151022 090257 8586
20151022 090257 8586
20151022 090257 8586
20151022 090257 8586
20151022 090257 8586
20151022 090258 8587
20151022 090258 8588
20151022 090258 8588
20151022 090258 8588
20151022 090258 8588
20151022 090301 8588
20151022 090301 8588
20151022 090301 8588
20151022 090303 8589
20151022 090315 8589
20151022 090318 8586
20151022 090318 8586
20151022 090323 8586
20151022 090323 8587
20151022 090324 8586
20151022 090330 8583
20151022 090332 8584
20151022 090333 8582
20151022 090336 8582
20151022 090336 8582
20151022 090337 8575
20151022 090345 8577
20151022 090345 8583
20151022 090345 8583
20151022 090359 8583
20151022 090359 8583
20151022 090437 8586
20151022 090440 8588
20151022 090448 8589
20151022 090453 8591
20151022 090500 8593
20151022 090500 8593
20151022 090500 8599
20151022 090501 8596
20151022 090501 8596
20151022 090501 8596
20151022 090501 8596
20151022 090501 8596
20151022 090501 8596
20151022 090502 8598
20151022 090503 8598
20151022 090503 8598
20151022 090503 8598
20151022 090503 8598
20151022 090511 8597
20151022 090520 8596
20151022 090528 8596
20151022 090532 8596
20151022 090532 8596
20151022 090533 8596
20151022 090533 8596
20151022 090533 8596
20151022 090533 8600
20151022 090538 8596
20151022 090555 8593
20151022 090600 8593
20151022 090623 8604
20151022 090636 8594
20151022 090636 8594
20151022 090644 8595
20151022 090646 8596
20151022 090649 8597
20151022 090652 8598
20151022 090653 8598
20151022 090653 8598
20151022 090700 8599
20151022 090703 8601
20151022 090704 8603
20151022 090705 8603
20151022 090706 8600
20151022 090715 8601
20151022 090735 8599
20151022 090742 8593
20151022 090748 8599
20151022 090802 8603
20151022 090803 8603
20151022 090804 8603
20151022 090804 8603
20151022 090804 8603
20151022 090804 8603
20151022 090805 8603
20151022 090805 8603
20151022 090808 8603
20151022 090824 8603
20151022 090831 8602
20151022 090831 8603
20151022 090831 8603
20151022 090831 8603
20151022 090856 8603
20151022 090857 8603
20151022 090901 8611
20151022 090906 8610
20151022 090914 8600
20151022 090920 8600
20151022 090923 8598
20151022 090937 8608
20151022 090946 8609
20151022 091000 8593
20151022 091004 8600
20151022 091008 8598
20151022 091018 8596
20151022 091019 8598
20151022 091019 8598
20151022 091029 8610
20151022 091042 8599
20151022 091049 8598
20151022 091049 8598
20151022 091139 8598
20151022 091149 8599
20151022 091205 8605
20151022 091210 8602
20151022 091210 8602
20151022 091218 8600
20151022 091229 8610
20151022 091230 8606
20151022 091230 8606
20151022 091230 8606
20151022 091230 8606
20151022 091230 8606
20151022 091230 8606
20151022 091230 8606
20151022 091230 8606
20151022 091230 8607
20151022 091230 8607
20151022 091231 8607
20151022 091233 8608
20151022 091234 8608
20151022 091302 8608
20151022 091306 8607
20151022 091310 8608
20151022 091311 8609
20151022 091316 8620
20151022 091318 8608
20151022 091319 8609
20151022 091331 8606
20151022 091351 8601
20151022 091352 8600
20151022 091352 8600
20151022 091352 8600
20151022 091353 8599
20151022 091441 8603
20151022 091444 8603
20151022 091452 8608
20151022 091455 8605
20151022 091459 8604
20151022 091500 8606
20151022 091505 8607
20151022 091506 8608
20151022 091512 8608
20151022 091514 8609
20151022 091515 8610
20151022 091516 8609
20151022 091518 8611
20151022 091518 8611
20151022 091519 8611
20151022 091525 8610
20151022 091525 8610
20151022 091525 8610
20151022 091527 8588
20151022 091535 8616
20151022 091541 8606
20151022 091607 8614
20151022 091607 8614
20151022 091614 8609
20151022 091627 8604
20151022 091627 8604
20151022 091652 8604
20151022 091652 8604
20151022 091714 8604
20151022 091725 8601
20151022 091726 8599
20151022 091726 8600
20151022 091730 8598
20151022 091850 8603
20151022 091850 8603
20151022 091857 8602
20151022 091907 8609
20151022 091908 8608
20151022 091919 8601
20151022 091948 8608
20151022 092002 8601
20151022 092013 8599
20151022 092014 8599
20151022 092020 8599
20151022 092021 8598
20151022 092022 8598
20151022 092026 8599
20151022 092029 8611
20151022 092054 8607
20151022 092101 8603
20151022 092159 8600
20151022 092220 8607
20151022 092252 8604
20151022 092312 8607
20151022 092312 8608
20151022 092312 8608
20151022 092314 8608
20151022 092316 8609
20151022 092316 8609
20151022 092356 8604
20151022 092419 8605
20151022 092420 8603
20151022 092422 8604
20151022 092424 8603
20151022 092426 8602
20151022 092429 8603
20151022 092430 8609
20151022 092435 8600
20151022 092445 8593
20151022 092454 8607
20151022 092500 8606
20151022 092502 8599
20151022 092505 8592
20151022 092509 8599
20151022 092517 8597
20151022 092521 8596
20151022 092521 8596
20151022 092521 8596
20151022 092545 8601
20151022 092545 8601
20151022 092545 8601
20151022 092545 8608
20151022 092609 8599
20151022 092622 8593
20151022 092622 8593
20151022 092622 8594
20151022 092622 8604
20151022 092626 8592
20151022 092648 8595
20151022 092708 8604
20151022 092709 8593
20151022 092711 8605
20151022 092729 8591
20151022 092729 8591
20151022 092733 8591
20151022 092733 8592
20151022 092735 8585
20151022 092756 8591
20151022 092756 8592
20151022 092809 8605
20151022 092811 8594
20151022 092827 8593
20151022 092905 8592
20151022 092905 8592
20151022 092907 8592
20151022 092916 8594
20151022 092930 8595
20151022 092938 8594
20151022 092948 8594
20151022 093007 8592
20151022 093007 8592
20151022 093016 8590
20151022 093032 8592
20151022 093045 8593
20151022 093051 8593
20151022 093146 8594
20151022 093159 8591
20151022 093205 8590
20151022 093220 8593
20151022 093233 8589
20151022 093234 8589
20151022 093238 8587
20151022 093238 8587
20151022 093307 8585
20151022 093308 8585
20151022 093340 8587
20151022 093340 8587
20151022 093343 8586
20151022 093348 8589
20151022 093509 8587
20151022 093517 8589
20151022 093541 8589
20151022 093548 8590
20151022 093609 8591
20151022 093612 8590
20151022 093638 8592
20151022 093650 8592
20151022 093707 8592
20151022 093707 8592
20151022 093719 8594
20151022 093723 8594
20151022 093801 8595
20151022 093802 8594
20151022 093817 8594
20151022 093830 8596
20151022 093833 8596
20151022 093843 8598
20151022 093853 8610
20151022 093854 8603
20151022 093854 8610
20151022 093903 8606
20151022 093903 8606
20151022 093934 8606
20151022 093935 8600
20151022 093935 8600
20151022 094020 8608
20151022 094020 8608
20151022 094021 8609
20151022 094021 8615
20151022 094104 8606
20151022 094114 8604
20151022 094157 8605
20151022 094202 8607
20151022 094210 8606
20151022 094213 8605
20151022 094227 8600
20151022 094257 8603
20151022 094257 8603
20151022 094302 8603
20151022 094315 8603
20151022 094349 8600
20151022 094352 8600
20151022 094404 8603
20151022 094409 8603
20151022 094520 8609
20151022 094535 8601
20151022 094537 8600
20151022 094537 8600
20151022 094537 8600
20151022 094539 8599
20151022 094611 8599
20151022 094611 8599
20151022 094622 8598
20151022 094626 8599
20151022 094638 8597
20151022 094639 8598
20151022 094643 8596
20151022 094741 8597
20151022 094742 8596
20151022 094743 8595
20151022 094744 8595
20151022 094744 8595
20151022 094745 8589
20151022 094755 8569
20151022 094755 8594
20151022 094830 8597
20151022 095030 8597
20151022 095031 8595
20151022 095033 8569
20151022 095042 8596
20151022 095134 8594
20151022 095135 8592
20151022 095135 8593
20151022 095135 8593
20151022 095136 8589
20151022 095136 8590
20151022 095136 8591
20151022 095140 8589
20151022 095149 8590
20151022 095232 8586
20151022 095232 8586
20151022 095237 8585
20151022 095239 8585
20151022 095241 8583
20151022 095241 8584
20151022 095241 8584
20151022 095241 8584
20151022 095241 8585
20151022 095241 8585
20151022 095242 8582
20151022 095245 8577
20151022 095245 8577
20151022 095245 8578
20151022 095245 8580
20151022 095245 8580
20151022 095253 8583
20151022 095305 8584
20151022 095305 8584
20151022 095313 8583
20151022 095314 8582
20151022 095315 8583
20151022 095327 8582
20151022 095331 8582
20151022 095336 8582
20151022 095338 8582
20151022 095341 8582
20151022 095404 8590
20151022 095404 8590
20151022 095426 8586
20151022 095441 8585
20151022 095446 8585
20151022 095447 8585
20151022 095501 8585
20151022 095520 8585
20151022 095530 8586
20151022 095536 8578
20151022 095544 8582
20151022 095547 8582
20151022 095553 8581
20151022 095646 8583
20151022 095655 8585
20151022 095741 8581
20151022 095744 8575
20151022 095819 8586
20151022 095853 8588
20151022 095853 8588
20151022 095859 8589
20151022 095920 8589
20151022 095929 8588
20151022 095930 8589
20151022 100103 8598
20151022 100103 8598
20151022 100206 8590
20151022 100217 8590
20151022 100222 8590
20151022 100227 8588
20151022 100230 8588
20151022 100232 8589
20151022 100250 8592
20151022 100303 8589
20151022 100310 8589
20151022 100340 8591
20151022 100358 8591
20151022 100358 8595
20151022 100408 8590
20151022 100513 8592
20151022 100513 8592
20151022 100513 8595
20151022 100513 8595
20151022 100515 8593
20151022 100516 8593
20151022 100708 8592
20151022 100712 8567
20151022 100712 8595
20151022 100714 8595
20151022 100727 8599
20151022 100751 8593
20151022 100803 8591
20151022 100805 8591
20151022 101004 8594
20151022 101005 8595
20151022 101016 8594
20151022 101124 8591
20151022 101128 8585
20151022 101131 8590
20151022 101138 8590
20151022 101157 8590
20151022 101244 8591
20151022 101513 8595
20151022 101522 8596
20151022 101531 8597
20151022 101550 8598
20151022 101706 8600
20151022 101707 8601
20151022 101713 8601
20151022 101717 8602
20151022 101721 8603
20151022 101723 8603
20151022 101728 8604
20151022 101922 8603
20151022 101922 8603
20151022 101942 8602
20151022 102007 8605
20151022 102007 8605
20151022 102007 8605
20151022 102007 8606
20151022 102007 8606
20151022 102007 8606
20151022 102008 8607
20151022 102008 8607
20151022 102008 8607
20151022 102008 8608
20151022 102008 8608
20151022 102008 8608
20151022 102008 8608
20151022 102013 8608
20151022 102014 8608
20151022 102014 8608
20151022 102015 8608
20151022 102015 8608
20151022 102015 8608
20151022 102015 8608
20151022 102015 8608
20151022 102015 8608
20151022 102015 8608
20151022 102015 8608
20151022 102015 8608
20151022 102015 8609
20151022 102015 8609
20151022 102015 8609
20151022 102015 8609
20151022 102015 8609
20151022 102015 8610
20151022 102016 8610
20151022 102016 8610
20151022 102016 8611
20151022 102016 8611
20151022 102016 8612
20151022 102016 8612
20151022 102016 8612
20151022 102016 8612
20151022 102016 8613
20151022 102016 8613
20151022 102016 8613
20151022 102016 8613
20151022 102016 8613
20151022 102016 8613
20151022 102016 8613
20151022 102016 8613
20151022 102016 8613
20151022 102016 8613
20151022 102016 8613
20151022 102016 8614
20151022 102016 8614
20151022 102016 8614
20151022 102016 8615
20151022 102016 8615
20151022 102016 8616
20151022 102016 8616
20151022 102016 8616
20151022 102016 8616
20151022 102016 8616
20151022 102016 8618
20151022 102017 8617
20151022 102017 8617
20151022 102017 8618
20151022 102017 8618
20151022 102017 8618
20151022 102017 8618
20151022 102017 8618
20151022 102017 8618
20151022 102017 8618
20151022 102017 8618
20151022 102017 8620
20151022 102017 8620
20151022 102037 8618
20151022 102044 8618
20151022 102044 8619
20151022 102045 8617
20151022 102053 8617
20151022 102057 8616
20151022 102101 8618
20151022 102101 8618
20151022 102113 8618
20151022 102116 8618
20151022 102116 8618
20151022 102117 8617
20151022 102123 8618
20151022 102124 8620
20151022 102124 8620
20151022 102124 8622
20151022 102125 8622
20151022 102125 8622
20151022 102130 8619
20151022 102132 8620
20151022 102133 8629
20151022 102133 8631
20151022 102133 8631
20151022 102200 8630
20151022 102200 8630
20151022 102207 8622
20151022 102214 8622
20151022 102214 8623
20151022 102238 8622
20151022 102239 8622
20151022 102239 8623
20151022 102242 8622
20151022 102248 8623
20151022 102249 8599
20151022 102318 8624
20151022 102318 8624
20151022 102319 8625
20151022 102325 8600
20151022 102328 8626
20151022 102328 8626
20151022 102331 8626
20151022 102331 8626
20151022 102331 8626
20151022 102332 8625
20151022 102332 8626
20151022 102335 8627
20151022 102335 8627
20151022 102337 8625
20151022 102339 8626
20151022 102342 8627
20151022 102346 8627
20151022 102346 8628
20151022 102346 8628
20151022 102346 8628
20151022 102346 8628
20151022 102346 8628
20151022 102353 8627
20151022 102356 8627
20151022 102359 8629
20151022 102406 8630
20151022 102406 8630
20151022 102406 8630
20151022 102406 8630
20151022 102406 8631
20151022 102407 8632
20151022 102407 8633
20151022 102407 8633
20151022 102411 8631
20151022 102415 8632
20151022 102417 8630
20151022 102419 8631
20151022 102423 8631
20151022 102428 8630
20151022 102429 8631
20151022 102429 8631
20151022 102434 8629
20151022 102436 8629
20151022 102440 8621
20151022 102441 8626
20151022 102455 8626
20151022 102501 8628
20151022 102501 8628
20151022 102503 8626
20151022 102521 8622
20151022 102522 8622
20151022 102540 8622
20151022 102607 8623
20151022 102618 8624
20151022 102626 8624
20151022 102629 8625
20151022 102630 8625
20151022 102646 8622
20151022 102648 8624
20151022 102720 8623
20151022 102724 8622
20151022 102804 8622
20151022 102807 8623
20151022 102807 8623
20151022 102846 8620
20151022 102847 8620
20151022 102933 8622
20151022 102933 8622
20151022 103021 8621
20151022 103025 8596
20151022 103235 8621
20151022 103239 8615
20151022 103248 8620
20151022 103306 8618
20151022 103306 8618
20151022 103359 8615
20151022 103400 8613
20151022 103400 8613
20151022 103400 8613
20151022 103401 8605
20151022 103401 8606
20151022 103401 8607
20151022 103415 8613
20151022 103423 8613
20151022 103430 8612
20151022 103503 8615
20151022 103527 8615
20151022 103549 8615
20151022 103602 8614
20151022 103632 8614
20151022 103634 8606
20151022 103635 8614
20151022 103647 8614
20151022 103733 8611
20151022 103745 8611
20151022 103849 8614
20151022 103850 8614
20151022 103850 8614
20151022 103852 8614
20151022 103853 8613
20151022 103854 8614
20151022 103854 8614
20151022 103855 8614
20151022 103944 8614
20151022 104003 8613
20151022 104046 8615
20151022 104052 8617
20151022 104054 8617
20151022 104159 8607
20151022 104201 8615
20151022 104203 8616
20151022 104221 8618
20151022 104221 8618
20151022 104225 8618
20151022 104227 8619
20151022 104336 8618
20151022 104339 8612
20151022 104344 8616
20151022 104344 8616
20151022 104344 8616
20151022 104344 8616
20151022 104557 8619
20151022 104608 8620
20151022 104703 8619
20151022 104708 8620
20151022 104709 8620
20151022 104711 8621
20151022 104727 8622
20151022 104742 8623
20151022 104743 8623
20151022 104924 8618
20151022 104927 8611
20151022 105029 8620
20151022 105129 8617
20151022 105135 8611
20151022 105153 8615
20151022 105155 8614
20151022 105155 8614
20151022 105239 8617
20151022 105404 8610
20151022 105552 8619
20151022 105600 8620
20151022 105603 8622
20151022 105607 8622
20151022 105646 8620
20151022 105702 8612
20151022 105758 8616
20151022 105842 8615
20151022 105842 8616
20151022 105845 8589
20151022 110021 8615
20151022 110118 8614
20151022 110121 8613
20151022 110210 8613
20151022 110322 8611
20151022 110408 8613
20151022 110444 8616
20151022 110449 8617
20151022 110557 8614
20151022 110704 8610
20151022 110751 8604
20151022 110835 8612
20151022 110851 8611
20151022 110905 8612
20151022 110905 8612
20151022 110905 8612
20151022 110942 8618
20151022 110945 8610
20151022 111125 8608
20151022 111251 8610
20151022 111300 8610
20151022 111337 8610
20151022 111354 8608
20151022 111354 8608
20151022 111358 8602
20151022 111416 8617
20151022 111422 8609
20151022 111422 8609
20151022 111425 8609
20151022 111425 8609
20151022 111426 8609
20151022 111433 8618
20151022 111550 8608
20151022 111550 8608
20151022 111550 8608
20151022 111550 8608
20151022 111550 8608
20151022 111550 8608
20151022 111550 8608
20151022 111550 8608
20151022 111551 8605
20151022 111552 8582
20151022 111552 8605
20151022 111558 8606
20151022 111603 8606
20151022 111605 8605
20151022 111607 8605
20151022 111607 8605
20151022 111843 8606
20151022 111910 8606
20151022 111910 8607
20151022 111933 8611
20151022 112249 8610
20151022 112418 8611
20151022 112502 8607
20151022 112505 8600
20151022 112522 8604
20151022 112522 8604
20151022 112522 8611
20151022 112523 8602
20151022 112812 8608
20151022 112952 8608
20151022 113000 8609
20151022 113000 8611
20151022 113154 8609
20151022 113503 8607
20151022 113504 8607
20151022 113519 8606
20151022 113524 8606
20151022 113754 8606
20151022 113920 8608
20151022 113927 8609
20151022 113939 8609
20151022 114246 8613
20151022 114259 8612
20151022 114408 8604
20151022 114700 8607
20151022 114722 8600
20151022 115022 8610
20151022 115321 8601
20151022 115339 8606
20151022 115505 8604
20151022 115505 8605
20151022 115505 8605
20151022 115505 8605
20151022 115546 8603
20151022 115548 8579
20151022 115700 8601
20151022 115700 8601
20151022 115700 8601
20151022 115700 8602
20151022 115701 8600
20151022 115701 8600
20151022 115701 8600
20151022 115704 8599
20151022 115704 8600
20151022 115706 8593
20151022 115706 8606
20151022 115711 8597
20151022 115712 8597
20151022 115716 8598
20151022 115809 8599
20151022 115821 8606
20151022 115826 8606
20151022 115831 8599
20151022 115927 8598
20151022 120001 8597
20151022 120001 8597
20151022 120051 8593
20151022 120149 8600
20151022 120201 8609
20151022 120201 8610
20151022 120204 8600
20151022 120220 8600
20151022 120259 8600
20151022 120559 8604
20151022 120559 8604
20151022 120559 8604
20151022 120618 8602
20151022 120631 8601
20151022 120729 8595
20151022 120953 8605
20151022 121028 8600
20151022 121326 8606
20151022 121340 8612
20151022 122040 8605
20151022 122041 8605
20151022 122050 8605
20151022 123009 8604
20151022 123014 8603
20151022 123056 8603
20151022 123234 8608
20151022 123356 8599
20151022 123504 8610
20151022 123639 8602
20151022 123708 8600
20151022 123708 8600
20151022 124057 8601
20151022 124106 8602
20151022 124106 8602
20151022 124124 8601
20151022 124259 8607
20151022 124259 8607
20151022 124445 8602
20151022 124614 8604
20151022 124614 8605
20151022 124616 8605
20151022 124616 8610
20151022 124616 8610
20151022 124718 8607
20151022 124746 8606
20151022 124747 8607
20151022 124749 8607
20151022 124814 8607
20151022 124845 8607
20151022 125117 8608
20151022 125154 8610
20151022 125154 8610
20151022 125154 8610
20151022 125154 8611
20151022 125154 8612
20151022 125155 8613
20151022 125155 8613
20151022 125155 8613
20151022 125156 8613
20151022 125218 8611
20151022 125313 8610
20151022 125508 8612
20151022 125554 8612
20151022 125825 8612
20151022 125923 8614
20151022 130229 8608
20151022 130558 8606
20151022 130605 8605
20151022 130605 8605
20151022 130625 8616
20151022 130837 8613
20151022 130942 8608
20151022 130956 8608
20151022 131143 8608
20151022 131652 8607
20151022 131748 8605
20151022 131748 8605
20151022 131748 8605
20151022 131759 8604
20151022 131803 8604
20151022 131810 8604
20151022 131840 8604
20151022 131907 8604
20151022 132008 8609
20151022 132008 8609
20151022 132008 8609
20151022 132028 8609
20151022 132028 8609
20151022 132054 8606
20151022 132559 8606
20151022 132559 8606
20151022 133108 8603
20151022 133109 8602
20151022 133202 8602
20151022 133210 8602
20151022 133215 8578
20151022 133238 8600
20151022 133253 8600
20151022 133301 8601
20151022 133309 8600
20151022 133313 8601
20151022 133402 8600
20151022 133403 8600
20151022 133412 8600
20151022 133429 8599
20151022 133429 8599
20151022 133440 8600
20151022 133508 8598
20151022 133509 8598
20151022 133510 8599
20151022 133512 8598
20151022 133512 8598
20151022 133553 8598
20151022 133553 8598
20151022 133554 8598
20151022 133554 8598
20151022 133554 8598
20151022 133556 8598
20151022 133601 8598
20151022 133605 8597
20151022 133605 8597
20151022 133605 8597
20151022 133606 8596
20151022 133608 8596
20151022 133610 8596
20151022 133611 8596
20151022 133612 8595
20151022 133612 8595
20151022 133612 8595
20151022 133612 8595
20151022 133616 8595
20151022 133617 8594
20151022 133617 8595
20151022 133617 8595
20151022 133617 8595
20151022 133622 8600
20151022 133623 8594
20151022 133628 8594
20151022 133742 8596
20151022 133927 8598
20151022 133928 8598
20151022 133952 8600
20151022 133952 8600
20151022 134001 8597
20151022 134030 8597
20151022 134050 8597
20151022 134058 8600
20151022 134101 8597
20151022 134109 8597
20151022 134143 8576
20151022 134143 8591
20151022 134143 8598
20151022 134159 8604
20151022 134215 8597
20151022 134244 8596
20151022 134305 8599
20151022 134306 8595
20151022 134310 8595
20151022 134317 8595
20151022 134318 8595
20151022 134341 8595
20151022 134344 8595
20151022 134354 8595
20151022 134355 8595
20151022 134400 8595
20151022 134405 8596
20151022 134437 8595
20151022 134443 8596
20151022 134444 8596
20151022 134445 8600
20151022 134451 8595
20151022 134455 8597
