20151120 084500 8415
20151120 084500 8415
20151120 084500 8415
20151120 084500 8415
20151120 084500 8415
20151120 084500 8415
20151120 084500 8415
20151120 084500 8427
20151120 084500 8428
20151120 084500 8428
20151120 084500 8428
20151120 084500 8429
20151120 084500 8430
20151120 084500 8430
20151120 084500 8432
20151120 084500 8433
20151120 084500 8433
20151120 084500 8435
20151120 084500 8436
20151120 084500 8436
20151120 084500 8437
20151120 084500 8437
20151120 084500 8438
20151120 084501 8427
20151120 084518 8437
20151120 084524 8435
20151120 084541 8437
20151120 084542 8436
20151120 084543 8436
20151120 084543 8436
20151120 084615 8436
20151120 084632 8433
20151120 084632 8434
20151120 084643 8431
20151120 084643 8431
20151120 084645 8432
20151120 084657 8434
20151120 084704 8437
20151120 084723 8437
20151120 084726 8437
20151120 084727 8436
20151120 084744 8437
20151120 084754 8437
20151120 084801 8412
20151120 084801 8412
20151120 084801 8437
20151120 084801 8437
20151120 084801 8437
20151120 084801 8437
20151120 084801 8437
20151120 084801 8437
20151120 084801 8437
20151120 084802 8437
20151120 084806 8437
20151120 084806 8437
20151120 084807 8412
20151120 084807 8437
20151120 084811 8412
20151120 084811 8437
20151120 084812 8437
20151120 084819 8435
20151120 084820 8410
20151120 084820 8435
20151120 084842 8435
20151120 084920 8433
20151120 084920 8433
20151120 084923 8432
20151120 085027 8428
20151120 085028 8429
20151120 085034 8427
20151120 085058 8430
20151120 085107 8430
20151120 085131 8430
20151120 085332 8435
20151120 085338 8435
20151120 085404 8434
20151120 085404 8434
20151120 085425 8433
20151120 085443 8428
20151120 085445 8428
20151120 085450 8426
20151120 085451 8425
20151120 085452 8425
20151120 085510 8431
20151120 085528 8428
20151120 085601 8430
20151120 085601 8430
20151120 085629 8431
20151120 085640 8433
20151120 085640 8433
20151120 085701 8435
20151120 085707 8435
20151120 085713 8435
20151120 085715 8434
20151120 085801 8432
20151120 085851 8432
20151120 085918 8431
20151120 085932 8433
20151120 090100 8427
20151120 090101 8425
20151120 090101 8425
20151120 090200 8430
20151120 090200 8430
20151120 090200 8430
20151120 090246 8436
20151120 090246 8436
20151120 090258 8434
20151120 090321 8433
20151120 090334 8437
20151120 090335 8439
20151120 090350 8441
20151120 090356 8442
20151120 090359 8438
20151120 090402 8443
20151120 090404 8444
20151120 090408 8442
20151120 090457 8445
20151120 090459 8444
20151120 090500 8446
20151120 090501 8447
20151120 090501 8448
20151120 090501 8448
20151120 090515 8449
20151120 090520 8450
20151120 090521 8452
20151120 090522 8452
20151120 090522 8453
20151120 090536 8449
20151120 090537 8449
20151120 090540 8449
20151120 090540 8449
20151120 090554 8448
20151120 090603 8451
20151120 090606 8449
20151120 090613 8449
20151120 090625 8448
20151120 090625 8448
20151120 090625 8448
20151120 090633 8444
20151120 090729 8446
20151120 090805 8446
20151120 090901 8436
20151120 090952 8437
20151120 090956 8434
20151120 091019 8435
20151120 091108 8442
20151120 091146 8436
20151120 091150 8436
20151120 091157 8439
20151120 091207 8441
20151120 091218 8441
20151120 091221 8440
20151120 091230 8440
20151120 091239 8440
20151120 091244 8440
20151120 091252 8442
20151120 091257 8440
20151120 091257 8440
20151120 091257 8440
20151120 091257 8440
20151120 091257 8440
20151120 091257 8440
20151120 091257 8440
20151120 091259 8440
20151120 091305 8440
20151120 091305 8440
20151120 091305 8440
20151120 091305 8440
20151120 091306 8439
20151120 091307 8440
20151120 091314 8436
20151120 091315 8435
20151120 091315 8435
20151120 091315 8435
20151120 091354 8442
20151120 091400 8446
20151120 091401 8447
20151120 091409 8445
20151120 091417 8442
20151120 091428 8434
20151120 091428 8435
20151120 091429 8432
20151120 091429 8432
20151120 091429 8432
20151120 091429 8433
20151120 091432 8436
20151120 091440 8426
20151120 091440 8427
20151120 091440 8427
20151120 091440 8427
20151120 091440 8430
20151120 091452 8434
20151120 091513 8410
20151120 091513 8436
20151120 091520 8439
20151120 091539 8437
20151120 091553 8452
20151120 091553 8454
20151120 091554 8455
20151120 091554 8456
20151120 091554 8456
20151120 091554 8457
20151120 091554 8457
20151120 091554 8457
20151120 091611 8453
20151120 091613 8452
20151120 091628 8456
20151120 091629 8456
20151120 091634 8456
20151120 091647 8445
20151120 091714 8447
20151120 091731 8447
20151120 091750 8444
20151120 091750 8444
20151120 091755 8441
20151120 091801 8444
20151120 091808 8445
20151120 091813 8447
20151120 091819 8451
20151120 091849 8449
20151120 091924 8451
20151120 091940 8447
20151120 092048 8444
20151120 092049 8443
20151120 092116 8443
20151120 092256 8448
20151120 092420 8445
20151120 092505 8447
20151120 092505 8447
20151120 092513 8447
20151120 092528 8448
20151120 092552 8452
20151120 092607 8449
20151120 092800 8454
20151120 092801 8454
20151120 092802 8456
20151120 092802 8456
20151120 092803 8457
20151120 092803 8461
20151120 092803 8461
20151120 092803 8461
20151120 092803 8462
20151120 092804 8465
20151120 092805 8439
20151120 092805 8439
20151120 092805 8441
20151120 092805 8441
20151120 092805 8465
20151120 092805 8465
20151120 092805 8465
20151120 092805 8466
20151120 092805 8466
20151120 092805 8466
20151120 092805 8466
20151120 092805 8467
20151120 092805 8467
20151120 092805 8467
20151120 092805 8467
20151120 092805 8467
20151120 092805 8467
20151120 092813 8465
20151120 092824 8460
20151120 092826 8456
20151120 092904 8457
20151120 092913 8453
20151120 092921 8459
20151120 092928 8462
20151120 092949 8467
20151120 092949 8467
20151120 092949 8468
20151120 092957 8467
20151120 093009 8465
20151120 093054 8465
20151120 093054 8465
20151120 093102 8465
20151120 093129 8463
20151120 093131 8459
20151120 093242 8463
20151120 093253 8463
20151120 093253 8463
20151120 093253 8463
20151120 093253 8463
20151120 093253 8463
20151120 093253 8463
20151120 093253 8463
20151120 093254 8463
20151120 093254 8463
20151120 093254 8463
20151120 093254 8463
20151120 093255 8463
20151120 093255 8463
20151120 093259 8463
20151120 093300 8463
20151120 093300 8463
20151120 093301 8462
20151120 093301 8462
20151120 093301 8462
20151120 093301 8462
20151120 093301 8462
20151120 093301 8462
20151120 093301 8462
20151120 093301 8462
20151120 093301 8463
20151120 093301 8463
20151120 093301 8463
20151120 093316 8466
20151120 093316 8467
20151120 093332 8473
20151120 093333 8470
20151120 093410 8468
20151120 093457 8463
20151120 093458 8463
20151120 093609 8463
20151120 093623 8466
20151120 093637 8466
20151120 093731 8463
20151120 093740 8460
20151120 093740 8461
20151120 093740 8461
20151120 093741 8455
20151120 093741 8456
20151120 093751 8458
20151120 093755 8457
20151120 093814 8457
20151120 093822 8455
20151120 093824 8455
20151120 093824 8456
20151120 093832 8454
20151120 093843 8447
20151120 093843 8447
20151120 093844 8443
20151120 093844 8447
20151120 093853 8446
20151120 093856 8446
20151120 093856 8446
20151120 093902 8449
20151120 093905 8447
20151120 093905 8447
20151120 093905 8447
20151120 093905 8447
20151120 093918 8440
20151120 093919 8435
20151120 093919 8435
20151120 093919 8435
20151120 093919 8435
20151120 093919 8435
20151120 093919 8435
20151120 093919 8438
20151120 093920 8435
20151120 093921 8417
20151120 093921 8442
20151120 093923 8418
20151120 093923 8443
20151120 093925 8418
20151120 093925 8443
20151120 093944 8440
20151120 093944 8440
20151120 094003 8438
20151120 094006 8439
20151120 094006 8439
20151120 094016 8439
20151120 094016 8439
20151120 094027 8438
20151120 094028 8435
20151120 094035 8439
20151120 094102 8437
20151120 094103 8433
20151120 094103 8433
20151120 094104 8432
20151120 094131 8441
20151120 094150 8439
20151120 094150 8439
20151120 094208 8443
20151120 094228 8440
20151120 094228 8440
20151120 094229 8439
20151120 094229 8439
20151120 094230 8439
20151120 094230 8439
20151120 094402 8443
20151120 094405 8442
20151120 094415 8440
20151120 094506 8439
20151120 094537 8439
20151120 094538 8441
20151120 094542 8442
20151120 094627 8446
20151120 094628 8447
20151120 094628 8447
20151120 094629 8445
20151120 094720 8444
20151120 094720 8444
20151120 094911 8417
20151120 094911 8439
20151120 095002 8437
20151120 095007 8435
20151120 095008 8433
20151120 095008 8433
20151120 095008 8434
20151120 095454 8442
20151120 095519 8442
20151120 095657 8446
20151120 095704 8448
20151120 095918 8446
20151120 095939 8444
20151120 100001 8447
20151120 100005 8450
20151120 100031 8451
20151120 100037 8450
20151120 100049 8448
20151120 100144 8452
20151120 100144 8452
20151120 100144 8453
20151120 100144 8453
20151120 100144 8453
20151120 100152 8452
20151120 100232 8452
20151120 100254 8454
20151120 100422 8452
20151120 100434 8454
20151120 100442 8455
20151120 100613 8454
20151120 100620 8459
20151120 100620 8460
20151120 100622 8462
20151120 100624 8460
20151120 100629 8460
20151120 100808 8456
20151120 100818 8457
20151120 100931 8453
20151120 101004 8454
20151120 101004 8454
20151120 101006 8454
20151120 101038 8452
20151120 101102 8452
20151120 101112 8454
20151120 101112 8455
20151120 101145 8455
20151120 101145 8455
20151120 101146 8455
20151120 101205 8457
20151120 101208 8458
20151120 101208 8458
20151120 101324 8457
20151120 101422 8408
20151120 101422 8451
20151120 101630 8445
20151120 101633 8444
20151120 101714 8441
20151120 101717 8441
20151120 101738 8442
20151120 101750 8441
20151120 101752 8441
20151120 101755 8441
20151120 101809 8437
20151120 101815 8436
20151120 102019 8435
20151120 102020 8430
20151120 102020 8431
20151120 102020 8432
20151120 102020 8432
20151120 102020 8433
20151120 102021 8422
20151120 102021 8422
20151120 102021 8422
20151120 102021 8423
20151120 102021 8423
20151120 102021 8423
20151120 102021 8424
20151120 102021 8424
20151120 102021 8424
20151120 102021 8424
20151120 102021 8424
20151120 102021 8424
20151120 102021 8424
20151120 102021 8424
20151120 102021 8424
20151120 102021 8424
20151120 102021 8424
20151120 102021 8424
20151120 102021 8424
20151120 102021 8425
20151120 102021 8426
20151120 102021 8429
20151120 102034 8430
20151120 102058 8425
20151120 102059 8424
20151120 102100 8401
20151120 102100 8401
20151120 102100 8422
20151120 102100 8422
20151120 102113 8424
20151120 102120 8426
20151120 102147 8425
20151120 102202 8428
20151120 102212 8427
20151120 102219 8425
20151120 102241 8424
20151120 102254 8422
20151120 102254 8422
20151120 102257 8421
20151120 102310 8419
20151120 102310 8419
20151120 102310 8420
20151120 102310 8420
20151120 102310 8420
20151120 102310 8420
20151120 102321 8422
20151120 102321 8422
20151120 102321 8422
20151120 102321 8422
20151120 102321 8422
20151120 102321 8422
20151120 102321 8422
20151120 102330 8420
20151120 102437 8426
20151120 102454 8425
20151120 102514 8420
20151120 102514 8420
20151120 102518 8420
20151120 102540 8419
20151120 102556 8415
20151120 102556 8415
20151120 102556 8415
20151120 102556 8416
20151120 102556 8416
20151120 102557 8414
20151120 102557 8414
20151120 102600 8413
20151120 102601 8413
20151120 102750 8422
20151120 102755 8422
20151120 102816 8420
20151120 103017 8426
20151120 103017 8426
20151120 103031 8428
20151120 103048 8428
20151120 103048 8428
20151120 103104 8426
20151120 103104 8427
20151120 103105 8427
20151120 103112 8427
20151120 103136 8427
20151120 103138 8427
20151120 103228 8423
20151120 103252 8419
20151120 103303 8418
20151120 103359 8415
20151120 103359 8415
20151120 103359 8415
20151120 103359 8415
20151120 103402 8414
20151120 103402 8414
20151120 103404 8413
20151120 103404 8413
20151120 103404 8413
20151120 103404 8413
20151120 103405 8414
20151120 103408 8412
20151120 103411 8411
20151120 103417 8415
20151120 103648 8415
20151120 103733 8408
20151120 103733 8408
20151120 103733 8409
20151120 103733 8409
20151120 103733 8410
20151120 103733 8410
20151120 103733 8411
20151120 103744 8407
20151120 103748 8404
20151120 103748 8404
20151120 103748 8404
20151120 103748 8404
20151120 103748 8404
20151120 103748 8405
20151120 103748 8405
20151120 103748 8405
20151120 103748 8406
20151120 103748 8406
20151120 103748 8406
20151120 103748 8406
20151120 103754 8409
20151120 103837 8410
20151120 103906 8407
20151120 103907 8408
20151120 103908 8407
20151120 103910 8405
20151120 103910 8405
20151120 103911 8405
20151120 103911 8405
20151120 103911 8405
20151120 104024 8411
20151120 104111 8407
20151120 104116 8406
20151120 104117 8406
20151120 104117 8406
20151120 104118 8406
20151120 104118 8406
20151120 104118 8407
20151120 104131 8404
20151120 104138 8403
20151120 104208 8404
20151120 104245 8406
20151120 104247 8406
20151120 104257 8404
20151120 104302 8398
20151120 104302 8399
20151120 104302 8399
20151120 104302 8399
20151120 104302 8399
20151120 104302 8400
20151120 104302 8400
20151120 104302 8400
20151120 104302 8400
20151120 104315 8379
20151120 104315 8397
20151120 104317 8378
20151120 104317 8396
20151120 104324 8396
20151120 104340 8399
20151120 104343 8403
20151120 104414 8404
20151120 104450 8409
20151120 104546 8411
20151120 104547 8410
20151120 104603 8413
20151120 104629 8414
20151120 104701 8411
20151120 104801 8409
20151120 104915 8412
20151120 104931 8413
20151120 104931 8413
20151120 104938 8414
20151120 104938 8415
20151120 104938 8415
20151120 104938 8416
20151120 104938 8416
20151120 105001 8414
20151120 105025 8419
20151120 105025 8419
20151120 105025 8421
20151120 105039 8418
20151120 105100 8420
20151120 105125 8420
20151120 105130 8416
20151120 105130 8416
20151120 105154 8418
20151120 105316 8417
20151120 105345 8418
20151120 105501 8414
20151120 105502 8412
20151120 105527 8411
20151120 105859 8417
20151120 105859 8417
20151120 105901 8419
20151120 105901 8421
20151120 105958 8423
20151120 110009 8421
20151120 110138 8425
20151120 110138 8425
20151120 110138 8426
20151120 110139 8428
20151120 110141 8424
20151120 110150 8421
20151120 110246 8417
20151120 110803 8417
20151120 110804 8414
20151120 110824 8411
20151120 110825 8408
20151120 110825 8409
20151120 110849 8411
20151120 110859 8411
20151120 110920 8406
20151120 110951 8408
20151120 110953 8407
20151120 111000 8408
20151120 111216 8411
20151120 111443 8411
20151120 111623 8412
20151120 111844 8415
20151120 111900 8418
20151120 111916 8417
20151120 112011 8421
20151120 112011 8422
20151120 112032 8419
20151120 112049 8421
20151120 112138 8418
20151120 112244 8418
20151120 112357 8418
20151120 112641 8423
20151120 112644 8421
20151120 113048 8419
20151120 113434 8422
20151120 113507 8423
20151120 113901 8419
20151120 113901 8419
20151120 114009 8400
20151120 114009 8419
20151120 114019 8418
20151120 114051 8415
20151120 114052 8414
20151120 114114 8415
20151120 114251 8416
20151120 114334 8417
20151120 114428 8416
20151120 114553 8417
20151120 115038 8416
20151120 115107 8419
20151120 115201 8421
20151120 115201 8421
20151120 115215 8421
20151120 115429 8423
20151120 115453 8426
20151120 115454 8428
20151120 115454 8428
20151120 115454 8429
20151120 115454 8429
20151120 115454 8429
20151120 115454 8430
20151120 115533 8431
20151120 115533 8431
20151120 115534 8433
20151120 115540 8434
20151120 115540 8435
20151120 115546 8436
20151120 115549 8436
20151120 115549 8436
20151120 115749 8433
20151120 115928 8430
20151120 120234 8432
20151120 120302 8430
20151120 120442 8433
20151120 120448 8432
20151120 120534 8431
20151120 120534 8431
20151120 120534 8432
20151120 120534 8432
20151120 120534 8432
20151120 120722 8424
20151120 120734 8425
20151120 120833 8425
20151120 121159 8427
20151120 121645 8430
20151120 121821 8435
20151120 121828 8436
20151120 121834 8437
20151120 121847 8438
20151120 122048 8433
20151120 122057 8432
20151120 122103 8433
20151120 122501 8433
20151120 122657 8437
20151120 122657 8438
20151120 122657 8438
20151120 122657 8438
20151120 122658 8439
20151120 122658 8439
20151120 123026 8435
20151120 123026 8435
20151120 123026 8435
20151120 123026 8435
20151120 123026 8435
20151120 123026 8435
20151120 123026 8435
20151120 123026 8435
20151120 123026 8435
20151120 123028 8435
20151120 123029 8435
20151120 123029 8435
20151120 123031 8435
20151120 123036 8435
20151120 123045 8416
20151120 123045 8435
20151120 123045 8435
20151120 123056 8416
20151120 123056 8435
20151120 123129 8436
20151120 123140 8435
20151120 123141 8434
20151120 123141 8434
20151120 123141 8434
20151120 123141 8434
20151120 123141 8434
20151120 123141 8434
20151120 123158 8431
20151120 123158 8431
20151120 123254 8428
20151120 123306 8429
20151120 123433 8407
20151120 123433 8407
20151120 123433 8407
20151120 123433 8428
20151120 123433 8428
20151120 123433 8428
20151120 123507 8427
20151120 123528 8428
20151120 123813 8424
20151120 123813 8424
20151120 123813 8425
20151120 123814 8423
20151120 123854 8423
20151120 123901 8422
20151120 123901 8422
20151120 123905 8422
20151120 123905 8422
20151120 123905 8422
20151120 123908 8422
20151120 123909 8422
20151120 123910 8422
20151120 123919 8419
20151120 123921 8418
20151120 123921 8418
20151120 123921 8418
20151120 123921 8418
20151120 123921 8419
20151120 123922 8418
20151120 123937 8419
20151120 124046 8417
20151120 124507 8418
20151120 124536 8420
20151120 124539 8420
20151120 124547 8421
20151120 124604 8421
20151120 124606 8421
20151120 124813 8416
20151120 124813 8416
20151120 124946 8418
20151120 124946 8418
20151120 125158 8418
20151120 125303 8417
20151120 125652 8418
20151120 125653 8418
20151120 125711 8419
20151120 125732 8419
20151120 125732 8419
20151120 125733 8420
20151120 125737 8420
20151120 125737 8420
20151120 125740 8421
20151120 125807 8420
20151120 125807 8420
20151120 125936 8419
20151120 130005 8419
20151120 130254 8419
20151120 130335 8416
20151120 130726 8421
20151120 130742 8422
20151120 130742 8422
20151120 130907 8426
20151120 130914 8426
20151120 131029 8426
20151120 131037 8426
20151120 131504 8427
20151120 131504 8427
20151120 131601 8426
20151120 131601 8426
20151120 131601 8426
20151120 131656 8425
20151120 131656 8425
20151120 131656 8425
20151120 131700 8425
20151120 131825 8431
20151120 131859 8432
20151120 131916 8433
20151120 131917 8433
20151120 131932 8434
20151120 131958 8435
20151120 131959 8435
20151120 132008 8436
20151120 132017 8435
20151120 132022 8436
20151120 132022 8436
20151120 132039 8437
20151120 132041 8437
20151120 132041 8437
20151120 132044 8436
20151120 132053 8437
20151120 132100 8438
20151120 132104 8438
20151120 132255 8433
20151120 132305 8433
20151120 132505 8433
20151120 132510 8436
20151120 132510 8436
20151120 132513 8438
20151120 132640 8435
20151120 132658 8437
20151120 132800 8438
20151120 132800 8438
20151120 132952 8436
20151120 132953 8437
20151120 133002 8439
20151120 133005 8439
20151120 133009 8439
20151120 133015 8440
20151120 133105 8441
20151120 133105 8441
20151120 133105 8441
20151120 133106 8443
20151120 133114 8444
20151120 133118 8444
20151120 133118 8444
20151120 133127 8444
20151120 133237 8443
20151120 133237 8443
20151120 133256 8443
20151120 133327 8445
20151120 133329 8446
20151120 133329 8446
20151120 133340 8447
20151120 133344 8447
20151120 133344 8447
20151120 133407 8445
20151120 133407 8445
20151120 133425 8446
20151120 133502 8445
20151120 133646 8445
20151120 133707 8443
20151120 133707 8443
20151120 133713 8441
20151120 133728 8440
20151120 133731 8440
20151120 133747 8440
20151120 133826 8439
20151120 133827 8439
20151120 133848 8439
20151120 133909 8438
20151120 133920 8439
20151120 133955 8438
20151120 133955 8438
20151120 133959 8439
20151120 134010 8438
20151120 134017 8438
20151120 134020 8438
20151120 134026 8440
20151120 134114 8440
20151120 134133 8441
20151120 134134 8441
20151120 134142 8440
20151120 134157 8440
20151120 134226 8439
20151120 134230 8439
20151120 134230 8439
20151120 134251 8440
20151120 134251 8440
20151120 134301 8441
20151120 134336 8442
20151120 134354 8444
20151120 134358 8445
20151120 134359 8443
20151120 134404 8444
20151120 134410 8444
20151120 134410 8444
20151120 134410 8444
20151120 134429 8443
20151120 134443 8444
20151120 134444 8444
20151120 134449 8443
20151120 134450 8443
