20151112 084500 8403
20151112 084500 8403
20151112 084500 8403
20151112 084500 8403
20151112 084500 8404
20151112 084500 8404
20151112 084500 8404
20151112 084500 8405
20151112 084500 8405
20151112 084500 8405
20151112 084500 8405
20151112 084500 8406
20151112 084500 8407
20151112 084500 8407
20151112 084504 8406
20151112 084505 8408
20151112 084505 8408
20151112 084505 8408
20151112 084506 8406
20151112 084506 8406
20151112 084506 8406
20151112 084506 8406
20151112 084507 8405
20151112 084507 8406
20151112 084510 8402
20151112 084513 8403
20151112 084518 8398
20151112 084518 8400
20151112 084523 8399
20151112 084526 8398
20151112 084533 8398
20151112 084533 8399
20151112 084535 8399
20151112 084544 8403
20151112 084544 8403
20151112 084544 8403
20151112 084547 8402
20151112 084547 8402
20151112 084549 8401
20151112 084549 8402
20151112 084556 8401
20151112 084558 8401
20151112 084600 8396
20151112 084600 8401
20151112 084614 8402
20151112 084615 8401
20151112 084615 8401
20151112 084618 8399
20151112 084618 8400
20151112 084621 8397
20151112 084623 8399
20151112 084623 8399
20151112 084623 8399
20151112 084624 8397
20151112 084625 8396
20151112 084628 8392
20151112 084629 8392
20151112 084633 8391
20151112 084646 8394
20151112 084647 8394
20151112 084700 8394
20151112 084701 8395
20151112 084705 8395
20151112 084705 8395
20151112 084705 8395
20151112 084709 8397
20151112 084718 8396
20151112 084718 8398
20151112 084730 8398
20151112 084730 8398
20151112 084756 8397
20151112 084756 8397
20151112 084801 8395
20151112 084802 8393
20151112 084802 8394
20151112 084806 8394
20151112 084811 8391
20151112 084812 8391
20151112 084821 8395
20151112 084822 8395
20151112 084822 8395
20151112 084822 8396
20151112 084827 8395
20151112 084848 8399
20151112 084848 8400
20151112 084849 8401
20151112 084850 8402
20151112 084853 8402
20151112 084854 8403
20151112 084856 8404
20151112 084859 8400
20151112 084859 8403
20151112 084901 8404
20151112 084906 8403
20151112 084906 8406
20151112 084907 8405
20151112 084907 8408
20151112 084909 8407
20151112 084912 8407
20151112 084912 8410
20151112 084916 8408
20151112 084916 8411
20151112 084916 8412
20151112 084916 8413
20151112 084916 8413
20151112 084924 8413
20151112 084929 8412
20151112 084931 8412
20151112 084937 8412
20151112 084942 8412
20151112 084944 8412
20151112 084944 8412
20151112 084944 8412
20151112 084950 8413
20151112 084959 8414
20151112 085002 8413
20151112 085003 8413
20151112 085007 8410
20151112 085007 8411
20151112 085009 8409
20151112 085010 8410
20151112 085020 8408
20151112 085033 8410
20151112 085033 8410
20151112 085034 8411
20151112 085037 8409
20151112 085037 8412
20151112 085042 8410
20151112 085042 8413
20151112 085055 8414
20151112 085055 8414
20151112 085102 8412
20151112 085102 8412
20151112 085102 8415
20151112 085102 8415
20151112 085103 8415
20151112 085118 8415
20151112 085131 8414
20151112 085133 8414
20151112 085137 8414
20151112 085139 8414
20151112 085139 8414
20151112 085139 8414
20151112 085142 8414
20151112 085148 8414
20151112 085227 8412
20151112 085228 8412
20151112 085228 8412
20151112 085228 8412
20151112 085228 8412
20151112 085228 8412
20151112 085228 8412
20151112 085228 8413
20151112 085229 8412
20151112 085230 8412
20151112 085252 8413
20151112 085302 8413
20151112 085313 8412
20151112 085318 8412
20151112 085326 8412
20151112 085353 8411
20151112 085437 8410
20151112 085437 8410
20151112 085443 8408
20151112 085444 8408
20151112 085448 8408
20151112 085453 8410
20151112 085453 8410
20151112 085453 8410
20151112 085453 8410
20151112 085453 8410
20151112 085453 8410
20151112 085455 8409
20151112 085455 8409
20151112 085455 8409
20151112 085455 8409
20151112 085455 8409
20151112 085455 8409
20151112 085455 8410
20151112 085455 8410
20151112 085456 8410
20151112 085456 8410
20151112 085502 8410
20151112 085502 8410
20151112 085504 8410
20151112 085505 8410
20151112 085505 8410
20151112 085506 8410
20151112 085507 8410
20151112 085507 8410
20151112 085508 8410
20151112 085521 8409
20151112 085552 8410
20151112 085614 8411
20151112 085616 8411
20151112 085616 8411
20151112 085616 8411
20151112 085616 8411
20151112 085617 8411
20151112 085617 8411
20151112 085618 8411
20151112 085618 8411
20151112 085618 8411
20151112 085618 8411
20151112 085620 8411
20151112 085625 8411
20151112 085634 8408
20151112 085639 8412
20151112 085639 8413
20151112 085647 8414
20151112 085648 8414
20151112 085648 8414
20151112 085650 8413
20151112 085652 8414
20151112 085654 8414
20151112 085700 8410
20151112 085700 8410
20151112 085704 8412
20151112 085712 8412
20151112 085722 8412
20151112 085728 8412
20151112 085728 8412
20151112 085736 8412
20151112 085738 8411
20151112 085738 8411
20151112 085740 8410
20151112 085746 8411
20151112 085840 8413
20151112 085848 8413
20151112 085848 8413
20151112 085900 8417
20151112 085901 8418
20151112 085901 8418
20151112 085901 8419
20151112 085919 8419
20151112 085933 8420
20151112 085933 8420
20151112 085936 8420
20151112 085942 8419
20151112 085950 8420
20151112 085959 8422
20151112 085959 8422
20151112 085959 8422
20151112 085959 8422
20151112 090001 8422
20151112 090005 8422
20151112 090010 8420
20151112 090025 8420
20151112 090028 8423
20151112 090028 8423
20151112 090029 8423
20151112 090029 8423
20151112 090029 8424
20151112 090029 8424
20151112 090029 8424
20151112 090029 8424
20151112 090029 8424
20151112 090032 8424
20151112 090032 8424
20151112 090032 8424
20151112 090032 8425
20151112 090034 8428
20151112 090036 8427
20151112 090038 8426
20151112 090042 8427
20151112 090042 8427
20151112 090044 8427
20151112 090046 8427
20151112 090059 8429
20151112 090105 8425
20151112 090105 8425
20151112 090105 8425
20151112 090105 8426
20151112 090115 8425
20151112 090115 8425
20151112 090115 8426
20151112 090115 8426
20151112 090117 8427
20151112 090117 8427
20151112 090117 8427
20151112 090117 8427
20151112 090119 8427
20151112 090119 8427
20151112 090121 8428
20151112 090122 8429
20151112 090131 8427
20151112 090136 8425
20151112 090139 8427
20151112 090143 8427
20151112 090143 8427
20151112 090143 8427
20151112 090143 8427
20151112 090154 8426
20151112 090154 8427
20151112 090158 8429
20151112 090158 8429
20151112 090158 8429
20151112 090158 8429
20151112 090159 8429
20151112 090201 8430
20151112 090201 8430
20151112 090201 8430
20151112 090213 8426
20151112 090214 8421
20151112 090214 8422
20151112 090215 8420
20151112 090217 8418
20151112 090220 8417
20151112 090225 8420
20151112 090227 8420
20151112 090228 8420
20151112 090235 8420
20151112 090245 8413
20151112 090245 8415
20151112 090246 8412
20151112 090246 8412
20151112 090246 8412
20151112 090246 8415
20151112 090302 8413
20151112 090302 8413
20151112 090302 8413
20151112 090302 8413
20151112 090321 8408
20151112 090321 8408
20151112 090324 8407
20151112 090325 8407
20151112 090336 8402
20151112 090337 8402
20151112 090337 8402
20151112 090344 8398
20151112 090344 8398
20151112 090358 8401
20151112 090401 8404
20151112 090403 8405
20151112 090403 8406
20151112 090406 8409
20151112 090413 8414
20151112 090413 8415
20151112 090413 8415
20151112 090420 8411
20151112 090422 8412
20151112 090427 8412
20151112 090433 8415
20151112 090436 8415
20151112 090437 8413
20151112 090447 8413
20151112 090449 8413
20151112 090449 8414
20151112 090449 8414
20151112 090449 8414
20151112 090449 8414
20151112 090449 8414
20151112 090450 8414
20151112 090450 8414
20151112 090453 8414
20151112 090456 8413
20151112 090456 8413
20151112 090456 8413
20151112 090500 8415
20151112 090502 8417
20151112 090503 8417
20151112 090504 8420
20151112 090505 8422
20151112 090505 8424
20151112 090506 8423
20151112 090506 8424
20151112 090507 8425
20151112 090507 8425
20151112 090509 8425
20151112 090509 8426
20151112 090512 8427
20151112 090518 8426
20151112 090525 8420
20151112 090530 8422
20151112 090532 8421
20151112 090542 8419
20151112 090558 8415
20151112 090604 8416
20151112 090613 8422
20151112 090624 8420
20151112 090640 8422
20151112 090640 8422
20151112 090642 8425
20151112 090642 8425
20151112 090642 8425
20151112 090645 8425
20151112 090649 8425
20151112 090704 8424
20151112 090707 8424
20151112 090708 8425
20151112 090708 8425
20151112 090708 8425
20151112 090711 8425
20151112 090721 8427
20151112 090723 8427
20151112 090725 8428
20151112 090725 8428
20151112 090725 8429
20151112 090725 8429
20151112 090725 8429
20151112 090725 8429
20151112 090725 8429
20151112 090725 8429
20151112 090726 8430
20151112 090726 8430
20151112 090726 8430
20151112 090726 8430
20151112 090726 8430
20151112 090726 8430
20151112 090726 8430
20151112 090726 8430
20151112 090726 8431
20151112 090726 8431
20151112 090726 8431
20151112 090726 8431
20151112 090726 8431
20151112 090729 8429
20151112 090729 8429
20151112 090729 8429
20151112 090729 8429
20151112 090729 8430
20151112 090729 8430
20151112 090729 8430
20151112 090731 8427
20151112 090731 8427
20151112 090733 8428
20151112 090737 8425
20151112 090740 8425
20151112 090740 8425
20151112 090740 8425
20151112 090740 8425
20151112 090744 8423
20151112 090744 8423
20151112 090744 8423
20151112 090753 8421
20151112 090753 8423
20151112 090805 8427
20151112 090808 8427
20151112 090809 8429
20151112 090813 8429
20151112 090817 8429
20151112 090817 8429
20151112 090820 8430
20151112 090820 8430
20151112 090826 8428
20151112 090830 8428
20151112 090834 8428
20151112 090839 8427
20151112 090842 8426
20151112 090844 8421
20151112 090855 8424
20151112 090908 8428
20151112 090935 8428
20151112 090941 8427
20151112 090951 8429
20151112 090951 8429
20151112 090957 8422
20151112 090957 8426
20151112 091000 8425
20151112 091000 8425
20151112 091000 8425
20151112 091001 8429
20151112 091025 8430
20151112 091025 8431
20151112 091026 8432
20151112 091026 8432
20151112 091026 8434
20151112 091026 8434
20151112 091027 8434
20151112 091027 8434
20151112 091029 8432
20151112 091035 8422
20151112 091035 8427
20151112 091035 8428
20151112 091035 8428
20151112 091037 8427
20151112 091102 8427
20151112 091103 8427
20151112 091103 8427
20151112 091104 8427
20151112 091111 8428
20151112 091115 8431
20151112 091116 8432
20151112 091119 8433
20151112 091119 8433
20151112 091119 8434
20151112 091120 8435
20151112 091120 8436
20151112 091120 8436
20151112 091120 8436
20151112 091120 8436
20151112 091120 8436
20151112 091120 8436
20151112 091120 8436
20151112 091121 8436
20151112 091121 8436
20151112 091127 8433
20151112 091136 8437
20151112 091138 8435
20151112 091140 8435
20151112 091140 8435
20151112 091148 8434
20151112 091154 8435
20151112 091218 8431
20151112 091218 8431
20151112 091219 8429
20151112 091310 8430
20151112 091311 8435
20151112 091320 8434
20151112 091322 8433
20151112 091333 8432
20151112 091334 8432
20151112 091357 8430
20151112 091357 8430
20151112 091401 8427
20151112 091420 8433
20151112 091434 8432
20151112 091453 8432
20151112 091453 8432
20151112 091453 8432
20151112 091455 8430
20151112 091501 8433
20151112 091501 8433
20151112 091503 8435
20151112 091503 8436
20151112 091503 8436
20151112 091503 8436
20151112 091503 8436
20151112 091503 8436
20151112 091503 8437
20151112 091503 8437
20151112 091503 8437
20151112 091503 8437
20151112 091503 8437
20151112 091503 8437
20151112 091503 8437
20151112 091503 8437
20151112 091504 8438
20151112 091504 8438
20151112 091504 8438
20151112 091504 8438
20151112 091504 8438
20151112 091504 8438
20151112 091504 8439
20151112 091504 8439
20151112 091504 8440
20151112 091504 8440
20151112 091517 8434
20151112 091517 8434
20151112 091539 8438
20151112 091541 8441
20151112 091541 8441
20151112 091542 8441
20151112 091543 8440
20151112 091545 8440
20151112 091551 8442
20151112 091555 8416
20151112 091555 8442
20151112 091555 8443
20151112 091556 8443
20151112 091556 8444
20151112 091556 8444
20151112 091602 8442
20151112 091602 8442
20151112 091602 8442
20151112 091602 8442
20151112 091602 8442
20151112 091605 8443
20151112 091605 8443
20151112 091610 8445
20151112 091612 8420
20151112 091612 8446
20151112 091612 8446
20151112 091612 8446
20151112 091612 8446
20151112 091615 8446
20151112 091615 8447
20151112 091615 8447
20151112 091620 8445
20151112 091620 8445
20151112 091620 8445
20151112 091631 8444
20151112 091640 8445
20151112 091710 8410
20151112 091710 8445
20151112 091710 8445
20151112 091710 8445
20151112 091710 8445
20151112 091710 8445
20151112 091710 8446
20151112 091713 8442
20151112 091713 8443
20151112 091713 8443
20151112 091715 8445
20151112 091720 8444
20151112 091723 8444
20151112 091727 8441
20151112 091748 8443
20151112 091808 8442
20151112 091809 8442
20151112 091809 8442
20151112 091837 8443
20151112 091838 8443
20151112 091838 8443
20151112 091842 8439
20151112 091842 8439
20151112 091842 8439
20151112 091842 8440
20151112 091842 8440
20151112 091901 8438
20151112 091902 8437
20151112 091902 8437
20151112 091905 8437
20151112 091905 8437
20151112 091905 8437
20151112 091905 8437
20151112 091907 8434
20151112 091907 8435
20151112 091907 8435
20151112 091907 8436
20151112 091907 8436
20151112 091907 8436
20151112 091907 8437
20151112 091918 8436
20151112 091920 8434
20151112 091929 8434
20151112 091929 8434
20151112 091934 8434
20151112 091952 8434
20151112 092000 8432
20151112 092000 8433
20151112 092000 8433
20151112 092011 8431
20151112 092011 8432
20151112 092012 8430
20151112 092012 8430
20151112 092012 8430
20151112 092017 8428
20151112 092018 8427
20151112 092018 8427
20151112 092018 8427
20151112 092018 8427
20151112 092019 8427
20151112 092019 8427
20151112 092019 8427
20151112 092020 8426
20151112 092020 8427
20151112 092024 8429
20151112 092024 8429
20151112 092033 8426
20151112 092034 8427
20151112 092040 8427
20151112 092045 8424
20151112 092046 8423
20151112 092047 8423
20151112 092048 8424
20151112 092050 8425
20151112 092053 8423
20151112 092054 8423
20151112 092055 8422
20151112 092055 8422
20151112 092055 8423
20151112 092058 8421
20151112 092103 8424
20151112 092106 8423
20151112 092106 8423
20151112 092106 8423
20151112 092126 8425
20151112 092128 8425
20151112 092135 8426
20151112 092136 8425
20151112 092139 8426
20151112 092139 8427
20151112 092141 8426
20151112 092204 8429
20151112 092204 8429
20151112 092207 8427
20151112 092211 8425
20151112 092211 8425
20151112 092218 8424
20151112 092225 8428
20151112 092226 8428
20151112 092226 8428
20151112 092236 8424
20151112 092254 8424
20151112 092255 8424
20151112 092257 8396
20151112 092257 8423
20151112 092257 8423
20151112 092257 8424
20151112 092301 8422
20151112 092301 8422
20151112 092305 8420
20151112 092305 8420
20151112 092305 8420
20151112 092306 8419
20151112 092307 8417
20151112 092307 8417
20151112 092307 8417
20151112 092307 8417
20151112 092307 8417
20151112 092307 8418
20151112 092311 8417
20151112 092314 8417
20151112 092315 8416
20151112 092316 8415
20151112 092317 8415
20151112 092318 8415
20151112 092319 8415
20151112 092319 8415
20151112 092319 8416
20151112 092320 8415
20151112 092326 8418
20151112 092330 8417
20151112 092332 8417
20151112 092340 8420
20151112 092340 8420
20151112 092341 8420
20151112 092341 8420
20151112 092341 8420
20151112 092349 8391
20151112 092349 8417
20151112 092349 8417
20151112 092350 8416
20151112 092357 8415
20151112 092357 8415
20151112 092358 8415
20151112 092359 8415
20151112 092359 8415
20151112 092401 8415
20151112 092403 8413
20151112 092404 8413
20151112 092404 8414
20151112 092405 8412
20151112 092407 8412
20151112 092417 8386
20151112 092417 8413
20151112 092420 8387
20151112 092420 8414
20151112 092421 8388
20151112 092421 8415
20151112 092423 8414
20151112 092427 8388
20151112 092427 8415
20151112 092428 8415
20151112 092428 8415
20151112 092430 8418
20151112 092432 8391
20151112 092432 8419
20151112 092438 8417
20151112 092445 8416
20151112 092453 8414
20151112 092455 8413
20151112 092459 8412
20151112 092500 8411
20151112 092507 8412
20151112 092517 8384
20151112 092517 8412
20151112 092519 8413
20151112 092520 8414
20151112 092520 8415
20151112 092521 8414
20151112 092522 8414
20151112 092525 8416
20151112 092526 8417
20151112 092526 8417
20151112 092528 8415
20151112 092531 8417
20151112 092531 8418
20151112 092531 8419
20151112 092534 8418
20151112 092534 8420
20151112 092540 8421
20151112 092547 8420
20151112 092548 8421
20151112 092548 8421
20151112 092548 8421
20151112 092553 8419
20151112 092559 8418
20151112 092600 8417
20151112 092600 8417
20151112 092601 8417
20151112 092602 8417
20151112 092611 8418
20151112 092629 8422
20151112 092629 8422
20151112 092629 8422
20151112 092630 8394
20151112 092630 8423
20151112 092630 8423
20151112 092633 8394
20151112 092633 8423
20151112 092637 8422
20151112 092637 8423
20151112 092640 8422
20151112 092702 8422
20151112 092715 8423
20151112 092715 8423
20151112 092723 8423
20151112 092736 8422
20151112 092737 8422
20151112 092737 8422
20151112 092752 8422
20151112 092752 8422
20151112 092758 8423
20151112 092800 8424
20151112 092807 8420
20151112 092808 8417
20151112 092808 8418
20151112 092809 8419
20151112 092810 8416
20151112 092810 8416
20151112 092811 8416
20151112 092812 8416
20151112 092812 8416
20151112 092812 8416
20151112 092821 8417
20151112 092823 8416
20151112 092823 8416
20151112 092825 8415
20151112 092825 8415
20151112 092827 8416
20151112 092830 8419
20151112 092836 8423
20151112 092846 8421
20151112 092846 8422
20151112 092846 8422
20151112 092846 8422
20151112 092846 8422
20151112 092855 8423
20151112 092858 8423
20151112 092858 8424
20151112 092858 8424
20151112 092859 8423
20151112 092904 8424
20151112 092904 8424
20151112 092905 8424
20151112 092905 8424
20151112 092908 8424
20151112 092913 8423
20151112 092913 8423
20151112 092926 8420
20151112 092926 8420
20151112 092927 8420
20151112 092936 8417
20151112 092948 8418
20151112 092958 8418
20151112 092958 8419
20151112 093001 8415
20151112 093003 8414
20151112 093003 8414
20151112 093004 8413
20151112 093005 8413
20151112 093005 8413
20151112 093006 8412
20151112 093006 8412
20151112 093008 8411
20151112 093014 8416
20151112 093014 8416
20151112 093014 8416
20151112 093023 8420
20151112 093033 8417
20151112 093033 8417
20151112 093058 8420
20151112 093102 8417
20151112 093105 8418
20151112 093118 8417
20151112 093118 8417
20151112 093118 8417
20151112 093136 8417
20151112 093147 8417
20151112 093317 8421
20151112 093319 8423
20151112 093319 8423
20151112 093320 8423
20151112 093323 8425
20151112 093326 8424
20151112 093332 8423
20151112 093356 8414
20151112 093356 8414
20151112 093357 8413
20151112 093357 8413
20151112 093400 8414
20151112 093401 8411
20151112 093402 8407
20151112 093402 8407
20151112 093402 8407
20151112 093402 8407
20151112 093402 8407
20151112 093402 8407
20151112 093402 8407
20151112 093402 8408
20151112 093402 8408
20151112 093402 8408
20151112 093402 8409
20151112 093402 8409
20151112 093402 8409
20151112 093402 8409
20151112 093402 8409
20151112 093402 8409
20151112 093402 8409
20151112 093403 8408
20151112 093404 8411
20151112 093411 8412
20151112 093422 8406
20151112 093423 8403
20151112 093423 8405
20151112 093423 8405
20151112 093426 8405
20151112 093430 8405
20151112 093434 8404
20151112 093439 8405
20151112 093441 8405
20151112 093441 8406
20151112 093443 8405
20151112 093450 8407
20151112 093456 8406
20151112 093458 8405
20151112 093502 8404
20151112 093502 8404
20151112 093502 8404
20151112 093502 8404
20151112 093503 8404
20151112 093504 8404
20151112 093504 8404
20151112 093505 8403
20151112 093505 8403
20151112 093505 8403
20151112 093506 8403
20151112 093507 8403
20151112 093507 8403
20151112 093508 8402
20151112 093508 8402
20151112 093510 8405
20151112 093511 8405
20151112 093511 8405
20151112 093514 8404
20151112 093526 8404
20151112 093526 8404
20151112 093530 8402
20151112 093531 8402
20151112 093531 8402
20151112 093532 8401
20151112 093532 8401
20151112 093533 8399
20151112 093541 8398
20151112 093541 8398
20151112 093541 8398
20151112 093541 8398
20151112 093541 8398
20151112 093541 8398
20151112 093541 8398
20151112 093541 8399
20151112 093544 8396
20151112 093544 8396
20151112 093544 8396
20151112 093547 8398
20151112 093550 8397
20151112 093553 8400
20151112 093555 8401
20151112 093556 8400
20151112 093601 8401
20151112 093604 8404
20151112 093605 8405
20151112 093605 8405
20151112 093605 8405
20151112 093619 8405
20151112 093622 8405
20151112 093625 8408
20151112 093626 8410
20151112 093626 8410
20151112 093626 8410
20151112 093632 8409
20151112 093634 8409
20151112 093638 8409
20151112 093639 8410
20151112 093639 8410
20151112 093639 8410
20151112 093642 8408
20151112 093656 8378
20151112 093656 8406
20151112 093709 8402
20151112 093740 8409
20151112 093741 8410
20151112 093741 8410
20151112 093741 8410
20151112 093746 8410
20151112 093746 8410
20151112 093746 8410
20151112 093746 8410
20151112 093758 8413
20151112 093804 8414
20151112 093804 8415
20151112 093811 8414
20151112 093812 8413
20151112 093812 8413
20151112 093812 8413
20151112 093814 8412
20151112 093814 8412
20151112 093818 8385
20151112 093818 8413
20151112 093827 8381
20151112 093829 8408
20151112 093836 8411
20151112 093848 8409
20151112 093848 8409
20151112 093848 8409
20151112 093848 8409
20151112 093857 8411
20151112 093928 8408
20151112 093940 8406
20151112 093941 8405
20151112 093956 8404
20151112 093958 8400
20151112 093959 8398
20151112 093959 8398
20151112 093959 8398
20151112 094006 8396
20151112 094006 8396
20151112 094006 8397
20151112 094007 8386
20151112 094007 8386
20151112 094007 8386
20151112 094007 8386
20151112 094007 8387
20151112 094007 8388
20151112 094007 8388
20151112 094007 8388
20151112 094007 8388
20151112 094007 8389
20151112 094007 8390
20151112 094007 8391
20151112 094007 8391
20151112 094007 8394
20151112 094007 8394
20151112 094009 8389
20151112 094009 8390
20151112 094009 8391
20151112 094009 8391
20151112 094009 8391
20151112 094016 8393
20151112 094016 8394
20151112 094016 8394
20151112 094016 8394
20151112 094026 8399
20151112 094026 8399
20151112 094031 8403
20151112 094036 8404
20151112 094037 8403
20151112 094037 8405
20151112 094039 8409
20151112 094039 8409
20151112 094040 8412
20151112 094044 8413
20151112 094045 8412
20151112 094046 8412
20151112 094054 8410
20151112 094054 8410
20151112 094057 8408
20151112 094102 8409
20151112 094133 8409
20151112 094142 8407
20151112 094143 8407
20151112 094143 8407
20151112 094146 8406
20151112 094146 8406
20151112 094146 8406
20151112 094146 8406
20151112 094146 8406
20151112 094151 8405
20151112 094151 8405
20151112 094210 8378
20151112 094210 8409
20151112 094210 8409
20151112 094211 8409
20151112 094215 8409
20151112 094217 8409
20151112 094223 8409
20151112 094224 8378
20151112 094224 8410
20151112 094225 8410
20151112 094250 8409
20151112 094250 8409
20151112 094257 8409
20151112 094301 8410
20151112 094301 8411
20151112 094301 8411
20151112 094301 8411
20151112 094301 8411
20151112 094302 8411
20151112 094303 8410
20151112 094303 8411
20151112 094304 8411
20151112 094307 8410
20151112 094307 8410
20151112 094307 8410
20151112 094307 8410
20151112 094307 8410
20151112 094307 8410
20151112 094307 8410
20151112 094307 8410
20151112 094307 8410
20151112 094307 8411
20151112 094307 8411
20151112 094307 8411
20151112 094307 8411
20151112 094307 8411
20151112 094313 8411
20151112 094332 8411
20151112 094347 8409
20151112 094356 8407
20151112 094421 8406
20151112 094421 8407
20151112 094434 8404
20151112 094435 8403
20151112 094435 8403
20151112 094437 8402
20151112 094440 8401
20151112 094441 8398
20151112 094441 8398
20151112 094445 8400
20151112 094445 8402
20151112 094445 8402
20151112 094445 8402
20151112 094509 8408
20151112 094515 8378
20151112 094515 8410
20151112 094515 8410
20151112 094516 8401
20151112 094516 8411
20151112 094519 8410
20151112 094534 8409
20151112 094534 8409
20151112 094534 8409
20151112 094544 8408
20151112 094551 8409
20151112 094600 8407
20151112 094637 8404
20151112 094637 8405
20151112 094645 8404
20151112 094645 8404
20151112 094645 8404
20151112 094657 8407
20151112 094711 8405
20151112 094734 8406
20151112 094734 8406
20151112 094748 8408
20151112 094751 8408
20151112 094751 8409
20151112 094752 8410
20151112 094752 8410
20151112 094752 8410
20151112 094754 8411
20151112 094755 8401
20151112 094755 8411
20151112 094755 8411
20151112 094801 8408
20151112 094801 8410
20151112 094816 8380
20151112 094816 8409
20151112 094828 8411
20151112 094828 8411
20151112 094828 8411
20151112 094829 8413
20151112 094829 8413
20151112 094830 8414
20151112 094831 8415
20151112 094831 8415
20151112 094831 8415
20151112 094831 8415
20151112 094831 8416
20151112 094833 8414
20151112 094838 8384
20151112 094838 8413
20151112 094844 8414
20151112 094854 8417
20151112 094854 8417
20151112 094855 8418
20151112 094855 8418
20151112 094855 8418
20151112 094917 8385
20151112 094917 8414
20151112 094918 8412
20151112 094921 8412
20151112 094936 8413
20151112 094946 8417
20151112 094949 8418
20151112 094955 8418
20151112 094959 8416
20151112 094959 8416
20151112 095001 8415
20151112 095004 8417
20151112 095004 8418
20151112 095008 8418
20151112 095010 8419
20151112 095010 8419
20151112 095010 8419
20151112 095010 8419
20151112 095011 8420
20151112 095011 8420
20151112 095011 8420
20151112 095011 8420
20151112 095011 8423
20151112 095029 8422
20151112 095039 8422
20151112 095039 8422
20151112 095047 8424
20151112 095048 8423
20151112 095048 8423
20151112 095049 8392
20151112 095049 8424
20151112 095051 8426
20151112 095058 8426
20151112 095059 8427
20151112 095100 8425
20151112 095112 8393
20151112 095114 8393
20151112 095117 8395
20151112 095117 8424
20151112 095118 8425
20151112 095118 8425
20151112 095118 8425
20151112 095120 8395
20151112 095120 8424
20151112 095123 8394
20151112 095137 8422
20151112 095137 8422
20151112 095140 8422
20151112 095140 8423
20151112 095143 8423
20151112 095143 8423
20151112 095149 8424
20151112 095205 8423
20151112 095205 8423
20151112 095205 8423
20151112 095205 8423
20151112 095211 8423
20151112 095233 8425
20151112 095234 8425
20151112 095238 8425
20151112 095238 8425
20151112 095240 8426
20151112 095240 8426
20151112 095241 8427
20151112 095241 8427
20151112 095241 8427
20151112 095242 8428
20151112 095242 8428
20151112 095243 8428
20151112 095243 8429
20151112 095244 8429
20151112 095248 8430
20151112 095248 8430
20151112 095248 8430
20151112 095248 8430
20151112 095251 8431
20151112 095251 8432
20151112 095251 8432
20151112 095254 8429
20151112 095258 8430
20151112 095258 8430
20151112 095259 8429
20151112 095301 8430
20151112 095302 8432
20151112 095311 8432
20151112 095314 8430
20151112 095317 8430
20151112 095317 8431
20151112 095317 8431
20151112 095317 8431
20151112 095320 8430
20151112 095323 8431
20151112 095334 8429
20151112 095334 8431
20151112 095334 8431
20151112 095339 8430
20151112 095354 8430
20151112 095356 8430
20151112 095400 8431
20151112 095400 8431
20151112 095402 8432
20151112 095402 8432
20151112 095403 8433
20151112 095403 8433
20151112 095410 8429
20151112 095411 8428
20151112 095411 8428
20151112 095411 8428
20151112 095411 8428
20151112 095419 8426
20151112 095419 8426
20151112 095419 8426
20151112 095419 8426
20151112 095421 8426
20151112 095421 8426
20151112 095425 8428
20151112 095425 8428
20151112 095428 8430
20151112 095430 8431
20151112 095431 8430
20151112 095432 8429
20151112 095441 8428
20151112 095443 8427
20151112 095449 8427
20151112 095452 8427
20151112 095452 8427
20151112 095452 8427
20151112 095458 8427
20151112 095458 8427
20151112 095458 8427
20151112 095458 8427
20151112 095458 8427
20151112 095458 8427
20151112 095458 8427
20151112 095458 8427
20151112 095458 8427
20151112 095459 8427
20151112 095500 8430
20151112 095500 8430
20151112 095500 8430
20151112 095502 8431
20151112 095505 8433
20151112 095508 8435
20151112 095509 8435
20151112 095509 8435
20151112 095509 8435
20151112 095510 8436
20151112 095510 8436
20151112 095510 8437
20151112 095510 8437
20151112 095510 8437
20151112 095510 8437
20151112 095514 8434
20151112 095518 8435
20151112 095518 8435
20151112 095523 8429
20151112 095525 8430
20151112 095525 8430
20151112 095548 8433
20151112 095550 8436
20151112 095551 8437
20151112 095551 8437
20151112 095553 8438
20151112 095553 8438
20151112 095553 8438
20151112 095553 8438
20151112 095553 8438
20151112 095555 8428
20151112 095612 8436
20151112 095619 8434
20151112 095619 8434
20151112 095620 8434
20151112 095625 8433
20151112 095625 8434
20151112 095636 8433
20151112 095644 8434
20151112 095646 8434
20151112 095647 8433
20151112 095647 8433
20151112 095653 8435
20151112 095658 8435
20151112 095700 8433
20151112 095704 8433
20151112 095704 8433
20151112 095704 8433
20151112 095704 8433
20151112 095704 8433
20151112 095707 8431
20151112 095709 8429
20151112 095710 8429
20151112 095722 8431
20151112 095729 8429
20151112 095755 8431
20151112 095759 8432
20151112 095759 8432
20151112 095803 8403
20151112 095831 8429
20151112 095844 8430
20151112 095851 8429
20151112 095852 8428
20151112 095853 8428
20151112 095855 8429
20151112 095907 8427
20151112 095936 8424
20151112 095939 8424
20151112 100002 8423
20151112 100004 8423
20151112 100007 8423
20151112 100009 8424
20151112 100011 8423
20151112 100013 8424
20151112 100015 8424
20151112 100017 8423
20151112 100036 8423
20151112 100109 8421
20151112 100109 8422
20151112 100116 8420
20151112 100120 8421
20151112 100123 8421
20151112 100131 8421
20151112 100136 8423
20151112 100203 8421
20151112 100208 8422
20151112 100216 8422
20151112 100234 8426
20151112 100236 8426
20151112 100237 8426
20151112 100242 8428
20151112 100247 8427
20151112 100255 8416
20151112 100255 8425
20151112 100255 8425
20151112 100255 8425
20151112 100259 8426
20151112 100315 8424
20151112 100318 8424
20151112 100322 8422
20151112 100322 8422
20151112 100322 8422
20151112 100437 8427
20151112 100544 8426
20151112 100614 8422
20151112 100618 8418
20151112 100622 8418
20151112 100622 8419
20151112 100628 8416
20151112 100628 8416
20151112 100630 8416
20151112 100632 8416
20151112 100642 8419
20151112 100659 8423
20151112 100706 8420
20151112 100706 8421
20151112 100723 8420
20151112 100818 8421
20151112 100843 8419
20151112 100923 8418
20151112 100925 8417
20151112 100954 8418
20151112 101001 8419
20151112 101011 8416
20151112 101013 8414
20151112 101013 8415
20151112 101013 8415
20151112 101013 8415
20151112 101013 8415
20151112 101013 8415
20151112 101022 8413
20151112 101023 8412
20151112 101023 8412
20151112 101028 8411
20151112 101028 8411
20151112 101028 8411
20151112 101039 8412
20151112 101058 8411
20151112 101059 8409
20151112 101059 8409
20151112 101059 8409
20151112 101059 8409
20151112 101059 8409
20151112 101059 8409
20151112 101100 8409
20151112 101102 8408
20151112 101104 8407
20151112 101105 8407
20151112 101106 8406
20151112 101107 8406
20151112 101109 8406
20151112 101113 8404
20151112 101113 8404
20151112 101113 8404
20151112 101113 8405
20151112 101118 8403
20151112 101118 8403
20151112 101118 8403
20151112 101118 8403
20151112 101119 8404
20151112 101123 8402
20151112 101124 8404
20151112 101156 8407
20151112 101156 8407
20151112 101156 8407
20151112 101158 8408
20151112 101158 8408
20151112 101231 8407
20151112 101241 8408
20151112 101242 8409
20151112 101242 8409
20151112 101244 8408
20151112 101247 8406
20151112 101247 8406
20151112 101248 8406
20151112 101251 8406
20151112 101252 8406
20151112 101254 8406
20151112 101306 8405
20151112 101312 8406
20151112 101314 8409
20151112 101316 8409
20151112 101319 8411
20151112 101327 8415
20151112 101330 8416
20151112 101333 8414
20151112 101335 8414
20151112 101344 8413
20151112 101407 8411
20151112 101407 8411
20151112 101424 8409
20151112 101424 8409
20151112 101445 8412
20151112 101447 8413
20151112 101501 8412
20151112 101501 8412
20151112 101527 8414
20151112 101529 8415
20151112 101529 8415
20151112 101532 8416
20151112 101536 8416
20151112 101556 8413
20151112 101609 8415
20151112 101609 8415
20151112 101622 8414
20151112 101623 8415
20151112 101639 8414
20151112 101650 8415
20151112 101655 8414
20151112 101719 8411
20151112 101737 8410
20151112 101740 8409
20151112 101740 8410
20151112 101741 8409
20151112 101743 8409
20151112 101804 8409
20151112 101804 8410
20151112 101815 8410
20151112 101815 8410
20151112 101815 8410
20151112 101815 8410
20151112 101815 8410
20151112 101815 8410
20151112 101815 8410
20151112 101817 8409
20151112 101817 8409
20151112 101817 8409
20151112 101817 8409
20151112 101817 8409
20151112 101817 8409
20151112 101817 8409
20151112 101817 8409
20151112 101817 8409
20151112 101817 8409
20151112 101817 8409
20151112 101817 8409
20151112 101817 8409
20151112 101821 8411
20151112 101824 8411
20151112 101824 8411
20151112 101826 8410
20151112 101826 8410
20151112 101826 8410
20151112 101826 8410
20151112 101826 8411
20151112 101826 8411
20151112 101826 8411
20151112 101826 8411
20151112 101826 8411
20151112 101827 8409
20151112 101827 8410
20151112 101827 8410
20151112 101827 8410
20151112 101827 8410
20151112 101827 8410
20151112 101827 8410
20151112 101827 8410
20151112 101827 8410
20151112 101844 8412
20151112 101845 8412
20151112 101845 8412
20151112 101859 8410
20151112 101924 8409
20151112 101941 8410
20151112 101951 8410
20151112 101952 8410
20151112 101956 8407
20151112 102002 8406
20151112 102054 8412
20151112 102131 8409
20151112 102211 8408
20151112 102237 8409
20151112 102243 8406
20151112 102244 8406
20151112 102331 8405
20151112 102331 8406
20151112 102337 8404
20151112 102337 8404
20151112 102338 8404
20151112 102342 8406
20151112 102351 8407
20151112 102406 8407
20151112 102406 8407
20151112 102406 8408
20151112 102515 8410
20151112 102606 8406
20151112 102623 8408
20151112 102637 8406
20151112 102637 8407
20151112 102643 8406
20151112 102644 8406
20151112 102646 8405
20151112 102701 8405
20151112 102701 8405
20151112 102701 8405
20151112 102702 8404
20151112 102702 8404
20151112 102706 8403
20151112 102733 8407
20151112 102758 8404
20151112 102807 8402
20151112 102807 8402
20151112 102808 8401
20151112 102808 8401
20151112 102809 8400
20151112 102809 8400
20151112 102809 8400
20151112 102809 8400
20151112 102809 8400
20151112 102809 8400
20151112 102821 8406
20151112 102832 8405
20151112 102840 8405
20151112 102847 8406
20151112 102855 8406
20151112 102857 8405
20151112 102858 8405
20151112 102906 8406
20151112 102908 8405
20151112 102921 8408
20151112 102925 8408
20151112 102935 8405
20151112 102942 8406
20151112 103003 8406
20151112 103003 8406
20151112 103007 8405
20151112 103010 8405
20151112 103010 8405
20151112 103011 8405
20151112 103013 8405
20151112 103019 8401
20151112 103020 8368
20151112 103020 8398
20151112 103020 8398
20151112 103020 8399
20151112 103020 8400
20151112 103029 8403
20151112 103030 8403
20151112 103032 8402
20151112 103038 8401
20151112 103042 8399
20151112 103048 8398
20151112 103050 8397
20151112 103050 8397
20151112 103052 8396
20151112 103052 8396
20151112 103052 8396
20151112 103053 8396
20151112 103053 8396
20151112 103053 8396
20151112 103056 8397
20151112 103057 8398
20151112 103058 8396
20151112 103059 8395
20151112 103059 8395
20151112 103100 8395
20151112 103100 8395
20151112 103100 8395
20151112 103100 8395
20151112 103100 8395
20151112 103100 8395
20151112 103100 8396
20151112 103100 8396
20151112 103101 8363
20151112 103101 8394
20151112 103102 8392
20151112 103102 8392
20151112 103102 8393
20151112 103103 8392
20151112 103103 8392
20151112 103103 8392
20151112 103103 8392
20151112 103106 8392
20151112 103107 8394
20151112 103107 8394
20151112 103108 8393
20151112 103114 8394
20151112 103121 8397
20151112 103139 8394
20151112 103141 8394
20151112 103152 8391
20151112 103152 8391
20151112 103152 8391
20151112 103152 8392
20151112 103152 8392
20151112 103152 8392
20151112 103153 8390
20151112 103153 8390
20151112 103153 8390
20151112 103153 8390
20151112 103153 8390
20151112 103153 8390
20151112 103153 8390
20151112 103153 8390
20151112 103153 8391
20151112 103153 8391
20151112 103153 8391
20151112 103153 8391
20151112 103153 8391
20151112 103153 8391
20151112 103154 8382
20151112 103154 8382
20151112 103154 8383
20151112 103154 8383
20151112 103154 8384
20151112 103154 8384
20151112 103154 8384
20151112 103154 8384
20151112 103154 8384
20151112 103154 8384
20151112 103154 8384
20151112 103154 8384
20151112 103154 8385
20151112 103154 8385
20151112 103154 8385
20151112 103154 8385
20151112 103154 8386
20151112 103154 8386
20151112 103154 8386
20151112 103154 8387
20151112 103154 8387
20151112 103154 8387
20151112 103154 8387
20151112 103154 8387
20151112 103154 8387
20151112 103154 8387
20151112 103154 8387
20151112 103154 8387
20151112 103154 8388
20151112 103154 8389
20151112 103154 8389
20151112 103154 8389
20151112 103154 8389
20151112 103154 8389
20151112 103154 8389
20151112 103154 8389
20151112 103154 8389
20151112 103154 8389
20151112 103154 8389
20151112 103154 8389
20151112 103154 8389
20151112 103154 8389
20151112 103205 8383
20151112 103208 8382
20151112 103210 8381
20151112 103210 8381
20151112 103215 8380
20151112 103215 8380
20151112 103216 8380
20151112 103217 8379
20151112 103217 8379
20151112 103217 8379
20151112 103220 8382
20151112 103220 8382
20151112 103220 8383
20151112 103228 8383
20151112 103231 8379
20151112 103233 8378
20151112 103234 8374
20151112 103234 8374
20151112 103234 8374
20151112 103234 8374
20151112 103234 8375
20151112 103234 8375
20151112 103234 8375
20151112 103234 8376
20151112 103234 8376
20151112 103236 8375
20151112 103236 8375
20151112 103236 8375
20151112 103237 8375
20151112 103237 8375
20151112 103241 8374
20151112 103242 8373
20151112 103242 8373
20151112 103242 8373
20151112 103242 8373
20151112 103242 8373
20151112 103243 8373
20151112 103243 8373
20151112 103243 8373
20151112 103243 8373
20151112 103243 8373
20151112 103243 8373
20151112 103250 8372
20151112 103250 8372
20151112 103250 8372
20151112 103250 8372
20151112 103251 8372
20151112 103252 8374
20151112 103253 8373
20151112 103259 8372
20151112 103300 8374
20151112 103301 8373
20151112 103302 8367
20151112 103302 8367
20151112 103302 8367
20151112 103302 8367
20151112 103302 8367
20151112 103302 8367
20151112 103302 8368
20151112 103302 8368
20151112 103302 8368
20151112 103302 8368
20151112 103302 8368
20151112 103302 8368
20151112 103302 8368
20151112 103302 8369
20151112 103302 8369
20151112 103302 8370
20151112 103303 8366
20151112 103304 8371
20151112 103304 8371
20151112 103304 8371
20151112 103304 8372
20151112 103304 8372
20151112 103304 8372
20151112 103304 8372
20151112 103304 8372
20151112 103304 8372
20151112 103304 8372
20151112 103304 8372
20151112 103304 8372
20151112 103304 8372
20151112 103304 8372
20151112 103304 8373
20151112 103305 8373
20151112 103305 8373
20151112 103305 8373
20151112 103308 8376
20151112 103308 8376
20151112 103309 8377
20151112 103309 8377
20151112 103316 8378
20151112 103317 8379
20151112 103320 8381
20151112 103353 8378
20151112 103353 8378
20151112 103353 8378
20151112 103353 8378
20151112 103356 8377
20151112 103359 8378
20151112 103415 8376
20151112 103423 8373
20151112 103423 8373
20151112 103423 8374
20151112 103425 8370
20151112 103429 8368
20151112 103430 8368
20151112 103433 8367
20151112 103435 8366
20151112 103436 8365
20151112 103436 8365
20151112 103437 8365
20151112 103437 8365
20151112 103438 8365
20151112 103438 8367
20151112 103438 8367
20151112 103438 8367
20151112 103440 8366
20151112 103440 8366
20151112 103440 8366
20151112 103441 8365
20151112 103441 8365
20151112 103442 8364
20151112 103442 8364
20151112 103442 8364
20151112 103442 8364
20151112 103442 8364
20151112 103442 8364
20151112 103442 8364
20151112 103442 8364
20151112 103442 8364
20151112 103442 8364
20151112 103442 8364
20151112 103442 8364
20151112 103442 8364
20151112 103442 8364
20151112 103442 8364
20151112 103442 8364
20151112 103444 8365
20151112 103448 8366
20151112 103448 8366
20151112 103452 8367
20151112 103453 8369
20151112 103453 8369
20151112 103453 8370
20151112 103454 8371
20151112 103454 8371
20151112 103454 8371
20151112 103454 8371
20151112 103458 8372
20151112 103503 8370
20151112 103503 8370
20151112 103503 8370
20151112 103503 8370
20151112 103503 8370
20151112 103503 8370
20151112 103503 8370
20151112 103522 8376
20151112 103522 8376
20151112 103527 8379
20151112 103533 8375
20151112 103534 8373
20151112 103535 8372
20151112 103540 8371
20151112 103545 8374
20151112 103545 8374
20151112 103545 8374
20151112 103545 8374
20151112 103545 8374
20151112 103545 8374
20151112 103554 8376
20151112 103605 8346
20151112 103605 8377
20151112 103611 8375
20151112 103620 8377
20151112 103624 8378
20151112 103624 8378
20151112 103624 8378
20151112 103624 8378
20151112 103628 8379
20151112 103638 8350
20151112 103638 8370
20151112 103638 8381
20151112 103638 8381
20151112 103639 8381
20151112 103639 8381
20151112 103641 8383
20151112 103643 8382
20151112 103643 8382
20151112 103651 8385
20151112 103653 8382
20151112 103654 8352
20151112 103654 8383
20151112 103655 8383
20151112 103712 8374
20151112 103712 8382
20151112 103712 8382
20151112 103712 8382
20151112 103712 8382
20151112 103716 8351
20151112 103716 8382
20151112 103717 8375
20151112 103721 8384
20151112 103743 8385
20151112 103756 8386
20151112 103803 8386
20151112 103803 8386
20151112 103803 8386
20151112 103811 8386
20151112 103811 8386
20151112 103811 8386
20151112 103811 8386
20151112 103811 8386
20151112 103811 8386
20151112 103811 8386
20151112 103811 8386
20151112 103811 8386
20151112 103811 8386
20151112 103815 8385
20151112 103822 8383
20151112 103828 8382
20151112 103828 8383
20151112 103843 8384
20151112 103854 8385
20151112 103903 8385
20151112 103906 8385
20151112 103906 8385
20151112 103909 8385
20151112 103920 8383
20151112 103923 8384
20151112 103927 8383
20151112 103937 8384
20151112 103938 8384
20151112 103939 8384
20151112 103944 8386
20151112 103953 8386
20151112 104003 8385
20151112 104003 8385
20151112 104005 8385
20151112 104005 8385
20151112 104007 8384
20151112 104012 8384
20151112 104025 8384
20151112 104026 8382
20151112 104035 8382
20151112 104057 8382
20151112 104109 8383
20151112 104116 8386
20151112 104122 8388
20151112 104132 8390
20151112 104138 8388
20151112 104151 8389
20151112 104151 8389
20151112 104151 8389
20151112 104151 8389
20151112 104311 8389
20151112 104316 8389
20151112 104318 8389
20151112 104330 8387
20151112 104335 8387
20151112 104335 8387
20151112 104335 8387
20151112 104343 8386
20151112 104344 8386
20151112 104348 8387
20151112 104348 8387
20151112 104349 8387
20151112 104401 8388
20151112 104413 8387
20151112 104414 8385
20151112 104416 8384
20151112 104422 8383
20151112 104423 8382
20151112 104423 8382
20151112 104423 8382
20151112 104426 8381
20151112 104426 8381
20151112 104426 8381
20151112 104426 8381
20151112 104427 8379
20151112 104427 8379
20151112 104427 8380
20151112 104445 8381
20151112 104517 8383
20151112 104618 8384
20151112 104706 8384
20151112 104719 8382
20151112 104719 8383
20151112 104720 8378
20151112 104720 8378
20151112 104720 8378
20151112 104720 8378
20151112 104720 8380
20151112 104729 8377
20151112 104738 8378
20151112 104740 8376
20151112 104746 8375
20151112 104746 8375
20151112 104751 8374
20151112 104757 8373
20151112 104757 8373
20151112 104757 8373
20151112 104801 8374
20151112 104805 8371
20151112 104805 8371
20151112 104810 8370
20151112 104810 8370
20151112 104811 8370
20151112 104820 8373
20151112 104828 8375
20151112 104828 8376
20151112 104828 8376
20151112 104836 8376
20151112 104838 8378
20151112 104846 8379
20151112 104847 8379
20151112 104847 8379
20151112 104847 8379
20151112 104847 8379
20151112 104847 8379
20151112 104847 8379
20151112 104847 8379
20151112 104858 8379
20151112 104902 8378
20151112 104903 8378
20151112 104905 8378
20151112 104910 8376
20151112 104911 8377
20151112 104911 8377
20151112 104915 8375
20151112 104916 8374
20151112 104920 8371
20151112 104920 8372
20151112 104921 8371
20151112 104922 8370
20151112 104922 8370
20151112 104922 8370
20151112 104922 8370
20151112 104923 8368
20151112 104923 8368
20151112 104923 8368
20151112 104924 8365
20151112 104924 8365
20151112 104924 8366
20151112 104925 8360
20151112 104925 8361
20151112 104925 8362
20151112 104925 8362
20151112 104927 8366
20151112 104928 8363
20151112 104938 8366
20151112 104941 8363
20151112 104943 8361
20151112 104944 8359
20151112 104944 8360
20151112 104945 8359
20151112 104945 8359
20151112 104945 8359
20151112 104945 8359
20151112 104945 8359
20151112 104945 8359
20151112 104945 8359
20151112 104945 8359
20151112 104945 8359
20151112 104945 8359
20151112 104945 8359
20151112 104945 8359
20151112 104945 8359
20151112 104945 8359
20151112 104947 8360
20151112 104949 8359
20151112 104954 8359
20151112 105002 8364
20151112 105007 8365
20151112 105014 8366
20151112 105015 8366
20151112 105025 8368
20151112 105033 8364
20151112 105033 8365
20151112 105033 8365
20151112 105034 8363
20151112 105034 8363
20151112 105034 8363
20151112 105042 8360
20151112 105044 8357
20151112 105044 8357
20151112 105044 8357
20151112 105044 8358
20151112 105045 8357
20151112 105045 8357
20151112 105045 8358
20151112 105046 8356
20151112 105048 8358
20151112 105051 8358
20151112 105101 8362
20151112 105102 8362
20151112 105106 8360
20151112 105111 8362
20151112 105111 8362
20151112 105111 8362
20151112 105111 8362
20151112 105126 8366
20151112 105131 8363
20151112 105141 8366
20151112 105146 8364
20151112 105153 8364
20151112 105202 8360
20151112 105203 8361
20151112 105206 8359
20151112 105223 8361
20151112 105223 8361
20151112 105232 8359
20151112 105232 8359
20151112 105232 8359
20151112 105232 8359
20151112 105233 8358
20151112 105233 8358
20151112 105242 8356
20151112 105242 8356
20151112 105243 8355
20151112 105244 8354
20151112 105255 8355
20151112 105305 8356
20151112 105310 8358
20151112 105310 8360
20151112 105310 8360
20151112 105321 8356
20151112 105332 8360
20151112 105333 8361
20151112 105333 8361
20151112 105333 8361
20151112 105333 8361
20151112 105333 8361
20151112 105333 8361
20151112 105333 8361
20151112 105333 8361
20151112 105333 8361
20151112 105345 8359
20151112 105345 8359
20151112 105354 8360
20151112 105401 8358
20151112 105401 8358
20151112 105402 8357
20151112 105414 8361
20151112 105426 8361
20151112 105431 8364
20151112 105431 8364
20151112 105435 8362
20151112 105445 8362
20151112 105501 8360
20151112 105509 8366
20151112 105509 8366
20151112 105509 8366
20151112 105510 8369
20151112 105511 8367
20151112 105516 8369
20151112 105516 8370
20151112 105516 8371
20151112 105520 8370
20151112 105523 8373
20151112 105538 8375
20151112 105547 8371
20151112 105615 8369
20151112 105646 8368
20151112 105646 8368
20151112 105652 8366
20151112 105715 8368
20151112 105715 8368
20151112 105715 8368
20151112 105715 8368
20151112 105715 8368
20151112 105715 8368
20151112 105719 8370
20151112 105723 8371
20151112 105723 8371
20151112 105723 8372
20151112 105724 8373
20151112 105733 8373
20151112 105743 8372
20151112 105746 8371
20151112 105819 8375
20151112 105820 8375
20151112 105820 8375
20151112 105820 8375
20151112 105822 8375
20151112 105823 8375
20151112 105848 8372
20151112 105903 8375
20151112 105906 8376
20151112 105906 8376
20151112 105906 8376
20151112 105906 8377
20151112 105906 8377
20151112 105906 8377
20151112 105908 8377
20151112 105908 8377
20151112 105909 8377
20151112 105909 8377
20151112 105909 8377
20151112 105917 8375
20151112 105926 8374
20151112 105937 8370
20151112 105937 8370
20151112 105941 8370
20151112 105959 8371
20151112 105959 8371
20151112 110012 8372
20151112 110018 8370
20151112 110026 8365
20151112 110026 8365
20151112 110032 8362
20151112 110052 8370
20151112 110102 8373
20151112 110104 8374
20151112 110105 8376
20151112 110113 8377
20151112 110114 8378
20151112 110115 8378
20151112 110115 8378
20151112 110120 8378
20151112 110123 8378
20151112 110130 8378
20151112 110140 8380
20151112 110140 8380
20151112 110201 8379
20151112 110207 8378
20151112 110207 8378
20151112 110228 8378
20151112 110229 8379
20151112 110232 8378
20151112 110253 8377
20151112 110256 8377
20151112 110307 8379
20151112 110321 8378
20151112 110321 8378
20151112 110322 8377
20151112 110350 8377
20151112 110359 8376
20151112 110359 8376
20151112 110400 8375
20151112 110405 8374
20151112 110415 8374
20151112 110417 8374
20151112 110421 8372
20151112 110423 8372
20151112 110423 8373
20151112 110431 8373
20151112 110441 8376
20151112 110443 8376
20151112 110503 8376
20151112 110509 8376
20151112 110531 8381
20151112 110531 8381
20151112 110531 8381
20151112 110531 8382
20151112 110536 8385
20151112 110536 8385
20151112 110537 8387
20151112 110537 8387
20151112 110538 8387
20151112 110606 8385
20151112 110611 8386
20151112 110612 8386
20151112 110612 8386
20151112 110612 8386
20151112 110612 8387
20151112 110612 8387
20151112 110612 8387
20151112 110615 8387
20151112 110621 8387
20151112 110624 8387
20151112 110628 8387
20151112 110635 8387
20151112 110644 8387
20151112 110650 8385
20151112 110650 8385
20151112 110655 8386
20151112 110657 8385
20151112 110658 8385
20151112 110701 8383
20151112 110703 8384
20151112 110704 8384
20151112 110711 8385
20151112 110711 8385
20151112 110711 8385
20151112 110713 8385
20151112 110715 8385
20151112 110715 8385
20151112 110716 8384
20151112 110756 8385
20151112 110756 8386
20151112 110756 8386
20151112 110801 8386
20151112 110819 8386
20151112 110832 8385
20151112 110832 8385
20151112 110835 8385
20151112 110840 8385
20151112 110848 8386
20151112 110855 8385
20151112 110907 8385
20151112 110925 8382
20151112 110925 8382
20151112 110953 8383
20151112 111045 8384
20151112 111052 8384
20151112 111052 8384
20151112 111100 8386
20151112 111102 8386
20151112 111102 8386
20151112 111115 8388
20151112 111125 8386
20151112 111125 8386
20151112 111148 8386
20151112 111210 8386
20151112 111237 8382
20151112 111243 8381
20151112 111335 8384
20151112 111454 8385
20151112 111455 8387
20151112 111455 8387
20151112 111455 8388
20151112 111456 8388
20151112 111456 8388
20151112 111500 8388
20151112 111501 8389
20151112 111501 8390
20151112 111501 8390
20151112 111501 8390
20151112 111501 8391
20151112 111501 8392
20151112 111501 8392
20151112 111502 8393
20151112 111502 8393
20151112 111502 8394
20151112 111502 8394
20151112 111502 8395
20151112 111502 8395
20151112 111507 8396
20151112 111507 8396
20151112 111507 8397
20151112 111513 8395
20151112 111513 8395
20151112 111513 8395
20151112 111532 8392
20151112 111532 8393
20151112 111534 8393
20151112 111539 8394
20151112 111542 8393
20151112 111544 8393
20151112 111604 8394
20151112 111605 8395
20151112 111610 8395
20151112 111620 8396
20151112 111620 8396
20151112 111643 8393
20151112 111645 8392
20151112 111703 8395
20151112 111708 8396
20151112 111711 8396
20151112 111716 8394
20151112 111729 8393
20151112 111730 8393
20151112 111734 8392
20151112 111746 8393
20151112 111752 8392
20151112 111801 8395
20151112 111801 8395
20151112 111813 8396
20151112 111820 8394
20151112 111829 8394
20151112 111831 8394
20151112 111837 8395
20151112 111854 8385
20151112 111854 8393
20151112 111855 8394
20151112 111855 8395
20151112 111856 8394
20151112 111903 8394
20151112 111914 8395
20151112 111916 8394
20151112 111928 8392
20151112 111930 8391
20151112 111955 8385
20151112 111955 8385
20151112 111956 8385
20151112 112023 8387
20151112 112029 8386
20151112 112029 8386
20151112 112038 8387
20151112 112057 8385
20151112 112100 8387
20151112 112149 8387
20151112 112233 8390
20151112 112236 8392
20151112 112236 8392
20151112 112245 8391
20151112 112247 8391
20151112 112250 8392
20151112 112250 8392
20151112 112251 8393
20151112 112300 8392
20151112 112300 8392
20151112 112304 8392
20151112 112313 8392
20151112 112347 8392
20151112 112358 8391
20151112 112420 8390
20151112 112420 8390
20151112 112432 8390
20151112 112540 8391
20151112 112604 8392
20151112 112604 8392
20151112 112605 8392
20151112 112606 8393
20151112 112607 8395
20151112 112608 8396
20151112 112612 8398
20151112 112612 8398
20151112 112612 8398
20151112 112612 8398
20151112 112630 8395
20151112 112645 8395
20151112 112653 8393
20151112 112655 8392
20151112 112656 8392
20151112 112705 8390
20151112 112709 8387
20151112 112714 8386
20151112 112715 8385
20151112 112715 8385
20151112 112721 8384
20151112 112728 8384
20151112 112743 8385
20151112 112743 8385
20151112 112743 8385
20151112 112819 8385
20151112 112831 8382
20151112 112834 8382
20151112 112834 8382
20151112 112835 8382
20151112 112933 8383
20151112 112934 8382
20151112 113008 8383
20151112 113035 8386
20151112 113037 8386
20151112 113133 8388
20151112 113139 8387
20151112 113149 8387
20151112 113244 8386
20151112 113245 8385
20151112 113344 8393
20151112 113347 8393
20151112 113351 8395
20151112 113355 8396
20151112 113359 8392
20151112 113406 8391
20151112 113414 8391
20151112 113420 8391
20151112 113427 8391
20151112 113454 8392
20151112 113458 8391
20151112 113523 8392
20151112 113552 8395
20151112 113603 8394
20151112 113603 8394
20151112 113628 8394
20151112 113636 8394
20151112 113723 8393
20151112 113731 8393
20151112 113732 8394
20151112 113739 8394
20151112 113740 8393
20151112 113804 8393
20151112 113817 8397
20151112 113817 8397
20151112 113818 8398
20151112 113821 8400
20151112 113821 8400
20151112 113821 8400
20151112 113821 8400
20151112 113821 8400
20151112 113821 8401
20151112 113822 8402
20151112 113822 8402
20151112 113822 8402
20151112 113822 8402
20151112 113822 8403
20151112 113823 8402
20151112 113829 8402
20151112 113830 8403
20151112 113830 8405
20151112 113830 8405
20151112 113831 8404
20151112 113835 8402
20151112 113838 8403
20151112 113846 8403
20151112 113846 8403
20151112 113846 8403
20151112 113851 8402
20151112 113853 8402
20151112 113900 8403
20151112 113903 8405
20151112 113903 8405
20151112 113909 8408
20151112 113910 8408
20151112 113922 8404
20151112 113922 8405
20151112 113929 8407
20151112 113930 8405
20151112 113942 8405
20151112 113943 8404
20151112 113947 8406
20151112 113959 8405
20151112 114003 8406
20151112 114012 8403
20151112 114021 8404
20151112 114021 8404
20151112 114021 8404
20151112 114021 8404
20151112 114021 8404
20151112 114021 8404
20151112 114021 8404
20151112 114021 8404
20151112 114021 8404
20151112 114022 8404
20151112 114023 8404
20151112 114023 8404
20151112 114023 8404
20151112 114034 8403
20151112 114051 8405
20151112 114052 8406
20151112 114052 8406
20151112 114052 8406
20151112 114053 8407
20151112 114053 8407
20151112 114102 8406
20151112 114110 8405
20151112 114118 8402
20151112 114120 8401
20151112 114140 8402
20151112 114140 8402
20151112 114201 8403
20151112 114210 8405
20151112 114211 8372
20151112 114211 8405
20151112 114211 8405
20151112 114211 8405
20151112 114216 8372
20151112 114216 8405
20151112 114222 8407
20151112 114222 8407
20151112 114223 8408
20151112 114223 8409
20151112 114223 8409
20151112 114223 8409
20151112 114223 8409
20151112 114223 8409
20151112 114223 8410
20151112 114223 8410
20151112 114223 8410
20151112 114223 8410
20151112 114223 8410
20151112 114223 8410
20151112 114223 8410
20151112 114223 8410
20151112 114223 8410
20151112 114223 8410
20151112 114223 8410
20151112 114223 8410
20151112 114225 8407
20151112 114237 8407
20151112 114246 8409
20151112 114248 8410
20151112 114249 8409
20151112 114251 8410
20151112 114300 8412
20151112 114301 8412
20151112 114301 8412
20151112 114302 8413
20151112 114302 8413
20151112 114302 8413
20151112 114306 8410
20151112 114319 8412
20151112 114319 8412
20151112 114319 8412
20151112 114319 8412
20151112 114329 8411
20151112 114329 8412
20151112 114334 8410
20151112 114334 8410
20151112 114336 8410
20151112 114336 8410
20151112 114336 8410
20151112 114337 8410
20151112 114340 8410
20151112 114343 8410
20151112 114345 8410
20151112 114349 8410
20151112 114404 8410
20151112 114411 8408
20151112 114411 8408
20151112 114411 8408
20151112 114411 8408
20151112 114411 8408
20151112 114453 8409
20151112 114453 8410
20151112 114454 8410
20151112 114458 8410
20151112 114507 8411
20151112 114517 8412
20151112 114533 8414
20151112 114535 8415
20151112 114535 8416
20151112 114535 8416
20151112 114535 8416
20151112 114535 8417
20151112 114535 8417
20151112 114535 8417
20151112 114535 8418
20151112 114535 8418
20151112 114535 8418
20151112 114535 8418
20151112 114535 8419
20151112 114535 8419
20151112 114535 8419
20151112 114535 8420
20151112 114535 8420
20151112 114535 8420
20151112 114536 8420
20151112 114538 8420
20151112 114540 8419
20151112 114540 8419
20151112 114541 8419
20151112 114541 8419
20151112 114542 8420
20151112 114545 8421
20151112 114554 8422
20151112 114554 8422
20151112 114554 8422
20151112 114554 8422
20151112 114554 8423
20151112 114554 8423
20151112 114554 8423
20151112 114558 8425
20151112 114558 8425
20151112 114558 8425
20151112 114558 8425
20151112 114559 8425
20151112 114601 8424
20151112 114601 8424
20151112 114601 8424
20151112 114601 8424
20151112 114603 8425
20151112 114609 8425
20151112 114609 8425
20151112 114611 8423
20151112 114612 8422
20151112 114612 8422
20151112 114612 8422
20151112 114612 8423
20151112 114614 8423
20151112 114618 8423
20151112 114626 8420
20151112 114627 8421
20151112 114630 8388
20151112 114630 8420
20151112 114633 8419
20151112 114639 8421
20151112 114653 8420
20151112 114656 8420
20151112 114732 8419
20151112 114744 8418
20151112 114746 8417
20151112 114748 8415
20151112 114800 8418
20151112 114802 8420
20151112 114802 8421
20151112 114803 8422
20151112 114809 8419
20151112 114815 8419
20151112 114816 8418
20151112 114816 8418
20151112 114816 8419
20151112 114825 8417
20151112 114825 8417
20151112 114831 8418
20151112 114834 8416
20151112 114843 8414
20151112 114912 8417
20151112 114924 8418
20151112 114925 8417
20151112 114936 8416
20151112 114938 8415
20151112 114941 8414
20151112 114958 8414
20151112 114958 8414
20151112 115002 8413
20151112 115007 8414
20151112 115010 8414
20151112 115010 8414
20151112 115010 8414
20151112 115011 8415
20151112 115113 8414
20151112 115113 8414
20151112 115113 8414
20151112 115157 8414
20151112 115215 8414
20151112 115252 8413
20151112 115258 8412
20151112 115311 8411
20151112 115315 8410
20151112 115316 8410
20151112 115329 8411
20151112 115330 8410
20151112 115337 8409
20151112 115339 8409
20151112 115339 8409
20151112 115340 8409
20151112 115341 8409
20151112 115343 8409
20151112 115344 8409
20151112 115344 8409
20151112 115345 8409
20151112 115345 8409
20151112 115345 8409
20151112 115345 8409
20151112 115345 8409
20151112 115350 8409
20151112 115350 8409
20151112 115402 8408
20151112 115405 8408
20151112 115412 8410
20151112 115449 8410
20151112 115449 8410
20151112 115451 8410
20151112 115502 8411
20151112 115503 8411
20151112 115504 8412
20151112 115513 8414
20151112 115535 8416
20151112 115601 8416
20151112 115602 8417
20151112 115604 8415
20151112 115605 8415
20151112 115625 8415
20151112 115626 8415
20151112 115633 8415
20151112 115636 8414
20151112 115722 8410
20151112 115722 8410
20151112 115731 8408
20151112 115731 8408
20151112 115732 8408
20151112 115733 8408
20151112 115733 8408
20151112 115733 8409
20151112 115745 8406
20151112 115747 8406
20151112 115747 8406
20151112 115747 8406
20151112 115804 8405
20151112 115811 8407
20151112 115828 8406
20151112 115828 8406
20151112 115828 8406
20151112 115828 8406
20151112 115828 8406
20151112 115828 8406
20151112 115834 8405
20151112 115837 8404
20151112 115838 8404
20151112 115839 8404
20151112 115903 8401
20151112 115903 8401
20151112 115903 8401
20151112 115904 8401
20151112 115917 8405
20151112 115941 8404
20151112 115941 8404
20151112 120028 8401
20151112 120030 8402
20151112 120030 8402
20151112 120036 8401
20151112 120040 8401
20151112 120049 8399
20151112 120050 8398
20151112 120050 8398
20151112 120115 8401
20151112 120153 8399
20151112 120154 8398
20151112 120154 8398
20151112 120154 8398
20151112 120154 8398
20151112 120209 8400
20151112 120209 8401
20151112 120213 8401
20151112 120258 8400
20151112 120310 8399
20151112 120321 8399
20151112 120414 8398
20151112 120414 8398
20151112 120426 8398
20151112 120426 8398
20151112 120447 8400
20151112 120457 8398
20151112 120457 8398
20151112 120457 8398
20151112 120504 8399
20151112 120511 8400
20151112 120515 8402
20151112 120517 8403
20151112 120534 8405
20151112 120538 8404
20151112 120543 8404
20151112 120549 8405
20151112 120549 8405
20151112 120549 8405
20151112 120552 8405
20151112 120609 8402
20151112 120609 8402
20151112 120609 8402
20151112 120657 8405
20151112 120658 8406
20151112 120700 8406
20151112 120700 8406
20151112 120702 8405
20151112 120705 8403
20151112 120720 8402
20151112 120742 8403
20151112 120742 8403
20151112 120747 8402
20151112 120759 8400
20151112 120816 8400
20151112 120835 8402
20151112 120851 8404
20151112 120857 8404
20151112 120917 8403
20151112 120919 8404
20151112 121024 8402
20151112 121037 8404
20151112 121040 8405
20151112 121046 8406
20151112 121118 8407
20151112 121121 8408
20151112 121122 8408
20151112 121123 8406
20151112 121128 8406
20151112 121142 8409
20151112 121148 8408
20151112 121150 8408
20151112 121154 8408
20151112 121210 8408
20151112 121226 8408
20151112 121226 8408
20151112 121226 8408
20151112 121226 8408
20151112 121232 8409
20151112 121246 8407
20151112 121247 8406
20151112 121248 8408
20151112 121258 8408
20151112 121322 8408
20151112 121354 8409
20151112 121417 8411
20151112 121422 8411
20151112 121427 8412
20151112 121435 8412
20151112 121445 8414
20151112 121445 8415
20151112 121446 8415
20151112 121447 8415
20151112 121449 8416
20151112 121453 8418
20151112 121454 8418
20151112 121508 8415
20151112 121508 8415
20151112 121536 8413
20151112 121542 8412
20151112 121546 8411
20151112 121547 8411
20151112 121548 8411
20151112 121550 8410
20151112 121554 8409
20151112 121555 8409
20151112 121555 8409
20151112 121555 8409
20151112 121555 8409
20151112 121557 8409
20151112 121630 8411
20151112 121706 8410
20151112 121707 8411
20151112 121707 8411
20151112 121717 8411
20151112 121726 8410
20151112 121726 8410
20151112 121726 8410
20151112 121726 8410
20151112 121744 8410
20151112 121747 8410
20151112 121752 8409
20151112 121752 8409
20151112 121801 8408
20151112 121801 8410
20151112 121802 8408
20151112 121816 8406
20151112 121817 8405
20151112 121830 8404
20151112 121830 8404
20151112 121833 8404
20151112 121836 8405
20151112 121855 8408
20151112 121931 8408
20151112 121945 8409
20151112 121956 8409
20151112 122004 8409
20151112 122009 8409
20151112 122059 8411
20151112 122104 8412
20151112 122118 8410
20151112 122137 8410
20151112 122206 8413
20151112 122206 8413
20151112 122216 8412
20151112 122247 8414
20151112 122309 8413
20151112 122443 8414
20151112 122443 8415
20151112 122443 8415
20151112 122446 8416
20151112 122456 8420
20151112 122456 8420
20151112 122457 8420
20151112 122457 8420
20151112 122459 8419
20151112 122501 8420
20151112 122501 8420
20151112 122501 8420
20151112 122520 8418
20151112 122526 8418
20151112 122545 8417
20151112 122546 8418
20151112 122558 8417
20151112 122610 8417
20151112 122618 8415
20151112 122630 8415
20151112 122631 8414
20151112 122641 8415
20151112 122650 8415
20151112 122650 8415
20151112 122659 8415
20151112 122723 8415
20151112 122727 8415
20151112 122738 8415
20151112 122746 8415
20151112 122746 8415
20151112 122753 8415
20151112 122753 8415
20151112 122821 8415
20151112 122824 8415
20151112 122840 8415
20151112 122840 8415
20151112 122908 8414
20151112 122950 8412
20151112 123001 8410
20151112 123001 8411
20151112 123001 8411
20151112 123004 8408
20151112 123008 8408
20151112 123012 8409
20151112 123015 8410
20151112 123017 8409
20151112 123050 8408
20151112 123054 8407
20151112 123054 8407
20151112 123055 8407
20151112 123116 8408
20151112 123125 8409
20151112 123147 8409
20151112 123209 8411
20151112 123219 8411
20151112 123351 8414
20151112 123354 8413
20151112 123404 8412
20151112 123404 8413
20151112 123459 8412
20151112 123504 8413
20151112 123522 8412
20151112 123522 8412
20151112 123536 8414
20151112 123636 8416
20151112 123641 8418
20151112 123657 8418
20151112 123708 8417
20151112 123732 8417
20151112 123757 8416
20151112 123825 8414
20151112 123825 8414
20151112 123825 8414
20151112 123829 8415
20151112 123829 8415
20151112 123835 8414
20151112 123943 8417
20151112 123943 8417
20151112 123945 8417
20151112 123957 8416
20151112 124004 8418
20151112 124030 8416
20151112 124059 8415
20151112 124125 8416
20151112 124132 8413
20151112 124136 8414
20151112 124136 8414
20151112 124136 8414
20151112 124145 8413
20151112 124312 8414
20151112 124312 8414
20151112 124325 8412
20151112 124327 8413
20151112 124358 8415
20151112 124358 8415
20151112 124403 8416
20151112 124444 8416
20151112 124554 8410
20151112 124614 8411
20151112 124632 8412
20151112 124655 8410
20151112 124700 8410
20151112 124701 8409
20151112 124701 8409
20151112 124701 8409
20151112 124726 8410
20151112 124743 8411
20151112 124752 8414
20151112 124754 8413
20151112 124809 8410
20151112 124847 8410
20151112 124852 8410
20151112 124853 8410
20151112 124955 8411
20151112 125006 8410
20151112 125006 8410
20151112 125035 8408
20151112 125035 8408
20151112 125035 8409
20151112 125035 8409
20151112 125035 8409
20151112 125036 8407
20151112 125036 8407
20151112 125036 8408
20151112 125037 8406
20151112 125046 8407
20151112 125102 8403
20151112 125103 8403
20151112 125104 8403
20151112 125104 8403
20151112 125104 8403
20151112 125105 8403
20151112 125110 8406
20151112 125157 8405
20151112 125220 8405
20151112 125307 8407
20151112 125348 8405
20151112 125426 8404
20151112 125429 8404
20151112 125503 8402
20151112 125504 8403
20151112 125504 8403
20151112 125508 8402
20151112 125509 8401
20151112 125513 8402
20151112 125517 8402
20151112 125517 8402
20151112 125520 8370
20151112 125520 8370
20151112 125520 8392
20151112 125520 8392
20151112 125525 8401
20151112 125532 8405
20151112 125532 8405
20151112 125535 8405
20151112 125537 8406
20151112 125551 8404
20151112 125613 8405
20151112 125616 8405
20151112 125617 8405
20151112 125620 8405
20151112 125621 8405
20151112 125622 8405
20151112 125622 8405
20151112 125626 8405
20151112 125626 8405
20151112 125626 8405
20151112 125626 8405
20151112 125626 8405
20151112 125635 8405
20151112 125636 8405
20151112 125655 8406
20151112 125700 8406
20151112 125703 8406
20151112 125712 8406
20151112 125712 8406
20151112 125717 8406
20151112 125717 8406
20151112 125720 8408
20151112 125724 8408
20151112 125726 8408
20151112 125742 8410
20151112 125742 8410
20151112 125742 8410
20151112 125802 8409
20151112 125823 8409
20151112 125823 8409
20151112 125823 8409
20151112 125823 8409
20151112 125840 8408
20151112 125859 8407
20151112 125918 8408
20151112 125948 8408
20151112 130004 8409
20151112 130024 8406
20151112 130032 8404
20151112 130050 8406
20151112 130102 8405
20151112 130106 8405
20151112 130114 8406
20151112 130125 8407
20151112 130125 8407
20151112 130133 8406
20151112 130139 8407
20151112 130147 8407
20151112 130222 8407
20151112 130232 8406
20151112 130335 8409
20151112 130421 8410
20151112 130421 8410
20151112 130421 8410
20151112 130439 8412
20151112 130443 8413
20151112 130515 8412
20151112 130515 8412
20151112 130518 8413
20151112 130525 8414
20151112 130526 8414
20151112 130531 8413
20151112 130544 8413
20151112 130552 8415
20151112 130552 8415
20151112 130554 8416
20151112 130554 8416
20151112 130556 8417
20151112 130557 8418
20151112 130559 8417
20151112 130559 8417
20151112 130559 8417
20151112 130559 8417
20151112 130559 8417
20151112 130559 8418
20151112 130608 8418
20151112 130609 8418
20151112 130614 8418
20151112 130628 8417
20151112 130628 8417
20151112 130629 8417
20151112 130633 8417
20151112 130633 8417
20151112 130633 8417
20151112 130641 8408
20151112 130641 8418
20151112 130644 8418
20151112 130644 8419
20151112 130652 8409
20151112 130652 8409
20151112 130652 8419
20151112 130652 8419
20151112 130658 8409
20151112 130658 8419
20151112 130702 8409
20151112 130702 8419
20151112 130708 8419
20151112 130711 8419
20151112 130711 8419
20151112 130711 8419
20151112 130711 8419
20151112 130730 8418
20151112 130733 8419
20151112 130733 8419
20151112 130733 8419
20151112 130736 8418
20151112 130736 8418
20151112 130736 8418
20151112 130738 8418
20151112 130739 8418
20151112 130739 8418
20151112 130743 8417
20151112 130810 8410
20151112 130850 8418
20151112 130919 8419
20151112 130930 8419
20151112 131014 8420
20151112 131015 8421
20151112 131015 8421
20151112 131015 8421
20151112 131017 8421
20151112 131017 8421
20151112 131017 8421
20151112 131017 8421
20151112 131017 8422
20151112 131017 8422
20151112 131017 8422
20151112 131017 8423
20151112 131044 8422
20151112 131055 8423
20151112 131058 8424
20151112 131110 8424
20151112 131110 8424
20151112 131110 8424
20151112 131110 8424
20151112 131111 8424
20151112 131113 8392
20151112 131117 8425
20151112 131119 8425
20151112 131124 8425
20151112 131130 8425
20151112 131131 8426
20151112 131132 8426
20151112 131135 8425
20151112 131136 8427
20151112 131136 8427
20151112 131136 8428
20151112 131139 8430
20151112 131139 8430
20151112 131140 8431
20151112 131140 8431
20151112 131140 8431
20151112 131140 8431
20151112 131140 8431
20151112 131140 8431
20151112 131140 8431
20151112 131141 8431
20151112 131141 8431
20151112 131141 8431
20151112 131141 8431
20151112 131141 8431
20151112 131144 8431
20151112 131144 8431
20151112 131144 8431
20151112 131155 8430
20151112 131156 8430
20151112 131202 8430
20151112 131209 8427
20151112 131209 8427
20151112 131210 8426
20151112 131211 8427
20151112 131211 8427
20151112 131247 8425
20151112 131255 8424
20151112 131255 8425
20151112 131259 8424
20151112 131259 8424
20151112 131259 8424
20151112 131301 8423
20151112 131302 8422
20151112 131302 8422
20151112 131302 8422
20151112 131302 8422
20151112 131302 8422
20151112 131306 8422
20151112 131357 8424
20151112 131404 8424
20151112 131405 8425
20151112 131415 8424
20151112 131430 8422
20151112 131430 8422
20151112 131430 8422
20151112 131431 8422
20151112 131432 8421
20151112 131432 8421
20151112 131432 8421
20151112 131432 8421
20151112 131435 8421
20151112 131457 8422
20151112 131507 8422
20151112 131507 8423
20151112 131529 8421
20151112 131616 8424
20151112 131621 8423
20151112 131632 8423
20151112 131656 8423
20151112 131703 8424
20151112 131708 8424
20151112 131718 8423
20151112 131728 8424
20151112 131730 8424
20151112 131732 8424
20151112 131739 8425
20151112 131740 8425
20151112 131756 8427
20151112 131801 8426
20151112 131801 8426
20151112 131801 8426
20151112 131801 8426
20151112 131801 8426
20151112 131824 8428
20151112 131831 8428
20151112 131831 8428
20151112 131831 8428
20151112 131831 8428
20151112 131831 8428
20151112 131833 8428
20151112 131833 8428
20151112 131834 8428
20151112 131834 8428
20151112 131835 8428
20151112 131836 8428
20151112 131836 8428
20151112 131838 8428
20151112 131838 8428
20151112 131854 8428
20151112 131912 8429
20151112 131935 8429
20151112 131945 8427
20151112 131945 8427
20151112 131945 8428
20151112 131945 8428
20151112 131950 8425
20151112 131950 8425
20151112 131950 8425
20151112 131950 8425
20151112 131950 8425
20151112 131952 8422
20151112 131952 8422
20151112 131952 8422
20151112 131952 8422
20151112 131952 8423
20151112 131952 8424
20151112 131952 8424
20151112 131952 8424
20151112 131952 8424
20151112 131954 8422
20151112 131954 8422
20151112 131955 8422
20151112 131955 8422
20151112 132001 8423
20151112 132005 8423
20151112 132005 8423
20151112 132044 8424
20151112 132045 8424
20151112 132104 8423
20151112 132114 8424
20151112 132145 8421
20151112 132145 8421
20151112 132146 8420
20151112 132151 8419
20151112 132152 8419
20151112 132152 8419
20151112 132152 8419
20151112 132154 8419
20151112 132155 8419
20151112 132156 8419
20151112 132156 8419
20151112 132239 8423
20151112 132242 8422
20151112 132252 8424
20151112 132300 8423
20151112 132317 8423
20151112 132333 8425
20151112 132333 8425
20151112 132334 8424
20151112 132411 8426
20151112 132423 8426
20151112 132433 8426
20151112 132436 8425
20151112 132442 8427
20151112 132500 8425
20151112 132503 8424
20151112 132511 8424
20151112 132522 8428
20151112 132522 8428
20151112 132555 8426
20151112 132601 8425
20151112 132601 8425
20151112 132622 8425
20151112 132648 8425
20151112 132707 8423
20151112 132707 8423
20151112 132707 8423
20151112 132721 8424
20151112 132730 8424
20151112 132741 8424
20151112 132800 8426
20151112 132804 8426
20151112 132830 8424
20151112 132830 8424
20151112 132830 8424
20151112 132857 8426
20151112 132905 8426
20151112 132910 8426
20151112 132912 8427
20151112 132912 8427
20151112 132913 8428
20151112 132913 8428
20151112 132928 8429
20151112 132929 8429
20151112 132929 8429
20151112 132930 8429
20151112 132934 8428
20151112 132942 8429
20151112 133022 8427
20151112 133023 8427
20151112 133056 8427
20151112 133120 8427
20151112 133120 8427
20151112 133120 8427
20151112 133120 8427
20151112 133131 8428
20151112 133131 8428
20151112 133140 8429
20151112 133144 8430
20151112 133144 8430
20151112 133144 8430
20151112 133144 8430
20151112 133144 8430
20151112 133144 8430
20151112 133144 8430
20151112 133144 8430
20151112 133144 8430
20151112 133145 8431
20151112 133145 8431
20151112 133148 8432
20151112 133148 8432
20151112 133202 8432
20151112 133225 8430
20151112 133225 8430
20151112 133229 8428
20151112 133238 8429
20151112 133256 8428
20151112 133311 8430
20151112 133311 8430
20151112 133313 8430
20151112 133316 8430
20151112 133325 8430
20151112 133336 8431
20151112 133352 8432
20151112 133354 8432
20151112 133355 8432
20151112 133356 8432
20151112 133357 8432
20151112 133358 8432
20151112 133415 8424
20151112 133415 8433
20151112 133438 8433
20151112 133457 8434
20151112 133457 8434
20151112 133500 8435
20151112 133500 8435
20151112 133501 8436
20151112 133501 8436
20151112 133501 8436
20151112 133502 8436
20151112 133505 8436
20151112 133506 8437
20151112 133506 8437
20151112 133506 8437
20151112 133507 8436
20151112 133508 8436
20151112 133508 8437
20151112 133509 8437
20151112 133509 8437
20151112 133515 8436
20151112 133515 8436
20151112 133515 8436
20151112 133515 8436
20151112 133515 8436
20151112 133515 8436
20151112 133523 8436
20151112 133525 8437
20151112 133526 8428
20151112 133526 8438
20151112 133526 8438
20151112 133526 8438
20151112 133528 8439
20151112 133529 8439
20151112 133529 8439
20151112 133529 8439
20151112 133529 8439
20151112 133530 8439
20151112 133531 8439
20151112 133531 8439
20151112 133531 8440
20151112 133531 8440
20151112 133531 8440
20151112 133532 8440
20151112 133532 8440
20151112 133532 8440
20151112 133532 8440
20151112 133532 8440
20151112 133534 8440
20151112 133536 8440
20151112 133536 8440
20151112 133536 8440
20151112 133537 8440
20151112 133537 8440
20151112 133539 8439
20151112 133540 8440
20151112 133542 8440
20151112 133542 8441
20151112 133542 8441
20151112 133543 8441
20151112 133543 8441
20151112 133543 8441
20151112 133543 8441
20151112 133543 8441
20151112 133543 8441
20151112 133543 8441
20151112 133543 8441
20151112 133543 8441
20151112 133543 8441
20151112 133543 8441
20151112 133546 8442
20151112 133546 8443
20151112 133547 8444
20151112 133551 8443
20151112 133554 8445
20151112 133555 8444
20151112 133555 8446
20151112 133555 8446
20151112 133555 8446
20151112 133555 8446
20151112 133555 8446
20151112 133555 8446
20151112 133556 8446
20151112 133556 8447
20151112 133556 8448
20151112 133556 8448
20151112 133556 8449
20151112 133556 8449
20151112 133556 8449
20151112 133556 8449
20151112 133556 8449
20151112 133602 8448
20151112 133605 8450
20151112 133606 8451
20151112 133606 8451
20151112 133606 8451
20151112 133606 8451
20151112 133606 8451
20151112 133606 8451
20151112 133607 8451
20151112 133607 8451
20151112 133608 8451
20151112 133608 8452
20151112 133608 8452
20151112 133609 8452
20151112 133609 8452
20151112 133609 8452
20151112 133610 8454
20151112 133610 8454
20151112 133612 8453
20151112 133613 8453
20151112 133614 8455
20151112 133615 8455
20151112 133616 8455
20151112 133616 8455
20151112 133619 8455
20151112 133621 8455
20151112 133621 8456
20151112 133621 8456
20151112 133621 8456
20151112 133621 8456
20151112 133621 8456
20151112 133621 8456
20151112 133621 8456
20151112 133626 8454
20151112 133626 8454
20151112 133626 8454
20151112 133626 8454
20151112 133626 8454
20151112 133626 8454
20151112 133626 8454
20151112 133635 8457
20151112 133637 8457
20151112 133639 8457
20151112 133639 8458
20151112 133639 8458
20151112 133643 8459
20151112 133643 8459
20151112 133643 8459
20151112 133644 8459
20151112 133646 8459
20151112 133646 8460
20151112 133647 8460
20151112 133647 8460
20151112 133649 8458
20151112 133659 8458
20151112 133711 8458
20151112 133711 8458
20151112 133720 8458
20151112 133729 8423
20151112 133729 8448
20151112 133734 8458
20151112 133743 8456
20151112 133743 8456
20151112 133743 8456
20151112 133745 8456
20151112 133755 8454
20151112 133755 8454
20151112 133755 8454
20151112 133755 8454
20151112 133755 8454
20151112 133756 8455
20151112 133801 8454
20151112 133802 8454
20151112 133803 8453
20151112 133803 8453
20151112 133804 8453
20151112 133804 8453
20151112 133808 8453
20151112 133813 8453
20151112 133823 8454
20151112 133833 8454
20151112 133847 8454
20151112 133857 8452
20151112 133857 8452
20151112 133900 8451
20151112 133901 8453
20151112 133910 8453
20151112 133917 8453
20151112 133934 8444
20151112 133939 8455
20151112 133942 8456
20151112 133942 8456
20151112 133945 8456
20151112 133945 8456
20151112 133951 8455
20151112 133952 8454
20151112 133952 8454
20151112 134000 8453
20151112 134000 8453
20151112 134003 8454
20151112 134003 8454
20151112 134003 8454
20151112 134003 8454
20151112 134004 8454
20151112 134004 8454
20151112 134004 8454
20151112 134004 8454
20151112 134004 8454
20151112 134005 8454
20151112 134005 8454
20151112 134005 8454
20151112 134005 8454
20151112 134006 8454
20151112 134006 8454
20151112 134006 8454
20151112 134007 8454
20151112 134014 8452
20151112 134016 8450
20151112 134016 8451
20151112 134020 8450
20151112 134021 8450
20151112 134021 8450
20151112 134021 8450
20151112 134021 8450
20151112 134022 8449
20151112 134022 8449
20151112 134023 8449
20151112 134023 8449
20151112 134025 8449
20151112 134026 8449
20151112 134027 8449
20151112 134027 8449
20151112 134029 8448
20151112 134033 8447
20151112 134033 8447
20151112 134033 8448
20151112 134033 8448
20151112 134034 8447
20151112 134035 8447
20151112 134035 8447
20151112 134036 8449
20151112 134048 8453
20151112 134054 8453
20151112 134104 8455
20151112 134106 8455
20151112 134119 8454
20151112 134129 8455
20151112 134136 8456
20151112 134136 8456
20151112 134136 8456
20151112 134136 8456
20151112 134145 8458
20151112 134145 8458
20151112 134148 8459
20151112 134148 8459
20151112 134148 8459
20151112 134148 8459
20151112 134149 8459
20151112 134149 8459
20151112 134149 8459
20151112 134149 8459
20151112 134158 8457
20151112 134158 8457
20151112 134158 8457
20151112 134158 8457
20151112 134202 8455
20151112 134206 8455
20151112 134209 8455
20151112 134213 8456
20151112 134222 8458
20151112 134222 8458
20151112 134225 8458
20151112 134225 8459
20151112 134227 8458
20151112 134232 8459
20151112 134233 8459
20151112 134238 8459
20151112 134238 8459
20151112 134238 8459
20151112 134252 8458
20151112 134253 8457
20151112 134259 8457
20151112 134259 8457
20151112 134300 8458
20151112 134301 8458
20151112 134309 8458
20151112 134318 8460
20151112 134319 8460
20151112 134319 8460
20151112 134320 8458
20151112 134324 8460
20151112 134324 8460
20151112 134342 8458
20151112 134342 8460
20151112 134342 8460
20151112 134342 8460
20151112 134342 8460
20151112 134342 8460
20151112 134342 8460
20151112 134342 8460
20151112 134342 8460
20151112 134342 8460
20151112 134342 8460
20151112 134342 8460
20151112 134348 8459
20151112 134348 8459
20151112 134359 8458
20151112 134408 8459
20151112 134411 8458
20151112 134411 8458
20151112 134411 8458
20151112 134427 8459
20151112 134429 8458
20151112 134429 8459
20151112 134429 8459
20151112 134429 8459
20151112 134429 8459
20151112 134429 8459
20151112 134429 8459
20151112 134429 8459
20151112 134431 8458
20151112 134432 8458
20151112 134434 8458
20151112 134434 8458
20151112 134436 8458
20151112 134436 8458
20151112 134436 8458
20151112 134437 8459
20151112 134445 8459
20151112 134449 8459
20151112 134449 8459
20151112 134449 8459
20151112 134450 8458
20151112 134450 8458
20151112 134450 8458
20151112 134450 8458
20151112 134450 8458
20151112 134450 8459
20151112 134450 8459
20151112 134450 8460
20151112 134450 8460
20151112 134451 8449
20151112 134451 8459
20151112 134452 8459
20151112 134452 8459
20151112 134453 8459
20151112 134456 8458
