20151105 084500 8878
20151105 084500 8880
20151105 084500 8880
20151105 084518 8874
20151105 084519 8875
20151105 084521 8875
20151105 084540 8872
20151105 084543 8872
20151105 084554 8873
20151105 084558 8871
20151105 084558 8871
20151105 084558 8871
20151105 084600 8869
20151105 084600 8870
20151105 084600 8870
20151105 084600 8870
20151105 084600 8870
20151105 084601 8868
20151105 084601 8869
20151105 084601 8869
20151105 084608 8868
20151105 084622 8868
20151105 084627 8867
20151105 084628 8868
20151105 084640 8864
20151105 084640 8864
20151105 084640 8865
20151105 084640 8865
20151105 084646 8867
20151105 084657 8866
20151105 084702 8866
20151105 084704 8867
20151105 084714 8867
20151105 084726 8867
20151105 084740 8868
20151105 084740 8869
20151105 084740 8869
20151105 084743 8869
20151105 084743 8869
20151105 084748 8860
20151105 084751 8871
20151105 084753 8872
20151105 084803 8873
20151105 084805 8873
20151105 084805 8873
20151105 084841 8875
20151105 084855 8877
20151105 084902 8878
20151105 084922 8878
20151105 084933 8880
20151105 084933 8880
20151105 084938 8880
20151105 084949 8882
20151105 084950 8882
20151105 084959 8883
20151105 085000 8883
20151105 085001 8884
20151105 085001 8884
20151105 085032 8881
20151105 085032 8881
20151105 085032 8881
20151105 085033 8887
20151105 085037 8882
20151105 085055 8882
20151105 085108 8883
20151105 085117 8883
20151105 085125 8882
20151105 085125 8882
20151105 085130 8884
20151105 085138 8884
20151105 085139 8884
20151105 085143 8885
20151105 085144 8886
20151105 085144 8886
20151105 085144 8887
20151105 085149 8889
20151105 085213 8886
20151105 085213 8886
20151105 085238 8888
20151105 085239 8889
20151105 085248 8891
20151105 085251 8889
20151105 085301 8890
20151105 085304 8890
20151105 085349 8888
20151105 085400 8887
20151105 085401 8886
20151105 085413 8886
20151105 085430 8885
20151105 085437 8886
20151105 085437 8887
20151105 085442 8887
20151105 085457 8886
20151105 085504 8885
20151105 085507 8885
20151105 085531 8885
20151105 085600 8885
20151105 085602 8885
20151105 085618 8886
20151105 085630 8885
20151105 085631 8884
20151105 085636 8883
20151105 085654 8883
20151105 085654 8883
20151105 085654 8883
20151105 085659 8884
20151105 085732 8882
20151105 085732 8882
20151105 085733 8882
20151105 085733 8882
20151105 085734 8882
20151105 085738 8882
20151105 085740 8882
20151105 085753 8883
20151105 085804 8884
20151105 085805 8882
20151105 085805 8882
20151105 085805 8882
20151105 085805 8882
20151105 085805 8882
20151105 085816 8882
20151105 085916 8880
20151105 085916 8881
20151105 085935 8878
20151105 085938 8878
20151105 085938 8878
20151105 085938 8878
20151105 090010 8873
20151105 090011 8873
20151105 090012 8873
20151105 090012 8873
20151105 090012 8873
20151105 090026 8882
20151105 090026 8882
20151105 090028 8883
20151105 090029 8884
20151105 090029 8884
20151105 090029 8884
20151105 090030 8884
20151105 090030 8884
20151105 090034 8883
20151105 090034 8883
20151105 090034 8883
20151105 090040 8880
20151105 090044 8878
20151105 090044 8878
20151105 090057 8878
20151105 090106 8873
20151105 090114 8870
20151105 090120 8869
20151105 090122 8868
20151105 090122 8868
20151105 090122 8868
20151105 090122 8869
20151105 090122 8869
20151105 090123 8868
20151105 090123 8868
20151105 090130 8871
20151105 090134 8871
20151105 090202 8872
20151105 090203 8873
20151105 090214 8871
20151105 090214 8871
20151105 090214 8871
20151105 090215 8869
20151105 090220 8869
20151105 090232 8868
20151105 090232 8868
20151105 090232 8868
20151105 090252 8869
20151105 090258 8866
20151105 090301 8865
20151105 090301 8865
20151105 090302 8865
20151105 090309 8867
20151105 090309 8867
20151105 090326 8868
20151105 090341 8870
20151105 090341 8870
20151105 090352 8870
20151105 090354 8870
20151105 090358 8868
20151105 090400 8866
20151105 090403 8865
20151105 090406 8866
20151105 090420 8869
20151105 090430 8867
20151105 090443 8868
20151105 090449 8867
20151105 090452 8867
20151105 090454 8866
20151105 090455 8867
20151105 090458 8867
20151105 090459 8866
20151105 090508 8870
20151105 090508 8871
20151105 090508 8872
20151105 090508 8872
20151105 090508 8872
20151105 090508 8872
20151105 090513 8874
20151105 090513 8874
20151105 090513 8874
20151105 090513 8874
20151105 090525 8875
20151105 090525 8875
20151105 090540 8872
20151105 090540 8872
20151105 090550 8872
20151105 090557 8870
20151105 090557 8870
20151105 090559 8869
20151105 090559 8869
20151105 090601 8868
20151105 090601 8868
20151105 090601 8868
20151105 090601 8868
20151105 090605 8867
20151105 090605 8867
20151105 090605 8867
20151105 090613 8866
20151105 090628 8862
20151105 090628 8862
20151105 090628 8862
20151105 090628 8862
20151105 090628 8862
20151105 090628 8862
20151105 090628 8863
20151105 090628 8864
20151105 090628 8864
20151105 090628 8864
20151105 090629 8863
20151105 090630 8863
20151105 090630 8863
20151105 090630 8863
20151105 090638 8858
20151105 090638 8860
20151105 090638 8860
20151105 090638 8860
20151105 090639 8857
20151105 090643 8862
20151105 090653 8857
20151105 090653 8857
20151105 090654 8857
20151105 090654 8857
20151105 090703 8860
20151105 090705 8858
20151105 090707 8857
20151105 090710 8856
20151105 090710 8857
20151105 090710 8857
20151105 090710 8857
20151105 090720 8856
20151105 090721 8857
20151105 090721 8857
20151105 090721 8857
20151105 090721 8857
20151105 090723 8857
20151105 090735 8855
20151105 090736 8856
20151105 090738 8857
20151105 090740 8857
20151105 090744 8855
20151105 090744 8855
20151105 090746 8856
20151105 090750 8854
20151105 090751 8855
20151105 090756 8849
20151105 090756 8856
20151105 090806 8856
20151105 090813 8856
20151105 090827 8860
20151105 090848 8860
20151105 090851 8860
20151105 090853 8859
20151105 090859 8860
20151105 090904 8853
20151105 090904 8853
20151105 090904 8853
20151105 090904 8853
20151105 090904 8854
20151105 090904 8854
20151105 090904 8854
20151105 090904 8854
20151105 090904 8854
20151105 090904 8855
20151105 090904 8855
20151105 090909 8851
20151105 090909 8852
20151105 090909 8852
20151105 090909 8852
20151105 090909 8852
20151105 090922 8850
20151105 090929 8850
20151105 090930 8850
20151105 090930 8850
20151105 090931 8849
20151105 090931 8849
20151105 090932 8848
20151105 090932 8848
20151105 090932 8848
20151105 090939 8847
20151105 090939 8847
20151105 090945 8844
20151105 090945 8847
20151105 090947 8847
20151105 090957 8843
20151105 090958 8843
20151105 090958 8843
20151105 090958 8843
20151105 090958 8843
20151105 090958 8843
20151105 091000 8836
20151105 091000 8842
20151105 091000 8842
20151105 091000 8842
20151105 091000 8842
20151105 091000 8842
20151105 091000 8842
20151105 091000 8842
20151105 091000 8842
20151105 091000 8842
20151105 091000 8842
20151105 091000 8842
20151105 091000 8842
20151105 091000 8842
20151105 091000 8843
20151105 091000 8843
20151105 091001 8841
20151105 091001 8841
20151105 091011 8842
20151105 091011 8842
20151105 091016 8845
20151105 091016 8845
20151105 091016 8845
20151105 091019 8848
20151105 091019 8848
20151105 091034 8846
20151105 091048 8848
20151105 091048 8848
20151105 091050 8848
20151105 091109 8846
20151105 091109 8846
20151105 091112 8846
20151105 091133 8846
20151105 091146 8848
20151105 091155 8847
20151105 091213 8849
20151105 091218 8849
20151105 091248 8848
20151105 091253 8842
20151105 091253 8847
20151105 091302 8846
20151105 091309 8846
20151105 091329 8848
20151105 091330 8849
20151105 091333 8857
20151105 091336 8853
20151105 091345 8852
20151105 091345 8852
20151105 091345 8852
20151105 091345 8853
20151105 091345 8854
20151105 091402 8854
20151105 091408 8854
20151105 091432 8857
20151105 091456 8856
20151105 091456 8856
20151105 091515 8854
20151105 091515 8854
20151105 091515 8854
20151105 091515 8854
20151105 091515 8854
20151105 091515 8854
20151105 091518 8855
20151105 091520 8853
20151105 091520 8853
20151105 091520 8853
20151105 091521 8853
20151105 091521 8853
20151105 091521 8853
20151105 091523 8851
20151105 091555 8846
20151105 091614 8849
20151105 091647 8853
20151105 091710 8851
20151105 091710 8851
20151105 091719 8850
20151105 091737 8853
20151105 091737 8853
20151105 091828 8853
20151105 091828 8853
20151105 091842 8854
20151105 091911 8853
20151105 091911 8853
20151105 092005 8852
20151105 092009 8849
20151105 092012 8848
20151105 092012 8848
20151105 092025 8849
20151105 092027 8849
20151105 092029 8850
20151105 092100 8853
20151105 092116 8856
20151105 092118 8857
20151105 092121 8859
20151105 092128 8856
20151105 092153 8857
20151105 092208 8854
20151105 092208 8854
20151105 092212 8852
20151105 092213 8852
20151105 092214 8852
20151105 092214 8852
20151105 092215 8852
20151105 092252 8853
20151105 092256 8855
20151105 092336 8852
20151105 092340 8852
20151105 092343 8852
20151105 092349 8851
20151105 092415 8851
20151105 092416 8851
20151105 092418 8849
20151105 092418 8849
20151105 092421 8848
20151105 092431 8852
20151105 092454 8857
20151105 092514 8855
20151105 092527 8855
20151105 092541 8851
20151105 092541 8851
20151105 092542 8851
20151105 092542 8851
20151105 092549 8853
20151105 092701 8849
20151105 092701 8850
20151105 092701 8858
20151105 092702 8849
20151105 092702 8849
20151105 092702 8849
20151105 092702 8849
20151105 092702 8849
20151105 092702 8850
20151105 092702 8850
20151105 092719 8852
20151105 092720 8852
20151105 092806 8852
20151105 092806 8852
20151105 092806 8852
20151105 092806 8852
20151105 092806 8852
20151105 092831 8848
20151105 092832 8846
20151105 092832 8847
20151105 092837 8841
20151105 092837 8841
20151105 092837 8841
20151105 092837 8841
20151105 092837 8841
20151105 092837 8842
20151105 092837 8842
20151105 092837 8842
20151105 092837 8842
20151105 092837 8842
20151105 092837 8843
20151105 092837 8843
20151105 092837 8843
20151105 092837 8843
20151105 092837 8844
20151105 092837 8844
20151105 092837 8844
20151105 092837 8844
20151105 092838 8833
20151105 092838 8833
20151105 092838 8833
20151105 092838 8833
20151105 092838 8833
20151105 092838 8834
20151105 092838 8837
20151105 092838 8837
20151105 092838 8837
20151105 092838 8837
20151105 092838 8837
20151105 092838 8837
20151105 092838 8839
20151105 092838 8839
20151105 092838 8839
20151105 092850 8839
20151105 092903 8848
20151105 092905 8837
20151105 092905 8837
20151105 092905 8837
20151105 092905 8837
20151105 092905 8837
20151105 092910 8836
20151105 092915 8836
20151105 092921 8836
20151105 092946 8835
20151105 092948 8833
20151105 092948 8833
20151105 092948 8834
20151105 092949 8833
20151105 092949 8833
20151105 092949 8833
20151105 092950 8833
20151105 092954 8831
20151105 092954 8836
20151105 092954 8836
20151105 093000 8833
20151105 093000 8833
20151105 093000 8833
20151105 093000 8833
20151105 093000 8833
20151105 093005 8833
20151105 093007 8833
20151105 093011 8837
20151105 093036 8838
20151105 093036 8838
20151105 093038 8839
20151105 093111 8840
20151105 093111 8840
20151105 093111 8840
20151105 093111 8841
20151105 093111 8841
20151105 093112 8842
20151105 093114 8843
20151105 093119 8847
20151105 093119 8847
20151105 093120 8848
20151105 093133 8846
20151105 093147 8847
20151105 093152 8849
20151105 093152 8849
20151105 093153 8849
20151105 093153 8850
20151105 093212 8851
20151105 093212 8859
20151105 093219 8850
20151105 093233 8849
20151105 093235 8850
20151105 093256 8851
20151105 093256 8851
20151105 093321 8846
20151105 093321 8850
20151105 093328 8849
20151105 093331 8846
20151105 093331 8859
20151105 093358 8851
20151105 093401 8852
20151105 093401 8860
20151105 093402 8853
20151105 093413 8855
20151105 093449 8856
20151105 093450 8857
20151105 093456 8856
20151105 093513 8854
20151105 093521 8855
20151105 093612 8856
20151105 093612 8856
20151105 093612 8856
20151105 093619 8857
20151105 093622 8859
20151105 093622 8859
20151105 093622 8859
20151105 093622 8859
20151105 093622 8860
20151105 093622 8860
20151105 093623 8861
20151105 093623 8861
20151105 093627 8857
20151105 093631 8859
20151105 093632 8860
20151105 093644 8859
20151105 093654 8862
20151105 093723 8863
20151105 093736 8864
20151105 093806 8864
20151105 093806 8864
20151105 093808 8863
20151105 093840 8866
20151105 093844 8868
20151105 093844 8868
20151105 093849 8869
20151105 093901 8870
20151105 093901 8870
20151105 093901 8871
20151105 093901 8871
20151105 093901 8879
20151105 093911 8872
20151105 093911 8872
20151105 093916 8872
20151105 093916 8872
20151105 093916 8872
20151105 093916 8872
20151105 093916 8872
20151105 093916 8872
20151105 093916 8872
20151105 093917 8873
20151105 093925 8874
20151105 093931 8875
20151105 093931 8876
20151105 093931 8877
20151105 093931 8877
20151105 093931 8885
20151105 093939 8877
20151105 093939 8877
20151105 093939 8877
20151105 093939 8877
20151105 093941 8879
20151105 093945 8880
20151105 093946 8882
20151105 093946 8882
20151105 093946 8882
20151105 093950 8882
20151105 093950 8882
20151105 093953 8884
20151105 093953 8884
20151105 093954 8883
20151105 093954 8883
20151105 093954 8883
20151105 093954 8883
20151105 093954 8883
20151105 093954 8884
20151105 093958 8883
20151105 093958 8883
20151105 094004 8878
20151105 094037 8878
20151105 094043 8874
20151105 094043 8887
20151105 094049 8878
20151105 094054 8877
20151105 094111 8876
20151105 094122 8878
20151105 094123 8878
20151105 094135 8879
20151105 094140 8880
20151105 094141 8880
20151105 094148 8880
20151105 094148 8880
20151105 094148 8880
20151105 094151 8879
20151105 094159 8882
20151105 094159 8884
20151105 094159 8885
20151105 094159 8885
20151105 094159 8885
20151105 094159 8893
20151105 094200 8884
20151105 094208 8880
20151105 094211 8877
20151105 094211 8878
20151105 094211 8878
20151105 094213 8878
20151105 094217 8877
20151105 094226 8878
20151105 094235 8875
20151105 094251 8876
20151105 094252 8876
20151105 094252 8876
20151105 094252 8876
20151105 094257 8875
20151105 094301 8875
20151105 094306 8877
20151105 094309 8878
20151105 094309 8878
20151105 094341 8875
20151105 094430 8882
20151105 094436 8874
20151105 094448 8874
20151105 094501 8875
20151105 094504 8876
20151105 094504 8876
20151105 094504 8876
20151105 094517 8876
20151105 094521 8887
20151105 094557 8871
20151105 094557 8871
20151105 094608 8871
20151105 094627 8872
20151105 094627 8872
20151105 094629 8872
20151105 094716 8871
20151105 094717 8871
20151105 094750 8870
20151105 094754 8873
20151105 094836 8872
20151105 094847 8873
20151105 094854 8871
20151105 094854 8871
20151105 094854 8871
20151105 094854 8871
20151105 094854 8871
20151105 094854 8871
20151105 094854 8871
20151105 094854 8871
20151105 094854 8871
20151105 094855 8870
20151105 094855 8870
20151105 094855 8870
20151105 094855 8870
20151105 094911 8872
20151105 094912 8873
20151105 094912 8873
20151105 094914 8873
20151105 094925 8872
20151105 094937 8872
20151105 095037 8869
20151105 095038 8870
20151105 095050 8878
20151105 095108 8868
20151105 095109 8867
20151105 095109 8867
20151105 095111 8867
20151105 095116 8866
20151105 095118 8866
20151105 095123 8865
20151105 095123 8866
20151105 095126 8865
20151105 095127 8865
20151105 095127 8865
20151105 095239 8870
20151105 095252 8868
20151105 095323 8869
20151105 095447 8868
20151105 095451 8867
20151105 095601 8875
20151105 095610 8875
20151105 095618 8875
20151105 095702 8878
20151105 095702 8878
20151105 095702 8878
20151105 095702 8879
20151105 095702 8879
20151105 095702 8879
20151105 095702 8879
20151105 095702 8879
20151105 095702 8879
20151105 095702 8879
20151105 095702 8879
20151105 095702 8879
20151105 095703 8880
20151105 095705 8880
20151105 095709 8881
20151105 095710 8881
20151105 095718 8878
20151105 095733 8877
20151105 095739 8876
20151105 095834 8880
20151105 095857 8877
20151105 095938 8877
20151105 100004 8875
20151105 100005 8875
20151105 100020 8876
20151105 100054 8877
20151105 100101 8877
20151105 100114 8879
20151105 100143 8878
20151105 100238 8877
20151105 100306 8876
20151105 100318 8877
20151105 100407 8880
20151105 100407 8880
20151105 100407 8880
20151105 100407 8881
20151105 100408 8882
20151105 100408 8882
20151105 100408 8882
20151105 100408 8882
20151105 100408 8882
20151105 100414 8885
20151105 100414 8885
20151105 100415 8885
20151105 100415 8887
20151105 100415 8887
20151105 100415 8887
20151105 100415 8887
20151105 100415 8888
20151105 100415 8889
20151105 100415 8890
20151105 100415 8890
20151105 100415 8890
20151105 100416 8886
20151105 100416 8889
20151105 100416 8889
20151105 100416 8889
20151105 100416 8889
20151105 100416 8889
20151105 100416 8889
20151105 100416 8890
20151105 100416 8899
20151105 100418 8891
20151105 100418 8891
20151105 100418 8892
20151105 100418 8892
20151105 100418 8892
20151105 100418 8892
20151105 100418 8892
20151105 100418 8892
20151105 100418 8892
20151105 100418 8892
20151105 100418 8892
20151105 100418 8892
20151105 100418 8892
20151105 100418 8892
20151105 100418 8892
20151105 100418 8894
20151105 100418 8894
20151105 100419 8895
20151105 100419 8895
20151105 100419 8896
20151105 100419 8896
20151105 100419 8897
20151105 100419 8897
20151105 100419 8898
20151105 100420 8895
20151105 100430 8889
20151105 100447 8886
20151105 100450 8887
20151105 100553 8884
20151105 100559 8881
20151105 100559 8881
20151105 100609 8882
20151105 100613 8882
20151105 100639 8873
20151105 100639 8873
20151105 100639 8873
20151105 100639 8873
20151105 100639 8873
20151105 100639 8873
20151105 100639 8873
20151105 100639 8873
20151105 100639 8874
20151105 100639 8874
20151105 100639 8876
20151105 100640 8873
20151105 100646 8872
20151105 100648 8872
20151105 100649 8873
20151105 100650 8873
20151105 100651 8873
20151105 100651 8873
20151105 100651 8873
20151105 100659 8869
20151105 100701 8869
20151105 100702 8866
20151105 100702 8867
20151105 100702 8867
20151105 100702 8867
20151105 100702 8867
20151105 100702 8867
20151105 100704 8866
20151105 100705 8866
20151105 100705 8866
20151105 100707 8864
20151105 100707 8865
20151105 100707 8865
20151105 100716 8868
20151105 100721 8868
20151105 100728 8868
20151105 100759 8870
20151105 100805 8872
20151105 100809 8871
20151105 100836 8873
20151105 100839 8873
20151105 100840 8870
20151105 100848 8870
20151105 100850 8869
20151105 100852 8871
20151105 100853 8870
20151105 100906 8869
20151105 100906 8869
20151105 100914 8867
20151105 100917 8867
20151105 100918 8865
20151105 100918 8866
20151105 100918 8866
20151105 100919 8864
20151105 100919 8864
20151105 100928 8858
20151105 100928 8871
20151105 100930 8858
20151105 100930 8871
20151105 100931 8862
20151105 100931 8862
20151105 100932 8862
20151105 100933 8862
20151105 100934 8861
20151105 100934 8861
20151105 100934 8861
20151105 100936 8858
20151105 100936 8858
20151105 100936 8859
20151105 100936 8860
20151105 100936 8861
20151105 100937 8858
20151105 100938 8861
20151105 100958 8864
20151105 101003 8863
20151105 101126 8869
20151105 101249 8869
20151105 101326 8871
20151105 101334 8872
20151105 101334 8872
20151105 101412 8873
20151105 101422 8872
20151105 101434 8874
20151105 101434 8874
20151105 101434 8874
20151105 101436 8875
20151105 101436 8875
20151105 101436 8875
20151105 101436 8875
20151105 101441 8879
20151105 101442 8879
20151105 101536 8875
20151105 101540 8873
20151105 101608 8876
20151105 101656 8878
20151105 101656 8878
20151105 101659 8879
20151105 101726 8880
20151105 101726 8880
20151105 101727 8880
20151105 101727 8880
20151105 101727 8880
20151105 101728 8880
20151105 101822 8879
20151105 101846 8877
20151105 101945 8873
20151105 102109 8876
20151105 102111 8876
20151105 102232 8873
20151105 102303 8872
20151105 102355 8872
20151105 102413 8873
20151105 102518 8875
20151105 102520 8877
20151105 102522 8878
20151105 102642 8872
20151105 102734 8872
20151105 102805 8872
20151105 102906 8869
20151105 102906 8871
20151105 102912 8867
20151105 102912 8867
20151105 102913 8866
20151105 102928 8867
20151105 102943 8868
20151105 102958 8869
20151105 103052 8871
20151105 103215 8862
20151105 103215 8867
20151105 103215 8875
20151105 103251 8866
20151105 103311 8864
20151105 103338 8866
20151105 103405 8862
20151105 103405 8862
20151105 103405 8864
20151105 103405 8864
20151105 103410 8863
20151105 103410 8863
20151105 103411 8862
20151105 103412 8861
20151105 103412 8861
20151105 103421 8863
20151105 103421 8863
20151105 103441 8858
20151105 103441 8858
20151105 103441 8859
20151105 103441 8860
20151105 103441 8860
20151105 103441 8860
20151105 103441 8860
20151105 103443 8856
20151105 103448 8858
20151105 103450 8856
20151105 103450 8856
20151105 103450 8856
20151105 103451 8855
20151105 103451 8855
20151105 103501 8856
20151105 103504 8855
20151105 103504 8855
20151105 103504 8855
20151105 103504 8855
20151105 103504 8855
20151105 103512 8860
20151105 103525 8861
20151105 103547 8868
20151105 103548 8858
20151105 103618 8860
20151105 103625 8859
20151105 103748 8863
20151105 103808 8862
20151105 103911 8860
20151105 103941 8862
20151105 103941 8862
20151105 103958 8863
20151105 104034 8863
20151105 104143 8865
20151105 104158 8867
20151105 104238 8867
20151105 104243 8867
20151105 104244 8868
20151105 104321 8868
20151105 104331 8868
20151105 104342 8867
20151105 104347 8866
20151105 104352 8866
20151105 104442 8862
20151105 104442 8862
20151105 104442 8862
20151105 104444 8861
20151105 104446 8861
20151105 104559 8864
20151105 104607 8864
20151105 104629 8860
20151105 104641 8860
20151105 104642 8860
20151105 104647 8860
20151105 104650 8860
20151105 104654 8860
20151105 104654 8860
20151105 104655 8860
20151105 104700 8859
20151105 104700 8859
20151105 104701 8859
20151105 104714 8863
20151105 104714 8863
20151105 104714 8863
20151105 104714 8863
20151105 104714 8863
20151105 104714 8863
20151105 104807 8864
20151105 104807 8864
20151105 104807 8864
20151105 104808 8864
20151105 104840 8874
20151105 104842 8874
20151105 104844 8874
20151105 104854 8866
20151105 105017 8866
20151105 105140 8862
20151105 105221 8861
20151105 105221 8861
20151105 105226 8859
20151105 105304 8862
20151105 105319 8864
20151105 105319 8864
20151105 105408 8859
20151105 105410 8858
20151105 105427 8860
20151105 105441 8859
20151105 105441 8859
20151105 105441 8859
20151105 105441 8859
20151105 105441 8859
20151105 105441 8859
20151105 105441 8859
20151105 105441 8859
20151105 105441 8859
20151105 105441 8859
20151105 105441 8860
20151105 105441 8860
20151105 105441 8860
20151105 105441 8860
20151105 105447 8859
20151105 105537 8859
20151105 105550 8859
20151105 105713 8862
20151105 105728 8863
20151105 105837 8862
20151105 105850 8861
20151105 105920 8856
20151105 105920 8856
20151105 105922 8855
20151105 105930 8854
20151105 105931 8854
20151105 105932 8854
20151105 105932 8854
20151105 105933 8854
20151105 105942 8858
20151105 105952 8860
20151105 105952 8860
20151105 105957 8859
20151105 110000 8859
20151105 110007 8856
20151105 110027 8857
20151105 110038 8857
20151105 110103 8854
20151105 110104 8852
20151105 110104 8853
20151105 110104 8853
20151105 110104 8853
20151105 110104 8853
20151105 110104 8853
20151105 110104 8854
20151105 110104 8854
20151105 110105 8852
20151105 110105 8852
20151105 110105 8852
20151105 110105 8852
20151105 110105 8852
20151105 110119 8854
20151105 110123 8854
20151105 110131 8853
20151105 110213 8858
20151105 110219 8860
20151105 110247 8860
20151105 110252 8860
20151105 110306 8859
20151105 110316 8863
20151105 110316 8863
20151105 110350 8863
20151105 110350 8863
20151105 110402 8864
20151105 110402 8864
20151105 110402 8865
20151105 110402 8865
20151105 110402 8866
20151105 110403 8867
20151105 110403 8867
20151105 110403 8867
20151105 110403 8867
20151105 110403 8867
20151105 110406 8868
20151105 110406 8868
20151105 110406 8868
20151105 110406 8868
20151105 110410 8868
20151105 110418 8867
20151105 110422 8870
20151105 110422 8870
20151105 110422 8871
20151105 110422 8872
20151105 110422 8872
20151105 110422 8872
20151105 110429 8868
20151105 110429 8868
20151105 110506 8869
20151105 110511 8868
20151105 110525 8868
20151105 110533 8870
20151105 110536 8871
20151105 110559 8870
20151105 110628 8869
20151105 110638 8863
20151105 110643 8868
20151105 110652 8869
20151105 110656 8868
20151105 110708 8869
20151105 110712 8868
20151105 110713 8869
20151105 110820 8868
20151105 110943 8869
20151105 111025 8867
20151105 111106 8868
20151105 111149 8868
20151105 111149 8868
20151105 111223 8871
20151105 111223 8871
20151105 111228 8872
20151105 111229 8872
20151105 111322 8872
20151105 111339 8871
20151105 111353 8872
20151105 111412 8872
20151105 111451 8867
20151105 111451 8867
20151105 111516 8868
20151105 111545 8868
20151105 111545 8868
20151105 111545 8868
20151105 111545 8868
20151105 111545 8868
20151105 111545 8868
20151105 111548 8868
20151105 111604 8869
20151105 111636 8868
20151105 111636 8868
20151105 111639 8868
20151105 111802 8868
20151105 111926 8869
20151105 112049 8869
20151105 112058 8869
20151105 112200 8870
20151105 112212 8870
20151105 112311 8871
20151105 112335 8871
20151105 112408 8872
20151105 112408 8872
20151105 112445 8873
20151105 112459 8872
20151105 112553 8873
20151105 112556 8875
20151105 112556 8875
20151105 112556 8875
20151105 112622 8878
20151105 112646 8876
20151105 112648 8876
20151105 112715 8873
20151105 112715 8873
20151105 112715 8873
20151105 112729 8874
20151105 112745 8872
20151105 112907 8873
20151105 112908 8873
20151105 112936 8872
20151105 112948 8871
20151105 113032 8870
20151105 113048 8872
20151105 113107 8872
20151105 113140 8872
20151105 113152 8871
20151105 113318 8873
20151105 113350 8873
20151105 113442 8871
20151105 113502 8872
20151105 113528 8871
20151105 113532 8872
20151105 113618 8873
20151105 113618 8873
20151105 113728 8872
20151105 113850 8870
20151105 113851 8868
20151105 114015 8870
20151105 114138 8870
20151105 114216 8869
20151105 114301 8870
20151105 114305 8870
20151105 114310 8870
20151105 114354 8871
20151105 114424 8872
20151105 114433 8872
20151105 114443 8872
20151105 114454 8873
20151105 114520 8870
20151105 114532 8869
20151105 114548 8868
20151105 114711 8868
20151105 114723 8869
20151105 114834 8870
20151105 114957 8871
20151105 115022 8870
20151105 115022 8870
20151105 115117 8870
20151105 115205 8870
20151105 115244 8871
20151105 115407 8870
20151105 115530 8869
20151105 115546 8869
20151105 115646 8868
20151105 115646 8868
20151105 115654 8869
20151105 115807 8872
20151105 115817 8873
20151105 115821 8871
20151105 115821 8871
20151105 115829 8870
20151105 115830 8869
20151105 115915 8868
20151105 115924 8867
20151105 115925 8866
20151105 115925 8866
20151105 115925 8866
20151105 115929 8866
20151105 115932 8866
20151105 115940 8867
20151105 120103 8869
20151105 120116 8872
20151105 120130 8870
20151105 120134 8870
20151105 120205 8870
20151105 120227 8870
20151105 120307 8869
20151105 120350 8869
20151105 120501 8870
20151105 120501 8870
20151105 120525 8871
20151105 120540 8870
20151105 120540 8870
20151105 120541 8870
20151105 120552 8870
20151105 120630 8870
20151105 120637 8870
20151105 120705 8869
20151105 120705 8869
20151105 120724 8868
20151105 120724 8868
20151105 120800 8868
20151105 120809 8868
20151105 120824 8868
20151105 120857 8867
20151105 120923 8868
20151105 120957 8868
20151105 121046 8870
20151105 121112 8870
20151105 121210 8871
20151105 121333 8872
20151105 121456 8873
20151105 121511 8873
20151105 121529 8872
20151105 121535 8871
20151105 121535 8871
20151105 121535 8871
20151105 121619 8871
20151105 121713 8871
20151105 121743 8871
20151105 121906 8873
20151105 122029 8874
20151105 122100 8873
20151105 122131 8873
20151105 122132 8873
20151105 122151 8873
20151105 122152 8873
20151105 122239 8872
20151105 122306 8872
20151105 122306 8872
20151105 122316 8872
20151105 122331 8871
20151105 122332 8871
20151105 122332 8871
20151105 122332 8871
20151105 122332 8871
20151105 122404 8871
20151105 122414 8871
20151105 122433 8872
20151105 122437 8872
20151105 122439 8872
20151105 122443 8873
20151105 122558 8876
20151105 122600 8877
20151105 122601 8877
20151105 122601 8877
20151105 122602 8877
20151105 122627 8876
20151105 122631 8875
20151105 122646 8875
20151105 122648 8876
20151105 122714 8875
20151105 122725 8875
20151105 122728 8883
20151105 122730 8875
20151105 122730 8875
20151105 122730 8875
20151105 122751 8874
20151105 122759 8874
20151105 122802 8874
20151105 122802 8874
20151105 122845 8875
20151105 122849 8875
20151105 123012 8877
20151105 123013 8876
20151105 123040 8878
20151105 123040 8878
20151105 123111 8877
20151105 123123 8875
20151105 123123 8875
20151105 123123 8876
20151105 123123 8876
20151105 123123 8876
20151105 123135 8876
20151105 123233 8874
20151105 123233 8875
20151105 123258 8876
20151105 123322 8876
20151105 123412 8872
20151105 123412 8876
20151105 123422 8876
20151105 123450 8878
20151105 123512 8878
20151105 123513 8878
20151105 123513 8878
20151105 123545 8877
20151105 123622 8876
20151105 123625 8876
20151105 123708 8875
20151105 123832 8876
20151105 123955 8879
20151105 123956 8879
20151105 123956 8880
20151105 123956 8880
20151105 123956 8880
20151105 123956 8880
20151105 123957 8881
20151105 123958 8882
20151105 123958 8882
20151105 123958 8882
20151105 123958 8882
20151105 124003 8877
20151105 124003 8882
20151105 124009 8882
20151105 124041 8878
20151105 124042 8879
20151105 124115 8880
20151105 124115 8880
20151105 124115 8880
20151105 124115 8880
20151105 124115 8880
20151105 124118 8880
20151105 124203 8875
20151105 124203 8880
20151105 124214 8882
20151105 124226 8882
20151105 124241 8880
20151105 124325 8882
20151105 124332 8882
20151105 124334 8882
20151105 124345 8883
20151105 124346 8883
20151105 124405 8882
20151105 124416 8883
20151105 124419 8883
20151105 124438 8883
20151105 124500 8885
20151105 124500 8893
20151105 124501 8886
20151105 124501 8886
20151105 124501 8886
20151105 124532 8882
20151105 124552 8882
20151105 124619 8879
20151105 124628 8881
20151105 124628 8881
20151105 124651 8880
20151105 124710 8881
20151105 124717 8882
20151105 124717 8882
20151105 124717 8882
20151105 124749 8881
20151105 124814 8880
20151105 124838 8880
20151105 124838 8880
20151105 124838 8880
20151105 124838 8880
20151105 124839 8880
20151105 124849 8881
20151105 124849 8881
20151105 124849 8881
20151105 124849 8881
20151105 124849 8881
20151105 124849 8881
20151105 124849 8881
20151105 124849 8881
20151105 124849 8881
20151105 124854 8881
20151105 124938 8880
20151105 124938 8880
20151105 125011 8873
20151105 125011 8876
20151105 125011 8876
20151105 125024 8876
20151105 125024 8876
20151105 125101 8875
20151105 125130 8877
20151105 125130 8877
20151105 125206 8876
20151105 125206 8876
20151105 125224 8876
20151105 125347 8876
20151105 125511 8875
20151105 125606 8876
20151105 125606 8876
20151105 125634 8875
20151105 125646 8876
20151105 125715 8876
20151105 125757 8876
20151105 125825 8877
20151105 125913 8875
20151105 125913 8875
20151105 125920 8875
20151105 125951 8875
20151105 130044 8879
20151105 130142 8878
20151105 130147 8878
20151105 130148 8878
20151105 130204 8877
20151105 130207 8878
20151105 130252 8877
20151105 130330 8876
20151105 130453 8878
20151105 130456 8877
20151105 130558 8877
20151105 130617 8877
20151105 130705 8873
20151105 130705 8877
20151105 130740 8877
20151105 130903 8876
20151105 130927 8877
20151105 130929 8876
20151105 131027 8876
20151105 131123 8877
20151105 131136 8873
20151105 131136 8873
20151105 131136 8877
20151105 131136 8877
20151105 131150 8877
20151105 131313 8879
20151105 131409 8879
20151105 131413 8879
20151105 131436 8879
20151105 131500 8879
20151105 131600 8880
20151105 131654 8879
20151105 131710 8880
20151105 131714 8880
20151105 131717 8880
20151105 131720 8880
20151105 131723 8879
20151105 131758 8879
20151105 131818 8879
20151105 131835 8879
20151105 131846 8879
20151105 132009 8880
20151105 132133 8877
20151105 132256 8878
20151105 132354 8878
20151105 132419 8878
20151105 132507 8879
20151105 132519 8879
20151105 132542 8878
20151105 132549 8878
20151105 132550 8877
20151105 132552 8877
20151105 132552 8877
20151105 132607 8878
20151105 132607 8878
20151105 132607 8878
20151105 132607 8878
20151105 132642 8876
20151105 132644 8876
20151105 132644 8876
20151105 132648 8876
20151105 132650 8877
20151105 132651 8876
20151105 132657 8876
20151105 132706 8877
20151105 132829 8875
20151105 132839 8876
20151105 132842 8876
20151105 132859 8876
20151105 132903 8875
20151105 132926 8875
20151105 132936 8875
20151105 132949 8876
20151105 132952 8876
20151105 132957 8876
20151105 132959 8877
20151105 133022 8872
20151105 133022 8875
20151105 133037 8875
20151105 133042 8875
20151105 133047 8874
20151105 133048 8874
20151105 133051 8874
20151105 133051 8874
20151105 133051 8874
20151105 133102 8874
20151105 133102 8874
20151105 133244 8861
20151105 133244 8861
20151105 133244 8861
20151105 133244 8861
20151105 133244 8873
20151105 133244 8873
20151105 133244 8873
20151105 133244 8873
20151105 133244 8873
20151105 133244 8873
20151105 133244 8873
20151105 133244 8873
20151105 133244 8873
20151105 133244 8873
20151105 133244 8873
20151105 133301 8872
20151105 133301 8872
20151105 133302 8872
20151105 133303 8873
20151105 133324 8873
20151105 133422 8875
20151105 133444 8875
20151105 133454 8875
20151105 133508 8876
20151105 133513 8875
20151105 133528 8876
20151105 133811 8876
20151105 133840 8873
20151105 133840 8875
20151105 133919 8875
20151105 134010 8873
20151105 134012 8874
20151105 134024 8873
20151105 134222 8874
20151105 134229 8874
20151105 134230 8874
20151105 134230 8874
20151105 134234 8874
20151105 134257 8875
20151105 134331 8873
20151105 134406 8873
20151105 134409 8873
20151105 134439 8873
20151105 134439 8873
20151105 134439 8873
20151105 134439 8873
20151105 134454 8869
20151105 134454 8871
20151105 134454 8873
20151105 134457 8873
20151105 134459 8871
