20151023 084500 8741
20151023 084500 8741
20151023 084500 8742
20151023 084500 8742
20151023 084500 8742
20151023 084500 8742
20151023 084500 8742
20151023 084500 8742
20151023 084500 8743
20151023 084501 8740
20151023 084501 8740
20151023 084501 8740
20151023 084501 8740
20151023 084510 8741
20151023 084515 8746
20151023 084517 8742
20151023 084522 8743
20151023 084522 8743
20151023 084522 8744
20151023 084529 8743
20151023 084529 8743
20151023 084530 8744
20151023 084535 8744
20151023 084540 8744
20151023 084541 8744
20151023 084549 8743
20151023 084556 8740
20151023 084600 8741
20151023 084602 8740
20151023 084602 8740
20151023 084603 8739
20151023 084610 8739
20151023 084610 8739
20151023 084614 8739
20151023 084614 8739
20151023 084623 8740
20151023 084623 8740
20151023 084623 8740
20151023 084626 8739
20151023 084635 8731
20151023 084635 8738
20151023 084635 8739
20151023 084645 8739
20151023 084655 8736
20151023 084658 8737
20151023 084706 8735
20151023 084710 8737
20151023 084722 8734
20151023 084722 8735
20151023 084722 8735
20151023 084726 8734
20151023 084726 8735
20151023 084751 8734
20151023 084819 8729
20151023 084842 8726
20151023 084842 8727
20151023 084848 8727
20151023 084904 8726
20151023 084907 8725
20151023 084908 8725
20151023 084910 8727
20151023 084912 8727
20151023 084914 8728
20151023 084914 8728
20151023 084914 8728
20151023 084916 8729
20151023 084916 8729
20151023 084916 8729
20151023 084918 8729
20151023 084919 8722
20151023 084919 8729
20151023 084925 8729
20151023 084936 8731
20151023 084937 8730
20151023 084941 8730
20151023 084941 8730
20151023 084942 8731
20151023 084959 8731
20151023 084959 8731
20151023 085000 8733
20151023 085000 8733
20151023 085002 8728
20151023 085029 8728
20151023 085029 8735
20151023 085031 8736
20151023 085031 8736
20151023 085031 8737
20151023 085031 8737
20151023 085038 8737
20151023 085045 8737
20151023 085047 8738
20151023 085050 8738
20151023 085104 8715
20151023 085109 8732
20151023 085113 8738
20151023 085126 8737
20151023 085143 8737
20151023 085144 8738
20151023 085148 8738
20151023 085149 8738
20151023 085149 8738
20151023 085150 8738
20151023 085151 8740
20151023 085155 8734
20151023 085155 8741
20151023 085156 8741
20151023 085205 8740
20151023 085221 8738
20151023 085231 8738
20151023 085244 8742
20151023 085337 8739
20151023 085337 8739
20151023 085337 8739
20151023 085348 8738
20151023 085355 8737
20151023 085357 8737
20151023 085357 8737
20151023 085407 8739
20151023 085424 8737
20151023 085452 8730
20151023 085452 8737
20151023 085456 8736
20151023 085456 8736
20151023 085502 8737
20151023 085502 8737
20151023 085516 8738
20151023 085530 8730
20151023 085601 8736
20151023 085603 8737
20151023 085603 8737
20151023 085608 8712
20151023 085608 8737
20151023 085642 8737
20151023 085700 8736
20151023 085726 8739
20151023 085749 8740
20151023 085750 8741
20151023 085750 8741
20151023 085751 8716
20151023 085751 8741
20151023 085755 8741
20151023 085755 8741
20151023 085757 8740
20151023 085759 8742
20151023 085759 8742
20151023 085801 8742
20151023 085802 8742
20151023 085803 8741
20151023 085806 8742
20151023 085807 8742
20151023 085807 8742
20151023 085807 8742
20151023 085808 8741
20151023 085810 8742
20151023 085810 8742
20151023 085815 8743
20151023 085816 8743
20151023 085816 8743
20151023 085817 8743
20151023 085817 8743
20151023 085818 8710
20151023 085818 8742
20151023 085818 8742
20151023 085818 8743
20151023 085824 8719
20151023 085824 8719
20151023 085824 8744
20151023 085824 8744
20151023 085824 8744
20151023 085827 8744
20151023 085859 8741
20151023 085918 8743
20151023 085922 8743
20151023 090000 8720
20151023 090000 8741
20151023 090000 8741
20151023 090000 8745
20151023 090004 8740
20151023 090004 8740
20151023 090004 8740
20151023 090008 8739
20151023 090013 8738
20151023 090013 8738
20151023 090014 8737
20151023 090015 8736
20151023 090029 8735
20151023 090029 8735
20151023 090031 8733
20151023 090031 8733
20151023 090031 8733
20151023 090031 8734
20151023 090031 8734
20151023 090039 8741
20151023 090040 8743
20151023 090055 8720
20151023 090055 8745
20151023 090055 8745
20151023 090055 8746
20151023 090055 8746
20151023 090055 8747
20151023 090055 8747
20151023 090055 8747
20151023 090055 8747
20151023 090055 8747
20151023 090055 8747
20151023 090055 8748
20151023 090055 8748
20151023 090055 8748
20151023 090056 8749
20151023 090106 8726
20151023 090106 8726
20151023 090106 8751
20151023 090106 8751
20151023 090106 8751
20151023 090106 8751
20151023 090106 8751
20151023 090116 8747
20151023 090117 8746
20151023 090124 8741
20151023 090133 8734
20151023 090133 8735
20151023 090147 8732
20151023 090147 8732
20151023 090149 8733
20151023 090155 8732
20151023 090201 8733
20151023 090206 8734
20151023 090206 8734
20151023 090206 8734
20151023 090206 8734
20151023 090208 8732
20151023 090215 8734
20151023 090245 8729
20151023 090245 8729
20151023 090257 8731
20151023 090303 8730
20151023 090308 8728
20151023 090308 8728
20151023 090309 8727
20151023 090310 8727
20151023 090323 8726
20151023 090324 8722
20151023 090324 8724
20151023 090324 8725
20151023 090356 8727
20151023 090404 8725
20151023 090426 8720
20151023 090426 8720
20151023 090427 8719
20151023 090432 8721
20151023 090436 8718
20151023 090438 8718
20151023 090442 8718
20151023 090448 8718
20151023 090452 8718
20151023 090456 8717
20151023 090500 8718
20151023 090500 8718
20151023 090500 8718
20151023 090500 8718
20151023 090505 8719
20151023 090505 8719
20151023 090505 8719
20151023 090506 8718
20151023 090548 8687
20151023 090603 8687
20151023 090603 8720
20151023 090604 8687
20151023 090604 8687
20151023 090604 8687
20151023 090604 8687
20151023 090604 8720
20151023 090604 8720
20151023 090604 8720
20151023 090604 8720
20151023 090604 8720
20151023 090604 8720
20151023 090605 8720
20151023 090606 8720
20151023 090659 8727
20151023 090659 8727
20151023 090700 8728
20151023 090727 8726
20151023 090808 8729
20151023 090809 8729
20151023 090809 8729
20151023 090810 8729
20151023 090811 8729
20151023 090828 8725
20151023 090901 8723
20151023 090915 8725
20151023 091003 8729
20151023 091003 8729
20151023 091003 8729
20151023 091003 8729
20151023 091003 8730
20151023 091006 8723
20151023 091010 8732
20151023 091011 8734
20151023 091011 8734
20151023 091011 8735
20151023 091011 8735
20151023 091011 8735
20151023 091012 8713
20151023 091023 8737
20151023 091031 8732
20151023 091031 8732
20151023 091105 8734
20151023 091116 8737
20151023 091127 8737
20151023 091131 8737
20151023 091133 8737
20151023 091134 8735
20151023 091143 8734
20151023 091228 8726
20151023 091228 8728
20151023 091228 8729
20151023 091228 8731
20151023 091228 8731
20151023 091228 8732
20151023 091229 8725
20151023 091232 8723
20151023 091232 8724
20151023 091232 8724
20151023 091232 8724
20151023 091234 8724
20151023 091240 8721
20151023 091244 8718
20151023 091247 8717
20151023 091249 8716
20151023 091315 8718
20151023 091316 8716
20151023 091318 8716
20151023 091319 8715
20151023 091319 8715
20151023 091319 8716
20151023 091320 8714
20151023 091320 8714
20151023 091320 8714
20151023 091321 8711
20151023 091323 8713
20151023 091329 8712
20151023 091337 8714
20151023 091340 8714
20151023 091346 8716
20151023 091352 8717
20151023 091448 8716
20151023 091525 8714
20151023 091525 8714
20151023 091526 8714
20151023 091526 8714
20151023 091549 8712
20151023 091551 8712
20151023 091551 8712
20151023 091559 8711
20151023 091559 8711
20151023 091559 8711
20151023 091559 8711
20151023 091559 8711
20151023 091559 8713
20151023 091559 8713
20151023 091559 8713
20151023 091600 8691
20151023 091600 8691
20151023 091600 8691
20151023 091600 8691
20151023 091600 8711
20151023 091600 8711
20151023 091600 8711
20151023 091600 8711
20151023 091600 8711
20151023 091607 8713
20151023 091740 8717
20151023 091742 8718
20151023 091804 8719
20151023 091818 8718
20151023 091818 8718
20151023 091823 8714
20151023 091824 8712
20151023 091824 8713
20151023 091825 8712
20151023 091825 8712
20151023 091832 8711
20151023 091832 8711
20151023 091905 8713
20151023 091906 8714
20151023 091916 8714
20151023 091917 8713
20151023 091937 8708
20151023 091937 8708
20151023 091937 8708
20151023 091937 8709
20151023 091937 8709
20151023 091937 8709
20151023 091937 8709
20151023 091937 8709
20151023 091937 8709
20151023 091937 8709
20151023 091937 8710
20151023 091937 8710
20151023 091938 8707
20151023 091940 8707
20151023 091953 8706
20151023 091954 8706
20151023 092000 8706
20151023 092015 8701
20151023 092023 8709
20151023 092025 8709
20151023 092049 8712
20151023 092100 8713
20151023 092109 8714
20151023 092113 8715
20151023 092113 8716
20151023 092131 8717
20151023 092135 8716
20151023 092140 8714
20151023 092235 8717
20151023 092256 8714
20151023 092408 8716
20151023 092408 8716
20151023 092448 8716
20151023 092501 8714
20151023 092513 8714
20151023 092614 8723
20151023 092626 8723
20151023 092638 8723
20151023 092638 8723
20151023 092638 8723
20151023 092638 8723
20151023 092656 8721
20151023 092656 8721
20151023 092658 8721
20151023 092658 8721
20151023 092701 8722
20151023 092704 8720
20151023 092704 8720
20151023 092720 8722
20151023 092723 8723
20151023 092744 8724
20151023 092834 8721
20151023 092834 8721
20151023 092843 8719
20151023 092843 8719
20151023 092843 8720
20151023 092921 8716
20151023 092931 8713
20151023 092932 8710
20151023 092932 8712
20151023 092932 8712
20151023 092937 8709
20151023 092942 8712
20151023 092951 8712
20151023 092953 8714
20151023 092958 8712
20151023 093006 8711
20151023 093014 8713
20151023 093016 8713
20151023 093034 8715
20151023 093040 8712
20151023 093059 8709
20151023 093059 8709
20151023 093106 8688
20151023 093106 8688
20151023 093106 8708
20151023 093106 8708
20151023 093106 8708
20151023 093106 8708
20151023 093106 8708
20151023 093106 8708
20151023 093106 8708
20151023 093117 8708
20151023 093119 8709
20151023 093123 8709
20151023 093147 8711
20151023 093147 8711
20151023 093208 8712
20151023 093232 8707
20151023 093311 8711
20151023 093335 8713
20151023 093403 8711
20151023 093404 8711
20151023 093439 8707
20151023 093439 8712
20151023 093456 8707
20151023 093456 8707
20151023 093456 8707
20151023 093456 8707
20151023 093456 8707
20151023 093456 8707
20151023 093456 8708
20151023 093456 8708
20151023 093457 8704
20151023 093457 8704
20151023 093457 8705
20151023 093457 8706
20151023 093457 8706
20151023 093618 8706
20151023 093618 8706
20151023 093618 8706
20151023 093618 8706
20151023 093704 8700
20151023 093704 8700
20151023 093704 8700
20151023 093705 8704
20151023 093706 8704
20151023 093706 8704
20151023 093720 8704
20151023 093803 8698
20151023 093803 8698
20151023 093803 8698
20151023 093803 8698
20151023 093803 8699
20151023 093803 8699
20151023 093803 8699
20151023 093803 8700
20151023 093803 8700
20151023 093804 8696
20151023 093810 8690
20151023 093813 8696
20151023 093828 8697
20151023 093855 8700
20151023 093949 8699
20151023 093950 8699
20151023 094032 8696
20151023 094033 8693
20151023 094033 8693
20151023 094033 8694
20151023 094033 8694
20151023 094033 8694
20151023 094035 8692
20151023 094042 8690
20151023 094042 8690
20151023 094043 8689
20151023 094058 8688
20151023 094058 8689
20151023 094058 8689
20151023 094058 8689
20151023 094100 8686
20151023 094100 8686
20151023 094100 8688
20151023 094101 8686
20151023 094115 8682
20151023 094120 8684
20151023 094122 8683
20151023 094122 8683
20151023 094122 8683
20151023 094122 8683
20151023 094122 8683
20151023 094122 8683
20151023 094122 8683
20151023 094122 8683
20151023 094122 8684
20151023 094127 8684
20151023 094152 8686
20151023 094204 8682
20151023 094204 8682
20151023 094217 8685
20151023 094219 8682
20151023 094219 8683
20151023 094241 8682
20151023 094317 8685
20151023 094317 8686
20151023 094318 8687
20151023 094324 8686
20151023 094324 8686
20151023 094404 8689
20151023 094412 8689
20151023 094429 8691
20151023 094429 8691
20151023 094447 8689
20151023 094448 8689
20151023 094556 8685
20151023 094603 8683
20151023 094622 8685
20151023 094630 8685
20151023 094655 8680
20151023 094655 8680
20151023 094655 8680
20151023 094655 8680
20151023 094655 8680
20151023 094656 8679
20151023 094656 8679
20151023 094657 8678
20151023 094700 8685
20151023 094700 8685
20151023 094711 8687
20151023 094711 8687
20151023 094727 8687
20151023 094737 8687
20151023 094819 8682
20151023 094819 8682
20151023 094849 8685
20151023 094850 8685
20151023 094955 8678
20151023 094955 8678
20151023 094955 8678
20151023 094955 8678
20151023 094955 8678
20151023 094955 8678
20151023 094959 8679
20151023 095011 8680
20151023 095011 8681
20151023 095011 8681
20151023 095012 8681
20151023 095012 8681
20151023 095012 8681
20151023 095024 8685
20151023 095024 8686
20151023 095113 8688
20151023 095116 8687
20151023 095158 8688
20151023 095220 8690
20151023 095238 8688
20151023 095255 8691
20151023 095324 8691
20151023 095423 8692
20151023 095445 8692
20151023 095616 8693
20151023 095616 8693
20151023 095626 8696
20151023 095626 8696
20151023 095626 8697
20151023 095640 8696
20151023 095643 8696
20151023 095644 8696
20151023 095651 8696
20151023 095656 8694
20151023 095734 8694
20151023 095820 8691
20151023 095839 8690
20151023 095850 8689
20151023 095851 8689
20151023 095852 8689
20151023 095925 8691
20151023 095925 8691
20151023 095939 8689
20151023 100016 8691
20151023 100046 8694
20151023 100046 8694
20151023 100046 8696
20151023 100046 8696
20151023 100046 8696
20151023 100047 8696
20151023 100111 8698
20151023 100112 8697
20151023 100121 8699
20151023 100150 8702
20151023 100151 8702
20151023 100152 8701
20151023 100205 8702
20151023 100211 8701
20151023 100213 8700
20151023 100237 8698
20151023 100237 8699
20151023 100410 8701
20151023 100412 8701
20151023 100415 8701
20151023 100415 8701
20151023 100415 8701
20151023 100423 8701
20151023 100510 8706
20151023 100510 8706
20151023 100510 8706
20151023 100521 8704
20151023 100527 8703
20151023 100534 8702
20151023 100534 8702
20151023 100552 8700
20151023 100553 8701
20151023 100553 8701
20151023 100605 8700
20151023 100645 8699
20151023 100656 8699
20151023 100656 8699
20151023 100656 8699
20151023 100717 8700
20151023 100717 8700
20151023 100717 8700
20151023 100756 8700
20151023 100756 8700
20151023 100756 8700
20151023 100756 8700
20151023 100756 8700
20151023 100756 8700
20151023 100756 8700
20151023 100756 8700
20151023 100836 8696
20151023 100836 8696
20151023 100836 8697
20151023 100837 8695
20151023 100837 8695
20151023 100837 8695
20151023 100852 8696
20151023 100925 8698
20151023 100946 8696
20151023 101017 8697
20151023 101142 8694
20151023 101157 8692
20151023 101157 8692
20151023 101319 8694
20151023 101436 8696
20151023 101438 8694
20151023 101442 8696
20151023 101546 8695
20151023 101704 8699
20151023 101732 8700
20151023 101753 8703
20151023 101842 8704
20151023 101852 8704
20151023 101920 8704
20151023 101927 8703
20151023 101927 8703
20151023 101946 8701
20151023 102017 8704
20151023 102023 8705
20151023 102024 8706
20151023 102024 8706
20151023 102024 8706
20151023 102024 8707
20151023 102024 8707
20151023 102024 8708
20151023 102134 8706
20151023 102134 8706
20151023 102137 8705
20151023 102244 8703
20151023 102244 8703
20151023 102248 8703
20151023 102251 8702
20151023 102254 8702
20151023 102303 8701
20151023 102308 8702
20151023 102323 8701
20151023 102326 8700
20151023 102326 8700
20151023 102358 8696
20151023 102405 8700
20151023 102527 8700
20151023 102528 8702
20151023 102548 8700
20151023 102554 8699
20151023 102600 8700
20151023 102605 8699
20151023 102615 8700
20151023 102615 8700
20151023 102736 8699
20151023 102742 8694
20151023 102742 8694
20151023 103341 8696
20151023 103343 8697
20151023 103343 8698
20151023 103615 8692
20151023 103731 8698
20151023 103731 8698
20151023 103731 8698
20151023 103731 8698
20151023 103731 8698
20151023 103753 8694
20151023 103907 8699
20151023 103908 8698
20151023 104028 8695
20151023 104028 8695
20151023 104247 8694
20151023 104546 8699
20151023 104548 8700
20151023 104720 8699
20151023 104806 8694
20151023 104806 8695
20151023 104927 8694
20151023 104937 8695
20151023 105017 8696
20151023 105252 8694
20151023 105302 8694
20151023 105331 8692
20151023 105621 8692
20151023 105621 8692
20151023 105623 8689
20151023 105623 8690
20151023 105623 8690
20151023 105623 8691
20151023 105623 8691
20151023 105630 8689
20151023 105630 8689
20151023 105643 8689
20151023 105649 8689
20151023 105713 8687
20151023 105716 8689
20151023 105717 8689
20151023 105741 8690
20151023 105842 8690
20151023 105842 8690
20151023 105842 8690
20151023 105842 8690
20151023 105842 8690
20151023 105842 8690
20151023 105842 8690
20151023 105844 8690
20151023 105845 8690
20151023 105848 8690
20151023 105913 8692
20151023 105944 8690
20151023 105944 8690
20151023 105944 8690
20151023 105944 8690
20151023 105944 8690
20151023 105944 8690
20151023 105946 8689
20151023 105946 8689
20151023 105946 8689
20151023 105946 8689
20151023 105946 8689
20151023 110023 8688
20151023 110054 8687
20151023 110054 8687
20151023 110054 8687
20151023 110055 8685
20151023 110100 8683
20151023 110100 8683
20151023 110118 8685
20151023 110252 8685
20151023 110311 8683
20151023 110318 8681
20151023 110318 8682
20151023 110421 8684
20151023 110439 8681
20151023 110439 8681
20151023 110512 8683
20151023 110520 8683
20151023 110559 8685
20151023 110603 8685
20151023 110631 8681
20151023 110724 8687
20151023 110748 8684
20151023 111042 8688
20151023 111107 8689
20151023 111133 8692
20151023 111149 8689
20151023 111301 8688
20151023 111309 8687
20151023 111505 8690
20151023 111518 8692
20151023 111519 8694
20151023 111519 8694
20151023 111529 8693
20151023 111537 8692
20151023 111609 8689
20151023 111613 8690
20151023 111643 8691
20151023 111700 8686
20151023 111849 8693
20151023 111856 8692
20151023 112113 8692
20151023 112113 8692
20151023 112113 8692
20151023 112130 8691
20151023 112130 8691
20151023 112310 8690
20151023 112338 8689
20151023 112925 8692
20151023 113345 8691
20151023 113511 8692
20151023 113556 8692
20151023 113640 8691
20151023 113757 8692
20151023 113945 8689
20151023 113948 8689
20151023 114109 8688
20151023 114112 8688
20151023 114152 8688
20151023 114352 8691
20151023 114506 8687
20151023 114506 8688
20151023 114506 8688
20151023 114507 8687
20151023 114605 8685
20151023 114605 8685
20151023 114605 8685
20151023 114605 8685
20151023 114605 8686
20151023 114605 8686
20151023 114605 8686
20151023 114635 8685
20151023 114648 8684
20151023 114649 8684
20151023 114705 8685
20151023 114715 8685
20151023 114800 8683
20151023 114800 8684
20151023 114801 8684
20151023 114802 8685
20151023 114805 8684
20151023 114808 8684
20151023 114818 8685
20151023 114943 8686
20151023 115918 8685
20151023 115939 8686
20151023 115940 8685
20151023 115956 8685
20151023 120000 8683
20151023 120000 8683
20151023 120000 8683
20151023 120000 8683
20151023 120040 8685
20151023 120042 8684
20151023 120130 8684
20151023 120157 8683
20151023 120157 8683
20151023 120158 8679
20151023 120158 8683
20151023 120216 8683
20151023 120336 8683
20151023 120505 8681
20151023 120505 8681
20151023 120507 8681
20151023 120507 8681
20151023 120508 8680
20151023 120509 8675
20151023 120509 8676
20151023 120509 8677
20151023 120509 8677
20151023 120509 8678
20151023 120509 8678
20151023 120509 8678
20151023 120509 8678
20151023 120510 8674
20151023 120511 8674
20151023 120511 8674
20151023 120512 8673
20151023 120512 8673
20151023 120512 8673
20151023 120512 8673
20151023 120512 8673
20151023 120512 8673
20151023 120607 8673
20151023 120607 8673
20151023 120607 8673
20151023 121002 8675
20151023 121303 8680
20151023 121357 8683
20151023 121645 8682
20151023 121836 8682
20151023 121836 8682
20151023 121950 8681
20151023 121950 8681
20151023 122001 8681
20151023 122039 8680
20151023 122039 8680
20151023 122039 8680
20151023 122041 8681
20151023 122041 8681
20151023 122041 8681
20151023 122049 8681
20151023 122135 8679
20151023 122135 8679
20151023 122143 8678
20151023 122147 8678
20151023 122151 8678
20151023 122154 8677
20151023 122154 8677
20151023 122206 8679
20151023 122811 8683
20151023 123110 8681
20151023 123110 8681
20151023 123148 8681
20151023 123256 8680
20151023 123818 8676
20151023 123818 8676
20151023 123818 8676
20151023 123819 8676
20151023 123901 8678
20151023 123936 8679
20151023 123936 8679
20151023 123959 8679
20151023 124201 8678
20151023 124209 8678
20151023 124216 8678
20151023 124246 8679
20151023 124246 8679
20151023 124424 8679
20151023 124429 8679
20151023 124611 8676
20151023 124620 8676
20151023 124639 8675
20151023 124642 8674
20151023 124642 8674
20151023 124648 8674
20151023 124834 8660
20151023 124920 8682
20151023 124923 8681
20151023 124946 8682
20151023 124953 8682
20151023 124953 8682
20151023 125302 8681
20151023 125349 8681
20151023 125349 8681
20151023 125445 8679
20151023 125447 8679
20151023 125451 8679
20151023 125500 8678
20151023 125502 8678
20151023 130051 8680
20151023 130054 8680
20151023 130057 8680
20151023 130057 8680
20151023 130100 8680
20151023 130110 8680
20151023 130137 8680
20151023 130144 8679
20151023 130144 8679
20151023 130144 8679
20151023 130144 8679
20151023 130144 8679
20151023 130144 8679
20151023 130156 8679
20151023 130259 8678
20151023 130303 8678
20151023 130318 8681
20151023 130408 8679
20151023 130416 8679
20151023 130617 8681
20151023 130717 8679
20151023 130926 8675
20151023 130928 8674
20151023 130928 8674
20151023 130928 8674
20151023 130928 8674
20151023 130928 8674
20151023 130928 8674
20151023 130929 8674
20151023 130930 8674
20151023 130932 8674
20151023 131420 8675
20151023 131452 8677
20151023 131521 8673
20151023 131522 8673
20151023 131523 8672
20151023 131523 8672
20151023 131523 8672
20151023 131523 8672
20151023 131523 8672
20151023 131523 8672
20151023 131648 8670
20151023 131654 8670
20151023 131655 8670
20151023 131656 8669
20151023 131656 8669
20151023 131656 8669
20151023 131657 8669
20151023 131942 8672
20151023 132013 8675
20151023 132226 8676
20151023 132227 8676
20151023 132227 8676
20151023 132227 8676
20151023 132305 8676
20151023 132336 8676
20151023 132458 8678
20151023 132513 8680
20151023 132513 8680
20151023 132513 8681
20151023 132513 8681
20151023 132646 8678
20151023 132646 8678
20151023 132646 8678
20151023 132646 8678
20151023 132903 8681
20151023 132903 8682
20151023 132903 8682
20151023 132926 8683
20151023 132959 8684
20151023 133026 8684
20151023 133505 8685
20151023 133507 8685
20151023 133600 8686
20151023 133720 8687
20151023 133721 8687
20151023 133831 8688
20151023 133901 8689
20151023 133905 8689
20151023 133932 8689
20151023 133959 8690
20151023 133959 8690
20151023 133959 8690
20151023 134000 8690
20151023 134009 8690
20151023 134009 8691
20151023 134009 8691
20151023 134011 8690
20151023 134059 8673
20151023 134110 8693
20151023 134136 8691
20151023 134146 8690
20151023 134146 8690
20151023 134147 8690
20151023 134147 8690
20151023 134148 8690
20151023 134148 8690
20151023 134148 8690
20151023 134149 8690
20151023 134156 8691
20151023 134240 8689
20151023 134240 8689
20151023 134241 8689
20151023 134241 8689
20151023 134253 8689
20151023 134254 8690
20151023 134301 8690
20151023 134307 8691
20151023 134312 8692
20151023 134312 8692
20151023 134312 8692
20151023 134313 8691
20151023 134327 8692
20151023 134327 8692
20151023 134330 8693
20151023 134338 8694
20151023 134338 8694
20151023 134338 8694
20151023 134338 8694
20151023 134339 8693
20151023 134344 8694
20151023 134418 8691
20151023 134424 8693
20151023 134432 8694
20151023 134439 8696
20151023 134453 8694
20151023 134453 8694
20151023 134455 8693
20151023 134457 8692
20151023 134458 8691
20151023 134458 8691
