20151026 084500 8730
20151026 084500 8736
20151026 084501 8733
20151026 084501 8736
20151026 084504 8731
20151026 084512 8727
20151026 084512 8727
20151026 084512 8727
20151026 084512 8727
20151026 084513 8727
20151026 084513 8727
20151026 084515 8729
20151026 084515 8730
20151026 084515 8730
20151026 084518 8730
20151026 084518 8730
20151026 084519 8731
20151026 084519 8732
20151026 084519 8732
20151026 084530 8730
20151026 084533 8731
20151026 084533 8731
20151026 084536 8730
20151026 084536 8730
20151026 084536 8731
20151026 084539 8730
20151026 084540 8730
20151026 084542 8729
20151026 084542 8730
20151026 084545 8730
20151026 084547 8730
20151026 084554 8730
20151026 084559 8730
20151026 084559 8732
20151026 084600 8734
20151026 084600 8735
20151026 084600 8735
20151026 084600 8735
20151026 084600 8735
20151026 084600 8735
20151026 084600 8735
20151026 084601 8733
20151026 084605 8733
20151026 084607 8728
20151026 084607 8728
20151026 084608 8733
20151026 084612 8734
20151026 084614 8737
20151026 084620 8738
20151026 084621 8737
20151026 084623 8736
20151026 084623 8736
20151026 084623 8736
20151026 084625 8736
20151026 084627 8737
20151026 084630 8738
20151026 084631 8737
20151026 084632 8737
20151026 084635 8738
20151026 084642 8739
20151026 084643 8739
20151026 084643 8739
20151026 084643 8739
20151026 084645 8739
20151026 084646 8739
20151026 084647 8737
20151026 084654 8734
20151026 084656 8734
20151026 084659 8733
20151026 084659 8734
20151026 084659 8735
20151026 084700 8734
20151026 084700 8734
20151026 084702 8733
20151026 084702 8733
20151026 084702 8733
20151026 084702 8733
20151026 084702 8733
20151026 084702 8733
20151026 084702 8733
20151026 084702 8733
20151026 084702 8733
20151026 084702 8734
20151026 084702 8734
20151026 084711 8733
20151026 084748 8729
20151026 084754 8729
20151026 084756 8714
20151026 084801 8727
20151026 084802 8727
20151026 084803 8727
20151026 084803 8727
20151026 084804 8727
20151026 084809 8710
20151026 084813 8726
20151026 084817 8727
20151026 084914 8729
20151026 084928 8729
20151026 084944 8731
20151026 084945 8726
20151026 084947 8731
20151026 084947 8735
20151026 084953 8726
20151026 085013 8731
20151026 085028 8731
20151026 085028 8731
20151026 085051 8728
20151026 085225 8730
20151026 085252 8729
20151026 085256 8730
20151026 085312 8730
20151026 085351 8731
20151026 085354 8731
20151026 085354 8732
20151026 085354 8732
20151026 085354 8732
20151026 085354 8732
20151026 085354 8732
20151026 085503 8740
20151026 085505 8732
20151026 085510 8732
20151026 085517 8738
20151026 085532 8730
20151026 085532 8731
20151026 085535 8732
20151026 085540 8732
20151026 085553 8732
20151026 085600 8732
20151026 085616 8733
20151026 085620 8733
20151026 085620 8733
20151026 085620 8733
20151026 085620 8733
20151026 085642 8732
20151026 085644 8733
20151026 085859 8730
20151026 085905 8728
20151026 085906 8728
20151026 085913 8729
20151026 085957 8729
20151026 090007 8727
20151026 090007 8727
20151026 090007 8727
20151026 090007 8727
20151026 090007 8727
20151026 090007 8727
20151026 090008 8726
20151026 090009 8726
20151026 090011 8726
20151026 090025 8729
20151026 090027 8729
20151026 090034 8729
20151026 090035 8729
20151026 090057 8733
20151026 090058 8734
20151026 090059 8735
20151026 090100 8736
20151026 090101 8736
20151026 090101 8736
20151026 090101 8736
20151026 090102 8737
20151026 090102 8737
20151026 090103 8738
20151026 090110 8735
20151026 090112 8736
20151026 090113 8736
20151026 090115 8736
20151026 090135 8737
20151026 090140 8734
20151026 090140 8734
20151026 090141 8732
20151026 090156 8731
20151026 090239 8729
20151026 090239 8729
20151026 090244 8727
20151026 090244 8727
20151026 090248 8726
20151026 090256 8726
20151026 090257 8725
20151026 090257 8725
20151026 090258 8725
20151026 090259 8724
20151026 090259 8725
20151026 090300 8723
20151026 090300 8723
20151026 090300 8723
20151026 090300 8723
20151026 090300 8724
20151026 090312 8726
20151026 090316 8726
20151026 090338 8724
20151026 090338 8725
20151026 090339 8724
20151026 090339 8724
20151026 090343 8723
20151026 090358 8710
20151026 090407 8726
20151026 090413 8723
20151026 090422 8726
20151026 090434 8726
20151026 090458 8725
20151026 090500 8726
20151026 090501 8724
20151026 090509 8730
20151026 090511 8731
20151026 090511 8731
20151026 090512 8732
20151026 090513 8732
20151026 090515 8730
20151026 090515 8730
20151026 090515 8730
20151026 090515 8731
20151026 090527 8725
20151026 090535 8735
20151026 090547 8726
20151026 090547 8730
20151026 090604 8734
20151026 090605 8735
20151026 090605 8735
20151026 090606 8736
20151026 090606 8736
20151026 090606 8737
20151026 090606 8737
20151026 090606 8737
20151026 090606 8737
20151026 090606 8738
20151026 090606 8738
20151026 090607 8738
20151026 090607 8739
20151026 090607 8739
20151026 090607 8739
20151026 090607 8740
20151026 090607 8740
20151026 090608 8740
20151026 090608 8740
20151026 090608 8741
20151026 090608 8742
20151026 090609 8743
20151026 090609 8743
20151026 090609 8743
20151026 090609 8743
20151026 090618 8743
20151026 090618 8743
20151026 090618 8744
20151026 090618 8744
20151026 090619 8744
20151026 090619 8744
20151026 090620 8744
20151026 090628 8743
20151026 090628 8744
20151026 090633 8744
20151026 090634 8744
20151026 090634 8744
20151026 090634 8744
20151026 090634 8744
20151026 090634 8744
20151026 090636 8745
20151026 090637 8745
20151026 090637 8745
20151026 090637 8746
20151026 090637 8746
20151026 090637 8746
20151026 090637 8746
20151026 090637 8746
20151026 090637 8746
20151026 090637 8746
20151026 090637 8746
20151026 090638 8746
20151026 090638 8747
20151026 090651 8743
20151026 090651 8743
20151026 090651 8743
20151026 090651 8744
20151026 090652 8744
20151026 090652 8744
20151026 090652 8744
20151026 090657 8744
20151026 090657 8744
20151026 090657 8744
20151026 090657 8744
20151026 090659 8745
20151026 090700 8745
20151026 090701 8745
20151026 090703 8746
20151026 090703 8747
20151026 090705 8748
20151026 090705 8748
20151026 090705 8748
20151026 090708 8749
20151026 090708 8749
20151026 090708 8749
20151026 090711 8748
20151026 090713 8749
20151026 090713 8750
20151026 090713 8750
20151026 090713 8750
20151026 090713 8750
20151026 090713 8751
20151026 090713 8751
20151026 090713 8752
20151026 090713 8752
20151026 090713 8752
20151026 090713 8752
20151026 090713 8753
20151026 090714 8753
20151026 090714 8754
20151026 090714 8754
20151026 090714 8754
20151026 090714 8754
20151026 090714 8754
20151026 090714 8754
20151026 090714 8754
20151026 090714 8754
20151026 090714 8754
20151026 090714 8754
20151026 090714 8754
20151026 090714 8754
20151026 090714 8754
20151026 090714 8754
20151026 090714 8754
20151026 090714 8754
20151026 090714 8756
20151026 090714 8756
20151026 090714 8756
20151026 090714 8757
20151026 090715 8754
20151026 090715 8758
20151026 090715 8758
20151026 090715 8758
20151026 090715 8759
20151026 090715 8759
20151026 090715 8759
20151026 090715 8759
20151026 090715 8759
20151026 090716 8757
20151026 090722 8758
20151026 090726 8751
20151026 090730 8758
20151026 090731 8757
20151026 090735 8757
20151026 090748 8753
20151026 090750 8754
20151026 090750 8754
20151026 090751 8754
20151026 090754 8754
20151026 090756 8752
20151026 090801 8751
20151026 090801 8754
20151026 090806 8754
20151026 090806 8754
20151026 090810 8752
20151026 090812 8752
20151026 090817 8753
20151026 090820 8752
20151026 090824 8754
20151026 090828 8753
20151026 090830 8753
20151026 090831 8753
20151026 090835 8752
20151026 090835 8753
20151026 090836 8753
20151026 090850 8752
20151026 090854 8749
20151026 090855 8749
20151026 090904 8753
20151026 090910 8753
20151026 090910 8754
20151026 090916 8754
20151026 090917 8754
20151026 090920 8754
20151026 090923 8754
20151026 090928 8753
20151026 090928 8753
20151026 090930 8754
20151026 090933 8752
20151026 090934 8753
20151026 090934 8753
20151026 090934 8753
20151026 090938 8758
20151026 090939 8755
20151026 090939 8756
20151026 090939 8756
20151026 090940 8755
20151026 090941 8758
20151026 090942 8758
20151026 090942 8758
20151026 090942 8758
20151026 090942 8758
20151026 090942 8758
20151026 090942 8759
20151026 090942 8759
20151026 090942 8759
20151026 090942 8759
20151026 090943 8755
20151026 090943 8755
20151026 090943 8756
20151026 090943 8756
20151026 090943 8756
20151026 090943 8758
20151026 090943 8760
20151026 090943 8760
20151026 090943 8760
20151026 090943 8760
20151026 090943 8761
20151026 090945 8759
20151026 090945 8760
20151026 090949 8761
20151026 090957 8760
20151026 090958 8755
20151026 090959 8757
20151026 091000 8759
20151026 091000 8764
20151026 091000 8764
20151026 091000 8764
20151026 091000 8764
20151026 091000 8764
20151026 091000 8764
20151026 091001 8763
20151026 091003 8764
20151026 091006 8763
20151026 091010 8761
20151026 091013 8755
20151026 091013 8761
20151026 091014 8761
20151026 091030 8759
20151026 091037 8759
20151026 091037 8759
20151026 091037 8759
20151026 091037 8759
20151026 091040 8757
20151026 091101 8758
20151026 091101 8759
20151026 091110 8756
20151026 091115 8753
20151026 091115 8753
20151026 091115 8754
20151026 091115 8754
20151026 091115 8754
20151026 091115 8754
20151026 091115 8754
20151026 091124 8752
20151026 091124 8752
20151026 091157 8749
20151026 091157 8751
20151026 091157 8751
20151026 091158 8748
20151026 091207 8750
20151026 091215 8749
20151026 091218 8750
20151026 091249 8750
20151026 091257 8750
20151026 091257 8750
20151026 091307 8747
20151026 091308 8747
20151026 091308 8747
20151026 091421 8741
20151026 091421 8742
20151026 091421 8742
20151026 091421 8742
20151026 091421 8743
20151026 091421 8743
20151026 091421 8743
20151026 091421 8744
20151026 091421 8744
20151026 091421 8744
20151026 091421 8744
20151026 091421 8744
20151026 091421 8746
20151026 091422 8741
20151026 091425 8744
20151026 091430 8745
20151026 091431 8738
20151026 091432 8741
20151026 091435 8746
20151026 091435 8747
20151026 091438 8741
20151026 091438 8741
20151026 091439 8741
20151026 091440 8737
20151026 091440 8738
20151026 091440 8738
20151026 091440 8739
20151026 091440 8739
20151026 091440 8739
20151026 091440 8739
20151026 091440 8739
20151026 091440 8740
20151026 091444 8738
20151026 091450 8739
20151026 091501 8742
20151026 091523 8742
20151026 091535 8739
20151026 091546 8742
20151026 091547 8742
20151026 091551 8745
20151026 091609 8742
20151026 091609 8742
20151026 091611 8736
20151026 091611 8736
20151026 091626 8739
20151026 091640 8742
20151026 091641 8742
20151026 091702 8741
20151026 091714 8742
20151026 091720 8741
20151026 091742 8741
20151026 091743 8742
20151026 091757 8747
20151026 091759 8741
20151026 091842 8736
20151026 091842 8737
20151026 091842 8737
20151026 091842 8737
20151026 091842 8737
20151026 091842 8737
20151026 091842 8737
20151026 091842 8738
20151026 091842 8738
20151026 091842 8738
20151026 091843 8735
20151026 091843 8735
20151026 091843 8739
20151026 091905 8740
20151026 091912 8739
20151026 091944 8740
20151026 091953 8734
20151026 091953 8734
20151026 091953 8735
20151026 091953 8735
20151026 091953 8735
20151026 091953 8735
20151026 091953 8736
20151026 091953 8736
20151026 091953 8736
20151026 091953 8736
20151026 091953 8737
20151026 091953 8738
20151026 091954 8731
20151026 091954 8731
20151026 091954 8732
20151026 091954 8732
20151026 091954 8732
20151026 091954 8733
20151026 091954 8734
20151026 091954 8735
20151026 091954 8736
20151026 091954 8736
20151026 091954 8736
20151026 091956 8733
20151026 092010 8739
20151026 092016 8735
20151026 092016 8737
20151026 092025 8739
20151026 092030 8738
20151026 092037 8739
20151026 092044 8740
20151026 092053 8743
20151026 092056 8742
20151026 092102 8741
20151026 092119 8740
20151026 092131 8740
20151026 092132 8740
20151026 092221 8743
20151026 092300 8744
20151026 092337 8741
20151026 092450 8738
20151026 092455 8737
20151026 092501 8736
20151026 092501 8736
20151026 092501 8736
20151026 092506 8734
20151026 092506 8734
20151026 092506 8734
20151026 092506 8734
20151026 092506 8735
20151026 092507 8733
20151026 092513 8737
20151026 092513 8737
20151026 092555 8730
20151026 092555 8731
20151026 092555 8731
20151026 092555 8731
20151026 092555 8732
20151026 092555 8732
20151026 092555 8732
20151026 092556 8726
20151026 092556 8726
20151026 092556 8727
20151026 092556 8727
20151026 092556 8728
20151026 092556 8728
20151026 092556 8728
20151026 092556 8729
20151026 092556 8729
20151026 092556 8730
20151026 092556 8730
20151026 092557 8722
20151026 092557 8722
20151026 092557 8722
20151026 092557 8722
20151026 092557 8722
20151026 092557 8723
20151026 092557 8723
20151026 092557 8723
20151026 092557 8724
20151026 092557 8724
20151026 092557 8724
20151026 092557 8725
20151026 092557 8725
20151026 092557 8726
20151026 092557 8726
20151026 092600 8726
20151026 092611 8726
20151026 092628 8727
20151026 092629 8726
20151026 092658 8727
20151026 092658 8727
20151026 092704 8726
20151026 092704 8726
20151026 092708 8726
20151026 092713 8728
20151026 092751 8728
20151026 092752 8734
20151026 092812 8728
20151026 092844 8726
20151026 092859 8730
20151026 092900 8728
20151026 092905 8728
20151026 092909 8729
20151026 092924 8728
20151026 092926 8727
20151026 093040 8732
20151026 093041 8732
20151026 093055 8731
20151026 093110 8729
20151026 093110 8729
20151026 093110 8729
20151026 093110 8729
20151026 093110 8729
20151026 093110 8729
20151026 093110 8729
20151026 093110 8729
20151026 093112 8729
20151026 093121 8730
20151026 093126 8729
20151026 093126 8730
20151026 093126 8730
20151026 093127 8728
20151026 093127 8728
20151026 093127 8728
20151026 093127 8728
20151026 093127 8728
20151026 093127 8728
20151026 093127 8728
20151026 093127 8728
20151026 093127 8729
20151026 093130 8734
20151026 093130 8734
20151026 093137 8726
20151026 093137 8726
20151026 093137 8726
20151026 093137 8726
20151026 093137 8726
20151026 093137 8726
20151026 093137 8727
20151026 093137 8727
20151026 093137 8727
20151026 093137 8727
20151026 093137 8727
20151026 093137 8727
20151026 093137 8727
20151026 093137 8733
20151026 093137 8734
20151026 093200 8724
20151026 093202 8722
20151026 093202 8722
20151026 093202 8723
20151026 093203 8722
20151026 093203 8722
20151026 093203 8722
20151026 093204 8722
20151026 093204 8722
20151026 093204 8722
20151026 093204 8722
20151026 093204 8722
20151026 093204 8722
20151026 093204 8729
20151026 093206 8723
20151026 093224 8719
20151026 093224 8719
20151026 093224 8720
20151026 093224 8721
20151026 093224 8721
20151026 093224 8721
20151026 093224 8721
20151026 093224 8721
20151026 093224 8721
20151026 093224 8721
20151026 093224 8721
20151026 093224 8721
20151026 093224 8721
20151026 093224 8721
20151026 093224 8721
20151026 093225 8717
20151026 093226 8721
20151026 093231 8721
20151026 093233 8720
20151026 093234 8721
20151026 093236 8721
20151026 093236 8721
20151026 093236 8721
20151026 093237 8720
20151026 093237 8721
20151026 093246 8724
20151026 093256 8726
20151026 093256 8726
20151026 093302 8733
20151026 093323 8726
20151026 093323 8726
20151026 093324 8726
20151026 093332 8727
20151026 093334 8727
20151026 093408 8728
20151026 093416 8731
20151026 093439 8727
20151026 093439 8727
20151026 093439 8727
20151026 093439 8727
20151026 093439 8727
20151026 093439 8727
20151026 093439 8727
20151026 093440 8727
20151026 093500 8732
20151026 093500 8732
20151026 093500 8733
20151026 093500 8733
20151026 093500 8734
20151026 093500 8736
20151026 093500 8736
20151026 093503 8730
20151026 093503 8730
20151026 093503 8730
20151026 093503 8730
20151026 093503 8730
20151026 093503 8730
20151026 093503 8730
20151026 093507 8730
20151026 093516 8732
20151026 093517 8732
20151026 093558 8732
20151026 093607 8731
20151026 093607 8731
20151026 093607 8731
20151026 093607 8731
20151026 093607 8731
20151026 093607 8731
20151026 093607 8731
20151026 093610 8732
20151026 093656 8729
20151026 093711 8729
20151026 093736 8730
20151026 093756 8729
20151026 093823 8729
20151026 093823 8729
20151026 093828 8728
20151026 093900 8726
20151026 093900 8726
20151026 093900 8726
20151026 093901 8725
20151026 093902 8736
20151026 093914 8725
20151026 093915 8726
20151026 093917 8724
20151026 093917 8724
20151026 093917 8725
20151026 093952 8725
20151026 093953 8725
20151026 093958 8723
20151026 093958 8724
20151026 094004 8722
20151026 094007 8724
20151026 094009 8724
20151026 094015 8726
20151026 094016 8726
20151026 094025 8726
20151026 094029 8724
20151026 094044 8724
20151026 094114 8722
20151026 094114 8722
20151026 094119 8721
20151026 094119 8721
20151026 094120 8721
20151026 094120 8721
20151026 094120 8721
20151026 094132 8722
20151026 094132 8722
20151026 094135 8722
20151026 094140 8723
20151026 094152 8722
20151026 094152 8722
20151026 094206 8723
20151026 094231 8724
20151026 094300 8727
20151026 094319 8727
20151026 094320 8727
20151026 094320 8727
20151026 094417 8724
20151026 094417 8724
20151026 094501 8730
20151026 094530 8728
20151026 094610 8725
20151026 094610 8725
20151026 094611 8725
20151026 094611 8725
20151026 094611 8725
20151026 094611 8725
20151026 094611 8725
20151026 094740 8726
20151026 094740 8726
20151026 094754 8728
20151026 094754 8728
20151026 094754 8728
20151026 094759 8729
20151026 094840 8729
20151026 094847 8732
20151026 094847 8734
20151026 094847 8734
20151026 094851 8733
20151026 094854 8732
20151026 094855 8733
20151026 094858 8732
20151026 094908 8733
20151026 094916 8732
20151026 094918 8732
20151026 094921 8731
20151026 094950 8731
20151026 095020 8733
20151026 095020 8734
20151026 095020 8735
20151026 095020 8735
20151026 095020 8735
20151026 095020 8735
20151026 095021 8736
20151026 095021 8738
20151026 095021 8738
20151026 095021 8738
20151026 095021 8738
20151026 095021 8738
20151026 095021 8738
20151026 095023 8738
20151026 095023 8738
20151026 095023 8738
20151026 095023 8738
20151026 095023 8738
20151026 095023 8739
20151026 095023 8739
20151026 095024 8739
20151026 095024 8739
20151026 095024 8739
20151026 095024 8739
20151026 095026 8739
20151026 095027 8739
20151026 095027 8739
20151026 095027 8739
20151026 095028 8739
20151026 095031 8737
20151026 095039 8724
20151026 095040 8739
20151026 095040 8739
20151026 095040 8739
20151026 095043 8740
20151026 095043 8740
20151026 095043 8740
20151026 095044 8741
20151026 095045 8742
20151026 095314 8737
20151026 095321 8737
20151026 095540 8739
20151026 095540 8739
20151026 095621 8737
20151026 095629 8732
20151026 095728 8736
20151026 095746 8734
20151026 095841 8735
20151026 095949 8734
20151026 100007 8734
20151026 100059 8738
20151026 100135 8741
20151026 100140 8743
20151026 100140 8743
20151026 100141 8744
20151026 100143 8744
20151026 100144 8744
20151026 100145 8744
20151026 100145 8744
20151026 100146 8744
20151026 100146 8744
20151026 100211 8741
20151026 100212 8738
20151026 100212 8741
20151026 100212 8741
20151026 100212 8741
20151026 100314 8739
20151026 100314 8739
20151026 100315 8738
20151026 100547 8734
20151026 100557 8733
20151026 100557 8733
20151026 100558 8731
20151026 100558 8731
20151026 100558 8731
20151026 100600 8730
20151026 100600 8730
20151026 100617 8730
20151026 100623 8729
20151026 100623 8729
20151026 100624 8729
20151026 100627 8730
20151026 100634 8728
20151026 100636 8728
20151026 100636 8728
20151026 100643 8728
20151026 100812 8726
20151026 100812 8727
20151026 100812 8727
20151026 100812 8727
20151026 100813 8726
20151026 100813 8726
20151026 100814 8726
20151026 100816 8726
20151026 100816 8726
20151026 100817 8726
20151026 100818 8726
20151026 100945 8726
20151026 100946 8726
20151026 100951 8725
20151026 101003 8725
20151026 101003 8725
20151026 101004 8725
20151026 101024 8725
20151026 101200 8730
20151026 101303 8731
20151026 101625 8739
20151026 101639 8734
20151026 101823 8730
20151026 102032 8738
20151026 102100 8736
20151026 102101 8736
20151026 102101 8736
20151026 102102 8737
20151026 102115 8737
20151026 102255 8732
20151026 102338 8741
20151026 102400 8731
20151026 102753 8731
20151026 102816 8729
20151026 103006 8731
20151026 103010 8729
20151026 103010 8729
20151026 103014 8728
20151026 103015 8726
20151026 103015 8726
20151026 103015 8726
20151026 103015 8726
20151026 103015 8726
20151026 103015 8726
20151026 103015 8726
20151026 103015 8726
20151026 103015 8726
20151026 103015 8726
20151026 103015 8726
20151026 103015 8726
20151026 103016 8725
20151026 103156 8729
20151026 103327 8730
20151026 103523 8730
20151026 103751 8727
20151026 104148 8735
20151026 104229 8726
20151026 104229 8726
20151026 104246 8725
20151026 104246 8725
20151026 104246 8725
20151026 104247 8723
20151026 104247 8724
20151026 104247 8724
20151026 104247 8724
20151026 104247 8724
20151026 104247 8725
20151026 104247 8725
20151026 104247 8725
20151026 104247 8725
20151026 104247 8725
20151026 104248 8722
20151026 104248 8722
20151026 104248 8723
20151026 104248 8723
20151026 104259 8725
20151026 104337 8728
20151026 104421 8727
20151026 104444 8728
20151026 104547 8728
20151026 104740 8726
20151026 105022 8723
20151026 105114 8721
20151026 105114 8721
20151026 105114 8721
20151026 105114 8721
20151026 105114 8721
20151026 105114 8721
20151026 105114 8721
20151026 105114 8721
20151026 105114 8721
20151026 105114 8721
20151026 105114 8721
20151026 105114 8721
20151026 105114 8721
20151026 105114 8721
20151026 105114 8721
20151026 105114 8721
20151026 105114 8722
20151026 105114 8722
20151026 105114 8722
20151026 105114 8722
20151026 105114 8722
20151026 105114 8722
20151026 105114 8722
20151026 105114 8723
20151026 105115 8721
20151026 105203 8722
20151026 105211 8723
20151026 105305 8723
20151026 105505 8724
20151026 105515 8724
20151026 105654 8726
20151026 110005 8722
20151026 110005 8725
20151026 110007 8726
20151026 110100 8727
20151026 110100 8727
20151026 110100 8727
20151026 110128 8727
20151026 110155 8728
20151026 110156 8730
20151026 110156 8730
20151026 110156 8730
20151026 110219 8731
20151026 110535 8731
20151026 110652 8729
20151026 111238 8728
20151026 111408 8728
20151026 111414 8727
20151026 111507 8728
20151026 111807 8734
20151026 111828 8725
20151026 112020 8726
20151026 112355 8729
20151026 112446 8729
20151026 112648 8728
20151026 113259 8729
20151026 113359 8731
20151026 113400 8731
20151026 113400 8731
20151026 113526 8731
20151026 113619 8731
20151026 114047 8729
20151026 114139 8729
20151026 114244 8726
20151026 114245 8726
20151026 114301 8725
20151026 114302 8725
20151026 114305 8725
20151026 114306 8725
20151026 114306 8725
20151026 114306 8725
20151026 114450 8724
20151026 114451 8724
20151026 114454 8724
20151026 114459 8724
20151026 114655 8726
20151026 114655 8726
20151026 115610 8726
20151026 115635 8726
20151026 115815 8723
20151026 115819 8728
20151026 115819 8728
20151026 115824 8722
20151026 115825 8722
20151026 115826 8722
20151026 115830 8720
20151026 115830 8720
20151026 115830 8720
20151026 115830 8720
20151026 115830 8720
20151026 115830 8720
20151026 115830 8720
20151026 115830 8720
20151026 115830 8721
20151026 115831 8719
20151026 115859 8721
20151026 120152 8721
20151026 120738 8725
20151026 120741 8726
20151026 120742 8728
20151026 120742 8728
20151026 120742 8728
20151026 120742 8728
20151026 120742 8728
20151026 120743 8728
20151026 120750 8730
20151026 120754 8729
20151026 120754 8731
20151026 121321 8727
20151026 121458 8726
20151026 121940 8727
20151026 122108 8726
20151026 122138 8726
20151026 122147 8726
20151026 123229 8725
20151026 123229 8725
20151026 123239 8725
20151026 123239 8726
20151026 123305 8723
20151026 123321 8725
20151026 123323 8725
20151026 123325 8725
20151026 123349 8726
20151026 123446 8725
20151026 123446 8725
20151026 123606 8725
20151026 123606 8726
20151026 123629 8726
20151026 124205 8730
20151026 124253 8715
20151026 124308 8730
20151026 124334 8732
20151026 124418 8730
20151026 124618 8728
20151026 124645 8729
20151026 124828 8728
20151026 125003 8728
20151026 125256 8728
20151026 130203 8728
20151026 130245 8728
20151026 131201 8730
20151026 131201 8730
20151026 131201 8730
20151026 131201 8731
20151026 131201 8731
20151026 131338 8731
20151026 131448 8729
20151026 131501 8732
20151026 131501 8732
20151026 131501 8732
20151026 131501 8732
20151026 131501 8732
20151026 131501 8732
20151026 131501 8733
20151026 131501 8733
20151026 131502 8733
20151026 131502 8733
20151026 131502 8733
20151026 131502 8733
20151026 131502 8733
20151026 131502 8733
20151026 131502 8733
20151026 131502 8733
20151026 131503 8733
20151026 132209 8732
20151026 132209 8732
20151026 132236 8733
20151026 132241 8733
20151026 132241 8733
20151026 132325 8731
20151026 132341 8734
20151026 132504 8734
20151026 132504 8734
20151026 132519 8735
20151026 132519 8735
20151026 132520 8735
20151026 132521 8736
20151026 132523 8736
20151026 132523 8736
20151026 132523 8736
20151026 132537 8736
20151026 132606 8736
20151026 132609 8737
20151026 132611 8737
20151026 132611 8737
20151026 132611 8737
20151026 132611 8737
20151026 132613 8737
20151026 132615 8738
20151026 132616 8737
20151026 132617 8737
20151026 132618 8737
20151026 132618 8737
20151026 132622 8738
20151026 132622 8738
20151026 132623 8737
20151026 132624 8738
20151026 132624 8738
20151026 132626 8738
20151026 132628 8738
20151026 132637 8739
20151026 132640 8739
20151026 132642 8739
20151026 132721 8736
20151026 132723 8739
20151026 132725 8738
20151026 132934 8737
20151026 133013 8738
20151026 133156 8738
20151026 133156 8738
20151026 133156 8738
20151026 133157 8738
20151026 133157 8738
20151026 133210 8737
20151026 133214 8737
20151026 133310 8736
20151026 133319 8735
20151026 133321 8735
20151026 133322 8735
20151026 133349 8736
20151026 133356 8736
20151026 133441 8737
20151026 133520 8737
20151026 133613 8743
20151026 133619 8744
20151026 133619 8745
20151026 133624 8737
20151026 133634 8738
20151026 133849 8739
20151026 133903 8738
20151026 133912 8738
20151026 133927 8738
20151026 133933 8737
20151026 133936 8737
20151026 133936 8737
20151026 133941 8737
20151026 133941 8738
20151026 134015 8738
20151026 134030 8738
20151026 134041 8738
20151026 134057 8736
20151026 134057 8736
20151026 134057 8736
20151026 134057 8736
20151026 134057 8736
20151026 134058 8736
20151026 134058 8736
20151026 134058 8736
20151026 134101 8736
20151026 134102 8735
20151026 134102 8735
20151026 134102 8735
20151026 134102 8735
20151026 134102 8735
20151026 134103 8735
20151026 134104 8734
20151026 134104 8734
20151026 134106 8734
20151026 134106 8734
20151026 134106 8734
20151026 134106 8734
20151026 134150 8732
20151026 134151 8732
20151026 134152 8732
20151026 134200 8733
20151026 134458 8720
