20151110 084500 8582
20151110 084500 8582
20151110 084501 8581
20151110 084502 8578
20151110 084504 8575
20151110 084504 8575
20151110 084504 8575
20151110 084504 8575
20151110 084504 8576
20151110 084505 8574
20151110 084505 8574
20151110 084505 8574
20151110 084513 8569
20151110 084513 8569
20151110 084513 8569
20151110 084513 8569
20151110 084513 8569
20151110 084513 8569
20151110 084513 8569
20151110 084513 8571
20151110 084515 8570
20151110 084516 8565
20151110 084516 8566
20151110 084516 8566
20151110 084516 8566
20151110 084516 8566
20151110 084520 8564
20151110 084520 8564
20151110 084520 8564
20151110 084521 8559
20151110 084521 8570
20151110 084527 8564
20151110 084527 8564
20151110 084527 8564
20151110 084527 8564
20151110 084527 8564
20151110 084527 8565
20151110 084527 8565
20151110 084530 8568
20151110 084531 8569
20151110 084534 8565
20151110 084535 8566
20151110 084536 8561
20151110 084536 8561
20151110 084537 8560
20151110 084538 8558
20151110 084538 8558
20151110 084538 8558
20151110 084538 8559
20151110 084538 8559
20151110 084540 8563
20151110 084541 8562
20151110 084543 8558
20151110 084547 8559
20151110 084547 8559
20151110 084554 8560
20151110 084605 8559
20151110 084606 8563
20151110 084606 8563
20151110 084607 8562
20151110 084607 8563
20151110 084607 8563
20151110 084607 8563
20151110 084607 8563
20151110 084607 8563
20151110 084608 8562
20151110 084608 8563
20151110 084608 8563
20151110 084609 8561
20151110 084609 8562
20151110 084609 8562
20151110 084609 8562
20151110 084609 8562
20151110 084609 8562
20151110 084609 8562
20151110 084609 8562
20151110 084609 8562
20151110 084609 8562
20151110 084609 8562
20151110 084609 8563
20151110 084609 8570
20151110 084610 8562
20151110 084610 8563
20151110 084611 8563
20151110 084611 8563
20151110 084615 8563
20151110 084615 8563
20151110 084617 8570
20151110 084619 8555
20151110 084621 8555
20151110 084621 8555
20151110 084621 8564
20151110 084621 8564
20151110 084621 8564
20151110 084621 8564
20151110 084623 8564
20151110 084628 8560
20151110 084628 8560
20151110 084628 8560
20151110 084628 8560
20151110 084628 8560
20151110 084632 8558
20151110 084636 8558
20151110 084640 8559
20151110 084640 8559
20151110 084646 8559
20151110 084646 8559
20151110 084647 8560
20151110 084653 8555
20151110 084653 8564
20151110 084653 8564
20151110 084653 8564
20151110 084653 8564
20151110 084653 8564
20151110 084653 8564
20151110 084653 8564
20151110 084653 8564
20151110 084654 8564
20151110 084655 8559
20151110 084655 8560
20151110 084705 8562
20151110 084705 8562
20151110 084711 8561
20151110 084711 8561
20151110 084715 8562
20151110 084715 8562
20151110 084718 8562
20151110 084720 8564
20151110 084720 8564
20151110 084727 8568
20151110 084727 8568
20151110 084729 8563
20151110 084732 8564
20151110 084734 8565
20151110 084734 8565
20151110 084734 8569
20151110 084737 8564
20151110 084743 8564
20151110 084746 8564
20151110 084751 8564
20151110 084751 8564
20151110 084757 8565
20151110 084757 8566
20151110 084757 8566
20151110 084758 8566
20151110 084758 8566
20151110 084800 8566
20151110 084800 8570
20151110 084801 8567
20151110 084801 8571
20151110 084804 8567
20151110 084805 8567
20151110 084808 8559
20151110 084808 8568
20151110 084836 8573
20151110 084846 8568
20151110 084856 8567
20151110 084903 8567
20151110 084904 8566
20151110 084906 8564
20151110 084908 8563
20151110 084908 8563
20151110 084908 8563
20151110 084910 8563
20151110 084917 8562
20151110 084917 8562
20151110 084922 8563
20151110 084925 8562
20151110 084941 8561
20151110 084941 8561
20151110 084941 8561
20151110 084941 8561
20151110 084942 8560
20151110 084943 8559
20151110 084955 8559
20151110 084957 8558
20151110 084957 8558
20151110 085000 8558
20151110 085002 8557
20151110 085010 8562
20151110 085010 8562
20151110 085010 8563
20151110 085010 8563
20151110 085013 8564
20151110 085019 8565
20151110 085019 8565
20151110 085020 8565
20151110 085020 8565
20151110 085030 8567
20151110 085035 8567
20151110 085048 8565
20151110 085055 8559
20151110 085102 8566
20151110 085117 8565
20151110 085133 8561
20151110 085207 8561
20151110 085209 8561
20151110 085218 8562
20151110 085221 8563
20151110 085221 8563
20151110 085221 8563
20151110 085223 8564
20151110 085223 8564
20151110 085223 8564
20151110 085229 8564
20151110 085234 8565
20151110 085251 8563
20151110 085330 8565
20151110 085330 8565
20151110 085330 8565
20151110 085338 8558
20151110 085338 8565
20151110 085352 8565
20151110 085352 8566
20151110 085352 8566
20151110 085355 8559
20151110 085357 8566
20151110 085402 8566
20151110 085418 8565
20151110 085428 8559
20151110 085433 8566
20151110 085440 8566
20151110 085447 8566
20151110 085452 8566
20151110 085507 8566
20151110 085529 8566
20151110 085548 8564
20151110 085549 8564
20151110 085639 8568
20151110 085649 8559
20151110 085649 8566
20151110 085704 8568
20151110 085710 8566
20151110 085729 8565
20151110 085755 8564
20151110 085759 8564
20151110 085801 8564
20151110 085805 8564
20151110 085809 8564
20151110 085854 8565
20151110 085919 8563
20151110 085919 8564
20151110 085923 8563
20151110 085925 8562
20151110 085925 8562
20151110 085925 8562
20151110 085926 8562
20151110 085935 8561
20151110 085951 8566
20151110 085951 8566
20151110 085958 8564
20151110 090006 8563
20151110 090010 8565
20151110 090014 8552
20151110 090014 8559
20151110 090014 8559
20151110 090014 8559
20151110 090014 8559
20151110 090014 8559
20151110 090014 8559
20151110 090021 8558
20151110 090022 8554
20151110 090022 8554
20151110 090022 8554
20151110 090022 8555
20151110 090022 8555
20151110 090022 8555
20151110 090022 8555
20151110 090022 8555
20151110 090022 8555
20151110 090022 8555
20151110 090022 8555
20151110 090022 8555
20151110 090022 8555
20151110 090022 8555
20151110 090022 8555
20151110 090022 8556
20151110 090022 8556
20151110 090022 8556
20151110 090022 8556
20151110 090022 8557
20151110 090022 8557
20151110 090022 8557
20151110 090022 8557
20151110 090022 8558
20151110 090023 8553
20151110 090023 8553
20151110 090023 8553
20151110 090023 8553
20151110 090023 8553
20151110 090023 8553
20151110 090023 8553
20151110 090023 8554
20151110 090023 8554
20151110 090027 8552
20151110 090033 8555
20151110 090036 8556
20151110 090037 8556
20151110 090037 8556
20151110 090037 8556
20151110 090037 8556
20151110 090037 8556
20151110 090048 8552
20151110 090048 8556
20151110 090050 8553
20151110 090052 8553
20151110 090053 8552
20151110 090053 8552
20151110 090054 8547
20151110 090054 8547
20151110 090054 8548
20151110 090054 8549
20151110 090054 8549
20151110 090055 8546
20151110 090055 8546
20151110 090055 8546
20151110 090055 8546
20151110 090055 8547
20151110 090056 8545
20151110 090056 8545
20151110 090056 8545
20151110 090100 8545
20151110 090100 8545
20151110 090100 8545
20151110 090100 8545
20151110 090100 8545
20151110 090100 8545
20151110 090100 8545
20151110 090100 8545
20151110 090100 8545
20151110 090101 8545
20151110 090101 8545
20151110 090101 8545
20151110 090101 8545
20151110 090101 8545
20151110 090101 8545
20151110 090101 8545
20151110 090101 8545
20151110 090102 8544
20151110 090102 8545
20151110 090102 8545
20151110 090102 8545
20151110 090108 8544
20151110 090115 8540
20151110 090115 8546
20151110 090115 8546
20151110 090115 8549
20151110 090119 8554
20151110 090119 8555
20151110 090119 8555
20151110 090122 8557
20151110 090123 8546
20151110 090123 8555
20151110 090123 8556
20151110 090123 8556
20151110 090127 8554
20151110 090154 8557
20151110 090154 8557
20151110 090155 8557
20151110 090155 8557
20151110 090157 8556
20151110 090207 8554
20151110 090207 8554
20151110 090207 8554
20151110 090212 8553
20151110 090233 8555
20151110 090234 8558
20151110 090235 8557
20151110 090235 8557
20151110 090235 8557
20151110 090251 8554
20151110 090251 8554
20151110 090251 8554
20151110 090252 8554
20151110 090301 8556
20151110 090301 8556
20151110 090301 8556
20151110 090301 8556
20151110 090305 8553
20151110 090306 8552
20151110 090306 8552
20151110 090306 8552
20151110 090306 8553
20151110 090307 8543
20151110 090307 8551
20151110 090309 8550
20151110 090310 8550
20151110 090312 8552
20151110 090312 8552
20151110 090315 8551
20151110 090317 8549
20151110 090320 8549
20151110 090321 8548
20151110 090321 8548
20151110 090321 8551
20151110 090324 8547
20151110 090326 8548
20151110 090330 8552
20151110 090330 8552
20151110 090332 8553
20151110 090334 8556
20151110 090334 8556
20151110 090338 8557
20151110 090340 8555
20151110 090340 8555
20151110 090340 8555
20151110 090349 8553
20151110 090349 8553
20151110 090349 8553
20151110 090355 8553
20151110 090406 8551
20151110 090409 8550
20151110 090411 8547
20151110 090411 8547
20151110 090411 8548
20151110 090411 8548
20151110 090411 8548
20151110 090411 8548
20151110 090411 8548
20151110 090412 8546
20151110 090412 8546
20151110 090414 8548
20151110 090427 8552
20151110 090429 8552
20151110 090431 8553
20151110 090437 8553
20151110 090445 8554
20151110 090453 8553
20151110 090454 8552
20151110 090454 8552
20151110 090455 8553
20151110 090501 8546
20151110 090501 8547
20151110 090501 8547
20151110 090501 8547
20151110 090502 8545
20151110 090502 8545
20151110 090515 8550
20151110 090520 8547
20151110 090520 8547
20151110 090522 8549
20151110 090524 8551
20151110 090535 8552
20151110 090535 8552
20151110 090535 8554
20151110 090535 8555
20151110 090538 8559
20151110 090538 8559
20151110 090538 8559
20151110 090539 8561
20151110 090539 8561
20151110 090550 8564
20151110 090604 8561
20151110 090604 8561
20151110 090625 8551
20151110 090625 8560
20151110 090643 8549
20151110 090643 8558
20151110 090701 8551
20151110 090702 8549
20151110 090702 8550
20151110 090702 8551
20151110 090713 8548
20151110 090713 8548
20151110 090713 8548
20151110 090713 8548
20151110 090714 8545
20151110 090714 8546
20151110 090715 8545
20151110 090715 8545
20151110 090716 8543
20151110 090716 8543
20151110 090716 8543
20151110 090716 8544
20151110 090717 8535
20151110 090717 8535
20151110 090717 8535
20151110 090717 8535
20151110 090717 8535
20151110 090717 8535
20151110 090717 8535
20151110 090717 8535
20151110 090717 8535
20151110 090717 8535
20151110 090717 8535
20151110 090717 8535
20151110 090717 8535
20151110 090717 8536
20151110 090717 8537
20151110 090717 8538
20151110 090717 8538
20151110 090717 8538
20151110 090717 8539
20151110 090717 8540
20151110 090717 8542
20151110 090717 8542
20151110 090717 8542
20151110 090717 8542
20151110 090718 8533
20151110 090718 8533
20151110 090718 8533
20151110 090718 8534
20151110 090718 8534
20151110 090718 8535
20151110 090718 8535
20151110 090719 8537
20151110 090719 8537
20151110 090722 8538
20151110 090727 8536
20151110 090730 8536
20151110 090730 8536
20151110 090730 8536
20151110 090731 8535
20151110 090742 8533
20151110 090742 8533
20151110 090742 8535
20151110 090743 8527
20151110 090743 8536
20151110 090745 8533
20151110 090746 8532
20151110 090752 8534
20151110 090815 8530
20151110 090815 8530
20151110 090815 8530
20151110 090816 8529
20151110 090816 8529
20151110 090816 8529
20151110 090818 8527
20151110 090818 8528
20151110 090819 8527
20151110 090823 8527
20151110 090823 8528
20151110 090826 8529
20151110 090828 8528
20151110 090829 8528
20151110 090829 8528
20151110 090836 8528
20151110 090839 8528
20151110 090840 8528
20151110 090840 8528
20151110 090842 8527
20151110 090847 8528
20151110 090859 8528
20151110 090901 8521
20151110 090901 8522
20151110 090901 8523
20151110 090901 8523
20151110 090901 8523
20151110 090901 8523
20151110 090901 8523
20151110 090901 8524
20151110 090901 8524
20151110 090901 8524
20151110 090906 8524
20151110 090908 8524
20151110 090908 8524
20151110 090908 8525
20151110 090908 8525
20151110 090912 8526
20151110 090917 8526
20151110 090929 8521
20151110 090931 8520
20151110 090936 8520
20151110 090940 8518
20151110 090940 8518
20151110 090941 8518
20151110 090942 8518
20151110 090944 8517
20151110 090944 8517
20151110 090944 8517
20151110 090944 8517
20151110 090944 8517
20151110 090944 8517
20151110 090944 8518
20151110 090946 8517
20151110 090947 8518
20151110 090948 8518
20151110 090956 8515
20151110 091000 8512
20151110 091000 8512
20151110 091000 8512
20151110 091000 8512
20151110 091000 8512
20151110 091000 8514
20151110 091000 8514
20151110 091004 8519
20151110 091006 8520
20151110 091007 8521
20151110 091007 8521
20151110 091007 8521
20151110 091008 8521
20151110 091011 8522
20151110 091011 8522
20151110 091013 8523
20151110 091015 8524
20151110 091015 8524
20151110 091016 8524
20151110 091016 8525
20151110 091016 8525
20151110 091016 8525
20151110 091017 8524
20151110 091017 8526
20151110 091018 8526
20151110 091020 8526
20151110 091020 8526
20151110 091021 8528
20151110 091021 8528
20151110 091021 8528
20151110 091021 8528
20151110 091026 8529
20151110 091033 8517
20151110 091033 8528
20151110 091038 8530
20151110 091038 8533
20151110 091038 8533
20151110 091039 8535
20151110 091039 8535
20151110 091043 8531
20151110 091043 8531
20151110 091045 8531
20151110 091046 8530
20151110 091050 8532
20151110 091117 8534
20151110 091129 8532
20151110 091130 8522
20151110 091130 8533
20151110 091134 8531
20151110 091134 8531
20151110 091201 8530
20151110 091204 8529
20151110 091204 8529
20151110 091208 8527
20151110 091208 8527
20151110 091208 8527
20151110 091221 8526
20151110 091222 8525
20151110 091222 8525
20151110 091222 8525
20151110 091223 8522
20151110 091224 8519
20151110 091224 8519
20151110 091224 8519
20151110 091225 8517
20151110 091225 8517
20151110 091302 8527
20151110 091304 8529
20151110 091304 8529
20151110 091305 8529
20151110 091305 8529
20151110 091307 8529
20151110 091314 8532
20151110 091320 8532
20151110 091328 8532
20151110 091328 8532
20151110 091329 8531
20151110 091334 8531
20151110 091336 8532
20151110 091337 8531
20151110 091344 8531
20151110 091344 8532
20151110 091344 8532
20151110 091344 8532
20151110 091345 8531
20151110 091347 8531
20151110 091347 8531
20151110 091348 8530
20151110 091348 8530
20151110 091348 8530
20151110 091348 8530
20151110 091348 8530
20151110 091348 8530
20151110 091348 8533
20151110 091351 8529
20151110 091351 8529
20151110 091351 8529
20151110 091352 8529
20151110 091352 8529
20151110 091352 8529
20151110 091352 8532
20151110 091354 8528
20151110 091354 8528
20151110 091354 8528
20151110 091354 8528
20151110 091354 8528
20151110 091354 8528
20151110 091354 8528
20151110 091354 8528
20151110 091354 8528
20151110 091354 8531
20151110 091402 8538
20151110 091405 8539
20151110 091406 8541
20151110 091406 8542
20151110 091406 8542
20151110 091407 8545
20151110 091407 8547
20151110 091409 8543
20151110 091411 8544
20151110 091425 8547
20151110 091425 8548
20151110 091425 8550
20151110 091425 8550
20151110 091425 8550
20151110 091425 8550
20151110 091425 8550
20151110 091426 8551
20151110 091426 8555
20151110 091426 8555
20151110 091426 8555
20151110 091435 8552
20151110 091435 8552
20151110 091439 8550
20151110 091439 8550
20151110 091439 8551
20151110 091443 8550
20151110 091446 8548
20151110 091446 8548
20151110 091446 8549
20151110 091446 8549
20151110 091446 8549
20151110 091448 8547
20151110 091454 8545
20151110 091454 8545
20151110 091455 8545
20151110 091459 8550
20151110 091459 8550
20151110 091459 8550
20151110 091500 8552
20151110 091500 8553
20151110 091500 8553
20151110 091501 8551
20151110 091507 8549
20151110 091509 8549
20151110 091509 8550
20151110 091510 8549
20151110 091512 8550
20151110 091516 8548
20151110 091516 8548
20151110 091516 8548
20151110 091516 8548
20151110 091516 8548
20151110 091522 8547
20151110 091523 8547
20151110 091523 8547
20151110 091523 8547
20151110 091523 8547
20151110 091525 8545
20151110 091543 8551
20151110 091543 8551
20151110 091544 8551
20151110 091554 8552
20151110 091554 8552
20151110 091600 8552
20151110 091615 8555
20151110 091618 8556
20151110 091632 8559
20151110 091632 8559
20151110 091632 8559
20151110 091632 8559
20151110 091646 8559
20151110 091646 8559
20151110 091646 8559
20151110 091649 8559
20151110 091650 8558
20151110 091650 8558
20151110 091652 8561
20151110 091652 8561
20151110 091653 8562
20151110 091654 8560
20151110 091654 8560
20151110 091659 8563
20151110 091659 8563
20151110 091659 8563
20151110 091659 8564
20151110 091700 8566
20151110 091700 8566
20151110 091707 8562
20151110 091707 8563
20151110 091711 8563
20151110 091716 8561
20151110 091719 8561
20151110 091722 8557
20151110 091722 8557
20151110 091724 8557
20151110 091724 8557
20151110 091726 8557
20151110 091731 8557
20151110 091731 8557
20151110 091740 8538
20151110 091740 8554
20151110 091757 8554
20151110 091825 8553
20151110 091841 8550
20151110 091915 8531
20151110 091915 8531
20151110 091915 8547
20151110 091915 8547
20151110 091915 8547
20151110 091915 8547
20151110 091915 8547
20151110 091915 8547
20151110 091915 8548
20151110 091916 8546
20151110 091916 8546
20151110 091916 8546
20151110 091916 8546
20151110 091916 8546
20151110 091916 8548
20151110 091916 8549
20151110 091920 8529
20151110 091920 8529
20151110 091920 8545
20151110 091920 8545
20151110 091920 8545
20151110 091920 8545
20151110 091920 8545
20151110 091922 8543
20151110 091923 8542
20151110 091936 8542
20151110 091943 8544
20151110 091945 8544
20151110 091945 8544
20151110 091952 8544
20151110 091958 8545
20151110 092001 8545
20151110 092001 8545
20151110 092001 8545
20151110 092007 8549
20151110 092014 8550
20151110 092017 8548
20151110 092040 8552
20151110 092043 8551
20151110 092044 8552
20151110 092117 8554
20151110 092117 8554
20151110 092123 8550
20151110 092158 8551
20151110 092256 8545
20151110 092256 8545
20151110 092256 8556
20151110 092256 8556
20151110 092256 8556
20151110 092257 8557
20151110 092257 8557
20151110 092302 8556
20151110 092310 8559
20151110 092310 8559
20151110 092314 8560
20151110 092324 8555
20151110 092400 8558
20151110 092402 8559
20151110 092429 8560
20151110 092447 8555
20151110 092447 8555
20151110 092447 8555
20151110 092450 8556
20151110 092504 8558
20151110 092504 8558
20151110 092515 8556
20151110 092524 8557
20151110 092532 8557
20151110 092532 8557
20151110 092542 8561
20151110 092542 8561
20151110 092544 8564
20151110 092544 8564
20151110 092545 8564
20151110 092546 8564
20151110 092546 8564
20151110 092550 8565
20151110 092550 8566
20151110 092550 8566
20151110 092550 8567
20151110 092550 8567
20151110 092550 8567
20151110 092550 8567
20151110 092550 8567
20151110 092550 8567
20151110 092550 8567
20151110 092550 8568
20151110 092550 8568
20151110 092550 8568
20151110 092550 8569
20151110 092550 8569
20151110 092550 8569
20151110 092550 8569
20151110 092551 8571
20151110 092551 8571
20151110 092551 8574
20151110 092551 8574
20151110 092551 8574
20151110 092551 8574
20151110 092551 8575
20151110 092554 8576
20151110 092554 8576
20151110 092554 8577
20151110 092601 8574
20151110 092607 8577
20151110 092609 8579
20151110 092609 8579
20151110 092609 8579
20151110 092609 8579
20151110 092609 8579
20151110 092609 8579
20151110 092609 8579
20151110 092609 8579
20151110 092609 8579
20151110 092609 8579
20151110 092609 8579
20151110 092609 8579
20151110 092609 8579
20151110 092609 8579
20151110 092609 8579
20151110 092617 8575
20151110 092617 8575
20151110 092617 8575
20151110 092617 8575
20151110 092617 8576
20151110 092617 8576
20151110 092617 8576
20151110 092617 8576
20151110 092617 8576
20151110 092630 8573
20151110 092632 8573
20151110 092637 8578
20151110 092637 8579
20151110 092637 8579
20151110 092638 8578
20151110 092638 8579
20151110 092638 8579
20151110 092642 8576
20151110 092643 8579
20151110 092643 8579
20151110 092644 8578
20151110 092644 8578
20151110 092644 8579
20151110 092644 8579
20151110 092647 8580
20151110 092647 8580
20151110 092647 8580
20151110 092647 8580
20151110 092647 8580
20151110 092648 8581
20151110 092648 8581
20151110 092648 8583
20151110 092648 8583
20151110 092648 8584
20151110 092648 8584
20151110 092648 8584
20151110 092648 8585
20151110 092648 8587
20151110 092648 8589
20151110 092648 8590
20151110 092648 8590
20151110 092648 8590
20151110 092649 8591
20151110 092649 8592
20151110 092650 8588
20151110 092653 8586
20151110 092653 8586
20151110 092656 8584
20151110 092659 8584
20151110 092700 8583
20151110 092701 8584
20151110 092705 8583
20151110 092714 8581
20151110 092714 8582
20151110 092714 8582
20151110 092714 8582
20151110 092722 8581
20151110 092722 8581
20151110 092728 8578
20151110 092732 8580
20151110 092742 8579
20151110 092752 8579
20151110 092755 8580
20151110 092755 8580
20151110 092755 8580
20151110 092755 8580
20151110 092755 8580
20151110 092800 8579
20151110 092811 8579
20151110 092819 8580
20151110 092827 8581
20151110 092828 8582
20151110 092828 8583
20151110 092834 8582
20151110 092836 8583
20151110 092840 8583
20151110 092841 8584
20151110 092841 8584
20151110 092841 8584
20151110 092841 8584
20151110 092841 8584
20151110 092841 8584
20151110 092843 8584
20151110 092855 8581
20151110 092857 8580
20151110 092915 8582
20151110 092941 8580
20151110 092941 8580
20151110 092949 8579
20151110 092952 8579
20151110 092953 8580
20151110 092955 8579
20151110 093011 8572
20151110 093021 8574
20151110 093021 8574
20151110 093022 8574
20151110 093027 8569
20151110 093031 8567
20151110 093032 8567
20151110 093036 8562
20151110 093036 8564
20151110 093044 8568
20151110 093053 8567
20151110 093053 8567
20151110 093053 8567
20151110 093055 8566
20151110 093101 8567
20151110 093108 8567
20151110 093113 8566
20151110 093120 8566
20151110 093128 8568
20151110 093130 8568
20151110 093153 8568
20151110 093154 8568
20151110 093159 8569
20151110 093215 8569
20151110 093238 8567
20151110 093307 8571
20151110 093307 8571
20151110 093308 8571
20151110 093406 8565
20151110 093413 8569
20151110 093426 8566
20151110 093440 8566
20151110 093444 8564
20151110 093448 8563
20151110 093453 8560
20151110 093455 8560
20151110 093456 8559
20151110 093457 8558
20151110 093459 8562
20151110 093507 8557
20151110 093507 8557
20151110 093507 8558
20151110 093511 8557
20151110 093511 8557
20151110 093511 8557
20151110 093511 8557
20151110 093511 8557
20151110 093511 8557
20151110 093511 8557
20151110 093511 8557
20151110 093511 8557
20151110 093514 8557
20151110 093514 8557
20151110 093514 8557
20151110 093514 8557
20151110 093514 8557
20151110 093514 8557
20151110 093516 8558
20151110 093516 8559
20151110 093530 8556
20151110 093544 8554
20151110 093544 8555
20151110 093550 8558
20151110 093623 8564
20151110 093625 8563
20151110 093629 8568
20151110 093631 8567
20151110 093744 8565
20151110 093820 8567
20151110 093841 8567
20151110 093844 8567
20151110 093848 8567
20151110 093848 8567
20151110 093848 8567
20151110 093848 8567
20151110 093851 8566
20151110 093906 8570
20151110 093907 8570
20151110 093907 8570
20151110 093907 8570
20151110 093907 8570
20151110 093907 8571
20151110 093908 8571
20151110 093908 8571
20151110 093908 8571
20151110 093908 8572
20151110 093908 8572
20151110 093908 8572
20151110 093908 8572
20151110 093908 8572
20151110 093908 8572
20151110 093908 8572
20151110 093908 8572
20151110 093908 8573
20151110 093909 8572
20151110 093910 8573
20151110 093910 8573
20151110 093910 8573
20151110 093910 8573
20151110 093910 8573
20151110 093910 8573
20151110 093910 8573
20151110 093910 8573
20151110 093910 8574
20151110 093910 8574
20151110 093910 8574
20151110 093910 8574
20151110 093910 8574
20151110 093910 8574
20151110 093910 8574
20151110 093910 8574
20151110 093910 8574
20151110 093910 8574
20151110 093910 8574
20151110 093910 8574
20151110 093910 8574
20151110 093910 8575
20151110 093911 8574
20151110 093912 8575
20151110 093912 8575
20151110 093912 8575
20151110 093912 8575
20151110 093912 8575
20151110 093912 8576
20151110 093912 8576
20151110 093913 8576
20151110 093913 8576
20151110 093913 8576
20151110 093913 8576
20151110 093913 8577
20151110 093914 8567
20151110 093914 8577
20151110 093914 8577
20151110 093914 8577
20151110 093914 8577
20151110 093914 8578
20151110 093915 8578
20151110 093915 8578
20151110 093915 8578
20151110 093916 8578
20151110 093934 8574
20151110 093937 8572
20151110 093945 8574
20151110 093949 8574
20151110 093958 8576
20151110 094000 8577
20151110 094026 8577
20151110 094100 8573
20151110 094131 8579
20151110 094132 8579
20151110 094132 8579
20151110 094132 8579
20151110 094135 8579
20151110 094137 8581
20151110 094137 8581
20151110 094137 8581
20151110 094141 8582
20151110 094141 8582
20151110 094141 8584
20151110 094142 8580
20151110 094156 8577
20151110 094203 8578
20151110 094220 8575
20151110 094229 8574
20151110 094307 8568
20151110 094307 8569
20151110 094308 8567
20151110 094308 8568
20151110 094309 8565
20151110 094309 8565
20151110 094309 8566
20151110 094312 8564
20151110 094312 8564
20151110 094312 8564
20151110 094312 8564
20151110 094312 8566
20151110 094324 8566
20151110 094339 8565
20151110 094340 8566
20151110 094345 8569
20151110 094347 8570
20151110 094347 8570
20151110 094425 8572
20151110 094426 8572
20151110 094440 8570
20151110 094503 8563
20151110 094504 8562
20151110 094504 8562
20151110 094504 8563
20151110 094504 8563
20151110 094504 8563
20151110 094505 8562
20151110 094505 8562
20151110 094505 8565
20151110 094507 8561
20151110 094507 8561
20151110 094507 8561
20151110 094507 8564
20151110 094508 8559
20151110 094508 8560
20151110 094508 8560
20151110 094508 8560
20151110 094516 8557
20151110 094517 8556
20151110 094517 8556
20151110 094517 8557
20151110 094520 8559
20151110 094527 8559
20151110 094541 8556
20151110 094544 8552
20151110 094544 8552
20151110 094544 8552
20151110 094544 8552
20151110 094544 8553
20151110 094544 8553
20151110 094544 8553
20151110 094606 8547
20151110 094606 8547
20151110 094606 8547
20151110 094606 8547
20151110 094606 8548
20151110 094606 8549
20151110 094606 8549
20151110 094607 8542
20151110 094607 8542
20151110 094607 8542
20151110 094607 8542
20151110 094607 8543
20151110 094607 8543
20151110 094607 8543
20151110 094607 8543
20151110 094607 8543
20151110 094607 8545
20151110 094607 8546
20151110 094607 8546
20151110 094608 8542
20151110 094608 8542
20151110 094608 8543
20151110 094608 8543
20151110 094608 8543
20151110 094608 8544
20151110 094610 8545
20151110 094610 8546
20151110 094619 8552
20151110 094619 8552
20151110 094633 8550
20151110 094633 8550
20151110 094638 8551
20151110 094711 8551
20151110 094728 8549
20151110 094728 8549
20151110 094728 8549
20151110 094728 8549
20151110 094732 8550
20151110 094736 8550
20151110 094738 8550
20151110 094741 8553
20151110 094817 8549
20151110 094817 8549
20151110 094817 8549
20151110 094817 8551
20151110 094820 8548
20151110 094821 8548
20151110 094821 8548
20151110 094821 8548
20151110 094821 8550
20151110 094822 8548
20151110 094823 8548
20151110 094828 8547
20151110 094828 8547
20151110 094828 8547
20151110 094828 8547
20151110 094828 8547
20151110 094828 8549
20151110 094831 8548
20151110 094836 8545
20151110 094836 8546
20151110 094836 8546
20151110 094839 8544
20151110 094847 8546
20151110 094853 8547
20151110 094906 8549
20151110 094918 8548
20151110 094936 8554
20151110 094937 8553
20151110 095004 8554
20151110 095006 8554
20151110 095016 8553
20151110 095027 8550
20151110 095112 8552
20151110 095112 8553
20151110 095112 8554
20151110 095157 8551
20151110 095234 8548
20151110 095248 8550
20151110 095250 8550
20151110 095250 8550
20151110 095301 8550
20151110 095349 8553
20151110 095353 8554
20151110 095353 8554
20151110 095356 8556
20151110 095356 8557
20151110 095404 8557
20151110 095409 8553
20151110 095433 8555
20151110 095458 8551
20151110 095458 8551
20151110 095458 8551
20151110 095459 8549
20151110 095459 8549
20151110 095459 8549
20151110 095501 8548
20151110 095539 8552
20151110 095541 8554
20151110 095541 8554
20151110 095551 8555
20151110 095638 8558
20151110 095638 8560
20151110 095638 8560
20151110 095639 8560
20151110 095640 8562
20151110 095640 8562
20151110 095732 8561
20151110 095736 8563
20151110 095736 8563
20151110 095736 8563
20151110 095736 8563
20151110 095736 8563
20151110 095736 8563
20151110 095736 8563
20151110 095736 8563
20151110 095736 8563
20151110 095739 8564
20151110 095739 8564
20151110 095739 8564
20151110 095739 8564
20151110 095739 8564
20151110 095739 8564
20151110 095747 8565
20151110 095747 8565
20151110 095748 8565
20151110 095805 8563
20151110 095816 8562
20151110 095816 8562
20151110 095830 8561
20151110 095830 8561
20151110 095849 8562
20151110 095858 8561
20151110 095937 8557
20151110 100006 8553
20151110 100007 8552
20151110 100007 8552
20151110 100007 8552
20151110 100007 8553
20151110 100010 8551
20151110 100010 8551
20151110 100019 8552
20151110 100019 8552
20151110 100055 8556
20151110 100055 8556
20151110 100102 8559
20151110 100102 8559
20151110 100103 8560
20151110 100114 8564
20151110 100114 8564
20151110 100118 8564
20151110 100119 8564
20151110 100124 8567
20151110 100124 8567
20151110 100138 8564
20151110 100139 8565
20151110 100231 8566
20151110 100231 8566
20151110 100234 8567
20151110 100234 8567
20151110 100234 8567
20151110 100428 8561
20151110 100449 8561
20151110 100506 8558
20151110 100512 8555
20151110 100512 8555
20151110 100514 8556
20151110 100542 8559
20151110 100615 8559
20151110 100626 8558
20151110 100630 8559
20151110 100732 8563
20151110 100745 8563
20151110 100917 8567
20151110 100917 8567
20151110 100922 8570
20151110 100924 8571
20151110 100924 8572
20151110 100924 8572
20151110 100924 8572
20151110 100924 8572
20151110 100924 8572
20151110 100924 8572
20151110 100924 8572
20151110 100924 8572
20151110 100924 8573
20151110 100924 8573
20151110 100924 8573
20151110 100924 8573
20151110 100924 8573
20151110 100924 8574
20151110 100924 8574
20151110 100924 8574
20151110 100924 8574
20151110 100924 8574
20151110 100924 8574
20151110 100924 8574
20151110 100924 8574
20151110 100924 8575
20151110 100925 8574
20151110 100932 8568
20151110 100934 8567
20151110 101002 8566
20151110 101040 8569
20151110 101042 8568
20151110 101136 8559
20151110 101145 8558
20151110 101145 8558
20151110 101145 8558
20151110 101146 8557
20151110 101146 8559
20151110 101147 8556
20151110 101147 8556
20151110 101147 8556
20151110 101147 8556
20151110 101147 8557
20151110 101147 8557
20151110 101147 8557
20151110 101147 8557
20151110 101147 8557
20151110 101149 8555
20151110 101149 8555
20151110 101149 8555
20151110 101149 8555
20151110 101149 8555
20151110 101149 8555
20151110 101150 8555
20151110 101201 8555
20151110 101206 8553
20151110 101207 8551
20151110 101209 8551
20151110 101214 8551
20151110 101214 8551
20151110 101253 8554
20151110 101330 8554
20151110 101436 8554
20151110 101450 8554
20151110 101501 8552
20151110 101503 8551
20151110 101503 8551
20151110 101503 8551
20151110 101503 8551
20151110 101503 8551
20151110 101503 8551
20151110 101517 8553
20151110 101520 8554
20151110 101602 8549
20151110 101602 8549
20151110 101602 8549
20151110 101602 8549
20151110 101602 8549
20151110 101602 8549
20151110 101602 8549
20151110 101602 8550
20151110 101602 8550
20151110 101602 8550
20151110 101602 8552
20151110 101625 8553
20151110 101625 8553
20151110 101637 8554
20151110 101650 8554
20151110 101714 8557
20151110 101743 8557
20151110 101744 8559
20151110 101745 8559
20151110 101751 8560
20151110 101751 8561
20151110 101803 8563
20151110 101803 8563
20151110 101803 8563
20151110 101803 8563
20151110 101803 8563
20151110 101803 8564
20151110 101908 8562
20151110 101909 8564
20151110 101909 8564
20151110 101909 8564
20151110 101911 8564
20151110 101913 8565
20151110 101913 8565
20151110 101916 8565
20151110 101916 8565
20151110 101916 8565
20151110 101916 8565
20151110 101916 8565
20151110 101916 8565
20151110 101917 8566
20151110 101918 8566
20151110 101918 8566
20151110 101918 8566
20151110 101956 8564
20151110 101959 8561
20151110 102018 8559
20151110 102109 8562
20151110 102138 8561
20151110 102234 8560
20151110 102246 8556
20151110 102255 8554
20151110 102405 8557
20151110 102446 8559
20151110 102446 8559
20151110 102446 8559
20151110 102601 8557
20151110 102606 8556
20151110 102644 8558
20151110 102659 8557
20151110 102727 8557
20151110 102729 8556
20151110 102745 8559
20151110 102746 8558
20151110 102746 8558
20151110 102746 8558
20151110 102849 8556
20151110 102850 8555
20151110 102851 8554
20151110 102851 8554
20151110 102853 8554
20151110 102857 8554
20151110 102858 8554
20151110 102858 8554
20151110 102858 8556
20151110 102900 8554
20151110 102900 8554
20151110 102904 8555
20151110 102906 8553
20151110 102907 8553
20151110 102907 8553
20151110 102908 8553
20151110 102908 8553
20151110 102908 8553
20151110 102908 8553
20151110 102909 8553
20151110 102909 8553
20151110 102909 8553
20151110 102909 8553
20151110 102909 8553
20151110 102909 8553
20151110 102909 8553
20151110 102909 8555
20151110 102921 8554
20151110 102941 8556
20151110 103012 8556
20151110 103049 8555
20151110 103124 8553
20151110 103124 8553
20151110 103124 8555
20151110 103223 8553
20151110 103223 8553
20151110 103235 8556
20151110 103235 8556
20151110 103235 8556
20151110 103235 8556
20151110 103249 8559
20151110 103249 8559
20151110 103316 8561
20151110 103504 8552
20151110 103504 8552
20151110 103504 8552
20151110 103504 8552
20151110 103504 8552
20151110 103504 8552
20151110 103504 8552
20151110 103504 8552
20151110 103504 8555
20151110 104157 8552
20151110 104157 8552
20151110 104157 8552
20151110 104157 8552
20151110 104157 8555
20151110 104158 8551
20151110 104158 8551
20151110 104158 8551
20151110 104158 8551
20151110 104158 8554
20151110 104159 8551
20151110 104227 8556
20151110 104341 8556
20151110 104346 8557
20151110 104434 8555
20151110 104502 8554
20151110 104514 8553
20151110 104515 8551
20151110 104515 8554
20151110 104527 8551
20151110 104527 8554
20151110 104530 8550
20151110 104530 8550
20151110 104531 8550
20151110 104548 8545
20151110 104548 8545
20151110 104548 8547
20151110 104548 8547
20151110 104548 8547
20151110 104548 8547
20151110 104548 8547
20151110 104548 8547
20151110 104548 8547
20151110 104548 8547
20151110 104548 8547
20151110 104548 8547
20151110 104548 8547
20151110 104548 8547
20151110 104548 8547
20151110 104548 8547
20151110 104548 8547
20151110 104548 8547
20151110 104548 8547
20151110 104548 8547
20151110 104548 8547
20151110 104548 8548
20151110 104548 8548
20151110 104548 8548
20151110 104548 8548
20151110 104548 8550
20151110 104550 8548
20151110 104557 8543
20151110 104557 8543
20151110 104559 8540
20151110 104559 8541
20151110 104559 8541
20151110 104559 8542
20151110 104559 8542
20151110 104559 8542
20151110 104559 8542
20151110 104602 8543
20151110 104609 8538
20151110 104609 8539
20151110 104609 8539
20151110 104609 8539
20151110 104609 8539
20151110 104609 8539
20151110 104609 8540
20151110 104609 8540
20151110 104609 8540
20151110 104617 8538
20151110 104618 8534
20151110 104618 8535
20151110 104618 8535
20151110 104618 8535
20151110 104618 8535
20151110 104618 8536
20151110 104618 8536
20151110 104618 8537
20151110 104618 8537
20151110 104618 8537
20151110 104618 8537
20151110 104618 8538
20151110 104619 8533
20151110 104619 8533
20151110 104620 8535
20151110 104620 8536
20151110 104623 8532
20151110 104642 8537
20151110 104701 8537
20151110 104715 8534
20151110 104715 8534
20151110 104717 8532
20151110 104717 8532
20151110 104718 8531
20151110 104727 8530
20151110 104727 8530
20151110 104727 8530
20151110 104728 8532
20151110 104729 8528
20151110 104729 8528
20151110 104729 8529
20151110 104738 8527
20151110 104738 8527
20151110 104738 8527
20151110 104738 8527
20151110 104738 8527
20151110 104738 8527
20151110 104738 8527
20151110 104738 8527
20151110 104742 8531
20151110 104744 8531
20151110 104810 8532
20151110 104810 8532
20151110 104810 8532
20151110 104810 8532
20151110 104810 8532
20151110 104810 8532
20151110 104818 8536
20151110 104821 8537
20151110 104826 8537
20151110 104857 8540
20151110 104909 8535
20151110 104909 8535
20151110 104910 8535
20151110 104910 8535
20151110 104910 8535
20151110 104910 8535
20151110 104910 8535
20151110 104910 8535
20151110 104910 8538
20151110 104911 8535
20151110 104933 8538
20151110 104933 8539
20151110 104933 8539
20151110 104936 8539
20151110 104937 8540
20151110 104942 8544
20151110 104942 8544
20151110 104942 8545
20151110 104942 8545
20151110 104951 8541
20151110 104954 8542
20151110 105010 8548
20151110 105010 8549
20151110 105015 8551
20151110 105018 8550
20151110 105037 8550
20151110 105043 8548
20151110 105112 8548
20151110 105116 8550
20151110 105118 8551
20151110 105118 8551
20151110 105118 8551
20151110 105118 8551
20151110 105124 8550
20151110 105135 8549
20151110 105227 8550
20151110 105234 8552
20151110 105234 8552
20151110 105234 8552
20151110 105234 8552
20151110 105239 8553
20151110 105239 8553
20151110 105239 8553
20151110 105239 8554
20151110 105240 8554
20151110 105301 8550
20151110 105330 8547
20151110 105331 8547
20151110 105339 8546
20151110 105426 8549
20151110 105426 8549
20151110 105446 8550
20151110 105456 8549
20151110 105558 8546
20151110 105559 8545
20151110 105559 8546
20151110 105755 8545
20151110 105755 8545
20151110 105808 8543
20151110 105808 8543
20151110 105812 8542
20151110 105812 8542
20151110 105812 8542
20151110 105814 8543
20151110 105850 8543
20151110 105930 8544
20151110 105931 8545
20151110 105943 8547
20151110 105958 8546
20151110 110026 8550
20151110 110026 8550
20151110 110026 8550
20151110 110026 8551
20151110 110027 8551
20151110 110027 8551
20151110 110130 8549
20151110 110214 8550
20151110 110222 8550
20151110 110240 8546
20151110 110324 8546
20151110 110339 8544
20151110 110400 8541
20151110 110400 8541
20151110 110423 8543
20151110 110450 8541
20151110 110453 8538
20151110 110454 8537
20151110 110454 8538
20151110 110527 8539
20151110 110628 8542
20151110 110653 8545
20151110 110701 8546
20151110 110703 8546
20151110 110738 8546
20151110 110740 8547
20151110 110804 8547
20151110 110831 8546
20151110 110842 8549
20151110 110842 8549
20151110 110843 8549
20151110 110843 8549
20151110 110903 8553
20151110 110910 8549
20151110 110910 8549
20151110 111023 8546
20151110 111023 8547
20151110 111129 8549
20151110 111219 8549
20151110 111229 8550
20151110 111230 8551
20151110 111342 8552
20151110 111342 8552
20151110 111342 8552
20151110 111342 8553
20151110 111342 8554
20151110 111342 8554
20151110 111342 8554
20151110 111342 8554
20151110 111343 8554
20151110 111344 8554
20151110 111401 8555
20151110 111401 8555
20151110 111439 8554
20151110 111454 8557
20151110 111500 8558
20151110 111502 8558
20151110 111526 8557
20151110 111623 8558
20151110 111630 8559
20151110 111631 8559
20151110 111645 8560
20151110 111648 8560
20151110 111651 8561
20151110 111651 8561
20151110 111651 8561
20151110 111657 8559
20151110 111738 8558
20151110 111738 8559
20151110 111743 8558
20151110 111803 8558
20151110 111819 8559
20151110 111822 8560
20151110 111825 8558
20151110 111833 8554
20151110 111908 8555
20151110 111915 8554
20151110 112012 8556
20151110 112013 8557
20151110 112015 8558
20151110 112017 8559
20151110 112026 8558
20151110 112026 8558
20151110 112058 8561
20151110 112058 8561
20151110 112059 8562
20151110 112100 8563
20151110 112100 8563
20151110 112101 8564
20151110 112101 8564
20151110 112101 8564
20151110 112101 8564
20151110 112101 8564
20151110 112103 8565
20151110 112103 8565
20151110 112103 8565
20151110 112109 8563
20151110 112109 8563
20151110 112110 8563
20151110 112110 8563
20151110 112135 8563
20151110 112155 8562
20151110 112155 8562
20151110 112155 8562
20151110 112155 8562
20151110 112205 8562
20151110 112205 8562
20151110 112222 8564
20151110 112234 8565
20151110 112319 8563
20151110 112353 8566
20151110 112354 8567
20151110 112411 8567
20151110 112412 8568
20151110 112502 8565
20151110 112554 8563
20151110 112618 8563
20151110 112716 8565
20151110 112716 8565
20151110 112734 8562
20151110 112805 8565
20151110 112839 8565
20151110 112849 8566
20151110 112858 8569
20151110 112859 8569
20151110 112859 8569
20151110 112859 8569
20151110 112859 8569
20151110 112901 8571
20151110 112901 8571
20151110 112933 8565
20151110 113113 8570
20151110 113113 8570
20151110 113115 8570
20151110 113115 8570
20151110 113115 8571
20151110 113126 8571
20151110 113126 8571
20151110 113126 8571
20151110 113126 8571
20151110 113126 8571
20151110 113126 8571
20151110 113126 8571
20151110 113126 8572
20151110 113133 8572
20151110 113134 8571
20151110 113135 8571
20151110 113138 8572
20151110 113138 8572
20151110 113138 8572
20151110 113138 8572
20151110 113138 8572
20151110 113138 8572
20151110 113138 8572
20151110 113138 8572
20151110 113138 8572
20151110 113138 8572
20151110 113138 8572
20151110 113138 8573
20151110 113139 8573
20151110 113139 8573
20151110 113139 8573
20151110 113139 8573
20151110 113139 8574
20151110 113139 8574
20151110 113141 8575
20151110 113141 8575
20151110 113141 8575
20151110 113141 8575
20151110 113153 8572
20151110 113207 8572
20151110 113220 8571
20151110 113221 8571
20151110 113221 8572
20151110 113339 8567
20151110 113348 8566
20151110 113349 8566
20151110 113350 8566
20151110 113356 8567
20151110 113356 8567
20151110 113356 8568
20151110 113426 8567
20151110 113438 8566
20151110 113440 8566
20151110 113458 8564
20151110 113507 8567
20151110 113537 8563
20151110 113604 8563
20151110 113639 8560
20151110 113640 8560
20151110 113641 8561
20151110 113641 8561
20151110 113644 8559
20151110 113645 8559
20151110 113724 8560
20151110 113822 8563
20151110 113934 8560
20151110 113934 8560
20151110 113934 8560
20151110 113934 8560
20151110 113934 8560
20151110 114021 8558
20151110 114202 8559
20151110 114213 8562
20151110 114458 8558
20151110 114458 8558
20151110 114524 8557
20151110 114531 8556
20151110 114618 8555
20151110 114618 8555
20151110 114618 8555
20151110 114618 8555
20151110 114620 8554
20151110 114620 8554
20151110 114620 8554
20151110 114620 8554
20151110 114620 8554
20151110 114620 8554
20151110 114621 8554
20151110 114621 8554
20151110 114621 8554
20151110 114621 8554
20151110 114623 8554
20151110 114623 8554
20151110 114624 8553
20151110 114624 8553
20151110 114624 8554
20151110 114624 8554
20151110 114624 8554
20151110 114630 8553
20151110 114630 8553
20151110 114631 8553
20151110 114631 8553
20151110 114703 8553
20151110 114728 8553
20151110 114742 8552
20151110 114742 8552
20151110 114742 8552
20151110 114742 8552
20151110 114742 8552
20151110 114744 8551
20151110 114744 8551
20151110 114811 8551
20151110 114811 8551
20151110 114827 8551
20151110 114931 8553
20151110 115041 8553
20151110 115124 8551
20151110 115206 8551
20151110 115215 8548
20151110 115215 8549
20151110 115335 8551
20151110 115337 8551
20151110 115356 8553
20151110 115441 8552
20151110 115548 8550
20151110 115548 8550
20151110 115701 8547
20151110 115701 8547
20151110 115701 8547
20151110 115701 8547
20151110 115701 8547
20151110 115701 8547
20151110 115701 8547
20151110 115701 8548
20151110 115701 8548
20151110 115701 8548
20151110 115701 8548
20151110 115702 8545
20151110 115704 8545
20151110 115705 8545
20151110 115733 8545
20151110 115733 8545
20151110 115754 8545
20151110 115801 8544
20151110 115804 8543
20151110 115832 8544
20151110 115834 8543
20151110 115909 8549
20151110 115956 8549
20151110 120005 8546
20151110 120017 8547
20151110 120019 8546
20151110 120021 8546
20151110 120025 8546
20151110 120145 8546
20151110 120226 8545
20151110 120432 8547
20151110 120526 8547
20151110 120532 8549
20151110 120533 8549
20151110 120536 8549
20151110 120539 8549
20151110 120540 8549
20151110 120549 8549
20151110 120757 8549
20151110 120759 8548
20151110 120840 8547
20151110 120934 8548
20151110 120953 8550
20151110 121209 8551
20151110 121224 8552
20151110 121232 8552
20151110 121232 8552
20151110 121232 8552
20151110 121232 8552
20151110 121232 8552
20151110 121358 8550
20151110 121603 8552
20151110 121607 8552
20151110 121608 8552
20151110 121623 8552
20151110 121623 8552
20151110 121623 8552
20151110 121623 8552
20151110 121623 8552
20151110 121623 8552
20151110 121623 8552
20151110 121623 8552
20151110 121623 8552
20151110 121623 8552
20151110 121706 8551
20151110 121750 8554
20151110 121816 8550
20151110 121839 8549
20151110 121911 8549
20151110 122034 8550
20151110 122034 8550
20151110 122125 8552
20151110 122202 8550
20151110 122327 8551
20151110 122431 8554
20151110 122451 8552
20151110 122521 8554
20151110 122543 8551
20151110 122651 8549
20151110 122723 8548
20151110 122723 8548
20151110 122907 8545
20151110 122946 8546
20151110 123014 8544
20151110 123014 8544
20151110 123014 8544
20151110 123015 8544
20151110 123015 8544
20151110 123015 8544
20151110 123033 8543
20151110 123039 8541
20151110 123039 8542
20151110 123039 8542
20151110 123039 8542
20151110 123039 8542
20151110 123039 8542
20151110 123103 8543
20151110 123135 8542
20151110 123204 8541
20151110 123503 8543
20151110 123651 8547
20151110 123651 8547
20151110 123651 8547
20151110 123732 8547
20151110 123958 8544
20151110 124023 8542
20151110 124044 8542
20151110 124045 8542
20151110 124045 8542
20151110 124048 8542
20151110 124048 8542
20151110 124048 8542
20151110 124049 8542
20151110 124050 8541
20151110 124050 8542
20151110 124054 8541
20151110 124100 8543
20151110 124135 8544
20151110 124318 8546
20151110 124502 8545
20151110 124504 8544
20151110 124508 8549
20151110 124508 8549
20151110 124510 8550
20151110 124537 8551
20151110 124537 8552
20151110 124617 8553
20151110 124617 8553
20151110 124617 8553
20151110 124617 8553
20151110 124617 8553
20151110 124638 8552
20151110 124716 8551
20151110 124953 8553
20151110 125110 8550
20151110 125120 8549
20151110 125214 8548
20151110 125342 8548
20151110 125352 8547
20151110 125352 8547
20151110 125352 8547
20151110 125352 8547
20151110 125354 8547
20151110 125354 8547
20151110 125354 8547
20151110 125355 8547
20151110 125409 8547
20151110 125451 8547
20151110 125451 8547
20151110 125512 8546
20151110 125520 8545
20151110 125553 8549
20151110 125553 8549
20151110 125924 8547
20151110 130010 8548
20151110 130010 8548
20151110 130019 8547
20151110 130147 8547
20151110 130216 8545
20151110 130217 8544
20151110 130217 8545
20151110 130218 8544
20151110 130221 8544
20151110 130224 8542
20151110 130224 8542
20151110 130224 8542
20151110 130225 8542
20151110 130236 8542
20151110 130242 8543
20151110 130252 8541
20151110 130300 8541
20151110 130307 8540
20151110 130429 8542
20151110 130452 8542
20151110 130517 8540
20151110 130546 8539
20151110 130546 8539
20151110 130546 8539
20151110 130546 8539
20151110 130547 8538
20151110 130547 8538
20151110 130547 8538
20151110 130548 8538
20151110 130548 8538
20151110 130548 8538
20151110 130551 8538
20151110 130552 8537
20151110 130553 8537
20151110 130553 8537
20151110 130554 8537
20151110 130554 8537
20151110 130554 8537
20151110 130554 8537
20151110 130554 8537
20151110 130555 8537
20151110 130555 8537
20151110 130555 8537
20151110 130556 8535
20151110 130556 8535
20151110 130556 8536
20151110 130556 8536
20151110 130556 8537
20151110 130556 8537
20151110 130556 8537
20151110 130556 8537
20151110 130556 8537
20151110 130556 8537
20151110 130556 8537
20151110 130556 8537
20151110 130556 8537
20151110 130556 8537
20151110 130556 8537
20151110 130557 8535
20151110 130558 8535
20151110 130600 8535
20151110 130600 8535
20151110 130600 8536
20151110 130602 8533
20151110 130602 8533
20151110 130602 8534
20151110 130610 8532
20151110 130610 8532
20151110 130611 8532
20151110 130611 8532
20151110 130611 8532
20151110 130611 8532
20151110 130612 8532
20151110 130613 8532
20151110 130615 8532
20151110 130615 8532
20151110 130615 8532
20151110 130617 8532
20151110 130635 8532
20151110 130635 8532
20151110 130635 8532
20151110 130635 8532
20151110 130638 8532
20151110 130643 8531
20151110 130643 8531
20151110 130643 8531
20151110 130643 8531
20151110 130643 8531
20151110 130644 8530
20151110 130644 8530
20151110 130644 8530
20151110 130644 8530
20151110 130644 8530
20151110 130645 8528
20151110 130645 8528
20151110 130645 8528
20151110 130717 8534
20151110 130725 8535
20151110 130730 8535
20151110 130749 8534
20151110 130752 8535
20151110 130752 8535
20151110 130752 8535
20151110 130804 8535
20151110 130825 8534
20151110 130826 8533
20151110 130829 8533
20151110 130832 8533
20151110 130836 8533
20151110 130837 8533
20151110 130859 8535
20151110 130859 8535
20151110 130912 8533
20151110 130912 8534
20151110 130921 8532
20151110 130925 8531
20151110 130925 8531
20151110 130941 8533
20151110 130956 8532
20151110 131002 8531
20151110 131015 8529
20151110 131016 8529
20151110 131019 8530
20151110 131026 8528
20151110 131026 8528
20151110 131026 8528
20151110 131026 8528
20151110 131026 8528
20151110 131026 8528
20151110 131026 8528
20151110 131026 8528
20151110 131157 8533
20151110 131206 8529
20151110 131206 8531
20151110 131241 8529
20151110 131313 8528
20151110 131330 8528
20151110 131345 8527
20151110 131345 8527
20151110 131345 8527
20151110 131345 8527
20151110 131345 8527
20151110 131345 8527
20151110 131345 8527
20151110 131345 8527
20151110 131345 8527
20151110 131347 8527
20151110 131347 8527
20151110 131347 8527
20151110 131347 8527
20151110 131347 8527
20151110 131348 8527
20151110 131351 8530
20151110 131434 8530
20151110 131443 8530
20151110 131531 8530
20151110 131533 8531
20151110 131537 8531
20151110 131537 8531
20151110 131548 8532
20151110 131548 8533
20151110 131549 8534
20151110 131553 8535
20151110 131606 8524
20151110 131606 8536
20151110 131619 8537
20151110 131620 8537
20151110 131620 8537
20151110 131620 8537
20151110 131620 8537
20151110 131623 8537
20151110 131628 8535
20151110 131717 8535
20151110 131750 8538
20151110 131815 8539
20151110 131815 8539
20151110 131815 8539
20151110 131815 8540
20151110 131819 8541
20151110 131821 8542
20151110 131857 8541
20151110 131857 8541
20151110 131857 8541
20151110 131858 8541
20151110 131900 8542
20151110 131942 8539
20151110 131946 8539
20151110 132033 8537
20151110 132033 8537
20151110 132043 8540
20151110 132115 8538
20151110 132211 8537
20151110 132212 8537
20151110 132215 8535
20151110 132216 8535
20151110 132232 8532
20151110 132236 8530
20151110 132246 8531
20151110 132248 8531
20151110 132252 8529
20151110 132252 8529
20151110 132253 8529
20151110 132253 8529
20151110 132307 8531
20151110 132310 8531
20151110 132323 8532
20151110 132338 8532
20151110 132343 8532
20151110 132422 8530
20151110 132425 8530
20151110 132428 8530
20151110 132432 8530
20151110 132432 8530
20151110 132437 8530
20151110 132437 8530
20151110 132440 8530
20151110 132443 8531
20151110 132446 8532
20151110 132450 8532
20151110 132450 8532
20151110 132452 8530
20151110 132452 8531
20151110 132454 8532
20151110 132454 8532
20151110 132454 8532
20151110 132459 8530
20151110 132504 8532
20151110 132514 8532
20151110 132519 8533
20151110 132521 8534
20151110 132534 8534
20151110 132634 8534
20151110 132634 8534
20151110 132644 8534
20151110 132646 8534
20151110 132807 8534
20151110 132816 8534
20151110 132844 8534
20151110 132847 8534
20151110 132849 8534
20151110 132849 8535
20151110 132857 8536
20151110 133005 8533
20151110 133011 8531
20151110 133014 8530
20151110 133036 8530
20151110 133044 8532
20151110 133052 8531
20151110 133056 8531
20151110 133056 8531
20151110 133056 8531
20151110 133103 8532
20151110 133109 8532
20151110 133131 8532
20151110 133134 8533
20151110 133150 8530
20151110 133151 8531
20151110 133151 8531
20151110 133209 8518
20151110 133209 8529
20151110 133211 8529
20151110 133308 8529
20151110 133308 8529
20151110 133309 8529
20151110 133309 8529
20151110 133320 8529
20151110 133322 8529
20151110 133327 8529
20151110 133403 8531
20151110 133403 8531
20151110 133403 8531
20151110 133417 8532
20151110 133417 8532
20151110 133418 8533
20151110 133419 8533
20151110 133419 8533
20151110 133420 8533
20151110 133420 8533
20151110 133421 8533
20151110 133421 8533
20151110 133421 8533
20151110 133421 8533
20151110 133421 8533
20151110 133434 8533
20151110 133435 8520
20151110 133435 8532
20151110 133511 8533
20151110 133531 8533
20151110 133702 8529
20151110 133733 8529
20151110 133811 8530
20151110 133832 8530
20151110 133840 8529
20151110 133843 8530
20151110 133911 8531
20151110 133925 8532
20151110 133925 8532
20151110 133925 8532
20151110 133925 8532
20151110 133930 8533
20151110 133930 8533
20151110 133930 8533
20151110 133931 8533
20151110 133931 8533
20151110 133932 8533
20151110 133932 8533
20151110 133942 8532
20151110 134005 8532
20151110 134012 8535
20151110 134016 8536
20151110 134017 8535
20151110 134018 8535
20151110 134019 8536
20151110 134029 8534
20151110 134204 8534
20151110 134211 8534
20151110 134219 8534
20151110 134226 8534
20151110 134226 8534
20151110 134226 8534
20151110 134226 8534
20151110 134234 8534
20151110 134234 8534
20151110 134234 8534
20151110 134234 8534
20151110 134250 8534
20151110 134301 8534
20151110 134319 8534
20151110 134427 8534
20151110 134441 8533
20151110 134441 8533
20151110 134441 8533
20151110 134444 8534
20151110 134446 8534
20151110 134453 8533
20151110 134456 8533
