20151109 084500 8672
20151109 084500 8674
20151109 084500 8674
20151109 084500 8674
20151109 084500 8674
20151109 084500 8675
20151109 084500 8676
20151109 084500 8677
20151109 084500 8677
20151109 084500 8677
20151109 084500 8677
20151109 084501 8678
20151109 084502 8671
20151109 084502 8671
20151109 084502 8671
20151109 084502 8671
20151109 084502 8673
20151109 084506 8673
20151109 084507 8674
20151109 084508 8673
20151109 084508 8674
20151109 084508 8674
20151109 084509 8674
20151109 084509 8675
20151109 084512 8670
20151109 084514 8669
20151109 084515 8664
20151109 084515 8664
20151109 084515 8664
20151109 084515 8664
20151109 084516 8664
20151109 084519 8668
20151109 084522 8670
20151109 084531 8660
20151109 084532 8660
20151109 084532 8660
20151109 084532 8660
20151109 084533 8659
20151109 084533 8659
20151109 084533 8659
20151109 084533 8660
20151109 084536 8662
20151109 084537 8659
20151109 084541 8662
20151109 084542 8661
20151109 084543 8662
20151109 084543 8662
20151109 084553 8653
20151109 084553 8653
20151109 084553 8653
20151109 084602 8644
20151109 084602 8646
20151109 084602 8648
20151109 084602 8649
20151109 084602 8649
20151109 084603 8638
20151109 084603 8638
20151109 084603 8638
20151109 084603 8639
20151109 084603 8640
20151109 084604 8629
20151109 084604 8629
20151109 084604 8631
20151109 084604 8633
20151109 084604 8633
20151109 084604 8633
20151109 084604 8637
20151109 084605 8602
20151109 084605 8609
20151109 084605 8619
20151109 084605 8622
20151109 084605 8622
20151109 084605 8623
20151109 084605 8631
20151109 084605 8631
20151109 084605 8637
20151109 084607 8621
20151109 084607 8634
20151109 084609 8643
20151109 084613 8631
20151109 084613 8632
20151109 084613 8632
20151109 084613 8632
20151109 084613 8632
20151109 084613 8632
20151109 084613 8633
20151109 084614 8638
20151109 084620 8640
20151109 084622 8641
20151109 084622 8641
20151109 084622 8642
20151109 084622 8642
20151109 084624 8644
20151109 084628 8642
20151109 084639 8643
20151109 084639 8643
20151109 084639 8643
20151109 084639 8643
20151109 084646 8635
20151109 084646 8639
20151109 084649 8634
20151109 084651 8633
20151109 084656 8628
20151109 084656 8629
20151109 084701 8623
20151109 084706 8623
20151109 084710 8621
20151109 084712 8619
20151109 084712 8619
20151109 084712 8619
20151109 084716 8617
20151109 084716 8617
20151109 084722 8616
20151109 084722 8616
20151109 084722 8616
20151109 084722 8616
20151109 084724 8616
20151109 084724 8616
20151109 084727 8615
20151109 084727 8615
20151109 084729 8613
20151109 084735 8611
20151109 084735 8612
20151109 084738 8610
20151109 084741 8609
20151109 084742 8608
20151109 084742 8608
20151109 084744 8605
20151109 084744 8605
20151109 084752 8605
20151109 084754 8607
20151109 084755 8602
20151109 084755 8602
20151109 084755 8603
20151109 084758 8600
20151109 084758 8600
20151109 084759 8600
20151109 084759 8601
20151109 084759 8609
20151109 084800 8604
20151109 084800 8605
20151109 084805 8598
20151109 084806 8601
20151109 084808 8604
20151109 084808 8604
20151109 084808 8604
20151109 084810 8603
20151109 084811 8603
20151109 084811 8603
20151109 084811 8603
20151109 084811 8603
20151109 084811 8604
20151109 084812 8601
20151109 084812 8601
20151109 084812 8601
20151109 084812 8601
20151109 084812 8602
20151109 084812 8602
20151109 084812 8602
20151109 084812 8602
20151109 084812 8602
20151109 084812 8602
20151109 084812 8602
20151109 084823 8604
20151109 084823 8605
20151109 084824 8604
20151109 084826 8604
20151109 084831 8604
20151109 084831 8605
20151109 084831 8606
20151109 084835 8608
20151109 084836 8608
20151109 084837 8607
20151109 084837 8607
20151109 084851 8614
20151109 084851 8615
20151109 084853 8614
20151109 084859 8613
20151109 084900 8613
20151109 084903 8614
20151109 084905 8613
20151109 084905 8613
20151109 084905 8614
20151109 084907 8611
20151109 084910 8612
20151109 084911 8611
20151109 084914 8611
20151109 084925 8613
20151109 084931 8613
20151109 084932 8614
20151109 084933 8615
20151109 084933 8615
20151109 084933 8615
20151109 084933 8615
20151109 084933 8615
20151109 084933 8615
20151109 084936 8616
20151109 084936 8616
20151109 084936 8616
20151109 084936 8617
20151109 084936 8617
20151109 084941 8620
20151109 084947 8622
20151109 084953 8618
20151109 084953 8621
20151109 084954 8617
20151109 084957 8617
20151109 084958 8618
20151109 084958 8618
20151109 084958 8618
20151109 084958 8618
20151109 084958 8618
20151109 084958 8618
20151109 084958 8618
20151109 084959 8618
20151109 085000 8617
20151109 085000 8617
20151109 085000 8617
20151109 085000 8617
20151109 085000 8617
20151109 085000 8617
20151109 085003 8616
20151109 085004 8616
20151109 085009 8617
20151109 085013 8616
20151109 085017 8613
20151109 085035 8616
20151109 085045 8616
20151109 085051 8616
20151109 085051 8616
20151109 085053 8616
20151109 085055 8616
20151109 085105 8616
20151109 085110 8617
20151109 085112 8619
20151109 085114 8620
20151109 085116 8620
20151109 085122 8621
20151109 085123 8612
20151109 085123 8621
20151109 085135 8621
20151109 085136 8621
20151109 085137 8622
20151109 085143 8623
20151109 085153 8629
20151109 085207 8633
20151109 085218 8630
20151109 085223 8628
20151109 085223 8628
20151109 085223 8630
20151109 085223 8630
20151109 085232 8633
20151109 085317 8633
20151109 085321 8634
20151109 085321 8636
20151109 085321 8636
20151109 085326 8638
20151109 085326 8638
20151109 085326 8638
20151109 085326 8638
20151109 085327 8640
20151109 085339 8641
20151109 085343 8641
20151109 085346 8643
20151109 085354 8641
20151109 085408 8647
20151109 085447 8643
20151109 085500 8649
20151109 085500 8649
20151109 085500 8649
20151109 085500 8649
20151109 085501 8651
20151109 085501 8651
20151109 085501 8651
20151109 085502 8653
20151109 085504 8650
20151109 085515 8645
20151109 085518 8643
20151109 085518 8644
20151109 085519 8646
20151109 085526 8646
20151109 085529 8647
20151109 085531 8647
20151109 085533 8648
20151109 085542 8651
20151109 085601 8649
20151109 085624 8650
20151109 085631 8652
20151109 085638 8651
20151109 085645 8648
20151109 085649 8648
20151109 085656 8648
20151109 085702 8652
20151109 085707 8650
20151109 085716 8652
20151109 085722 8654
20151109 085729 8654
20151109 085735 8656
20151109 085737 8657
20151109 085737 8657
20151109 085749 8655
20151109 085759 8657
20151109 085801 8660
20151109 085801 8660
20151109 085802 8661
20151109 085807 8664
20151109 085811 8665
20151109 085811 8666
20151109 085812 8668
20151109 085812 8669
20151109 085812 8669
20151109 085812 8669
20151109 085813 8664
20151109 085813 8669
20151109 085815 8668
20151109 085818 8669
20151109 085819 8670
20151109 085831 8673
20151109 085841 8667
20151109 085845 8668
20151109 085853 8666
20151109 085854 8668
20151109 085900 8667
20151109 085905 8669
20151109 085905 8669
20151109 085905 8669
20151109 085908 8669
20151109 085908 8669
20151109 085908 8669
20151109 085908 8669
20151109 085908 8669
20151109 085908 8669
20151109 085908 8669
20151109 085908 8669
20151109 085911 8670
20151109 085915 8671
20151109 085931 8669
20151109 085931 8669
20151109 085931 8669
20151109 085938 8669
20151109 085940 8670
20151109 085945 8669
20151109 085947 8669
20151109 090000 8668
20151109 090004 8669
20151109 090004 8669
20151109 090004 8669
20151109 090006 8671
20151109 090006 8671
20151109 090007 8672
20151109 090008 8673
20151109 090010 8676
20151109 090010 8676
20151109 090016 8678
20151109 090017 8681
20151109 090017 8681
20151109 090018 8684
20151109 090018 8684
20151109 090018 8686
20151109 090018 8687
20151109 090019 8684
20151109 090019 8684
20151109 090029 8678
20151109 090032 8676
20151109 090034 8674
20151109 090037 8675
20151109 090045 8681
20151109 090047 8683
20151109 090049 8685
20151109 090050 8687
20151109 090051 8689
20151109 090055 8689
20151109 090055 8690
20151109 090056 8691
20151109 090057 8689
20151109 090057 8691
20151109 090057 8691
20151109 090058 8692
20151109 090103 8692
20151109 090105 8696
20151109 090105 8696
20151109 090105 8696
20151109 090107 8695
20151109 090107 8695
20151109 090110 8695
20151109 090112 8694
20151109 090113 8698
20151109 090116 8696
20151109 090116 8697
20151109 090116 8698
20151109 090117 8697
20151109 090119 8698
20151109 090120 8698
20151109 090141 8702
20151109 090142 8703
20151109 090214 8699
20151109 090230 8698
20151109 090237 8697
20151109 090249 8695
20151109 090249 8695
20151109 090250 8694
20151109 090250 8694
20151109 090257 8690
20151109 090257 8690
20151109 090257 8690
20151109 090257 8691
20151109 090258 8690
20151109 090301 8694
20151109 090302 8694
20151109 090305 8694
20151109 090306 8694
20151109 090309 8691
20151109 090311 8690
20151109 090314 8682
20151109 090314 8683
20151109 090314 8684
20151109 090314 8685
20151109 090314 8685
20151109 090314 8685
20151109 090314 8686
20151109 090314 8686
20151109 090314 8686
20151109 090314 8687
20151109 090314 8687
20151109 090314 8688
20151109 090314 8689
20151109 090319 8682
20151109 090322 8681
20151109 090327 8681
20151109 090334 8679
20151109 090334 8679
20151109 090336 8676
20151109 090342 8677
20151109 090347 8677
20151109 090359 8675
20151109 090408 8674
20151109 090409 8675
20151109 090417 8677
20151109 090422 8677
20151109 090435 8676
20151109 090454 8679
20151109 090454 8679
20151109 090514 8684
20151109 090514 8684
20151109 090517 8685
20151109 090518 8686
20151109 090522 8686
20151109 090528 8692
20151109 090528 8692
20151109 090528 8692
20151109 090528 8692
20151109 090529 8692
20151109 090529 8692
20151109 090529 8692
20151109 090530 8689
20151109 090547 8695
20151109 090554 8692
20151109 090556 8693
20151109 090559 8695
20151109 090600 8694
20151109 090602 8697
20151109 090612 8699
20151109 090613 8698
20151109 090621 8700
20151109 090622 8702
20151109 090622 8702
20151109 090622 8702
20151109 090622 8703
20151109 090622 8703
20151109 090622 8703
20151109 090623 8705
20151109 090623 8706
20151109 090636 8708
20151109 090637 8708
20151109 090642 8709
20151109 090643 8709
20151109 090643 8709
20151109 090643 8709
20151109 090646 8712
20151109 090646 8712
20151109 090646 8712
20151109 090647 8713
20151109 090648 8711
20151109 090648 8713
20151109 090651 8711
20151109 090654 8712
20151109 090654 8712
20151109 090654 8713
20151109 090655 8711
20151109 090700 8711
20151109 090701 8712
20151109 090702 8713
20151109 090706 8712
20151109 090706 8712
20151109 090709 8706
20151109 090709 8710
20151109 090717 8706
20151109 090718 8706
20151109 090724 8704
20151109 090726 8706
20151109 090726 8706
20151109 090726 8706
20151109 090729 8706
20151109 090729 8706
20151109 090745 8709
20151109 090746 8709
20151109 090749 8709
20151109 090749 8709
20151109 090749 8709
20151109 090749 8709
20151109 090749 8709
20151109 090755 8710
20151109 090755 8710
20151109 090755 8711
20151109 090806 8709
20151109 090815 8707
20151109 090815 8708
20151109 090823 8710
20151109 090823 8710
20151109 090825 8711
20151109 090825 8711
20151109 090827 8712
20151109 090827 8712
20151109 090827 8712
20151109 090832 8715
20151109 090837 8718
20151109 090837 8718
20151109 090838 8718
20151109 090842 8718
20151109 090850 8717
20151109 090901 8720
20151109 090901 8721
20151109 090901 8721
20151109 090901 8721
20151109 090901 8722
20151109 090901 8723
20151109 090901 8723
20151109 090901 8723
20151109 090903 8723
20151109 090904 8723
20151109 090906 8724
20151109 090915 8728
20151109 090918 8726
20151109 090931 8724
20151109 090934 8724
20151109 090941 8721
20151109 090945 8717
20151109 090946 8718
20151109 090946 8718
20151109 090946 8719
20151109 090946 8719
20151109 090946 8719
20151109 090948 8719
20151109 090948 8719
20151109 090948 8719
20151109 091000 8723
20151109 091000 8723
20151109 091001 8726
20151109 091001 8726
20151109 091003 8726
20151109 091005 8721
20151109 091005 8721
20151109 091005 8722
20151109 091005 8722
20151109 091005 8725
20151109 091005 8725
20151109 091005 8726
20151109 091005 8726
20151109 091006 8725
20151109 091013 8724
20151109 091013 8724
20151109 091016 8721
20151109 091018 8720
20151109 091019 8719
20151109 091020 8718
20151109 091022 8716
20151109 091027 8718
20151109 091031 8719
20151109 091035 8724
20151109 091047 8723
20151109 091104 8725
20151109 091104 8726
20151109 091105 8727
20151109 091106 8727
20151109 091106 8727
20151109 091106 8728
20151109 091108 8728
20151109 091109 8727
20151109 091109 8728
20151109 091121 8728
20151109 091123 8727
20151109 091124 8730
20151109 091125 8729
20151109 091125 8729
20151109 091125 8729
20151109 091125 8729
20151109 091125 8729
20151109 091126 8730
20151109 091129 8730
20151109 091129 8731
20151109 091133 8732
20151109 091137 8729
20151109 091137 8733
20151109 091138 8729
20151109 091138 8733
20151109 091138 8733
20151109 091153 8736
20151109 091200 8738
20151109 091213 8739
20151109 091213 8739
20151109 091215 8739
20151109 091222 8737
20151109 091223 8737
20151109 091230 8734
20151109 091244 8734
20151109 091244 8734
20151109 091246 8734
20151109 091246 8734
20151109 091246 8734
20151109 091246 8734
20151109 091307 8737
20151109 091332 8727
20151109 091349 8717
20151109 091354 8720
20151109 091355 8721
20151109 091402 8726
20151109 091411 8727
20151109 091411 8730
20151109 091411 8730
20151109 091411 8731
20151109 091416 8732
20151109 091416 8733
20151109 091417 8733
20151109 091420 8728
20151109 091420 8732
20151109 091429 8732
20151109 091448 8732
20151109 091449 8733
20151109 091450 8732
20151109 091453 8735
20151109 091453 8735
20151109 091453 8736
20151109 091454 8738
20151109 091454 8738
20151109 091454 8739
20151109 091455 8738
20151109 091455 8738
20151109 091455 8738
20151109 091455 8740
20151109 091456 8738
20151109 091458 8738
20151109 091500 8741
20151109 091500 8741
20151109 091500 8741
20151109 091500 8741
20151109 091500 8742
20151109 091500 8742
20151109 091500 8742
20151109 091500 8742
20151109 091500 8743
20151109 091500 8743
20151109 091500 8743
20151109 091500 8743
20151109 091500 8743
20151109 091500 8743
20151109 091500 8743
20151109 091500 8743
20151109 091500 8743
20151109 091500 8743
20151109 091500 8743
20151109 091500 8743
20151109 091500 8743
20151109 091500 8743
20151109 091500 8744
20151109 091505 8742
20151109 091505 8742
20151109 091514 8739
20151109 091526 8739
20151109 091535 8741
20151109 091540 8740
20151109 091540 8740
20151109 091545 8739
20151109 091547 8734
20151109 091548 8734
20151109 091552 8731
20151109 091615 8733
20151109 091617 8732
20151109 091617 8733
20151109 091617 8733
20151109 091617 8733
20151109 091629 8735
20151109 091633 8735
20151109 091636 8735
20151109 091636 8736
20151109 091700 8733
20151109 091713 8733
20151109 091717 8731
20151109 091717 8731
20151109 091719 8729
20151109 091719 8730
20151109 091722 8728
20151109 091728 8726
20151109 091732 8722
20151109 091742 8722
20151109 091744 8722
20151109 091747 8724
20151109 091754 8723
20151109 091803 8727
20151109 091851 8724
20151109 091853 8723
20151109 091857 8722
20151109 091857 8722
20151109 091857 8722
20151109 091857 8722
20151109 091857 8722
20151109 091900 8724
20151109 091902 8725
20151109 091910 8727
20151109 091914 8731
20151109 091914 8731
20151109 091919 8731
20151109 091922 8733
20151109 091928 8730
20151109 091944 8730
20151109 091948 8729
20151109 092007 8728
20151109 092049 8731
20151109 092052 8729
20151109 092112 8729
20151109 092151 8731
20151109 092223 8729
20151109 092223 8729
20151109 092228 8726
20151109 092228 8726
20151109 092251 8730
20151109 092255 8733
20151109 092257 8735
20151109 092257 8735
20151109 092259 8737
20151109 092259 8737
20151109 092259 8737
20151109 092259 8738
20151109 092300 8739
20151109 092300 8739
20151109 092315 8743
20151109 092315 8743
20151109 092316 8743
20151109 092318 8744
20151109 092318 8744
20151109 092319 8745
20151109 092319 8746
20151109 092319 8746
20151109 092319 8746
20151109 092319 8747
20151109 092319 8747
20151109 092319 8747
20151109 092319 8747
20151109 092320 8748
20151109 092323 8742
20151109 092449 8735
20151109 092449 8735
20151109 092449 8735
20151109 092449 8735
20151109 092449 8735
20151109 092449 8735
20151109 092449 8735
20151109 092449 8735
20151109 092449 8735
20151109 092449 8735
20151109 092449 8736
20151109 092449 8736
20151109 092449 8736
20151109 092449 8736
20151109 092449 8736
20151109 092449 8736
20151109 092449 8736
20151109 092453 8736
20151109 092557 8732
20151109 092557 8732
20151109 092557 8732
20151109 092557 8741
20151109 092603 8728
20151109 092625 8726
20151109 092626 8726
20151109 092626 8726
20151109 092632 8729
20151109 092651 8726
20151109 092659 8727
20151109 092702 8724
20151109 092702 8725
20151109 092712 8726
20151109 092723 8716
20151109 092723 8716
20151109 092723 8719
20151109 092723 8719
20151109 092723 8728
20151109 092727 8714
20151109 092732 8711
20151109 092735 8710
20151109 092736 8711
20151109 092739 8711
20151109 092739 8711
20151109 092739 8711
20151109 092741 8711
20151109 092741 8711
20151109 092741 8711
20151109 092746 8711
20151109 092750 8711
20151109 092756 8711
20151109 092804 8712
20151109 092806 8712
20151109 092814 8719
20151109 092819 8709
20151109 092819 8709
20151109 092819 8717
20151109 092820 8707
20151109 092820 8707
20151109 092821 8706
20151109 092822 8706
20151109 092823 8706
20151109 092825 8705
20151109 092825 8705
20151109 092833 8702
20151109 092833 8702
20151109 092834 8702
20151109 092835 8703
20151109 092850 8706
20151109 092850 8706
20151109 092850 8706
20151109 092853 8706
20151109 092859 8705
20151109 092901 8706
20151109 092906 8706
20151109 092909 8707
20151109 092935 8702
20151109 092938 8701
20151109 092939 8693
20151109 092939 8693
20151109 092939 8693
20151109 092939 8694
20151109 092939 8694
20151109 092939 8699
20151109 092939 8700
20151109 092939 8700
20151109 092940 8696
20151109 093011 8702
20151109 093012 8703
20151109 093012 8703
20151109 093012 8703
20151109 093016 8704
20151109 093016 8704
20151109 093016 8704
20151109 093016 8704
20151109 093017 8704
20151109 093018 8704
20151109 093019 8705
20151109 093019 8706
20151109 093019 8706
20151109 093019 8707
20151109 093035 8707
20151109 093043 8707
20151109 093043 8715
20151109 093050 8707
20151109 093050 8707
20151109 093102 8712
20151109 093103 8713
20151109 093104 8713
20151109 093122 8709
20151109 093141 8707
20151109 093141 8707
20151109 093147 8709
20151109 093157 8709
20151109 093203 8710
20151109 093206 8710
20151109 093225 8710
20151109 093225 8710
20151109 093252 8711
20151109 093301 8714
20151109 093301 8714
20151109 093302 8714
20151109 093302 8718
20151109 093322 8721
20151109 093327 8722
20151109 093329 8723
20151109 093334 8720
20151109 093338 8724
20151109 093401 8723
20151109 093407 8722
20151109 093408 8721
20151109 093456 8723
20151109 093502 8724
20151109 093517 8721
20151109 093519 8721
20151109 093538 8721
20151109 093538 8721
20151109 093544 8720
20151109 093544 8720
20151109 093550 8721
20151109 093615 8718
20151109 093627 8721
20151109 093627 8721
20151109 093633 8717
20151109 093750 8719
20151109 093813 8722
20151109 093823 8721
20151109 093858 8723
20151109 093905 8724
20151109 093906 8725
20151109 093907 8726
20151109 093959 8727
20151109 094001 8729
20151109 094008 8728
20151109 094016 8729
20151109 094022 8729
20151109 094052 8724
20151109 094052 8724
20151109 094052 8724
20151109 094108 8723
20151109 094125 8721
20151109 094143 8722
20151109 094151 8721
20151109 094154 8725
20151109 094158 8728
20151109 094200 8729
20151109 094208 8728
20151109 094211 8727
20151109 094254 8719
20151109 094254 8719
20151109 094255 8717
20151109 094255 8717
20151109 094255 8718
20151109 094301 8714
20151109 094425 8722
20151109 094457 8717
20151109 094457 8725
20151109 094459 8717
20151109 094517 8719
20151109 094540 8723
20151109 094548 8723
20151109 094629 8720
20151109 094630 8718
20151109 094634 8717
20151109 094634 8725
20151109 094655 8719
20151109 094708 8719
20151109 094718 8716
20151109 094722 8715
20151109 094728 8717
20151109 094729 8717
20151109 094729 8724
20151109 094741 8721
20151109 094741 8722
20151109 094807 8715
20151109 094807 8715
20151109 094808 8713
20151109 094808 8713
20151109 094808 8713
20151109 094808 8713
20151109 094808 8713
20151109 094835 8716
20151109 094838 8716
20151109 094935 8717
20151109 094941 8716
20151109 095001 8722
20151109 095017 8715
20151109 095017 8717
20151109 095017 8724
20151109 095046 8711
20151109 095046 8711
20151109 095046 8711
20151109 095103 8708
20151109 095104 8708
20151109 095135 8706
20151109 095145 8708
20151109 095214 8711
20151109 095225 8704
20151109 095228 8707
20151109 095251 8707
20151109 095252 8707
20151109 095304 8708
20151109 095304 8716
20151109 095334 8702
20151109 095402 8704
20151109 095413 8706
20151109 095433 8700
20151109 095434 8692
20151109 095434 8692
20151109 095434 8692
20151109 095434 8692
20151109 095434 8692
20151109 095434 8693
20151109 095434 8694
20151109 095434 8694
20151109 095434 8694
20151109 095434 8695
20151109 095434 8696
20151109 095434 8698
20151109 095435 8691
20151109 095445 8694
20151109 095446 8692
20151109 095447 8690
20151109 095447 8690
20151109 095447 8690
20151109 095448 8690
20151109 095448 8691
20151109 095452 8687
20151109 095457 8685
20151109 095457 8685
20151109 095502 8682
20151109 095503 8680
20151109 095504 8680
20151109 095505 8684
20151109 095505 8685
20151109 095506 8686
20151109 095508 8684
20151109 095508 8684
20151109 095508 8684
20151109 095522 8686
20151109 095522 8693
20151109 095528 8684
20151109 095528 8684
20151109 095537 8683
20151109 095537 8683
20151109 095537 8683
20151109 095543 8682
20151109 095543 8682
20151109 095543 8682
20151109 095548 8679
20151109 095557 8680
20151109 095601 8679
20151109 095612 8677
20151109 095613 8674
20151109 095613 8674
20151109 095614 8675
20151109 095623 8675
20151109 095626 8674
20151109 095626 8674
20151109 095626 8674
20151109 095632 8672
20151109 095632 8672
20151109 095639 8672
20151109 095639 8672
20151109 095639 8672
20151109 095640 8675
20151109 095641 8678
20151109 095642 8677
20151109 095642 8678
20151109 095642 8678
20151109 095643 8677
20151109 095644 8677
20151109 095644 8677
20151109 095644 8678
20151109 095647 8677
20151109 095659 8672
20151109 095719 8664
20151109 095719 8664
20151109 095719 8667
20151109 095719 8668
20151109 095719 8668
20151109 095723 8668
20151109 095727 8665
20151109 095728 8665
20151109 095728 8665
20151109 095728 8665
20151109 095728 8665
20151109 095728 8665
20151109 095730 8666
20151109 095730 8667
20151109 095730 8667
20151109 095730 8674
20151109 095730 8674
20151109 095732 8663
20151109 095732 8663
20151109 095732 8663
20151109 095733 8665
20151109 095733 8665
20151109 095733 8665
20151109 095733 8665
20151109 095736 8662
20151109 095736 8662
20151109 095736 8662
20151109 095736 8668
20151109 095737 8662
20151109 095739 8667
20151109 095743 8658
20151109 095746 8657
20151109 095748 8656
20151109 095749 8657
20151109 095753 8657
20151109 095754 8657
20151109 095757 8656
20151109 095757 8656
20151109 095759 8656
20151109 095801 8658
20151109 095804 8658
20151109 095804 8658
20151109 095805 8658
20151109 095815 8659
20151109 095828 8665
20151109 095830 8664
20151109 095835 8662
20151109 095854 8667
20151109 095857 8670
20151109 095857 8670
20151109 095859 8671
20151109 095904 8672
20151109 095908 8674
20151109 095910 8676
20151109 095910 8676
20151109 095913 8674
20151109 095915 8673
20151109 095926 8672
20151109 095956 8674
20151109 095957 8673
20151109 095958 8674
20151109 100002 8671
20151109 100005 8673
20151109 100005 8673
20151109 100005 8673
20151109 100017 8671
20151109 100032 8671
20151109 100041 8672
20151109 100048 8672
20151109 100052 8674
20151109 100105 8676
20151109 100106 8675
20151109 100111 8675
20151109 100111 8675
20151109 100111 8675
20151109 100111 8675
20151109 100121 8673
20151109 100123 8675
20151109 100123 8675
20151109 100123 8675
20151109 100123 8675
20151109 100123 8675
20151109 100134 8673
20151109 100151 8670
20151109 100151 8670
20151109 100159 8664
20151109 100204 8662
20151109 100206 8661
20151109 100206 8661
20151109 100213 8657
20151109 100213 8658
20151109 100215 8658
20151109 100219 8658
20151109 100219 8665
20151109 100253 8668
20151109 100255 8670
20151109 100320 8665
20151109 100336 8664
20151109 100350 8668
20151109 100400 8668
20151109 100400 8668
20151109 100422 8669
20151109 100435 8674
20151109 100435 8674
20151109 100436 8672
20151109 100447 8672
20151109 100503 8668
20151109 100504 8667
20151109 100505 8667
20151109 100507 8667
20151109 100513 8669
20151109 100513 8669
20151109 100515 8670
20151109 100531 8668
20151109 100534 8673
20151109 100534 8673
20151109 100544 8671
20151109 100546 8672
20151109 100600 8674
20151109 100621 8674
20151109 100631 8669
20151109 100631 8669
20151109 100631 8670
20151109 100647 8664
20151109 100647 8664
20151109 100647 8665
20151109 100647 8667
20151109 100648 8662
20151109 100649 8665
20151109 100723 8665
20151109 100749 8665
20151109 100810 8669
20151109 100812 8670
20151109 100818 8670
20151109 100829 8669
20151109 100837 8664
20151109 100837 8664
20151109 100837 8664
20151109 100837 8664
20151109 100837 8670
20151109 100841 8662
20151109 100843 8659
20151109 100843 8659
20151109 100843 8659
20151109 100843 8659
20151109 100843 8659
20151109 100843 8665
20151109 100843 8665
20151109 100852 8656
20151109 100852 8656
20151109 100854 8659
20151109 100856 8660
20151109 100912 8657
20151109 100913 8641
20151109 100913 8651
20151109 100913 8653
20151109 100913 8653
20151109 100913 8653
20151109 100913 8653
20151109 100913 8653
20151109 100914 8646
20151109 100914 8648
20151109 100914 8649
20151109 100914 8650
20151109 100914 8651
20151109 100915 8649
20151109 100924 8647
20151109 100938 8644
20151109 100939 8643
20151109 100939 8643
20151109 100939 8643
20151109 100939 8643
20151109 100939 8643
20151109 100939 8643
20151109 100939 8643
20151109 100939 8650
20151109 100939 8650
20151109 100942 8645
20151109 100947 8643
20151109 100947 8643
20151109 100947 8643
20151109 100947 8643
20151109 101002 8645
20151109 101002 8645
20151109 101002 8645
20151109 101002 8645
20151109 101008 8645
20151109 101011 8646
20151109 101024 8650
20151109 101024 8650
20151109 101024 8650
20151109 101030 8650
20151109 101030 8650
20151109 101036 8655
20151109 101039 8655
20151109 101056 8651
20151109 101059 8649
20151109 101100 8646
20151109 101100 8646
20151109 101109 8650
20151109 101109 8650
20151109 101109 8650
20151109 101110 8650
20151109 101110 8650
20151109 101115 8637
20151109 101115 8652
20151109 101139 8651
20151109 101201 8641
20151109 101201 8641
20151109 101201 8643
20151109 101201 8644
20151109 101211 8638
20151109 101212 8638
20151109 101215 8634
20151109 101215 8634
20151109 101215 8634
20151109 101215 8635
20151109 101218 8636
20151109 101223 8638
20151109 101226 8639
20151109 101226 8639
20151109 101240 8638
20151109 101241 8638
20151109 101241 8638
20151109 101250 8638
20151109 101251 8638
20151109 101254 8638
20151109 101254 8638
20151109 101259 8635
20151109 101259 8635
20151109 101300 8634
20151109 101301 8632
20151109 101301 8632
20151109 101301 8632
20151109 101301 8633
20151109 101301 8633
20151109 101303 8631
20151109 101303 8631
20151109 101303 8631
20151109 101304 8632
20151109 101316 8628
20151109 101316 8630
20151109 101317 8629
20151109 101319 8628
20151109 101319 8628
20151109 101319 8631
20151109 101325 8631
20151109 101328 8633
20151109 101328 8633
20151109 101337 8628
20151109 101341 8616
20151109 101341 8628
20151109 101343 8629
20151109 101358 8631
20151109 101402 8632
20151109 101402 8634
20151109 101405 8635
20151109 101410 8639
20151109 101413 8640
20151109 101427 8634
20151109 101435 8634
20151109 101443 8631
20151109 101446 8626
20151109 101446 8628
20151109 101446 8628
20151109 101446 8628
20151109 101447 8628
20151109 101447 8628
20151109 101454 8628
20151109 101454 8628
20151109 101454 8628
20151109 101454 8628
20151109 101454 8629
20151109 101502 8630
20151109 101513 8636
20151109 101515 8635
20151109 101515 8635
20151109 101519 8638
20151109 101525 8637
20151109 101532 8637
20151109 101537 8638
20151109 101538 8640
20151109 101538 8640
20151109 101538 8641
20151109 101542 8643
20151109 101542 8643
20151109 101543 8644
20151109 101555 8641
20151109 101603 8641
20151109 101607 8629
20151109 101607 8641
20151109 101613 8638
20151109 101618 8637
20151109 101618 8638
20151109 101618 8638
20151109 101703 8639
20151109 101718 8642
20151109 101720 8640
20151109 101720 8640
20151109 101721 8641
20151109 101721 8641
20151109 101721 8641
20151109 101721 8641
20151109 101752 8640
20151109 101756 8639
20151109 101757 8638
20151109 101757 8638
20151109 101757 8638
20151109 101819 8636
20151109 101846 8638
20151109 101846 8638
20151109 101847 8638
20151109 101847 8638
20151109 101848 8638
20151109 101849 8638
20151109 101849 8638
20151109 101856 8625
20151109 101906 8636
20151109 101909 8634
20151109 101910 8634
20151109 101911 8633
20151109 101918 8633
20151109 101920 8632
20151109 101921 8629
20151109 101921 8630
20151109 101922 8628
20151109 101931 8631
20151109 101935 8631
20151109 101935 8631
20151109 101935 8631
20151109 101935 8631
20151109 101935 8632
20151109 101937 8631
20151109 101937 8633
20151109 101938 8634
20151109 101945 8637
20151109 101958 8640
20151109 102046 8638
20151109 102047 8638
20151109 102056 8641
20151109 102056 8641
20151109 102056 8641
20151109 102057 8643
20151109 102057 8643
20151109 102057 8645
20151109 102105 8654
20151109 102122 8655
20151109 102129 8658
20151109 102157 8656
20151109 102157 8656
20151109 102207 8655
20151109 102207 8657
20151109 102211 8657
20151109 102212 8658
20151109 102215 8662
20151109 102219 8664
20151109 102220 8665
20151109 102226 8662
20151109 102238 8663
20151109 102238 8663
20151109 102238 8663
20151109 102238 8663
20151109 102238 8663
20151109 102238 8663
20151109 102238 8663
20151109 102253 8668
20151109 102301 8666
20151109 102302 8668
20151109 102303 8669
20151109 102305 8669
20151109 102306 8671
20151109 102310 8667
20151109 102324 8666
20151109 102328 8666
20151109 102332 8666
20151109 102333 8666
20151109 102359 8670
20151109 102404 8670
20151109 102423 8671
20151109 102427 8671
20151109 102429 8672
20151109 102431 8674
20151109 102431 8675
20151109 102431 8675
20151109 102431 8675
20151109 102431 8675
20151109 102431 8676
20151109 102432 8676
20151109 102434 8675
20151109 102452 8672
20151109 102458 8673
20151109 102458 8673
20151109 102505 8666
20151109 102510 8669
20151109 102518 8667
20151109 102522 8667
20151109 102523 8667
20151109 102531 8669
20151109 102535 8670
20151109 102540 8671
20151109 102542 8672
20151109 102548 8671
20151109 102551 8669
20151109 102600 8670
20151109 102618 8672
20151109 102629 8674
20151109 102637 8671
20151109 102639 8669
20151109 102647 8669
20151109 102728 8667
20151109 102736 8662
20151109 102801 8663
20151109 102825 8667
20151109 102847 8671
20151109 102855 8670
20151109 102912 8670
20151109 102912 8670
20151109 102915 8671
20151109 102916 8675
20151109 102926 8673
20151109 103013 8673
20151109 103018 8667
20151109 103018 8669
20151109 103051 8670
20151109 103059 8672
20151109 103115 8672
20151109 103115 8672
20151109 103135 8670
20151109 103148 8669
20151109 103158 8662
20151109 103158 8668
20151109 103158 8668
20151109 103207 8668
20151109 103232 8661
20151109 103232 8667
20151109 103237 8660
20151109 103237 8666
20151109 103241 8666
20151109 103246 8667
20151109 103300 8670
20151109 103300 8670
20151109 103317 8669
20151109 103339 8665
20151109 103339 8671
20151109 103409 8661
20151109 103409 8667
20151109 103410 8667
20151109 103410 8667
20151109 103550 8669
20151109 103616 8669
20151109 103625 8669
20151109 103633 8668
20151109 103643 8669
20151109 103712 8669
20151109 103712 8669
20151109 103713 8669
20151109 103714 8668
20151109 103714 8668
20151109 103714 8669
20151109 103717 8669
20151109 103719 8668
20151109 103719 8668
20151109 103720 8668
20151109 103720 8668
20151109 103720 8668
20151109 103720 8668
20151109 103720 8668
20151109 103727 8668
20151109 103839 8668
20151109 103922 8675
20151109 103922 8675
20151109 103922 8675
20151109 103923 8675
20151109 103930 8676
20151109 103940 8676
20151109 103954 8680
20151109 103954 8681
20151109 103955 8676
20151109 103955 8682
20151109 103955 8682
20151109 103955 8682
20151109 103955 8683
20151109 103955 8683
20151109 103955 8683
20151109 103955 8683
20151109 103955 8683
20151109 103955 8683
20151109 104015 8674
20151109 104029 8677
20151109 104035 8675
20151109 104113 8675
20151109 104145 8675
20151109 104149 8672
20151109 104149 8672
20151109 104152 8670
20151109 104200 8666
20151109 104210 8664
20151109 104210 8664
20151109 104210 8664
20151109 104214 8661
20151109 104215 8660
20151109 104215 8660
20151109 104215 8660
20151109 104215 8660
20151109 104215 8660
20151109 104217 8659
20151109 104217 8659
20151109 104218 8658
20151109 104232 8660
20151109 104236 8660
20151109 104245 8654
20151109 104252 8652
20151109 104256 8654
20151109 104256 8656
20151109 104316 8660
20151109 104356 8661
20151109 104408 8659
20151109 104408 8660
20151109 104413 8657
20151109 104417 8656
20151109 104439 8658
20151109 104446 8659
20151109 104446 8659
20151109 104512 8656
20151109 104512 8657
20151109 104555 8656
20151109 104603 8655
20151109 104603 8655
20151109 104603 8655
20151109 104605 8656
20151109 104607 8654
20151109 104607 8655
20151109 104641 8657
20151109 104716 8654
20151109 104716 8654
20151109 104716 8655
20151109 104716 8655
20151109 104716 8656
20151109 104728 8651
20151109 104729 8648
20151109 104729 8648
20151109 104729 8648
20151109 104732 8645
20151109 104741 8650
20151109 104802 8648
20151109 104804 8649
20151109 104804 8649
20151109 104806 8651
20151109 104807 8653
20151109 104829 8652
20151109 104829 8652
20151109 104846 8652
20151109 104921 8645
20151109 104922 8644
20151109 104922 8644
20151109 104930 8643
20151109 104931 8643
20151109 104942 8645
20151109 105006 8640
20151109 105006 8646
20151109 105020 8642
20151109 105020 8642
20151109 105020 8642
20151109 105057 8640
20151109 105057 8640
20151109 105100 8636
20151109 105100 8636
20151109 105100 8636
20151109 105100 8636
20151109 105100 8637
20151109 105100 8637
20151109 105100 8637
20151109 105100 8637
20151109 105100 8637
20151109 105100 8638
20151109 105100 8638
20151109 105104 8640
20151109 105108 8643
20151109 105108 8644
20151109 105119 8644
20151109 105124 8642
20151109 105136 8645
20151109 105151 8642
20151109 105202 8637
20151109 105207 8640
20151109 105210 8641
20151109 105224 8637
20151109 105306 8635
20151109 105306 8635
20151109 105306 8636
20151109 105307 8633
20151109 105334 8634
20151109 105340 8632
20151109 105346 8634
20151109 105353 8635
20151109 105353 8635
20151109 105401 8632
20151109 105403 8631
20151109 105412 8635
20151109 105412 8636
20151109 105413 8636
20151109 105432 8633
20151109 105452 8636
20151109 105503 8638
20151109 105514 8639
20151109 105514 8639
20151109 105514 8639
20151109 105522 8639
20151109 105525 8638
20151109 105536 8643
20151109 105536 8643
20151109 105536 8644
20151109 105536 8644
20151109 105536 8644
20151109 105541 8647
20151109 105548 8647
20151109 105550 8648
20151109 105559 8649
20151109 105629 8650
20151109 105643 8651
20151109 105738 8648
20151109 105824 8650
20151109 105833 8650
20151109 105854 8650
20151109 105854 8650
20151109 105905 8651
20151109 105914 8654
20151109 105917 8655
20151109 105934 8659
20151109 105935 8660
20151109 105935 8660
20151109 105941 8657
20151109 105941 8658
20151109 105947 8658
20151109 105951 8657
20151109 110011 8652
20151109 110011 8652
20151109 110017 8652
20151109 110027 8649
20151109 110039 8648
20151109 110056 8647
20151109 110112 8643
20151109 110113 8642
20151109 110121 8639
20151109 110128 8636
20151109 110130 8636
20151109 110143 8635
20151109 110152 8637
20151109 110209 8637
20151109 110213 8640
20151109 110312 8636
20151109 110318 8638
20151109 110408 8636
20151109 110432 8634
20151109 110432 8635
20151109 110433 8632
20151109 110433 8632
20151109 110433 8632
20151109 110433 8632
20151109 110433 8633
20151109 110433 8633
20151109 110447 8630
20151109 110448 8629
20151109 110448 8630
20151109 110502 8627
20151109 110503 8623
20151109 110503 8623
20151109 110503 8624
20151109 110503 8625
20151109 110516 8626
20151109 110516 8626
20151109 110516 8626
20151109 110517 8622
20151109 110517 8622
20151109 110517 8622
20151109 110517 8623
20151109 110517 8623
20151109 110519 8623
20151109 110519 8623
20151109 110519 8623
20151109 110524 8622
20151109 110524 8623
20151109 110532 8620
20151109 110532 8620
20151109 110532 8620
20151109 110532 8620
20151109 110533 8617
20151109 110533 8617
20151109 110534 8614
20151109 110534 8614
20151109 110540 8617
20151109 110540 8617
20151109 110544 8617
20151109 110544 8617
20151109 110544 8617
20151109 110548 8615
20151109 110548 8615
20151109 110548 8616
20151109 110549 8615
20151109 110549 8615
20151109 110549 8615
20151109 110549 8615
20151109 110549 8615
20151109 110549 8615
20151109 110602 8613
20151109 110602 8613
20151109 110602 8613
20151109 110602 8613
20151109 110621 8612
20151109 110621 8612
20151109 110640 8616
20151109 110649 8618
20151109 110700 8621
20151109 110714 8622
20151109 110727 8622
20151109 110732 8619
20151109 110740 8618
20151109 110741 8616
20151109 110748 8614
20151109 110748 8614
20151109 110813 8615
20151109 110815 8613
20151109 110815 8613
20151109 110815 8613
20151109 110815 8613
20151109 110816 8612
20151109 110816 8612
20151109 110816 8612
20151109 110821 8611
20151109 110824 8610
20151109 110828 8613
20151109 110839 8613
20151109 110850 8612
20151109 110851 8612
20151109 110851 8612
20151109 110855 8609
20151109 110855 8610
20151109 110855 8610
20151109 110856 8608
20151109 110859 8610
20151109 110859 8610
20151109 110900 8611
20151109 110900 8611
20151109 110900 8611
20151109 110905 8609
20151109 110905 8609
20151109 110909 8608
20151109 110917 8607
20151109 110932 8606
20151109 110933 8605
20151109 110934 8603
20151109 110934 8603
20151109 110934 8603
20151109 110934 8603
20151109 110934 8603
20151109 110934 8603
20151109 110934 8603
20151109 110934 8603
20151109 110934 8604
20151109 110934 8604
20151109 110934 8604
20151109 110934 8604
20151109 110934 8604
20151109 110934 8604
20151109 110934 8604
20151109 110934 8604
20151109 110934 8604
20151109 110934 8604
20151109 110934 8604
20151109 110934 8604
20151109 110934 8604
20151109 110935 8602
20151109 110935 8602
20151109 110935 8602
20151109 110935 8602
20151109 110936 8602
20151109 110938 8602
20151109 110939 8601
20151109 110946 8605
20151109 110948 8606
20151109 110949 8605
20151109 110950 8604
20151109 110956 8602
20151109 111004 8604
20151109 111004 8604
20151109 111004 8604
20151109 111004 8604
20151109 111004 8605
20151109 111004 8605
20151109 111004 8605
20151109 111004 8605
20151109 111005 8609
20151109 111007 8610
20151109 111007 8610
20151109 111007 8610
20151109 111007 8610
20151109 111007 8610
20151109 111007 8610
20151109 111007 8610
20151109 111007 8610
20151109 111009 8612
20151109 111029 8615
20151109 111029 8615
20151109 111038 8617
20151109 111038 8617
20151109 111041 8617
20151109 111059 8617
20151109 111100 8617
20151109 111103 8619
20151109 111127 8616
20151109 111131 8613
20151109 111141 8613
20151109 111148 8615
20151109 111207 8614
20151109 111207 8614
20151109 111216 8614
20151109 111218 8615
20151109 111226 8615
20151109 111255 8610
20151109 111302 8609
20151109 111311 8613
20151109 111311 8613
20151109 111314 8614
20151109 111333 8611
20151109 111337 8611
20151109 111341 8615
20151109 111341 8615
20151109 111341 8615
20151109 111341 8617
20151109 111341 8617
20151109 111342 8618
20151109 111356 8617
20151109 111418 8613
20151109 111438 8616
20151109 111443 8615
20151109 111523 8618
20151109 111526 8617
20151109 111526 8617
20151109 111526 8617
20151109 111526 8618
20151109 111526 8618
20151109 111529 8620
20151109 111540 8621
20151109 111549 8621
20151109 111559 8620
20151109 111605 8616
20151109 111637 8618
20151109 111723 8620
20151109 111723 8621
20151109 111723 8621
20151109 111732 8623
20151109 111732 8626
20151109 111732 8626
20151109 111733 8627
20151109 111736 8627
20151109 111736 8627
20151109 111738 8628
20151109 111743 8629
20151109 111743 8629
20151109 111751 8627
20151109 111759 8628
20151109 111801 8629
20151109 111846 8629
20151109 111849 8629
20151109 112035 8624
20151109 112059 8626
20151109 112059 8626
20151109 112113 8627
20151109 112130 8627
20151109 112205 8630
20151109 112214 8628
20151109 112222 8628
20151109 112232 8627
20151109 112235 8628
20151109 112301 8624
20151109 112301 8624
20151109 112302 8623
20151109 112351 8622
20151109 112351 8622
20151109 112405 8620
20151109 112405 8620
20151109 112405 8620
20151109 112405 8620
20151109 112411 8620
20151109 112413 8615
20151109 112416 8616
20151109 112422 8614
20151109 112422 8614
20151109 112422 8614
20151109 112435 8615
20151109 112435 8615
20151109 112503 8618
20151109 112507 8620
20151109 112515 8626
20151109 112521 8626
20151109 112533 8627
20151109 112541 8624
20151109 112546 8627
20151109 112546 8627
20151109 112546 8627
20151109 112557 8627
20151109 112608 8625
20151109 112712 8624
20151109 112723 8625
20151109 112723 8625
20151109 112723 8625
20151109 112754 8626
20151109 112803 8626
20151109 112812 8626
20151109 112812 8627
20151109 112813 8630
20151109 112847 8626
20151109 112906 8623
20151109 112906 8623
20151109 112938 8623
20151109 113140 8617
20151109 113231 8620
20151109 113258 8622
20151109 113308 8622
20151109 113321 8622
20151109 113329 8625
20151109 113341 8624
20151109 113342 8624
20151109 113519 8621
20151109 113529 8620
20151109 113529 8620
20151109 113727 8619
20151109 113731 8618
20151109 113736 8616
20151109 113740 8614
20151109 113750 8613
20151109 113750 8613
20151109 113751 8612
20151109 113752 8611
20151109 113752 8611
20151109 113754 8612
20151109 113804 8615
20151109 113846 8620
20151109 113852 8623
20151109 113932 8622
20151109 114002 8620
20151109 114054 8625
20151109 114101 8624
20151109 114113 8626
20151109 114125 8624
20151109 114244 8623
20151109 114247 8623
20151109 114319 8623
20151109 114334 8623
20151109 114627 8621
20151109 114721 8620
20151109 114721 8620
20151109 114739 8617
20151109 114739 8617
20151109 114748 8618
20151109 114754 8615
20151109 114754 8617
20151109 114815 8618
20151109 114816 8619
20151109 114820 8620
20151109 114847 8617
20151109 114943 8618
20151109 115004 8619
20151109 115034 8617
20151109 115042 8618
20151109 115046 8619
20151109 115129 8616
20151109 115246 8616
20151109 115331 8616
20151109 115334 8616
20151109 115355 8616
20151109 115411 8611
20151109 115427 8615
20151109 115427 8615
20151109 115508 8618
20151109 115510 8620
20151109 115516 8619
20151109 115518 8619
20151109 115559 8618
20151109 115640 8618
20151109 115753 8618
20151109 115802 8618
20151109 115802 8619
20151109 115802 8619
20151109 115834 8621
20151109 115928 8623
20151109 115932 8624
20151109 115937 8625
20151109 115941 8625
20151109 120026 8630
20151109 120027 8630
20151109 120030 8631
20151109 120030 8631
20151109 120036 8632
20151109 120036 8632
20151109 120046 8633
20151109 120048 8635
20151109 120048 8635
20151109 120050 8636
20151109 120054 8638
20151109 120054 8638
20151109 120054 8638
20151109 120054 8638
20151109 120054 8638
20151109 120111 8641
20151109 120112 8643
20151109 120112 8645
20151109 120112 8646
20151109 120139 8643
20151109 120141 8644
20151109 120143 8643
20151109 120146 8643
20151109 120213 8643
20151109 120237 8642
20151109 120240 8642
20151109 120305 8645
20151109 120305 8645
20151109 120308 8644
20151109 120312 8646
20151109 120312 8646
20151109 120312 8646
20151109 120322 8647
20151109 120322 8647
20151109 120322 8647
20151109 120323 8647
20151109 120344 8646
20151109 120348 8645
20151109 120354 8647
20151109 120400 8647
20151109 120400 8647
20151109 120414 8648
20151109 120415 8650
20151109 120417 8648
20151109 120441 8648
20151109 120452 8646
20151109 120506 8648
20151109 120507 8648
20151109 120508 8648
20151109 120510 8650
20151109 120511 8651
20151109 120511 8652
20151109 120511 8652
20151109 120519 8653
20151109 120618 8651
20151109 120619 8651
20151109 120619 8652
20151109 120640 8649
20151109 120647 8649
20151109 120703 8651
20151109 120810 8649
20151109 120820 8649
20151109 120830 8649
20151109 120837 8649
20151109 120848 8650
20151109 120848 8651
20151109 120856 8651
20151109 120903 8650
20151109 120903 8651
20151109 120910 8650
20151109 120948 8647
20151109 121104 8648
20151109 121123 8648
20151109 121137 8650
20151109 121137 8650
20151109 121137 8650
20151109 121137 8651
20151109 121138 8652
20151109 121139 8653
20151109 121142 8652
20151109 121152 8651
20151109 121236 8651
20151109 121316 8649
20151109 121342 8650
20151109 121347 8650
20151109 121412 8651
20151109 121448 8646
20151109 121450 8646
20151109 121501 8648
20151109 121505 8649
20151109 121523 8652
20151109 121527 8653
20151109 121534 8652
20151109 121623 8652
20151109 121904 8653
20151109 121905 8654
20151109 121905 8655
20151109 121905 8655
20151109 121905 8655
20151109 121905 8656
20151109 121905 8656
20151109 121905 8656
20151109 121906 8657
20151109 121906 8657
20151109 121906 8657
20151109 121908 8655
20151109 121931 8651
20151109 121931 8652
20151109 122021 8647
20151109 122021 8648
20151109 122114 8648
20151109 122248 8650
20151109 122248 8650
20151109 122248 8650
20151109 122312 8651
20151109 122317 8652
20151109 122321 8653
20151109 122321 8653
20151109 122339 8651
20151109 122402 8653
20151109 122402 8653
20151109 122447 8658
20151109 122447 8659
20151109 122448 8660
20151109 122448 8662
20151109 122448 8662
20151109 122448 8664
20151109 122448 8664
20151109 122454 8659
20151109 122518 8658
20151109 122530 8654
20151109 122540 8654
20151109 122540 8654
20151109 122540 8654
20151109 122623 8653
20151109 123133 8652
20151109 123211 8656
20151109 123211 8656
20151109 123420 8661
20151109 123420 8661
20151109 123420 8661
20151109 123429 8661
20151109 123429 8661
20151109 123429 8661
20151109 123509 8660
20151109 123509 8660
20151109 123509 8660
20151109 123509 8660
20151109 123509 8661
20151109 123645 8661
20151109 123645 8661
20151109 123659 8661
20151109 123659 8661
20151109 123713 8664
20151109 123713 8665
20151109 123713 8665
20151109 123714 8666
20151109 123714 8668
20151109 123742 8666
20151109 123744 8666
20151109 123746 8666
20151109 123752 8665
20151109 123759 8664
20151109 123832 8661
20151109 123836 8659
20151109 123837 8660
20151109 123904 8660
20151109 124010 8658
20151109 124011 8652
20151109 124012 8652
20151109 124020 8651
20151109 124020 8651
20151109 124020 8651
20151109 124020 8651
20151109 124024 8651
20151109 124032 8650
20151109 124032 8650
20151109 124032 8650
20151109 124032 8650
20151109 124032 8650
20151109 124032 8657
20151109 124033 8649
20151109 124033 8649
20151109 124034 8649
20151109 124034 8649
20151109 124034 8649
20151109 124034 8656
20151109 124037 8649
20151109 124041 8648
20151109 124059 8651
20151109 124100 8652
20151109 124100 8652
20151109 124250 8654
20151109 124430 8652
20151109 124433 8652
20151109 124507 8652
20151109 124514 8652
20151109 124517 8652
20151109 124751 8650
20151109 125053 8653
20151109 125109 8653
20151109 125109 8653
20151109 125109 8653
20151109 125109 8653
20151109 125136 8653
20151109 125138 8653
20151109 125522 8650
20151109 125604 8650
20151109 125653 8648
20151109 125656 8646
20151109 125705 8646
20151109 125719 8646
20151109 125745 8646
20151109 125747 8647
20151109 125751 8646
20151109 125802 8646
20151109 125804 8648
20151109 125804 8648
20151109 125804 8648
20151109 125809 8648
20151109 125833 8643
20151109 125833 8643
20151109 125906 8643
20151109 125907 8643
20151109 125907 8643
20151109 125908 8643
20151109 125913 8641
20151109 125913 8641
20151109 125914 8641
20151109 125917 8642
20151109 125920 8640
20151109 125923 8640
20151109 125923 8641
20151109 125923 8641
20151109 125930 8642
20151109 130009 8642
20151109 130012 8641
20151109 130012 8641
20151109 130021 8643
20151109 130021 8643
20151109 130050 8646
20151109 130111 8645
20151109 130124 8645
20151109 130128 8646
20151109 130132 8645
20151109 130142 8645
20151109 130222 8644
20151109 130228 8645
20151109 130230 8644
20151109 130230 8644
20151109 130230 8644
20151109 130230 8644
20151109 130237 8646
20151109 130237 8646
20151109 130237 8646
20151109 130326 8646
20151109 130348 8649
20151109 130348 8649
20151109 130348 8649
20151109 130348 8649
20151109 130408 8650
20151109 130408 8650
20151109 130408 8650
20151109 130412 8651
20151109 130412 8651
20151109 130413 8651
20151109 130413 8656
20151109 130427 8652
20151109 130537 8655
20151109 130538 8656
20151109 130545 8658
20151109 130551 8654
20151109 130552 8653
20151109 130622 8651
20151109 130631 8655
20151109 130723 8651
20151109 131041 8645
20151109 131041 8651
20151109 131121 8644
20151109 131123 8643
20151109 131123 8643
20151109 131130 8642
20151109 131130 8642
20151109 131130 8642
20151109 131130 8642
20151109 131130 8642
20151109 131132 8641
20151109 131132 8641
20151109 131132 8641
20151109 131133 8638
20151109 131133 8639
20151109 131134 8638
20151109 131134 8638
20151109 131134 8638
20151109 131134 8638
20151109 131135 8637
20151109 131153 8640
20151109 131201 8640
20151109 131202 8640
20151109 131244 8643
20151109 131245 8642
20151109 131309 8643
20151109 131319 8643
20151109 131320 8643
20151109 131358 8645
20151109 131358 8645
20151109 131459 8640
20151109 131622 8642
20151109 131715 8640
20151109 131814 8638
20151109 131840 8643
20151109 131859 8637
20151109 131902 8638
20151109 131911 8638
20151109 132057 8637
20151109 132059 8639
20151109 132059 8639
20151109 132059 8639
20151109 132059 8639
20151109 132106 8638
20151109 132106 8645
20151109 132237 8638
20151109 132240 8640
20151109 132434 8635
20151109 132442 8634
20151109 132445 8633
20151109 132445 8633
20151109 132448 8633
20151109 132450 8633
20151109 132450 8633
20151109 132457 8633
20151109 132457 8633
20151109 132500 8632
20151109 132500 8633
20151109 132500 8633
20151109 132527 8638
20151109 132531 8638
20151109 132614 8640
20151109 132632 8635
20151109 132714 8634
20151109 132714 8634
20151109 132714 8634
20151109 132714 8634
20151109 132714 8634
20151109 132814 8639
20151109 133005 8636
20151109 133006 8638
20151109 133047 8639
20151109 133411 8640
20151109 133505 8637
20151109 133627 8632
20151109 133627 8633
20151109 133637 8631
20151109 133637 8633
20151109 133638 8631
20151109 133640 8631
20151109 133642 8631
20151109 133642 8631
20151109 133642 8631
20151109 133643 8631
20151109 133647 8628
20151109 133647 8628
20151109 133647 8628
20151109 133647 8628
20151109 133648 8628
20151109 133708 8627
20151109 133714 8626
20151109 133715 8626
20151109 133715 8626
20151109 133715 8626
20151109 133715 8626
20151109 133743 8627
20151109 133758 8628
20151109 133809 8629
20151109 133943 8627
20151109 133954 8627
20151109 134035 8627
20151109 134044 8626
20151109 134129 8632
20151109 134133 8625
20151109 134133 8625
20151109 134134 8624
20151109 134135 8623
20151109 134135 8624
20151109 134135 8624
20151109 134142 8623
20151109 134153 8623
20151109 134155 8624
20151109 134216 8626
20151109 134235 8626
20151109 134243 8630
20151109 134243 8630
20151109 134248 8626
20151109 134314 8626
20151109 134321 8626
20151109 134329 8626
20151109 134346 8627
20151109 134406 8628
20151109 134410 8628
20151109 134410 8628
20151109 134411 8628
20151109 134412 8628
20151109 134412 8628
20151109 134458 8630
