20151119 084501 8370
20151119 084507 8362
20151119 084508 8336
20151119 084508 8362
20151119 084511 8364
20151119 084535 8362
20151119 084546 8364
20151119 084549 8366
20151119 084552 8364
20151119 084634 8374
20151119 084639 8376
20151119 084650 8377
20151119 084650 8378
20151119 084650 8378
20151119 084650 8378
20151119 084651 8378
20151119 084655 8379
20151119 084701 8379
20151119 084701 8379
20151119 084704 8379
20151119 084713 8379
20151119 084716 8378
20151119 084716 8379
20151119 084717 8379
20151119 084717 8379
20151119 084741 8377
20151119 084807 8376
20151119 084816 8376
20151119 084825 8348
20151119 084825 8375
20151119 084835 8375
20151119 084850 8374
20151119 084854 8376
20151119 084903 8376
20151119 084932 8376
20151119 084951 8376
20151119 085038 8370
20151119 085123 8376
20151119 085134 8376
20151119 085149 8374
20151119 085149 8374
20151119 085149 8374
20151119 085151 8374
20151119 085211 8371
20151119 085214 8369
20151119 085217 8369
20151119 085218 8341
20151119 085218 8367
20151119 085243 8369
20151119 085321 8372
20151119 085321 8372
20151119 085338 8372
20151119 085350 8345
20151119 085358 8372
20151119 085359 8372
20151119 085414 8374
20151119 085415 8375
20151119 085429 8375
20151119 085455 8374
20151119 085514 8373
20151119 085535 8375
20151119 085543 8376
20151119 085543 8376
20151119 085548 8377
20151119 085548 8377
20151119 085548 8377
20151119 085548 8377
20151119 085549 8377
20151119 085549 8377
20151119 085556 8350
20151119 085632 8376
20151119 085707 8375
20151119 085859 8374
20151119 085859 8374
20151119 085933 8375
20151119 085949 8374
20151119 090018 8378
20151119 090018 8378
20151119 090018 8378
20151119 090018 8378
20151119 090018 8378
20151119 090019 8378
20151119 090019 8378
20151119 090019 8378
20151119 090019 8379
20151119 090020 8379
20151119 090020 8379
20151119 090020 8379
20151119 090022 8379
20151119 090022 8380
20151119 090030 8376
20151119 090040 8323
20151119 090040 8376
20151119 090054 8380
20151119 090054 8380
20151119 090054 8381
20151119 090055 8382
20151119 090119 8375
20151119 090119 8375
20151119 090119 8376
20151119 090123 8372
20151119 090125 8372
20151119 090140 8322
20151119 090140 8372
20151119 090151 8373
20151119 090218 8370
20151119 090219 8370
20151119 090219 8370
20151119 090221 8370
20151119 090222 8368
20151119 090230 8367
20151119 090230 8367
20151119 090232 8366
20151119 090233 8367
20151119 090234 8366
20151119 090234 8367
20151119 090234 8367
20151119 090240 8367
20151119 090301 8313
20151119 090301 8364
20151119 090305 8362
20151119 090305 8362
20151119 090305 8362
20151119 090310 8358
20151119 090339 8356
20151119 090346 8357
20151119 090354 8357
20151119 090359 8355
20151119 090400 8345
20151119 090400 8354
20151119 090400 8354
20151119 090400 8354
20151119 090411 8360
20151119 090411 8360
20151119 090415 8362
20151119 090428 8357
20151119 090448 8361
20151119 090501 8357
20151119 090501 8357
20151119 090510 8359
20151119 090511 8361
20151119 090511 8361
20151119 090511 8361
20151119 090512 8361
20151119 090539 8362
20151119 090616 8362
20151119 090616 8362
20151119 090616 8362
20151119 090623 8364
20151119 090652 8368
20151119 090652 8368
20151119 090657 8369
20151119 090659 8369
20151119 090659 8369
20151119 090659 8369
20151119 090700 8371
20151119 090701 8374
20151119 090701 8374
20151119 090713 8376
20151119 090715 8379
20151119 090715 8379
20151119 090716 8379
20151119 090716 8379
20151119 090716 8379
20151119 090716 8380
20151119 090716 8380
20151119 090716 8380
20151119 090716 8380
20151119 090716 8382
20151119 090716 8382
20151119 090731 8375
20151119 090802 8380
20151119 090828 8382
20151119 090858 8373
20151119 090859 8373
20151119 090911 8376
20151119 090929 8380
20151119 091052 8382
20151119 091106 8382
20151119 091108 8382
20151119 091122 8372
20151119 091143 8365
20151119 091143 8377
20151119 091151 8378
20151119 091155 8370
20151119 091202 8351
20151119 091202 8359
20151119 091202 8361
20151119 091202 8361
20151119 091207 8358
20151119 091215 8354
20151119 091215 8354
20151119 091215 8357
20151119 091216 8353
20151119 091231 8356
20151119 091248 8360
20151119 091249 8359
20151119 091301 8358
20151119 091301 8359
20151119 091301 8359
20151119 091314 8352
20151119 091314 8352
20151119 091314 8353
20151119 091314 8353
20151119 091317 8352
20151119 091317 8352
20151119 091317 8352
20151119 091317 8352
20151119 091317 8352
20151119 091323 8355
20151119 091438 8353
20151119 091439 8354
20151119 091459 8355
20151119 091504 8358
20151119 091512 8351
20151119 091513 8317
20151119 091513 8348
20151119 091513 8348
20151119 091513 8348
20151119 091513 8350
20151119 091516 8338
20151119 091525 8348
20151119 091531 8349
20151119 091549 8351
20151119 091556 8348
20151119 091558 8346
20151119 091558 8346
20151119 091559 8346
20151119 091612 8350
20151119 091635 8345
20151119 091635 8347
20151119 091636 8345
20151119 091636 8345
20151119 091636 8345
20151119 091637 8343
20151119 091637 8344
20151119 091637 8345
20151119 091637 8345
20151119 091637 8345
20151119 091639 8341
20151119 091643 8342
20151119 091701 8342
20151119 091716 8345
20151119 091730 8345
20151119 091756 8348
20151119 091756 8349
20151119 091835 8350
20151119 091846 8352
20151119 091854 8353
20151119 091900 8353
20151119 091904 8350
20151119 091917 8348
20151119 091954 8343
20151119 091958 8344
20151119 091959 8339
20151119 091959 8340
20151119 091959 8340
20151119 091959 8340
20151119 091959 8341
20151119 091959 8341
20151119 092000 8335
20151119 092020 8344
20151119 092045 8342
20151119 092105 8345
20151119 092109 8346
20151119 092122 8342
20151119 092146 8340
20151119 092153 8342
20151119 092212 8343
20151119 092244 8345
20151119 092245 8345
20151119 092328 8348
20151119 092329 8348
20151119 092331 8349
20151119 092331 8349
20151119 092332 8350
20151119 092332 8350
20151119 092333 8353
20151119 092335 8355
20151119 092348 8356
20151119 092406 8352
20151119 092430 8354
20151119 092437 8350
20151119 092438 8350
20151119 092516 8351
20151119 092530 8354
20151119 092605 8351
20151119 092726 8348
20151119 092730 8350
20151119 092730 8350
20151119 092730 8350
20151119 092803 8351
20151119 092826 8355
20151119 092827 8355
20151119 092837 8356
20151119 092921 8349
20151119 093030 8346
20151119 093031 8346
20151119 093032 8345
20151119 093032 8345
20151119 093047 8343
20151119 093051 8339
20151119 093052 8339
20151119 093053 8331
20151119 093053 8331
20151119 093053 8331
20151119 093053 8333
20151119 093053 8334
20151119 093053 8334
20151119 093054 8336
20151119 093107 8336
20151119 093111 8335
20151119 093113 8335
20151119 093118 8333
20151119 093127 8333
20151119 093127 8333
20151119 093134 8335
20151119 093138 8331
20151119 093138 8331
20151119 093140 8331
20151119 093141 8331
20151119 093141 8331
20151119 093141 8331
20151119 093142 8325
20151119 093144 8329
20151119 093152 8332
20151119 093157 8331
20151119 093202 8332
20151119 093202 8332
20151119 093216 8327
20151119 093216 8327
20151119 093216 8327
20151119 093216 8327
20151119 093216 8327
20151119 093216 8327
20151119 093216 8327
20151119 093216 8327
20151119 093216 8327
20151119 093216 8327
20151119 093216 8327
20151119 093216 8327
20151119 093219 8328
20151119 093219 8328
20151119 093219 8328
20151119 093219 8328
20151119 093219 8328
20151119 093219 8328
20151119 093219 8328
20151119 093219 8328
20151119 093219 8328
20151119 093219 8328
20151119 093221 8327
20151119 093223 8322
20151119 093223 8323
20151119 093223 8329
20151119 093223 8329
20151119 093223 8329
20151119 093223 8329
20151119 093223 8329
20151119 093223 8330
20151119 093250 8324
20151119 093253 8326
20151119 093255 8325
20151119 093309 8332
20151119 093309 8332
20151119 093309 8333
20151119 093309 8333
20151119 093309 8333
20151119 093333 8330
20151119 093421 8328
20151119 093459 8331
20151119 093459 8331
20151119 093459 8331
20151119 093459 8331
20151119 093502 8331
20151119 093502 8331
20151119 093502 8331
20151119 093502 8331
20151119 093510 8330
20151119 093510 8330
20151119 093510 8330
20151119 093510 8330
20151119 093512 8330
20151119 093532 8320
20151119 093532 8326
20151119 093534 8324
20151119 093537 8327
20151119 093537 8327
20151119 093537 8327
20151119 093544 8326
20151119 093544 8326
20151119 093544 8326
20151119 093544 8326
20151119 093604 8331
20151119 093610 8333
20151119 093612 8337
20151119 093712 8338
20151119 093727 8343
20151119 093727 8344
20151119 093754 8341
20151119 093754 8341
20151119 093804 8345
20151119 093804 8345
20151119 093804 8345
20151119 093804 8345
20151119 093804 8345
20151119 093804 8345
20151119 093804 8345
20151119 093804 8345
20151119 093804 8345
20151119 093804 8345
20151119 093804 8345
20151119 093804 8345
20151119 093804 8345
20151119 093804 8345
20151119 093804 8345
20151119 093820 8343
20151119 093820 8343
20151119 093820 8343
20151119 093820 8343
20151119 093820 8343
20151119 093820 8343
20151119 093820 8343
20151119 093820 8343
20151119 093901 8347
20151119 093904 8347
20151119 093906 8348
20151119 093924 8348
20151119 093933 8344
20151119 093937 8343
20151119 093937 8343
20151119 093937 8344
20151119 093939 8342
20151119 093939 8342
20151119 094007 8347
20151119 094010 8347
20151119 094012 8321
20151119 094012 8322
20151119 094012 8350
20151119 094012 8351
20151119 094012 8351
20151119 094012 8351
20151119 094012 8352
20151119 094012 8355
20151119 094012 8356
20151119 094012 8356
20151119 094012 8356
20151119 094012 8356
20151119 094012 8356
20151119 094012 8356
20151119 094013 8326
20151119 094013 8356
20151119 094013 8357
20151119 094013 8357
20151119 094013 8357
20151119 094013 8357
20151119 094013 8357
20151119 094013 8357
20151119 094016 8354
20151119 094028 8356
20151119 094130 8348
20151119 094130 8348
20151119 094132 8348
20151119 094238 8347
20151119 094254 8352
20151119 094325 8350
20151119 094336 8354
20151119 094524 8346
20151119 094524 8346
20151119 094525 8346
20151119 094706 8348
20151119 094706 8348
20151119 094736 8349
20151119 094739 8352
20151119 094751 8351
20151119 094751 8351
20151119 094807 8353
20151119 094811 8356
20151119 094834 8347
20151119 094836 8346
20151119 094848 8346
20151119 094849 8345
20151119 095006 8351
20151119 095012 8355
20151119 095035 8347
20151119 095038 8349
20151119 095038 8349
20151119 095038 8349
20151119 095038 8349
20151119 095038 8349
20151119 095103 8348
20151119 095110 8351
20151119 095124 8356
20151119 095124 8357
20151119 095124 8357
20151119 095125 8358
20151119 095125 8358
20151119 095125 8359
20151119 095126 8362
20151119 095126 8363
20151119 095126 8363
20151119 095129 8364
20151119 095152 8366
20151119 095152 8367
20151119 095152 8367
20151119 095152 8368
20151119 095152 8368
20151119 095152 8368
20151119 095152 8369
20151119 095152 8369
20151119 095152 8369
20151119 095152 8369
20151119 095152 8369
20151119 095201 8373
20151119 095201 8374
20151119 095201 8374
20151119 095201 8374
20151119 095204 8369
20151119 095204 8369
20151119 095214 8369
20151119 095214 8370
20151119 095301 8374
20151119 095301 8374
20151119 095344 8373
20151119 095510 8373
20151119 095511 8373
20151119 095514 8374
20151119 095515 8374
20151119 095519 8376
20151119 095519 8376
20151119 095520 8378
20151119 095520 8378
20151119 095520 8379
20151119 095520 8379
20151119 095521 8380
20151119 095524 8375
20151119 095530 8355
20151119 095530 8360
20151119 095530 8360
20151119 095530 8382
20151119 095530 8383
20151119 095530 8383
20151119 095530 8384
20151119 095530 8386
20151119 095530 8387
20151119 095530 8387
20151119 095530 8388
20151119 095530 8388
20151119 095530 8388
20151119 095530 8389
20151119 095530 8389
20151119 095530 8389
20151119 095530 8389
20151119 095530 8389
20151119 095531 8361
20151119 095531 8361
20151119 095531 8361
20151119 095531 8361
20151119 095531 8389
20151119 095531 8390
20151119 095531 8390
20151119 095531 8390
20151119 095531 8390
20151119 095531 8390
20151119 095533 8355
20151119 095533 8382
20151119 095533 8386
20151119 095541 8386
20151119 095551 8384
20151119 095605 8390
20151119 095606 8391
20151119 095609 8389
20151119 095613 8393
20151119 095613 8393
20151119 095613 8393
20151119 095613 8394
20151119 095613 8394
20151119 095614 8392
20151119 095628 8391
20151119 095631 8391
20151119 095644 8387
20151119 095703 8358
20151119 095703 8387
20151119 095710 8386
20151119 095715 8386
20151119 095717 8358
20151119 095717 8387
20151119 095732 8386
20151119 095739 8357
20151119 095739 8386
20151119 095740 8360
20151119 095740 8387
20151119 095746 8389
20151119 095747 8390
20151119 095819 8385
20151119 095819 8385
20151119 095824 8388
20151119 095824 8388
20151119 095825 8389
20151119 095826 8389
20151119 095831 8390
20151119 095832 8390
20151119 095832 8390
20151119 095832 8390
20151119 095832 8390
20151119 095832 8390
20151119 095832 8390
20151119 095832 8391
20151119 095832 8391
20151119 095904 8387
20151119 095910 8388
20151119 095922 8386
20151119 095926 8384
20151119 095943 8383
20151119 095949 8379
20151119 095951 8377
20151119 095958 8381
20151119 100007 8377
20151119 100016 8349
20151119 100016 8379
20151119 100016 8379
20151119 100022 8378
20151119 100023 8379
20151119 100058 8380
20151119 100058 8380
20151119 100058 8380
20151119 100110 8382
20151119 100133 8385
20151119 100135 8386
20151119 100135 8386
20151119 100135 8386
20151119 100137 8385
20151119 100137 8385
20151119 100137 8385
20151119 100137 8387
20151119 100142 8385
20151119 100142 8385
20151119 100153 8385
20151119 100154 8385
20151119 100157 8386
20151119 100213 8385
20151119 100214 8384
20151119 100214 8384
20151119 100233 8386
20151119 100237 8358
20151119 100237 8385
20151119 100316 8386
20151119 100353 8385
20151119 100359 8386
20151119 100405 8387
20151119 100422 8385
20151119 100429 8387
20151119 100429 8387
20151119 100501 8387
20151119 100503 8390
20151119 100503 8390
20151119 100505 8390
20151119 100505 8390
20151119 100513 8383
20151119 100528 8382
20151119 100545 8378
20151119 100549 8378
20151119 100554 8376
20151119 100554 8376
20151119 100554 8376
20151119 100554 8376
20151119 100557 8375
20151119 100618 8377
20151119 100638 8379
20151119 100659 8376
20151119 100659 8376
20151119 100716 8374
20151119 100729 8374
20151119 100843 8380
20151119 100856 8385
20151119 100927 8384
20151119 100929 8382
20151119 101005 8384
20151119 101039 8387
20151119 101039 8387
20151119 101042 8386
20151119 101143 8384
20151119 101215 8382
20151119 101249 8379
20151119 101306 8383
20151119 101314 8385
20151119 101314 8386
20151119 101314 8386
20151119 101321 8390
20151119 101321 8390
20151119 101322 8391
20151119 101323 8395
20151119 101324 8396
20151119 101324 8396
20151119 101324 8396
20151119 101324 8396
20151119 101324 8396
20151119 101324 8398
20151119 101324 8398
20151119 101324 8398
20151119 101324 8398
20151119 101324 8398
20151119 101332 8397
20151119 101337 8399
20151119 101339 8399
20151119 101355 8399
20151119 101355 8399
20151119 101358 8398
20151119 101431 8394
20151119 101455 8394
20151119 101507 8391
20151119 101552 8393
20151119 101638 8387
20151119 101645 8386
20151119 101652 8384
20151119 101729 8384
20151119 101928 8385
20151119 102042 8383
20151119 102042 8383
20151119 102120 8383
20151119 102130 8383
20151119 102147 8376
20151119 102147 8376
20151119 102147 8377
20151119 102148 8376
20151119 102148 8376
20151119 102152 8379
20151119 102156 8371
20151119 102156 8371
20151119 102156 8373
20151119 102157 8369
20151119 102220 8374
20151119 102220 8374
20151119 102224 8374
20151119 102243 8374
20151119 102249 8374
20151119 102301 8374
20151119 102512 8370
20151119 102512 8370
20151119 103116 8379
20151119 103224 8377
20151119 103340 8376
20151119 103427 8373
20151119 103433 8373
20151119 103433 8373
20151119 103433 8373
20151119 103433 8373
20151119 103433 8373
20151119 103433 8373
20151119 103433 8373
20151119 103435 8370
20151119 103435 8370
20151119 103436 8367
20151119 103436 8369
20151119 103436 8369
20151119 103436 8369
20151119 103436 8369
20151119 103437 8368
20151119 103452 8369
20151119 103452 8370
20151119 103458 8371
20151119 103538 8369
20151119 103706 8371
20151119 104205 8366
20151119 104205 8366
20151119 104205 8367
20151119 104403 8364
20151119 104403 8365
20151119 104403 8366
20151119 104404 8363
20151119 104455 8364
20151119 104522 8339
20151119 104522 8365
20151119 104635 8368
20151119 104638 8368
20151119 104702 8375
20151119 104716 8347
20151119 104716 8370
20151119 104716 8375
20151119 104741 8374
20151119 104950 8373
20151119 105011 8350
20151119 105011 8376
20151119 105106 8379
20151119 105107 8355
20151119 105107 8384
20151119 105126 8384
20151119 105226 8370
20151119 105226 8376
20151119 105816 8376
20151119 105827 8378
20151119 110037 8372
20151119 110251 8348
20151119 110251 8377
20151119 110300 8370
20151119 110300 8376
20151119 110331 8377
20151119 110551 8375
20151119 110823 8378
20151119 111131 8375
20151119 111543 8380
20151119 111544 8380
20151119 111701 8377
20151119 111705 8377
20151119 111806 8383
20151119 111808 8384
20151119 111808 8384
20151119 111828 8382
20151119 112544 8378
20151119 112621 8379
20151119 112739 8383
20151119 112803 8381
20151119 112827 8380
20151119 112914 8384
20151119 112914 8384
20151119 112914 8384
20151119 112915 8385
20151119 112915 8386
20151119 112915 8387
20151119 112915 8387
20151119 112916 8388
20151119 112932 8386
20151119 112932 8386
20151119 112932 8386
20151119 113002 8390
20151119 113033 8389
20151119 113035 8390
20151119 113039 8391
20151119 113049 8384
20151119 113106 8388
20151119 113139 8392
20151119 113140 8393
20151119 113140 8393
20151119 113140 8393
20151119 113140 8393
20151119 113140 8393
20151119 113151 8391
20151119 113245 8391
20151119 113246 8393
20151119 113246 8394
20151119 113247 8395
20151119 113247 8396
20151119 113247 8396
20151119 113247 8396
20151119 113247 8397
20151119 113247 8397
20151119 113418 8393
20151119 113459 8390
20151119 113500 8390
20151119 113520 8387
20151119 113740 8387
20151119 113807 8390
20151119 113852 8388
20151119 113852 8388
20151119 113940 8388
20151119 114000 8391
20151119 114104 8393
20151119 114104 8393
20151119 114105 8365
20151119 114105 8393
20151119 114105 8394
20151119 114109 8366
20151119 114109 8395
20151119 114109 8395
20151119 114218 8395
20151119 114456 8393
20151119 114458 8393
20151119 114501 8395
20151119 114501 8396
20151119 114501 8396
20151119 114501 8397
20151119 114501 8397
20151119 114502 8369
20151119 114502 8398
20151119 114502 8398
20151119 114502 8398
20151119 114502 8398
20151119 114502 8398
20151119 114503 8398
20151119 114556 8394
20151119 114637 8394
20151119 114700 8395
20151119 114727 8393
20151119 114908 8396
20151119 114945 8397
20151119 114947 8398
20151119 114947 8398
20151119 114947 8399
20151119 114947 8399
20151119 114948 8371
20151119 114948 8400
20151119 114948 8400
20151119 114948 8402
20151119 114948 8402
20151119 114949 8403
20151119 114949 8403
20151119 114949 8403
20151119 114949 8403
20151119 114949 8403
20151119 114949 8404
20151119 114955 8401
20151119 115000 8375
20151119 115000 8375
20151119 115000 8404
20151119 115000 8404
20151119 115000 8404
20151119 115000 8404
20151119 115002 8403
20151119 115053 8376
20151119 115053 8376
20151119 115053 8405
20151119 115053 8405
20151119 115054 8406
20151119 115054 8406
20151119 115100 8378
20151119 115100 8406
20151119 115100 8406
20151119 115100 8406
20151119 115100 8406
20151119 115100 8406
20151119 115100 8407
20151119 115100 8407
20151119 115100 8407
20151119 115100 8407
20151119 115100 8407
20151119 115103 8408
20151119 115103 8408
20151119 115103 8408
20151119 115105 8408
20151119 115106 8408
20151119 115107 8408
20151119 115108 8408
20151119 115108 8408
20151119 115108 8408
20151119 115108 8408
20151119 115117 8404
20151119 115133 8404
20151119 115148 8400
20151119 115159 8398
20151119 115159 8398
20151119 115159 8398
20151119 115227 8398
20151119 115236 8398
20151119 115239 8400
20151119 115248 8400
20151119 115350 8398
20151119 115400 8401
20151119 115517 8402
20151119 115517 8402
20151119 115517 8403
20151119 115743 8406
20151119 115749 8408
20151119 115753 8408
20151119 115810 8408
20151119 115812 8408
20151119 115812 8408
20151119 115815 8410
20151119 115816 8410
20151119 115816 8411
20151119 115816 8411
20151119 115816 8412
20151119 115824 8412
20151119 115827 8383
20151119 115827 8412
20151119 115828 8383
20151119 115828 8412
20151119 115831 8411
20151119 115853 8413
20151119 115853 8413
20151119 115854 8414
20151119 115857 8414
20151119 115900 8415
20151119 115906 8414
20151119 115916 8413
20151119 115950 8413
20151119 115954 8414
20151119 115954 8414
20151119 115959 8414
20151119 120000 8416
20151119 120000 8416
20151119 120000 8416
20151119 120010 8418
20151119 120017 8415
20151119 120017 8415
20151119 120017 8415
20151119 120017 8415
20151119 120017 8415
20151119 120017 8415
20151119 120024 8417
20151119 120054 8420
20151119 120058 8418
20151119 120119 8417
20151119 120127 8417
20151119 120132 8414
20151119 120154 8386
20151119 120220 8413
20151119 120230 8414
20151119 120232 8413
20151119 120326 8417
20151119 120613 8411
20151119 120620 8411
20151119 120620 8411
20151119 120620 8411
20151119 120621 8411
20151119 120621 8411
20151119 120735 8412
20151119 120740 8412
20151119 120740 8412
20151119 120810 8412
20151119 121000 8386
20151119 121000 8415
20151119 121001 8415
20151119 121001 8415
20151119 121002 8416
20151119 121058 8411
20151119 121133 8409
20151119 121133 8409
20151119 121133 8409
20151119 121155 8407
20151119 121217 8408
20151119 121229 8408
20151119 121235 8409
20151119 121313 8409
20151119 121741 8418
20151119 121810 8417
20151119 121906 8417
20151119 121931 8421
20151119 121931 8422
20151119 121931 8422
20151119 121931 8422
20151119 121931 8422
20151119 121931 8422
20151119 121931 8422
20151119 122002 8416
20151119 122007 8416
20151119 122246 8419
20151119 122407 8417
20151119 122518 8415
20151119 122535 8418
20151119 122537 8419
20151119 122626 8419
20151119 122918 8419
20151119 122957 8422
20151119 122957 8422
20151119 122958 8422
20151119 122958 8422
20151119 123001 8424
20151119 123015 8416
20151119 123022 8416
20151119 123023 8416
20151119 123208 8409
20151119 123208 8415
20151119 123211 8416
20151119 123211 8416
20151119 123217 8416
20151119 123245 8413
20151119 123257 8414
20151119 123333 8414
20151119 123427 8415
20151119 123436 8414
20151119 123733 8407
20151119 123733 8413
20151119 123846 8415
20151119 123910 8411
20151119 123910 8411
20151119 124202 8411
20151119 124250 8412
20151119 124538 8410
20151119 124617 8412
20151119 124617 8412
20151119 124807 8413
20151119 124821 8413
20151119 124904 8415
20151119 124946 8413
20151119 125025 8414
20151119 125058 8417
20151119 125110 8416
20151119 125120 8415
20151119 125129 8386
20151119 125129 8416
20151119 125131 8386
20151119 125131 8415
20151119 125145 8416
20151119 125153 8417
20151119 125217 8418
20151119 125218 8418
20151119 125313 8418
20151119 125325 8418
20151119 125343 8420
20151119 125343 8420
20151119 125347 8419
20151119 125347 8419
20151119 125417 8419
20151119 125417 8419
20151119 125417 8419
20151119 125434 8418
20151119 125458 8419
20151119 125503 8392
20151119 125503 8392
20151119 125503 8420
20151119 125503 8420
20151119 125517 8421
20151119 125537 8421
20151119 125537 8421
20151119 125540 8421
20151119 125559 8421
20151119 125637 8422
20151119 125743 8419
20151119 125842 8420
20151119 130114 8416
20151119 130138 8414
20151119 130138 8414
20151119 130138 8414
20151119 130138 8414
20151119 130138 8414
20151119 130138 8414
20151119 130138 8414
20151119 130138 8414
20151119 130138 8414
20151119 130138 8414
20151119 130138 8414
20151119 130138 8414
20151119 130215 8413
20151119 130518 8415
20151119 130613 8415
20151119 130613 8415
20151119 130613 8415
20151119 130613 8415
20151119 130615 8415
20151119 130657 8412
20151119 130658 8411
20151119 130839 8415
20151119 130928 8414
20151119 130948 8416
20151119 130948 8416
20151119 130951 8417
20151119 130951 8418
20151119 130952 8389
20151119 130952 8418
20151119 130953 8389
20151119 130953 8418
20151119 131008 8419
20151119 131215 8417
20151119 131325 8418
20151119 131325 8418
20151119 131325 8418
20151119 131400 8419
20151119 131400 8419
20151119 131505 8420
20151119 131505 8421
20151119 131603 8422
20151119 131643 8422
20151119 131740 8395
20151119 131740 8423
20151119 131740 8423
20151119 131740 8423
20151119 131756 8424
20151119 131756 8424
20151119 131818 8425
20151119 131923 8426
20151119 131924 8427
20151119 131924 8427
20151119 131924 8427
20151119 131949 8428
20151119 131952 8428
20151119 131954 8428
20151119 131954 8428
20151119 131954 8428
20151119 131954 8428
20151119 131955 8428
20151119 132005 8429
20151119 132049 8431
20151119 132052 8432
20151119 132053 8432
20151119 132106 8431
20151119 132110 8432
20151119 132112 8432
20151119 132123 8431
20151119 132156 8432
20151119 132157 8433
20151119 132207 8434
20151119 132210 8435
20151119 132210 8436
20151119 132248 8437
20151119 132248 8437
20151119 132248 8437
20151119 132248 8437
20151119 132251 8435
20151119 132251 8435
20151119 132325 8433
20151119 132340 8433
20151119 132352 8434
20151119 132416 8435
20151119 132428 8434
20151119 132442 8434
20151119 132442 8434
20151119 132442 8434
20151119 132442 8434
20151119 132442 8434
20151119 132442 8434
20151119 132442 8434
20151119 132442 8434
20151119 132442 8434
20151119 132442 8434
20151119 132442 8434
20151119 132442 8434
20151119 132442 8434
20151119 132442 8434
20151119 132508 8438
20151119 132508 8438
20151119 132508 8438
20151119 132511 8440
20151119 132511 8440
20151119 132512 8441
20151119 132513 8441
20151119 132513 8441
20151119 132523 8438
20151119 132529 8441
20151119 132529 8441
20151119 132529 8441
20151119 132529 8441
20151119 132532 8443
20151119 132542 8447
20151119 132548 8447
20151119 132600 8443
20151119 132649 8445
20151119 132707 8446
20151119 132711 8448
20151119 132715 8448
20151119 132723 8449
20151119 132812 8447
20151119 132812 8448
20151119 132833 8446
20151119 132835 8446
20151119 132925 8447
20151119 132939 8446
20151119 132939 8446
20151119 132945 8446
20151119 132948 8448
20151119 132953 8448
20151119 132954 8448
20151119 133003 8448
20151119 133004 8449
20151119 133005 8450
20151119 133006 8450
20151119 133007 8451
20151119 133007 8451
20151119 133007 8452
20151119 133007 8452
20151119 133010 8453
20151119 133010 8453
20151119 133010 8453
20151119 133010 8453
20151119 133010 8453
20151119 133015 8451
20151119 133016 8451
20151119 133047 8455
20151119 133049 8453
20151119 133106 8456
20151119 133106 8456
20151119 133123 8454
20151119 133123 8454
20151119 133123 8454
20151119 133130 8452
20151119 133134 8453
20151119 133212 8453
20151119 133214 8452
20151119 133217 8452
20151119 133217 8452
20151119 133234 8452
20151119 133245 8451
20151119 133251 8449
20151119 133251 8449
20151119 133251 8450
20151119 133323 8450
20151119 133337 8452
20151119 133338 8452
20151119 133340 8425
20151119 133340 8452
20151119 133340 8452
20151119 133354 8455
20151119 133355 8456
20151119 133401 8453
20151119 133431 8455
20151119 133434 8457
20151119 133434 8457
20151119 133436 8457
20151119 133454 8457
20151119 133512 8455
20151119 133522 8455
20151119 133542 8456
20151119 133557 8458
20151119 133557 8458
20151119 133558 8458
20151119 133559 8458
20151119 133559 8458
20151119 133601 8459
20151119 133630 8457
20151119 133630 8457
20151119 133644 8456
20151119 133708 8457
20151119 133710 8458
20151119 133710 8458
20151119 133729 8458
20151119 133729 8458
20151119 133735 8456
20151119 133800 8456
20151119 133801 8456
20151119 133801 8456
20151119 133818 8457
20151119 133831 8457
20151119 133901 8456
20151119 133901 8456
20151119 133902 8455
20151119 133902 8455
20151119 133920 8458
20151119 133930 8455
20151119 133942 8455
20151119 133943 8455
20151119 133944 8455
20151119 133944 8455
20151119 133945 8455
20151119 133948 8454
20151119 133950 8454
20151119 133951 8454
20151119 133951 8454
20151119 133958 8453
20151119 133958 8453
20151119 133958 8453
20151119 133959 8453
20151119 134003 8454
20151119 134015 8456
20151119 134032 8456
20151119 134116 8456
20151119 134121 8456
20151119 134122 8456
20151119 134141 8457
20151119 134201 8456
20151119 134201 8456
20151119 134210 8458
20151119 134224 8457
20151119 134226 8458
20151119 134236 8457
20151119 134243 8456
20151119 134243 8456
20151119 134243 8456
20151119 134255 8454
20151119 134300 8454
20151119 134301 8452
20151119 134302 8452
20151119 134302 8452
20151119 134302 8452
20151119 134306 8451
20151119 134306 8451
20151119 134306 8451
20151119 134312 8450
20151119 134312 8450
20151119 134312 8451
20151119 134318 8425
20151119 134318 8451
20151119 134322 8451
20151119 134325 8450
20151119 134328 8448
20151119 134328 8448
20151119 134328 8448
20151119 134328 8449
20151119 134329 8450
20151119 134332 8449
20151119 134334 8449
20151119 134342 8449
20151119 134344 8449
20151119 134346 8450
20151119 134347 8448
20151119 134347 8449
20151119 134349 8448
20151119 134349 8448
20151119 134358 8446
20151119 134358 8446
20151119 134406 8448
20151119 134407 8447
20151119 134407 8447
20151119 134410 8448
20151119 134419 8448
20151119 134425 8447
20151119 134441 8447
20151119 134442 8447
20151119 134447 8447
20151119 134449 8447
20151119 134452 8446
20151119 134456 8447
