20151014 084500 8523
20151014 084500 8523
20151014 084500 8523
20151014 084500 8524
20151014 084501 8521
20151014 084501 8521
20151014 084501 8521
20151014 084501 8521
20151014 084501 8521
20151014 084501 8521
20151014 084501 8523
20151014 084502 8519
20151014 084502 8520
20151014 084502 8520
20151014 084505 8521
20151014 084506 8520
20151014 084507 8519
20151014 084509 8514
20151014 084509 8514
20151014 084509 8516
20151014 084509 8516
20151014 084509 8516
20151014 084509 8516
20151014 084509 8516
20151014 084509 8516
20151014 084509 8516
20151014 084510 8514
20151014 084512 8517
20151014 084512 8526
20151014 084515 8520
20151014 084516 8519
20151014 084519 8518
20151014 084520 8518
20151014 084526 8515
20151014 084529 8517
20151014 084529 8518
20151014 084529 8518
20151014 084535 8517
20151014 084543 8515
20151014 084543 8516
20151014 084543 8516
20151014 084544 8517
20151014 084546 8517
20151014 084548 8515
20151014 084548 8515
20151014 084548 8517
20151014 084551 8517
20151014 084552 8518
20151014 084557 8517
20151014 084600 8515
20151014 084600 8516
20151014 084600 8517
20151014 084607 8517
20151014 084615 8517
20151014 084618 8517
20151014 084619 8514
20151014 084619 8515
20151014 084619 8515
20151014 084619 8515
20151014 084619 8515
20151014 084619 8515
20151014 084619 8515
20151014 084619 8515
20151014 084619 8516
20151014 084619 8516
20151014 084619 8516
20151014 084619 8516
20151014 084619 8516
20151014 084620 8514
20151014 084620 8514
20151014 084620 8514
20151014 084620 8515
20151014 084621 8515
20151014 084623 8511
20151014 084623 8511
20151014 084623 8511
20151014 084623 8511
20151014 084623 8511
20151014 084623 8511
20151014 084623 8511
20151014 084623 8511
20151014 084623 8511
20151014 084623 8511
20151014 084623 8511
20151014 084623 8512
20151014 084623 8512
20151014 084623 8512
20151014 084623 8512
20151014 084623 8512
20151014 084623 8512
20151014 084623 8513
20151014 084623 8513
20151014 084623 8513
20151014 084623 8513
20151014 084623 8513
20151014 084623 8513
20151014 084623 8513
20151014 084624 8510
20151014 084624 8510
20151014 084624 8511
20151014 084624 8511
20151014 084625 8509
20151014 084625 8509
20151014 084625 8509
20151014 084625 8509
20151014 084626 8510
20151014 084631 8512
20151014 084637 8511
20151014 084640 8511
20151014 084645 8511
20151014 084649 8510
20151014 084656 8511
20151014 084659 8512
20151014 084700 8513
20151014 084700 8513
20151014 084731 8513
20151014 084740 8513
20151014 084749 8514
20151014 084749 8514
20151014 084749 8514
20151014 084749 8514
20151014 084855 8515
20151014 084934 8505
20151014 085002 8519
20151014 085002 8520
20151014 085029 8528
20151014 085035 8519
20151014 085035 8519
20151014 085043 8519
20151014 085046 8519
20151014 085046 8519
20151014 085046 8519
20151014 085048 8520
20151014 085049 8520
20151014 085049 8521
20151014 085049 8521
20151014 085049 8521
20151014 085049 8522
20151014 085049 8522
20151014 085049 8522
20151014 085049 8523
20151014 085105 8524
20151014 085105 8524
20151014 085105 8524
20151014 085105 8524
20151014 085116 8524
20151014 085142 8521
20151014 085208 8519
20151014 085212 8518
20151014 085214 8519
20151014 085214 8519
20151014 085214 8519
20151014 085215 8519
20151014 085227 8519
20151014 085315 8517
20151014 085318 8514
20151014 085318 8514
20151014 085318 8514
20151014 085318 8514
20151014 085318 8514
20151014 085348 8516
20151014 085505 8517
20151014 085548 8535
20151014 085550 8517
20151014 085619 8514
20151014 085619 8514
20151014 085619 8514
20151014 085641 8512
20151014 085641 8512
20151014 085641 8512
20151014 085641 8512
20151014 085657 8511
20151014 085657 8511
20151014 085700 8511
20151014 085700 8511
20151014 085703 8511
20151014 085708 8515
20151014 085708 8515
20151014 085708 8515
20151014 085708 8515
20151014 085708 8515
20151014 085708 8515
20151014 085708 8515
20151014 085708 8515
20151014 085708 8515
20151014 085710 8500
20151014 085816 8516
20151014 085816 8516
20151014 085816 8516
20151014 085840 8534
20151014 085841 8515
20151014 085848 8514
20151014 085926 8514
20151014 085955 8513
20151014 090000 8512
20151014 090001 8512
20151014 090034 8514
20151014 090034 8515
20151014 090044 8515
20151014 090046 8517
20151014 090047 8516
20151014 090047 8516
20151014 090047 8517
20151014 090101 8517
20151014 090103 8516
20151014 090103 8517
20151014 090113 8518
20151014 090114 8520
20151014 090114 8520
20151014 090121 8517
20151014 090121 8517
20151014 090122 8517
20151014 090126 8517
20151014 090139 8517
20151014 090145 8519
20151014 090145 8519
20151014 090145 8519
20151014 090154 8521
20151014 090155 8523
20151014 090155 8523
20151014 090155 8523
20151014 090155 8523
20151014 090155 8523
20151014 090155 8523
20151014 090155 8523
20151014 090155 8523
20151014 090155 8523
20151014 090155 8523
20151014 090155 8523
20151014 090155 8523
20151014 090155 8523
20151014 090155 8523
20151014 090155 8523
20151014 090236 8518
20151014 090244 8517
20151014 090314 8518
20151014 090324 8520
20151014 090324 8520
20151014 090325 8520
20151014 090340 8521
20151014 090340 8521
20151014 090353 8522
20151014 090353 8522
20151014 090353 8522
20151014 090355 8522
20151014 090400 8523
20151014 090400 8523
20151014 090404 8521
20151014 090409 8522
20151014 090417 8523
20151014 090418 8524
20151014 090418 8524
20151014 090418 8524
20151014 090418 8524
20151014 090418 8524
20151014 090418 8524
20151014 090418 8525
20151014 090418 8526
20151014 090418 8526
20151014 090418 8526
20151014 090419 8527
20151014 090419 8527
20151014 090427 8527
20151014 090433 8514
20151014 090501 8513
20151014 090508 8522
20151014 090508 8523
20151014 090508 8523
20151014 090508 8523
20151014 090514 8519
20151014 090520 8518
20151014 090525 8516
20151014 090525 8516
20151014 090527 8514
20151014 090527 8514
20151014 090527 8514
20151014 090528 8514
20151014 090528 8514
20151014 090548 8518
20151014 090554 8518
20151014 090608 8517
20151014 090637 8521
20151014 090637 8522
20151014 090638 8523
20151014 090638 8524
20151014 090638 8542
20151014 090638 8542
20151014 090638 8543
20151014 090639 8524
20151014 090639 8524
20151014 090639 8524
20151014 090639 8524
20151014 090639 8524
20151014 090639 8525
20151014 090639 8525
20151014 090642 8543
20151014 090650 8522
20151014 090701 8524
20151014 090701 8524
20151014 090702 8523
20151014 090708 8523
20151014 090713 8526
20151014 090728 8522
20151014 090813 8523
20151014 090824 8519
20151014 090824 8520
20151014 090825 8541
20151014 090829 8541
20151014 090927 8519
20151014 091017 8514
20151014 091017 8514
20151014 091037 8517
20151014 091042 8517
20151014 091127 8512
20151014 091127 8513
20151014 091127 8513
20151014 091127 8513
20151014 091127 8513
20151014 091127 8513
20151014 091127 8513
20151014 091128 8506
20151014 091128 8506
20151014 091128 8506
20151014 091128 8506
20151014 091128 8506
20151014 091128 8506
20151014 091128 8506
20151014 091128 8506
20151014 091128 8507
20151014 091128 8507
20151014 091128 8507
20151014 091128 8507
20151014 091128 8507
20151014 091128 8508
20151014 091128 8508
20151014 091128 8509
20151014 091128 8509
20151014 091128 8509
20151014 091128 8509
20151014 091128 8509
20151014 091128 8509
20151014 091128 8509
20151014 091128 8509
20151014 091128 8509
20151014 091128 8509
20151014 091128 8509
20151014 091128 8510
20151014 091128 8510
20151014 091128 8511
20151014 091128 8511
20151014 091128 8511
20151014 091128 8511
20151014 091128 8511
20151014 091128 8511
20151014 091128 8511
20151014 091128 8511
20151014 091128 8511
20151014 091128 8511
20151014 091128 8511
20151014 091128 8511
20151014 091128 8511
20151014 091128 8511
20151014 091128 8511
20151014 091128 8511
20151014 091128 8511
20151014 091128 8511
20151014 091128 8511
20151014 091128 8511
20151014 091128 8512
20151014 091128 8512
20151014 091128 8512
20151014 091128 8530
20151014 091129 8501
20151014 091129 8501
20151014 091129 8501
20151014 091129 8501
20151014 091129 8501
20151014 091129 8501
20151014 091129 8501
20151014 091129 8501
20151014 091129 8501
20151014 091129 8501
20151014 091129 8501
20151014 091129 8502
20151014 091129 8502
20151014 091129 8502
20151014 091129 8502
20151014 091129 8502
20151014 091129 8502
20151014 091129 8502
20151014 091129 8502
20151014 091129 8503
20151014 091129 8503
20151014 091129 8503
20151014 091129 8503
20151014 091129 8503
20151014 091129 8504
20151014 091129 8504
20151014 091129 8504
20151014 091129 8504
20151014 091129 8504
20151014 091129 8504
20151014 091129 8504
20151014 091129 8504
20151014 091129 8505
20151014 091129 8505
20151014 091129 8505
20151014 091131 8504
20151014 091131 8504
20151014 091132 8505
20151014 091132 8506
20151014 091132 8507
20151014 091132 8507
20151014 091134 8507
20151014 091136 8505
20151014 091138 8506
20151014 091141 8505
20151014 091149 8508
20151014 091149 8509
20151014 091149 8509
20151014 091149 8509
20151014 091149 8509
20151014 091152 8505
20151014 091152 8505
20151014 091157 8505
20151014 091157 8505
20151014 091157 8505
20151014 091157 8506
20151014 091157 8506
20151014 091157 8506
20151014 091157 8506
20151014 091157 8506
20151014 091158 8506
20151014 091158 8506
20151014 091158 8506
20151014 091158 8507
20151014 091158 8507
20151014 091158 8507
20151014 091158 8507
20151014 091158 8507
20151014 091158 8507
20151014 091158 8507
20151014 091158 8507
20151014 091158 8507
20151014 091159 8507
20151014 091159 8507
20151014 091159 8507
20151014 091200 8504
20151014 091200 8505
20151014 091201 8502
20151014 091201 8502
20151014 091201 8503
20151014 091201 8503
20151014 091201 8503
20151014 091204 8505
20151014 091211 8507
20151014 091211 8508
20151014 091211 8508
20151014 091211 8508
20151014 091211 8508
20151014 091211 8508
20151014 091211 8508
20151014 091211 8508
20151014 091211 8508
20151014 091211 8508
20151014 091211 8508
20151014 091211 8508
20151014 091211 8508
20151014 091211 8508
20151014 091211 8508
20151014 091211 8508
20151014 091211 8508
20151014 091211 8508
20151014 091211 8508
20151014 091211 8508
20151014 091211 8508
20151014 091211 8508
20151014 091211 8508
20151014 091211 8508
20151014 091211 8508
20151014 091211 8510
20151014 091212 8508
20151014 091212 8508
20151014 091225 8508
20151014 091227 8508
20151014 091235 8492
20151014 091303 8504
20151014 091306 8501
20151014 091306 8501
20151014 091306 8501
20151014 091306 8501
20151014 091306 8501
20151014 091306 8501
20151014 091306 8501
20151014 091306 8501
20151014 091306 8501
20151014 091306 8501
20151014 091306 8501
20151014 091306 8501
20151014 091306 8501
20151014 091306 8501
20151014 091306 8501
20151014 091307 8497
20151014 091307 8497
20151014 091307 8498
20151014 091307 8498
20151014 091307 8498
20151014 091307 8499
20151014 091307 8499
20151014 091307 8499
20151014 091307 8499
20151014 091307 8499
20151014 091307 8499
20151014 091307 8499
20151014 091307 8499
20151014 091307 8499
20151014 091307 8499
20151014 091307 8499
20151014 091307 8499
20151014 091307 8499
20151014 091307 8499
20151014 091307 8499
20151014 091307 8499
20151014 091307 8499
20151014 091307 8499
20151014 091307 8499
20151014 091307 8500
20151014 091307 8500
20151014 091307 8523
20151014 091308 8499
20151014 091330 8499
20151014 091331 8500
20151014 091336 8498
20151014 091336 8498
20151014 091336 8498
20151014 091336 8499
20151014 091336 8499
20151014 091337 8497
20151014 091337 8497
20151014 091337 8497
20151014 091337 8497
20151014 091339 8524
20151014 091348 8501
20151014 091349 8501
20151014 091357 8524
20151014 091410 8502
20151014 091423 8500
20151014 091423 8500
20151014 091423 8501
20151014 091439 8502
20151014 091439 8502
20151014 091441 8501
20151014 091452 8528
20151014 091452 8529
20151014 091501 8494
20151014 091501 8494
20151014 091501 8494
20151014 091501 8495
20151014 091501 8495
20151014 091501 8495
20151014 091501 8495
20151014 091501 8495
20151014 091501 8495
20151014 091501 8495
20151014 091501 8495
20151014 091501 8496
20151014 091501 8496
20151014 091501 8496
20151014 091501 8496
20151014 091501 8496
20151014 091501 8496
20151014 091501 8496
20151014 091501 8496
20151014 091501 8496
20151014 091501 8496
20151014 091501 8497
20151014 091501 8497
20151014 091501 8497
20151014 091501 8497
20151014 091501 8497
20151014 091501 8497
20151014 091501 8497
20151014 091501 8497
20151014 091501 8524
20151014 091502 8491
20151014 091502 8491
20151014 091502 8491
20151014 091502 8491
20151014 091502 8491
20151014 091502 8491
20151014 091502 8491
20151014 091502 8491
20151014 091502 8491
20151014 091502 8491
20151014 091502 8491
20151014 091502 8491
20151014 091502 8491
20151014 091502 8492
20151014 091502 8492
20151014 091502 8492
20151014 091502 8492
20151014 091502 8492
20151014 091502 8492
20151014 091502 8492
20151014 091502 8493
20151014 091502 8493
20151014 091505 8497
20151014 091505 8497
20151014 091510 8497
20151014 091519 8496
20151014 091524 8495
20151014 091524 8517
20151014 091524 8518
20151014 091533 8496
20151014 091533 8497
20151014 091542 8496
20151014 091543 8495
20151014 091553 8495
20151014 091559 8495
20151014 091600 8494
20151014 091605 8496
20151014 091605 8496
20151014 091607 8497
20151014 091610 8498
20151014 091610 8498
20151014 091614 8516
20151014 091624 8498
20151014 091626 8498
20151014 091646 8498
20151014 091648 8498
20151014 091648 8499
20151014 091652 8498
20151014 091652 8498
20151014 091652 8499
20151014 091652 8499
20151014 091704 8500
20151014 091704 8501
20151014 091704 8501
20151014 091704 8501
20151014 091704 8501
20151014 091704 8502
20151014 091704 8502
20151014 091704 8502
20151014 091704 8502
20151014 091704 8502
20151014 091705 8503
20151014 091705 8503
20151014 091705 8503
20151014 091705 8503
20151014 091705 8503
20151014 091708 8503
20151014 091808 8499
20151014 091808 8499
20151014 091808 8499
20151014 091808 8499
20151014 091808 8499
20151014 091808 8499
20151014 091836 8499
20151014 091839 8498
20151014 091840 8498
20151014 091840 8498
20151014 091840 8498
20151014 091840 8498
20151014 091844 8497
20151014 091849 8495
20151014 091901 8492
20151014 091901 8492
20151014 091901 8492
20151014 091914 8498
20151014 091916 8498
20151014 091925 8498
20151014 091936 8499
20151014 091945 8501
20151014 091949 8503
20151014 092011 8524
20151014 092013 8505
20151014 092013 8505
20151014 092014 8502
20151014 092030 8525
20151014 092103 8504
20151014 092103 8505
20151014 092111 8504
20151014 092111 8504
20151014 092114 8504
20151014 092127 8506
20151014 092128 8507
20151014 092128 8507
20151014 092128 8507
20151014 092128 8508
20151014 092128 8508
20151014 092128 8509
20151014 092128 8510
20151014 092129 8510
20151014 092129 8510
20151014 092129 8510
20151014 092129 8510
20151014 092129 8511
20151014 092129 8511
20151014 092129 8511
20151014 092129 8511
20151014 092129 8511
20151014 092129 8511
20151014 092129 8511
20151014 092129 8511
20151014 092129 8512
20151014 092129 8512
20151014 092129 8512
20151014 092129 8512
20151014 092129 8513
20151014 092129 8513
20151014 092129 8513
20151014 092129 8513
20151014 092129 8513
20151014 092129 8514
20151014 092129 8514
20151014 092129 8514
20151014 092129 8515
20151014 092129 8515
20151014 092129 8515
20151014 092129 8516
20151014 092129 8516
20151014 092129 8516
20151014 092129 8517
20151014 092129 8517
20151014 092129 8517
20151014 092129 8517
20151014 092129 8518
20151014 092129 8518
20151014 092129 8518
20151014 092129 8518
20151014 092133 8517
20151014 092137 8515
20151014 092210 8509
20151014 092233 8510
20151014 092308 8511
20151014 092308 8511
20151014 092322 8505
20151014 092352 8509
20151014 092356 8497
20151014 092434 8509
20151014 092449 8512
20151014 092449 8512
20151014 092449 8512
20151014 092510 8509
20151014 092510 8509
20151014 092525 8507
20151014 092640 8498
20151014 092651 8511
20151014 092656 8511
20151014 092658 8513
20151014 092658 8513
20151014 092702 8514
20151014 092702 8514
20151014 092702 8514
20151014 092702 8514
20151014 092740 8515
20151014 092809 8512
20151014 092825 8510
20151014 092906 8508
20151014 092914 8508
20151014 092932 8527
20151014 092950 8527
20151014 093055 8512
20151014 093055 8512
20151014 093055 8512
20151014 093055 8512
20151014 093055 8529
20151014 093055 8529
20151014 093101 8514
20151014 093105 8516
20151014 093106 8516
20151014 093128 8506
20151014 093128 8506
20151014 093128 8506
20151014 093128 8506
20151014 093128 8506
20151014 093128 8507
20151014 093129 8503
20151014 093129 8503
20151014 093129 8527
20151014 093130 8502
20151014 093145 8509
20151014 093145 8509
20151014 093145 8509
20151014 093145 8509
20151014 093145 8509
20151014 093145 8509
20151014 093145 8509
20151014 093145 8509
20151014 093145 8509
20151014 093155 8509
20151014 093155 8510
20151014 093208 8514
20151014 093209 8515
20151014 093209 8515
20151014 093210 8516
20151014 093212 8517
20151014 093212 8517
20151014 093214 8517
20151014 093214 8517
20151014 093214 8517
20151014 093214 8517
20151014 093214 8518
20151014 093214 8518
20151014 093214 8519
20151014 093214 8519
20151014 093214 8519
20151014 093214 8519
20151014 093214 8519
20151014 093214 8519
20151014 093214 8519
20151014 093214 8519
20151014 093214 8519
20151014 093214 8519
20151014 093214 8520
20151014 093214 8520
20151014 093214 8520
20151014 093214 8520
20151014 093215 8520
20151014 093215 8520
20151014 093215 8520
20151014 093215 8520
20151014 093215 8521
20151014 093215 8521
20151014 093215 8521
20151014 093215 8521
20151014 093215 8521
20151014 093215 8521
20151014 093215 8522
20151014 093215 8522
20151014 093215 8522
20151014 093215 8522
20151014 093215 8522
20151014 093215 8522
20151014 093215 8523
20151014 093215 8523
20151014 093215 8523
20151014 093215 8523
20151014 093215 8524
20151014 093215 8524
20151014 093215 8524
20151014 093215 8524
20151014 093215 8540
20151014 093215 8541
20151014 093216 8526
20151014 093216 8526
20151014 093216 8526
20151014 093216 8526
20151014 093216 8526
20151014 093217 8526
20151014 093217 8526
20151014 093221 8535
20151014 093221 8535
20151014 093222 8535
20151014 093222 8535
20151014 093226 8521
20151014 093230 8521
20151014 093234 8519
20151014 093239 8520
20151014 093240 8521
20151014 093253 8518
20151014 093300 8518
20151014 093300 8519
20151014 093310 8517
20151014 093310 8517
20151014 093310 8517
20151014 093310 8517
20151014 093310 8517
20151014 093310 8517
20151014 093317 8518
20151014 093317 8518
20151014 093338 8521
20151014 093343 8522
20151014 093346 8522
20151014 093346 8522
20151014 093346 8522
20151014 093351 8523
20151014 093354 8522
20151014 093356 8523
20151014 093409 8522
20151014 093409 8522
20151014 093414 8522
20151014 093415 8522
20151014 093428 8522
20151014 093502 8524
20151014 093502 8524
20151014 093503 8524
20151014 093503 8524
20151014 093503 8525
20151014 093503 8525
20151014 093503 8526
20151014 093503 8526
20151014 093503 8526
20151014 093503 8526
20151014 093503 8526
20151014 093503 8526
20151014 093503 8526
20151014 093503 8526
20151014 093503 8526
20151014 093503 8527
20151014 093503 8527
20151014 093503 8527
20151014 093503 8527
20151014 093503 8527
20151014 093503 8527
20151014 093503 8527
20151014 093503 8528
20151014 093503 8528
20151014 093504 8529
20151014 093504 8529
20151014 093504 8529
20151014 093504 8529
20151014 093504 8529
20151014 093504 8529
20151014 093504 8529
20151014 093504 8529
20151014 093504 8530
20151014 093504 8530
20151014 093504 8530
20151014 093504 8530
20151014 093504 8531
20151014 093504 8531
20151014 093504 8531
20151014 093504 8531
20151014 093508 8538
20151014 093511 8537
20151014 093517 8524
20151014 093517 8525
20151014 093519 8535
20151014 093519 8535
20151014 093527 8525
20151014 093542 8526
20151014 093600 8526
20151014 093600 8526
20151014 093605 8526
20151014 093605 8526
20151014 093609 8527
20151014 093609 8527
20151014 093618 8524
20151014 093631 8527
20151014 093633 8527
20151014 093634 8527
20151014 093704 8526
20151014 093757 8523
20151014 093803 8527
20151014 093808 8513
20151014 093822 8527
20151014 093836 8527
20151014 093838 8514
20151014 093857 8522
20151014 093857 8524
20151014 093857 8524
20151014 093915 8519
20151014 093915 8519
20151014 093915 8520
20151014 093915 8520
20151014 093916 8516
20151014 093916 8517
20151014 093916 8517
20151014 093916 8517
20151014 093916 8518
20151014 093916 8518
20151014 093932 8522
20151014 093932 8523
20151014 093933 8521
20151014 093952 8520
20151014 093958 8507
20151014 094015 8523
20151014 094023 8524
20151014 094040 8524
20151014 094051 8526
20151014 094052 8527
20151014 094052 8528
20151014 094052 8528
20151014 094052 8528
20151014 094052 8528
20151014 094052 8528
20151014 094052 8528
20151014 094053 8528
20151014 094053 8528
20151014 094053 8529
20151014 094053 8529
20151014 094053 8529
20151014 094053 8529
20151014 094053 8529
20151014 094053 8529
20151014 094053 8529
20151014 094053 8529
20151014 094054 8529
20151014 094055 8529
20151014 094056 8527
20151014 094102 8530
20151014 094102 8530
20151014 094102 8530
20151014 094102 8530
20151014 094102 8530
20151014 094102 8530
20151014 094102 8530
20151014 094102 8530
20151014 094102 8531
20151014 094102 8531
20151014 094102 8531
20151014 094102 8531
20151014 094102 8532
20151014 094102 8532
20151014 094102 8532
20151014 094102 8532
20151014 094103 8532
20151014 094103 8532
20151014 094103 8532
20151014 094103 8532
20151014 094103 8532
20151014 094103 8532
20151014 094103 8533
20151014 094103 8533
20151014 094103 8533
20151014 094103 8533
20151014 094103 8533
20151014 094103 8533
20151014 094103 8533
20151014 094103 8534
20151014 094103 8534
20151014 094103 8534
20151014 094103 8534
20151014 094103 8534
20151014 094103 8534
20151014 094104 8529
20151014 094109 8530
20151014 094132 8529
20151014 094202 8531
20151014 094246 8529
20151014 094247 8529
20151014 094300 8531
20151014 094320 8546
20151014 094344 8544
20151014 094408 8529
20151014 094409 8544
20151014 094421 8529
20151014 094439 8530
20151014 094440 8531
20151014 094442 8530
20151014 094442 8530
20151014 094445 8531
20151014 094445 8532
20151014 094445 8532
20151014 094445 8532
20151014 094446 8531
20151014 094447 8530
20151014 094447 8531
20151014 094501 8534
20151014 094501 8534
20151014 094501 8534
20151014 094501 8534
20151014 094501 8534
20151014 094501 8534
20151014 094501 8534
20151014 094501 8534
20151014 094501 8534
20151014 094501 8534
20151014 094501 8534
20151014 094501 8534
20151014 094501 8534
20151014 094501 8534
20151014 094501 8534
20151014 094501 8534
20151014 094501 8534
20151014 094502 8534
20151014 094502 8534
20151014 094502 8535
20151014 094502 8535
20151014 094502 8535
20151014 094502 8535
20151014 094502 8535
20151014 094502 8535
20151014 094502 8535
20151014 094502 8535
20151014 094502 8535
20151014 094502 8536
20151014 094502 8536
20151014 094502 8536
20151014 094502 8536
20151014 094502 8536
20151014 094510 8534
20151014 094513 8535
20151014 094516 8536
20151014 094516 8537
20151014 094516 8537
20151014 094517 8537
20151014 094517 8537
20151014 094517 8538
20151014 094517 8538
20151014 094517 8538
20151014 094517 8538
20151014 094517 8538
20151014 094517 8539
20151014 094517 8539
20151014 094518 8539
20151014 094525 8524
20151014 094538 8536
20151014 094538 8536
20151014 094540 8537
20151014 094549 8537
20151014 094553 8548
20151014 094559 8539
20151014 094559 8539
20151014 094559 8540
20151014 094559 8540
20151014 094559 8540
20151014 094559 8540
20151014 094559 8540
20151014 094559 8540
20151014 094559 8541
20151014 094559 8541
20151014 094559 8541
20151014 094600 8539
20151014 094603 8540
20151014 094606 8541
20151014 094606 8541
20151014 094606 8541
20151014 094606 8542
20151014 094606 8542
20151014 094606 8542
20151014 094606 8542
20151014 094607 8542
20151014 094607 8542
20151014 094607 8542
20151014 094607 8542
20151014 094607 8542
20151014 094607 8542
20151014 094607 8542
20151014 094607 8543
20151014 094607 8543
20151014 094607 8543
20151014 094607 8543
20151014 094607 8543
20151014 094607 8544
20151014 094607 8544
20151014 094607 8544
20151014 094607 8544
20151014 094607 8544
20151014 094607 8544
20151014 094607 8544
20151014 094607 8544
20151014 094607 8544
20151014 094607 8544
20151014 094607 8544
20151014 094607 8544
20151014 094607 8544
20151014 094607 8544
20151014 094607 8546
20151014 094608 8546
20151014 094608 8546
20151014 094608 8546
20151014 094608 8546
20151014 094608 8546
20151014 094608 8547
20151014 094608 8547
20151014 094608 8547
20151014 094608 8547
20151014 094608 8547
20151014 094608 8547
20151014 094608 8547
20151014 094608 8547
20151014 094608 8547
20151014 094608 8547
20151014 094608 8547
20151014 094608 8548
20151014 094608 8549
20151014 094608 8549
20151014 094611 8542
20151014 094612 8544
20151014 094615 8544
20151014 094616 8543
20151014 094617 8543
20151014 094620 8543
20151014 094622 8540
20151014 094622 8541
20151014 094622 8541
20151014 094622 8541
20151014 094622 8541
20151014 094622 8541
20151014 094622 8541
20151014 094622 8541
20151014 094622 8541
20151014 094622 8541
20151014 094622 8541
20151014 094622 8541
20151014 094622 8541
20151014 094623 8537
20151014 094623 8538
20151014 094625 8540
20151014 094628 8538
20151014 094631 8538
20151014 094632 8540
20151014 094635 8538
20151014 094637 8537
20151014 094638 8537
20151014 094642 8538
20151014 094651 8538
20151014 094652 8538
20151014 094652 8538
20151014 094652 8538
20151014 094655 8538
20151014 094701 8541
20151014 094703 8528
20151014 094711 8528
20151014 094719 8541
20151014 094726 8538
20151014 094733 8538
20151014 094848 8539
20151014 094849 8539
20151014 094900 8540
20151014 094900 8540
20151014 094900 8540
20151014 094901 8541
20151014 094909 8540
20151014 094913 8540
20151014 094951 8540
20151014 095107 8539
20151014 095142 8538
20151014 095150 8537
20151014 095214 8538
20151014 095237 8535
20151014 095244 8534
20151014 095435 8530
20151014 095436 8527
20151014 095436 8527
20151014 095436 8527
20151014 095436 8527
20151014 095436 8527
20151014 095436 8527
20151014 095436 8527
20151014 095436 8527
20151014 095436 8527
20151014 095436 8527
20151014 095442 8527
20151014 095444 8527
20151014 095507 8514
20151014 095615 8530
20151014 095615 8531
20151014 095615 8531
20151014 095615 8532
20151014 095615 8532
20151014 095615 8545
20151014 095616 8533
20151014 095641 8531
20151014 095653 8529
20151014 095653 8529
20151014 095712 8530
20151014 095751 8530
20151014 095751 8530
20151014 095751 8530
20151014 095751 8530
20151014 095751 8531
20151014 095751 8531
20151014 095751 8531
20151014 095751 8531
20151014 095751 8531
20151014 095751 8531
20151014 095832 8525
20151014 095832 8526
20151014 095832 8526
20151014 095832 8526
20151014 095832 8526
20151014 095832 8526
20151014 095834 8523
20151014 095834 8523
20151014 095834 8524
20151014 095834 8524
20151014 095835 8523
20151014 100002 8529
20151014 100002 8530
20151014 100005 8530
20151014 100005 8530
20151014 100006 8530
20151014 100026 8530
20151014 100027 8530
20151014 100029 8530
20151014 100033 8530
20151014 100035 8530
20151014 100118 8529
20151014 100130 8530
20151014 100130 8530
20151014 100130 8530
20151014 100130 8531
20151014 100131 8532
20151014 100131 8532
20151014 100131 8533
20151014 100131 8533
20151014 100131 8533
20151014 100131 8533
20151014 100134 8531
20151014 100208 8547
20151014 100218 8530
20151014 100227 8547
20151014 100235 8530
20151014 100415 8531
20151014 100501 8534
20151014 100501 8534
20151014 100501 8535
20151014 100502 8535
20151014 100502 8535
20151014 100806 8523
20151014 100806 8523
20151014 100806 8523
20151014 100806 8523
20151014 100806 8523
20151014 100806 8523
20151014 100806 8524
20151014 100806 8524
20151014 100806 8524
20151014 100806 8524
20151014 100806 8524
20151014 100808 8522
20151014 100808 8522
20151014 100808 8522
20151014 100808 8522
20151014 100808 8522
20151014 100903 8524
20151014 101032 8522
20151014 101042 8522
20151014 101107 8524
20151014 101133 8524
20151014 101149 8527
20151014 101153 8527
20151014 101219 8525
20151014 101455 8525
20151014 101455 8526
20151014 101455 8526
20151014 101456 8527
20151014 101520 8527
20151014 101521 8527
20151014 101643 8523
20151014 101644 8520
20151014 101644 8520
20151014 101644 8520
20151014 101644 8520
20151014 101644 8520
20151014 101644 8520
20151014 101644 8520
20151014 101644 8520
20151014 101644 8521
20151014 101644 8521
20151014 101644 8521
20151014 101644 8521
20151014 101644 8522
20151014 101644 8522
20151014 101645 8517
20151014 101645 8517
20151014 101645 8518
20151014 101645 8518
20151014 101645 8518
20151014 101645 8518
20151014 101645 8518
20151014 101645 8519
20151014 101645 8519
20151014 101645 8519
20151014 101645 8519
20151014 101645 8520
20151014 101646 8520
20151014 101711 8520
20151014 101740 8520
20151014 101755 8519
20151014 101804 8517
20151014 101807 8517
20151014 101832 8521
20151014 101843 8521
20151014 101937 8522
20151014 102039 8518
20151014 102051 8516
20151014 102051 8516
20151014 102051 8516
20151014 102051 8516
20151014 102051 8516
20151014 102051 8516
20151014 102051 8516
20151014 102052 8515
20151014 102052 8515
20151014 102052 8515
20151014 102052 8515
20151014 102052 8515
20151014 102052 8516
20151014 102053 8515
20151014 102053 8515
20151014 102053 8515
20151014 102053 8515
20151014 102054 8515
20151014 102055 8515
20151014 102059 8513
20151014 102059 8513
20151014 102059 8513
20151014 102059 8513
20151014 102059 8513
20151014 102059 8514
20151014 102059 8514
20151014 102059 8514
20151014 102059 8514
20151014 102059 8514
20151014 102059 8515
20151014 102059 8515
20151014 102059 8515
20151014 102100 8513
20151014 102101 8512
20151014 102101 8512
20151014 102105 8512
20151014 102105 8512
20151014 102105 8512
20151014 102105 8512
20151014 102115 8515
20151014 102240 8513
20151014 102252 8512
20151014 102252 8512
20151014 102253 8512
20151014 102253 8512
20151014 102300 8512
20151014 102300 8512
20151014 102300 8512
20151014 102336 8515
20151014 102343 8514
20151014 102400 8516
20151014 102424 8517
20151014 102432 8517
20151014 102443 8518
20151014 102446 8518
20151014 102454 8516
20151014 102504 8516
20151014 102534 8519
20151014 102536 8520
20151014 102537 8521
20151014 102555 8534
20151014 102604 8521
20151014 102928 8522
20151014 102936 8523
20151014 102936 8523
20151014 102936 8523
20151014 102936 8523
20151014 102940 8524
20151014 102941 8524
20151014 102941 8524
20151014 102941 8524
20151014 102941 8524
20151014 102941 8524
20151014 102943 8524
20151014 102944 8524
20151014 102945 8524
20151014 102945 8524
20151014 102945 8524
20151014 102950 8524
20151014 103004 8526
20151014 103115 8524
20151014 103118 8523
20151014 103118 8523
20151014 103118 8523
20151014 103234 8521
20151014 103234 8521
20151014 103312 8525
20151014 103328 8525
20151014 103336 8526
20151014 103337 8526
20151014 103342 8527
20151014 103342 8527
20151014 103344 8528
20151014 103344 8528
20151014 103354 8529
20151014 103407 8528
20151014 103617 8525
20151014 103647 8509
20151014 103647 8524
20151014 103647 8524
20151014 103647 8524
20151014 103647 8524
20151014 103647 8524
20151014 103910 8531
20151014 103916 8530
20151014 103951 8531
20151014 104004 8532
20151014 104006 8533
20151014 104035 8534
20151014 104256 8529
20151014 104257 8528
20151014 104640 8531
20151014 104640 8531
20151014 104641 8532
20151014 104641 8532
20151014 104641 8532
20151014 104641 8532
20151014 104641 8532
20151014 104641 8532
20151014 104650 8529
20151014 104651 8529
20151014 104656 8529
20151014 104726 8527
20151014 104726 8527
20151014 104726 8527
20151014 104726 8527
20151014 104726 8527
20151014 104726 8527
20151014 104726 8527
20151014 104726 8527
20151014 104726 8527
20151014 104727 8527
20151014 104727 8527
20151014 104727 8528
20151014 104727 8528
20151014 104727 8528
20151014 104728 8528
20151014 104728 8528
20151014 104803 8525
20151014 104803 8525
20151014 104804 8524
20151014 104804 8525
20151014 104804 8525
20151014 104804 8525
20151014 104845 8525
20151014 104856 8527
20151014 104856 8527
20151014 105030 8529
20151014 105030 8529
20151014 105105 8529
20151014 105138 8529
20151014 105143 8530
20151014 105145 8531
20151014 105211 8533
20151014 105211 8533
20151014 105218 8532
20151014 105218 8532
20151014 105305 8529
20151014 105331 8528
20151014 105331 8528
20151014 105331 8528
20151014 105412 8530
20151014 105413 8531
20151014 105413 8531
20151014 105415 8532
20151014 105415 8532
20151014 105419 8533
20151014 105519 8532
20151014 105530 8533
20151014 105530 8533
20151014 105544 8534
20151014 105544 8534
20151014 105544 8534
20151014 105544 8534
20151014 105544 8534
20151014 105544 8535
20151014 105544 8535
20151014 105544 8536
20151014 105544 8536
20151014 105544 8536
20151014 105544 8537
20151014 105544 8537
20151014 105544 8537
20151014 105544 8537
20151014 105544 8538
20151014 105544 8538
20151014 105544 8538
20151014 105544 8538
20151014 105544 8538
20151014 105544 8538
20151014 105545 8537
20151014 105546 8537
20151014 105546 8537
20151014 105547 8538
20151014 105555 8547
20151014 105607 8538
20151014 105607 8549
20151014 105643 8538
20151014 105656 8548
20151014 105724 8536
20151014 105724 8536
20151014 105724 8536
20151014 105728 8533
20151014 105728 8533
20151014 105728 8534
20151014 105729 8534
20151014 105735 8535
20151014 105736 8533
20151014 105736 8533
20151014 105737 8533
20151014 105757 8533
20151014 105819 8534
20151014 105907 8532
20151014 105912 8532
20151014 105940 8533
20151014 110048 8537
20151014 110055 8538
20151014 110056 8538
20151014 110058 8539
20151014 110058 8539
20151014 110058 8539
20151014 110058 8539
20151014 110058 8539
20151014 110058 8539
20151014 110058 8539
20151014 110058 8539
20151014 110102 8539
20151014 110102 8540
20151014 110102 8540
20151014 110102 8540
20151014 110102 8540
20151014 110102 8540
20151014 110102 8540
20151014 110102 8540
20151014 110113 8537
20151014 110143 8539
20151014 110143 8539
20151014 110151 8537
20151014 110217 8538
20151014 110303 8539
20151014 110322 8541
20151014 110322 8541
20151014 110322 8541
20151014 110322 8541
20151014 110322 8541
20151014 110322 8541
20151014 110322 8541
20151014 110322 8541
20151014 110322 8541
20151014 110322 8541
20151014 110322 8541
20151014 110322 8541
20151014 110322 8541
20151014 110322 8541
20151014 110322 8541
20151014 110322 8541
20151014 110322 8541
20151014 110322 8541
20151014 110322 8541
20151014 110322 8541
20151014 110322 8541
20151014 110323 8542
20151014 110323 8542
20151014 110323 8542
20151014 110323 8542
20151014 110323 8542
20151014 110323 8542
20151014 110323 8542
20151014 110323 8542
20151014 110323 8542
20151014 110323 8543
20151014 110323 8543
20151014 110323 8543
20151014 110323 8543
20151014 110324 8541
20151014 110345 8539
20151014 110430 8539
20151014 110451 8539
20151014 110453 8539
20151014 110502 8541
20151014 110506 8542
20151014 110506 8543
20151014 110506 8543
20151014 110506 8543
20151014 110506 8543
20151014 110506 8543
20151014 110507 8543
20151014 110507 8543
20151014 110509 8544
20151014 110509 8544
20151014 110510 8544
20151014 110511 8544
20151014 110511 8544
20151014 110511 8544
20151014 110513 8544
20151014 110526 8542
20151014 110529 8544
20151014 110529 8544
20151014 110529 8544
20151014 110529 8544
20151014 110530 8544
20151014 110531 8543
20151014 110535 8544
20151014 110537 8545
20151014 110537 8545
20151014 110537 8545
20151014 110537 8545
20151014 110539 8545
20151014 110539 8545
20151014 110543 8546
20151014 110544 8546
20151014 110549 8547
20151014 110549 8547
20151014 110549 8547
20151014 110549 8547
20151014 110549 8547
20151014 110549 8547
20151014 110549 8547
20151014 110549 8547
20151014 110549 8547
20151014 110549 8547
20151014 110549 8547
20151014 110602 8546
20151014 110604 8546
20151014 110622 8545
20151014 110629 8544
20151014 110629 8544
20151014 110630 8544
20151014 110634 8543
20151014 110643 8543
20151014 110643 8544
20151014 110657 8544
20151014 110752 8542
20151014 110752 8542
20151014 110752 8542
20151014 110805 8544
20151014 110805 8544
20151014 110849 8546
20151014 110849 8546
20151014 110850 8546
20151014 110900 8548
20151014 110901 8548
20151014 110901 8549
20151014 110901 8549
20151014 110901 8549
20151014 110901 8549
20151014 110901 8549
20151014 110901 8549
20151014 110901 8549
20151014 110901 8549
20151014 110902 8549
20151014 110902 8549
20151014 110902 8549
20151014 110902 8550
20151014 110902 8550
20151014 110902 8550
20151014 110902 8550
20151014 110902 8550
20151014 110902 8550
20151014 110902 8550
20151014 110902 8550
20151014 110902 8550
20151014 110902 8550
20151014 110902 8550
20151014 110902 8551
20151014 110902 8551
20151014 110902 8551
20151014 110902 8551
20151014 110902 8551
20151014 110902 8552
20151014 110902 8552
20151014 110902 8552
20151014 110902 8552
20151014 110902 8552
20151014 110902 8552
20151014 110902 8552
20151014 110902 8552
20151014 110902 8552
20151014 110902 8552
20151014 110902 8552
20151014 110902 8552
20151014 110902 8552
20151014 110902 8552
20151014 110902 8553
20151014 110902 8553
20151014 110902 8553
20151014 110902 8553
20151014 110902 8553
20151014 110902 8553
20151014 110902 8553
20151014 110902 8553
20151014 110902 8553
20151014 110902 8553
20151014 110902 8553
20151014 110902 8553
20151014 110902 8553
20151014 110904 8554
20151014 110904 8554
20151014 110905 8554
20151014 110905 8554
20151014 110905 8554
20151014 110905 8554
20151014 110905 8554
20151014 110905 8554
20151014 110905 8554
20151014 110905 8554
20151014 110905 8554
20151014 110905 8554
20151014 110905 8554
20151014 110905 8554
20151014 110906 8554
20151014 110906 8554
20151014 110906 8554
20151014 110908 8553
20151014 110909 8551
20151014 110914 8551
20151014 110926 8552
20151014 110926 8552
20151014 110930 8549
20151014 110931 8536
20151014 110938 8550
20151014 110959 8550
20151014 111025 8549
20151014 111025 8550
20151014 111036 8548
20151014 111037 8548
20151014 111042 8549
20151014 111058 8549
20151014 111116 8549
20151014 111118 8549
20151014 111157 8549
20151014 111244 8549
20151014 111247 8548
20151014 111247 8548
20151014 111327 8547
20151014 111351 8546
20151014 111358 8546
20151014 111415 8547
20151014 111423 8546
20151014 111501 8549
20151014 111501 8549
20151014 111501 8549
20151014 111501 8549
20151014 111501 8549
20151014 111529 8549
20151014 111533 8549
20151014 111606 8548
20151014 111643 8545
20151014 111704 8547
20151014 111805 8543
20151014 111903 8541
20151014 111903 8541
20151014 111903 8541
20151014 111903 8541
20151014 111903 8542
20151014 111903 8542
20151014 111903 8542
20151014 111903 8542
20151014 111903 8542
20151014 111904 8542
20151014 111914 8542
20151014 111925 8542
20151014 112002 8542
20151014 112009 8541
20151014 112034 8541
20151014 112056 8541
20151014 112110 8541
20151014 112120 8543
20151014 112120 8544
20151014 112120 8544
20151014 112120 8544
20151014 112230 8544
20151014 112236 8544
20151014 112305 8544
20151014 112334 8543
20151014 112357 8542
20151014 112414 8541
20151014 112416 8541
20151014 112458 8543
20151014 112529 8543
20151014 112555 8544
20151014 112617 8544
20151014 112621 8544
20151014 112720 8544
20151014 112722 8544
20151014 112727 8544
20151014 112727 8544
20151014 112738 8543
20151014 112743 8543
20151014 112758 8544
20151014 112840 8544
20151014 112924 8542
20151014 112925 8542
20151014 112928 8542
20151014 112929 8542
20151014 112959 8541
20151014 112959 8541
20151014 113007 8541
20151014 113012 8541
20151014 113026 8543
20151014 113045 8543
20151014 113048 8540
20151014 113048 8541
20151014 113048 8541
20151014 113049 8540
20151014 113050 8539
20151014 113101 8541
20151014 113111 8539
20151014 113116 8541
20151014 113145 8540
20151014 113145 8540
20151014 113149 8540
20151014 113151 8540
20151014 113155 8540
20151014 113155 8540
20151014 113159 8541
20151014 113204 8541
20151014 113230 8542
20151014 113240 8542
20151014 113256 8543
20151014 113307 8544
20151014 113307 8544
20151014 113307 8544
20151014 113314 8545
20151014 113314 8545
20151014 113314 8546
20151014 113314 8546
20151014 113314 8547
20151014 113315 8548
20151014 113319 8549
20151014 113319 8549
20151014 113319 8549
20151014 113319 8549
20151014 113319 8549
20151014 113319 8549
20151014 113319 8549
20151014 113319 8550
20151014 113319 8550
20151014 113320 8551
20151014 113320 8551
20151014 113320 8552
20151014 113320 8552
20151014 113324 8549
20151014 113324 8549
20151014 113342 8552
20151014 113342 8552
20151014 113342 8552
20151014 113404 8552
20151014 113412 8551
20151014 113417 8550
20151014 113427 8550
20151014 113449 8550
20151014 113510 8549
20151014 113511 8548
20151014 113513 8547
20151014 113513 8547
20151014 113637 8548
20151014 113717 8548
20151014 113717 8548
20151014 113717 8549
20151014 113717 8549
20151014 113910 8547
20151014 113925 8547
20151014 114003 8544
20151014 114015 8542
20151014 114019 8541
20151014 114021 8541
20151014 114022 8541
20151014 114025 8541
20151014 114029 8541
20151014 114051 8541
20151014 114053 8542
20151014 114259 8543
20151014 114329 8542
20151014 114507 8542
20151014 114603 8544
20151014 114626 8533
20151014 114728 8546
20151014 114838 8544
20151014 114908 8543
20151014 114926 8543
20151014 114951 8542
20151014 115001 8543
20151014 115014 8542
20151014 115015 8541
20151014 115016 8541
20151014 115016 8541
20151014 115021 8541
20151014 115021 8541
20151014 115055 8537
20151014 115055 8538
20151014 115055 8539
20151014 115055 8539
20151014 115055 8539
20151014 115056 8537
20151014 115059 8537
20151014 115115 8539
20151014 115115 8539
20151014 115133 8539
20151014 115148 8539
20151014 115253 8541
20151014 115253 8541
20151014 115253 8541
20151014 115330 8538
20151014 115330 8539
20151014 115418 8540
20151014 115812 8542
20151014 115812 8544
20151014 115812 8544
20151014 115812 8544
20151014 115812 8544
20151014 115812 8544
20151014 115812 8544
20151014 115840 8540
20151014 115846 8526
20151014 115908 8542
20151014 120023 8542
20151014 120034 8542
20151014 120036 8542
20151014 120048 8542
20151014 120052 8541
20151014 120052 8541
20151014 120219 8542
20151014 120221 8542
20151014 120335 8542
20151014 120335 8542
20151014 120845 8541
20151014 120854 8528
20151014 121001 8540
20151014 121025 8541
20151014 121027 8540
20151014 121107 8539
20151014 121115 8539
20151014 121129 8538
20151014 121132 8538
20151014 121133 8535
20151014 121133 8535
20151014 121133 8535
20151014 121133 8535
20151014 121133 8536
20151014 121133 8536
20151014 121133 8537
20151014 121133 8537
20151014 121133 8537
20151014 121133 8537
20151014 121133 8538
20151014 121133 8538
20151014 121133 8538
20151014 121133 8538
20151014 121134 8534
20151014 121134 8534
20151014 121134 8534
20151014 121134 8534
20151014 121134 8534
20151014 121139 8536
20151014 121139 8536
20151014 121153 8535
20151014 121202 8533
20151014 121202 8533
20151014 121202 8533
20151014 121202 8533
20151014 121202 8533
20151014 121202 8533
20151014 121202 8533
20151014 121202 8533
20151014 121202 8533
20151014 121204 8535
20151014 121204 8535
20151014 121205 8534
20151014 121226 8536
20151014 121226 8536
20151014 121252 8535
20151014 121252 8535
20151014 121252 8535
20151014 121300 8535
20151014 121306 8535
20151014 121313 8535
20151014 121326 8536
20151014 121345 8536
20151014 121348 8536
20151014 121350 8536
20151014 121433 8535
20151014 121433 8535
20151014 121501 8533
20151014 121501 8533
20151014 121501 8533
20151014 121502 8532
20151014 121502 8532
20151014 121519 8536
20151014 121533 8536
20151014 121537 8536
20151014 121537 8537
20151014 121640 8537
20151014 121708 8537
20151014 121725 8537
20151014 121755 8537
20151014 121801 8537
20151014 121817 8537
20151014 121828 8539
20151014 121840 8539
20151014 121901 8539
20151014 121928 8540
20151014 122009 8539
20151014 122028 8541
20151014 122524 8539
20151014 122524 8539
20151014 122524 8539
20151014 122556 8539
20151014 122653 8537
20151014 122653 8537
20151014 122653 8537
20151014 122704 8537
20151014 123240 8542
20151014 123240 8542
20151014 123240 8542
20151014 123240 8542
20151014 123240 8543
20151014 123241 8544
20151014 123242 8544
20151014 123242 8544
20151014 123242 8544
20151014 123242 8544
20151014 123242 8544
20151014 123242 8544
20151014 123242 8544
20151014 123243 8544
20151014 123243 8544
20151014 123245 8544
20151014 123303 8532
20151014 123336 8547
20151014 123336 8547
20151014 123336 8547
20151014 123336 8547
20151014 123336 8548
20151014 123336 8548
20151014 123336 8548
20151014 123336 8549
20151014 123336 8549
20151014 123336 8549
20151014 123347 8534
20151014 123354 8534
20151014 123356 8546
20151014 123443 8545
20151014 123443 8546
20151014 123453 8545
20151014 123459 8545
20151014 123506 8546
20151014 123507 8546
20151014 123510 8546
20151014 123511 8545
20151014 123513 8546
20151014 123513 8546
20151014 123514 8546
20151014 123516 8546
20151014 123521 8545
20151014 123522 8545
20151014 123800 8540
20151014 123800 8540
20151014 123800 8540
20151014 123800 8544
20151014 123801 8539
20151014 123801 8539
20151014 123801 8539
20151014 123801 8539
20151014 123801 8539
20151014 123801 8539
20151014 123801 8539
20151014 123801 8539
20151014 123801 8539
20151014 123801 8539
20151014 123801 8539
20151014 123801 8539
20151014 123801 8539
20151014 123801 8539
20151014 123801 8539
20151014 123801 8539
20151014 123801 8539
20151014 123801 8539
20151014 123801 8539
20151014 123801 8539
20151014 123801 8539
20151014 123801 8539
20151014 123801 8539
20151014 123801 8539
20151014 123801 8539
20151014 123802 8540
20151014 123802 8540
20151014 123802 8540
20151014 123802 8540
20151014 123802 8540
20151014 123802 8540
20151014 123802 8540
20151014 123802 8540
20151014 123802 8540
20151014 123802 8540
20151014 123806 8540
20151014 123928 8541
20151014 124059 8540
20151014 124111 8539
20151014 124111 8539
20151014 124229 8540
20151014 124304 8541
20151014 124531 8539
20151014 124537 8539
20151014 124715 8540
20151014 124738 8538
20151014 124738 8538
20151014 124738 8538
20151014 124811 8537
20151014 124923 8538
20151014 124923 8538
20151014 125047 8536
20151014 125048 8536
20151014 125048 8536
20151014 125051 8536
20151014 125051 8536
20151014 125051 8536
20151014 125051 8536
20151014 125052 8533
20151014 125052 8533
20151014 125052 8534
20151014 125052 8534
20151014 125052 8534
20151014 125052 8534
20151014 125052 8535
20151014 125052 8535
20151014 125052 8535
20151014 125058 8532
20151014 125058 8532
20151014 125058 8532
20151014 125058 8532
20151014 125058 8532
20151014 125058 8532
20151014 125058 8532
20151014 125058 8532
20151014 125058 8533
20151014 125058 8533
20151014 125101 8531
20151014 125101 8531
20151014 125101 8531
20151014 125101 8531
20151014 125103 8531
20151014 125104 8531
20151014 125115 8533
20151014 125118 8533
20151014 125200 8535
20151014 125200 8535
20151014 125200 8535
20151014 125200 8535
20151014 125200 8535
20151014 125200 8535
20151014 125200 8535
20151014 125200 8535
20151014 125200 8535
20151014 125203 8535
20151014 125216 8534
20151014 125216 8534
20151014 125217 8534
20151014 125227 8534
20151014 125230 8535
20151014 125303 8535
20151014 125406 8535
20151014 125423 8536
20151014 125756 8532
20151014 125800 8531
20151014 125801 8531
20151014 125836 8531
20151014 125852 8529
20151014 125852 8529
20151014 125852 8529
20151014 125852 8529
20151014 125852 8529
20151014 125852 8529
20151014 125852 8529
20151014 125853 8529
20151014 125853 8529
20151014 125854 8529
20151014 125854 8529
20151014 125935 8531
20151014 130000 8532
20151014 130102 8528
20151014 130102 8528
20151014 130103 8528
20151014 130103 8528
20151014 130117 8529
20151014 130123 8527
20151014 130123 8527
20151014 130124 8526
20151014 130124 8526
20151014 130125 8526
20151014 130125 8526
20151014 130125 8526
20151014 130126 8526
20151014 130128 8526
20151014 130150 8525
20151014 130153 8523
20151014 130153 8524
20151014 130153 8524
20151014 130153 8524
20151014 130153 8524
20151014 130157 8523
20151014 130157 8524
20151014 130205 8524
20151014 130217 8525
20151014 130236 8525
20151014 130323 8527
20151014 130324 8528
20151014 130331 8527
20151014 130340 8527
20151014 130340 8527
20151014 130428 8529
20151014 130527 8528
20151014 130527 8528
20151014 130527 8528
20151014 130527 8528
20151014 130527 8528
20151014 130527 8528
20151014 130614 8525
20151014 130614 8525
20151014 130614 8525
20151014 130614 8525
20151014 130614 8525
20151014 130614 8525
20151014 130614 8525
20151014 130614 8525
20151014 130614 8525
20151014 130614 8525
20151014 130614 8525
20151014 130614 8525
20151014 130614 8525
20151014 130614 8525
20151014 130614 8525
20151014 130614 8525
20151014 130614 8525
20151014 130614 8525
20151014 130614 8525
20151014 130614 8525
20151014 130614 8525
20151014 130614 8525
20151014 130614 8525
20151014 130614 8525
20151014 130614 8525
20151014 130614 8525
20151014 130614 8525
20151014 130615 8525
20151014 130615 8525
20151014 130615 8525
20151014 130619 8524
20151014 130636 8525
20151014 130644 8526
20151014 130656 8527
20151014 130659 8526
20151014 130659 8526
20151014 130705 8526
20151014 130742 8526
20151014 130742 8526
20151014 130742 8526
20151014 130742 8527
20151014 130744 8526
20151014 130744 8526
20151014 130833 8528
20151014 130838 8527
20151014 130841 8529
20151014 130841 8529
20151014 130842 8529
20151014 130842 8529
20151014 130843 8529
20151014 130846 8530
20151014 130847 8530
20151014 130852 8529
20151014 130854 8530
20151014 130855 8532
20151014 130857 8531
20151014 130900 8530
20151014 130911 8529
20151014 130934 8530
20151014 130958 8526
20151014 131116 8526
20151014 131125 8525
20151014 131134 8525
20151014 131141 8526
20151014 131146 8524
20151014 131146 8524
20151014 131146 8524
20151014 131153 8524
20151014 131241 8527
20151014 131300 8527
20151014 131306 8525
20151014 131306 8525
20151014 131358 8525
20151014 131500 8526
20151014 131613 8528
20151014 131620 8529
20151014 131804 8526
20151014 131845 8528
20151014 131851 8528
20151014 131923 8525
20151014 131923 8525
20151014 132207 8524
20151014 132207 8524
20151014 132207 8524
20151014 132207 8524
20151014 132207 8524
20151014 132309 8526
20151014 132336 8525
20151014 132509 8525
20151014 132515 8526
20151014 132534 8527
20151014 132538 8528
20151014 132549 8529
20151014 132552 8528
20151014 132552 8528
20151014 132555 8529
20151014 132556 8529
20151014 132556 8529
20151014 132557 8529
20151014 132601 8529
20151014 132603 8529
20151014 132607 8528
20151014 132650 8527
20151014 132857 8526
20151014 132900 8525
20151014 132900 8525
20151014 132918 8524
20151014 132919 8524
20151014 133033 8523
20151014 133039 8522
20151014 133115 8522
20151014 133115 8522
20151014 133115 8522
20151014 133116 8522
20151014 133116 8522
20151014 133116 8522
20151014 133116 8522
20151014 133116 8522
20151014 133116 8522
20151014 133116 8522
20151014 133116 8522
20151014 133116 8522
20151014 133116 8522
20151014 133116 8522
20151014 133116 8522
20151014 133116 8522
20151014 133116 8522
20151014 133116 8522
20151014 133116 8522
20151014 133116 8522
20151014 133116 8522
20151014 133116 8522
20151014 133116 8522
20151014 133118 8521
20151014 133118 8521
20151014 133137 8522
20151014 133142 8521
20151014 133144 8522
20151014 133232 8521
20151014 133316 8523
20151014 133319 8523
20151014 133403 8524
20151014 133425 8524
20151014 133425 8524
20151014 133425 8524
20151014 133425 8524
20151014 133429 8524
20151014 133437 8524
20151014 133440 8524
20151014 133445 8524
20151014 133616 8523
20151014 133623 8522
20151014 133821 8523
20151014 133924 8523
20151014 133924 8523
20151014 134043 8524
20151014 134043 8524
20151014 134043 8524
20151014 134054 8524
20151014 134054 8524
20151014 134054 8524
20151014 134113 8524
20151014 134143 8523
20151014 134213 8524
20151014 134215 8524
20151014 134219 8511
20151014 134219 8524
20151014 134230 8524
20151014 134250 8524
20151014 134301 8511
20151014 134356 8522
20151014 134359 8522
20151014 134403 8522
20151014 134405 8521
20151014 134407 8521
20151014 134407 8521
20151014 134409 8521
20151014 134418 8521
20151014 134418 8521
20151014 134418 8521
20151014 134443 8521
20151014 134453 8521
20151014 134453 8521
20151014 134457 8521
