20151027 084500 8722
20151027 084500 8723
20151027 084515 8718
20151027 084516 8715
20151027 084519 8716
20151027 084549 8722
20151027 084607 8722
20151027 084651 8724
20151027 084654 8724
20151027 084704 8723
20151027 084740 8718
20151027 084836 8717
20151027 084902 8718
20151027 084902 8718
20151027 084902 8718
20151027 084908 8718
20151027 084910 8719
20151027 084911 8719
20151027 084953 8719
20151027 085042 8722
20151027 085052 8721
20151027 085114 8721
20151027 085117 8720
20151027 085137 8721
20151027 085318 8721
20151027 085325 8720
20151027 085354 8719
20151027 085412 8720
20151027 085421 8720
20151027 085428 8720
20151027 085538 8716
20151027 085541 8716
20151027 085547 8717
20151027 085755 8720
20151027 085756 8720
20151027 085756 8720
20151027 085820 8721
20151027 085822 8722
20151027 085829 8719
20151027 085829 8720
20151027 085829 8720
20151027 085949 8718
20151027 090057 8720
20151027 090116 8718
20151027 090117 8718
20151027 090137 8717
20151027 090138 8716
20151027 090138 8716
20151027 090138 8716
20151027 090139 8715
20151027 090139 8715
20151027 090219 8713
20151027 090219 8713
20151027 090219 8713
20151027 090219 8714
20151027 090219 8714
20151027 090219 8715
20151027 090220 8713
20151027 090229 8715
20151027 090239 8714
20151027 090252 8715
20151027 090315 8717
20151027 090358 8719
20151027 090404 8719
20151027 090405 8721
20151027 090409 8722
20151027 090409 8722
20151027 090605 8718
20151027 090611 8713
20151027 090611 8713
20151027 090611 8713
20151027 090611 8713
20151027 090611 8713
20151027 090621 8711
20151027 090622 8711
20151027 090624 8711
20151027 090659 8714
20151027 090702 8713
20151027 090725 8714
20151027 090728 8714
20151027 090735 8714
20151027 090754 8713
20151027 090754 8713
20151027 090806 8714
20151027 090806 8714
20151027 090808 8715
20151027 090833 8713
20151027 090833 8713
20151027 090834 8713
20151027 090836 8713
20151027 090949 8712
20151027 090950 8713
20151027 090957 8714
20151027 091005 8710
20151027 091006 8710
20151027 091006 8710
20151027 091006 8710
20151027 091006 8710
20151027 091006 8711
20151027 091020 8713
20151027 091106 8711
20151027 091147 8714
20151027 091252 8716
20151027 091252 8716
20151027 091253 8717
20151027 091327 8717
20151027 091333 8717
20151027 091337 8716
20151027 091410 8716
20151027 091425 8719
20151027 091425 8719
20151027 091439 8722
20151027 091439 8722
20151027 091441 8722
20151027 091449 8723
20151027 091458 8724
20151027 091459 8724
20151027 091500 8725
20151027 091500 8725
20151027 091500 8726
20151027 091500 8726
20151027 091502 8725
20151027 091508 8723
20151027 091509 8722
20151027 091514 8720
20151027 091517 8718
20151027 091540 8721
20151027 091624 8720
20151027 091720 8723
20151027 091721 8722
20151027 091817 8721
20151027 091840 8718
20151027 091840 8720
20151027 092002 8718
20151027 092016 8720
20151027 092016 8721
20151027 092016 8721
20151027 092033 8723
20151027 092033 8725
20151027 092033 8725
20151027 092033 8726
20151027 092038 8725
20151027 092055 8724
20151027 092115 8721
20151027 092115 8721
20151027 092115 8721
20151027 092115 8721
20151027 092115 8721
20151027 092115 8721
20151027 092115 8721
20151027 092115 8721
20151027 092115 8721
20151027 092115 8721
20151027 092115 8721
20151027 092116 8721
20151027 092116 8721
20151027 092225 8724
20151027 092233 8721
20151027 092317 8722
20151027 092319 8721
20151027 092319 8721
20151027 092319 8721
20151027 092321 8721
20151027 092321 8721
20151027 092353 8720
20151027 092404 8720
20151027 092405 8720
20151027 092405 8720
20151027 092448 8723
20151027 092552 8722
20151027 092610 8727
20151027 092611 8728
20151027 092729 8728
20151027 092850 8723
20151027 092911 8722
20151027 092911 8722
20151027 092913 8722
20151027 092921 8722
20151027 092921 8722
20151027 093031 8719
20151027 093031 8719
20151027 093044 8718
20151027 093044 8718
20151027 093101 8718
20151027 093102 8716
20151027 093131 8718
20151027 093225 8716
20151027 093225 8716
20151027 093227 8715
20151027 093227 8715
20151027 093239 8718
20151027 093251 8719
20151027 093302 8716
20151027 093305 8717
20151027 093332 8718
20151027 093400 8716
20151027 093501 8716
20151027 093547 8715
20151027 093548 8715
20151027 093600 8715
20151027 093600 8715
20151027 093601 8713
20151027 093601 8713
20151027 093602 8713
20151027 093620 8713
20151027 093621 8711
20151027 093621 8711
20151027 093621 8712
20151027 093621 8712
20151027 093621 8712
20151027 093635 8714
20151027 093714 8703
20151027 093714 8703
20151027 093714 8704
20151027 093714 8704
20151027 093714 8705
20151027 093714 8705
20151027 093714 8706
20151027 093714 8706
20151027 093714 8706
20151027 093714 8706
20151027 093714 8706
20151027 093714 8706
20151027 093714 8706
20151027 093714 8707
20151027 093714 8708
20151027 093714 8708
20151027 093714 8708
20151027 093714 8709
20151027 093714 8710
20151027 093714 8710
20151027 093715 8701
20151027 093715 8702
20151027 093715 8702
20151027 093716 8706
20151027 093716 8706
20151027 093716 8707
20151027 093718 8705
20151027 093724 8706
20151027 093740 8706
20151027 093744 8705
20151027 093744 8705
20151027 093744 8705
20151027 093745 8705
20151027 093745 8706
20151027 093745 8706
20151027 093817 8710
20151027 093927 8707
20151027 093929 8707
20151027 093940 8706
20151027 094004 8703
20151027 094009 8703
20151027 094036 8704
20151027 094036 8704
20151027 094103 8704
20151027 094121 8704
20151027 094139 8705
20151027 094140 8706
20151027 094144 8707
20151027 094411 8702
20151027 094411 8702
20151027 094411 8702
20151027 094411 8702
20151027 094411 8702
20151027 094412 8700
20151027 094412 8700
20151027 094412 8700
20151027 094412 8701
20151027 094412 8701
20151027 094413 8698
20151027 094413 8698
20151027 094413 8699
20151027 094413 8699
20151027 094413 8699
20151027 094450 8701
20151027 094507 8701
20151027 094510 8701
20151027 094511 8701
20151027 094516 8701
20151027 094518 8701
20151027 095013 8707
20151027 095017 8707
20151027 095023 8708
20151027 095023 8708
20151027 095129 8709
20151027 095132 8708
20151027 095213 8708
20151027 095233 8708
20151027 095340 8708
20151027 095407 8703
20151027 095407 8703
20151027 095408 8703
20151027 095417 8703
20151027 095418 8702
20151027 095419 8702
20151027 095419 8702
20151027 095422 8701
20151027 095509 8702
20151027 095509 8702
20151027 095509 8702
20151027 095513 8701
20151027 095513 8701
20151027 095513 8701
20151027 095513 8701
20151027 095513 8701
20151027 095513 8701
20151027 095519 8701
20151027 095519 8702
20151027 095801 8703
20151027 095801 8703
20151027 095801 8703
20151027 095801 8703
20151027 095801 8703
20151027 095812 8703
20151027 095850 8707
20151027 095852 8707
20151027 100006 8704
20151027 100209 8703
20151027 100213 8703
20151027 100226 8703
20151027 100257 8702
20151027 100258 8702
20151027 100258 8702
20151027 100331 8701
20151027 100332 8701
20151027 100336 8702
20151027 100426 8698
20151027 100426 8698
20151027 100426 8699
20151027 100426 8699
20151027 100426 8700
20151027 100426 8700
20151027 100426 8700
20151027 100426 8700
20151027 100427 8692
20151027 100427 8692
20151027 100427 8692
20151027 100427 8692
20151027 100427 8693
20151027 100427 8693
20151027 100427 8693
20151027 100427 8694
20151027 100427 8695
20151027 100427 8696
20151027 100427 8696
20151027 100427 8696
20151027 100427 8696
20151027 100427 8696
20151027 100428 8690
20151027 100428 8691
20151027 100428 8691
20151027 100428 8691
20151027 100428 8691
20151027 100428 8691
20151027 100428 8691
20151027 100429 8691
20151027 100442 8678
20151027 100442 8689
20151027 100443 8688
20151027 100448 8689
20151027 100504 8686
20151027 100505 8685
20151027 100505 8685
20151027 100505 8685
20151027 100506 8686
20151027 100517 8688
20151027 100517 8688
20151027 100530 8690
20151027 100603 8688
20151027 100618 8686
20151027 100619 8687
20151027 100719 8689
20151027 100723 8689
20151027 100724 8688
20151027 100757 8687
20151027 100757 8687
20151027 100800 8687
20151027 100800 8687
20151027 100847 8688
20151027 100905 8686
20151027 100944 8688
20151027 101021 8688
20151027 101021 8688
20151027 101102 8689
20151027 101122 8690
20151027 101139 8689
20151027 101140 8689
20151027 101148 8688
20151027 101244 8687
20151027 101248 8686
20151027 101258 8685
20151027 101258 8685
20151027 101258 8685
20151027 101259 8685
20151027 101301 8684
20151027 101303 8681
20151027 101303 8682
20151027 101303 8683
20151027 101303 8683
20151027 101313 8683
20151027 101408 8683
20151027 101408 8683
20151027 101428 8683
20151027 101443 8685
20151027 101500 8685
20151027 101502 8681
20151027 101502 8681
20151027 101502 8681
20151027 101502 8681
20151027 101502 8683
20151027 101502 8683
20151027 101516 8682
20151027 101526 8680
20151027 101527 8679
20151027 101527 8680
20151027 101528 8678
20151027 101554 8681
20151027 101555 8681
20151027 101655 8682
20151027 101655 8683
20151027 101758 8684
20151027 101818 8682
20151027 101818 8682
20151027 101849 8686
20151027 101849 8687
20151027 101850 8685
20151027 101857 8675
20151027 101857 8686
20151027 101933 8684
20151027 101937 8682
20151027 101937 8682
20151027 101941 8681
20151027 101942 8679
20151027 101942 8680
20151027 101942 8680
20151027 102002 8680
20151027 102008 8681
20151027 102019 8677
20151027 102019 8678
20151027 102019 8678
20151027 102020 8675
20151027 102020 8675
20151027 102020 8675
20151027 102020 8676
20151027 102020 8676
20151027 102020 8676
20151027 102021 8674
20151027 102022 8678
20151027 102022 8678
20151027 102032 8676
20151027 102102 8674
20151027 102103 8674
20151027 102103 8675
20151027 102104 8673
20151027 102104 8673
20151027 102105 8672
20151027 102115 8671
20151027 102126 8672
20151027 102157 8676
20151027 102157 8676
20151027 102204 8674
20151027 102402 8671
20151027 102412 8671
20151027 102455 8670
20151027 102455 8670
20151027 102457 8668
20151027 102457 8668
20151027 102459 8669
20151027 102516 8669
20151027 102516 8669
20151027 102528 8670
20151027 102528 8670
20151027 102528 8670
20151027 102541 8671
20151027 102617 8669
20151027 102650 8672
20151027 102708 8671
20151027 102709 8672
20151027 102751 8665
20151027 102751 8676
20151027 102811 8675
20151027 102837 8677
20151027 102909 8675
20151027 102937 8675
20151027 103006 8673
20151027 103008 8672
20151027 103135 8670
20151027 103140 8670
20151027 103144 8671
20151027 103159 8673
20151027 103202 8675
20151027 103211 8672
20151027 103311 8672
20151027 103313 8671
20151027 103313 8672
20151027 103313 8672
20151027 103317 8670
20151027 103520 8669
20151027 103540 8672
20151027 103540 8672
20151027 103540 8672
20151027 103540 8672
20151027 103613 8674
20151027 103732 8663
20151027 103732 8674
20151027 103813 8673
20151027 103828 8671
20151027 103843 8661
20151027 103843 8672
20151027 103903 8671
20151027 104049 8675
20151027 104151 8674
20151027 104220 8675
20151027 104337 8679
20151027 104402 8680
20151027 104526 8682
20151027 104718 8680
20151027 104718 8680
20151027 104718 8680
20151027 104730 8679
20151027 104921 8677
20151027 104922 8675
20151027 104922 8676
20151027 104943 8676
20151027 105107 8673
20151027 105201 8676
20151027 105202 8676
20151027 105229 8675
20151027 105357 8674
20151027 105429 8671
20151027 105430 8667
20151027 105430 8667
20151027 105430 8668
20151027 105430 8668
20151027 105430 8668
20151027 105430 8668
20151027 105430 8668
20151027 105430 8668
20151027 105430 8669
20151027 105430 8670
20151027 105431 8664
20151027 105431 8665
20151027 105431 8665
20151027 105432 8667
20151027 105511 8664
20151027 105512 8662
20151027 105512 8663
20151027 105512 8663
20151027 105512 8663
20151027 105512 8663
20151027 105512 8663
20151027 105512 8664
20151027 105512 8664
20151027 105512 8664
20151027 105512 8664
20151027 105512 8664
20151027 105540 8661
20151027 105540 8661
20151027 105540 8661
20151027 105541 8660
20151027 105541 8660
20151027 105542 8662
20151027 105543 8661
20151027 105552 8661
20151027 105552 8661
20151027 105559 8660
20151027 105616 8662
20151027 105702 8661
20151027 105702 8661
20151027 105806 8659
20151027 105806 8659
20151027 105810 8658
20151027 105810 8658
20151027 105816 8657
20151027 105835 8643
20151027 105846 8657
20151027 105914 8660
20151027 110000 8661
20151027 110000 8661
20151027 110000 8661
20151027 110000 8661
20151027 110008 8663
20151027 110009 8662
20151027 110009 8662
20151027 110009 8663
20151027 110035 8666
20151027 110035 8666
20151027 110123 8667
20151027 110124 8667
20151027 110129 8668
20151027 110132 8667
20151027 110207 8666
20151027 110208 8666
20151027 110257 8668
20151027 110257 8668
20151027 110349 8670
20151027 110355 8671
20151027 110402 8672
20151027 110403 8672
20151027 110405 8673
20151027 110411 8673
20151027 110424 8671
20151027 110452 8671
20151027 110518 8670
20151027 110518 8670
20151027 110518 8670
20151027 110518 8670
20151027 110518 8670
20151027 110518 8670
20151027 110518 8670
20151027 110518 8670
20151027 110518 8670
20151027 110518 8670
20151027 110518 8670
20151027 110518 8670
20151027 110518 8670
20151027 110518 8670
20151027 110518 8670
20151027 110518 8670
20151027 110518 8670
20151027 110518 8670
20151027 110518 8670
20151027 110518 8670
20151027 110518 8670
20151027 110518 8670
20151027 110559 8671
20151027 110800 8668
20151027 110837 8669
20151027 111021 8669
20151027 111032 8668
20151027 111032 8668
20151027 111034 8667
20151027 111034 8667
20151027 111101 8668
20151027 111252 8672
20151027 111336 8670
20151027 111443 8671
20151027 111520 8668
20151027 111539 8667
20151027 111609 8668
20151027 111739 8671
20151027 111742 8671
20151027 111809 8671
20151027 111825 8671
20151027 111840 8670
20151027 111925 8668
20151027 111949 8666
20151027 111949 8666
20151027 112019 8666
20151027 112020 8666
20151027 112047 8665
20151027 112129 8665
20151027 112132 8666
20151027 112158 8664
20151027 112214 8664
20151027 112220 8663
20151027 112257 8664
20151027 112257 8664
20151027 112257 8664
20151027 112309 8663
20151027 112353 8666
20151027 112412 8666
20151027 112418 8667
20151027 112435 8668
20151027 112454 8667
20151027 112521 8673
20151027 112522 8673
20151027 112529 8674
20151027 112634 8672
20151027 113001 8671
20151027 113043 8673
20151027 113047 8672
20151027 113120 8673
20151027 113123 8673
20151027 113222 8673
20151027 113352 8674
20151027 113431 8673
20151027 113647 8672
20151027 113647 8672
20151027 113647 8672
20151027 113716 8672
20151027 113727 8671
20151027 113730 8671
20151027 113730 8671
20151027 113749 8668
20151027 113749 8668
20151027 113918 8670
20151027 114153 8667
20151027 114218 8667
20151027 114237 8667
20151027 114237 8667
20151027 114448 8666
20151027 114540 8667
20151027 114702 8668
20151027 114702 8668
20151027 114823 8666
20151027 115102 8670
20151027 115237 8672
20151027 115237 8673
20151027 115241 8675
20151027 115241 8676
20151027 115356 8673
20151027 115949 8672
20151027 115952 8673
20151027 115952 8673
20151027 115954 8673
20151027 115954 8673
20151027 120036 8673
20151027 120224 8674
20151027 120418 8673
20151027 120425 8671
20151027 120425 8671
20151027 120445 8671
20151027 120539 8671
20151027 120554 8672
20151027 120756 8673
20151027 120802 8675
20151027 120807 8674
20151027 120807 8674
20151027 121045 8673
20151027 121323 8671
20151027 121421 8670
20151027 121430 8670
20151027 121432 8669
20151027 121504 8670
20151027 121513 8670
20151027 121611 8672
20151027 121611 8672
20151027 121611 8672
20151027 122043 8673
20151027 122339 8672
20151027 122805 8672
20151027 122935 8673
20151027 123128 8671
20151027 123134 8671
20151027 123135 8670
20151027 123137 8670
20151027 123143 8670
20151027 123728 8672
20151027 124042 8671
20151027 124300 8671
20151027 124416 8669
20151027 124417 8669
20151027 124454 8667
20151027 125151 8669
20151027 125152 8669
20151027 125152 8669
20151027 125153 8669
20151027 125321 8672
20151027 125321 8672
20151027 125321 8672
20151027 125322 8675
20151027 125323 8673
20151027 125323 8673
20151027 125326 8675
20151027 125326 8675
20151027 125338 8676
20151027 125342 8676
20151027 125454 8674
20151027 125622 8672
20151027 125622 8673
20151027 125622 8673
20151027 125622 8673
20151027 125959 8675
20151027 130003 8677
20151027 130003 8677
20151027 130003 8677
20151027 130003 8677
20151027 130004 8678
20151027 130005 8676
20151027 130005 8676
20151027 130014 8677
20151027 130044 8678
20151027 130104 8677
20151027 130137 8677
20151027 130157 8676
20151027 130201 8676
20151027 130411 8674
20151027 130418 8675
20151027 130524 8673
20151027 130700 8675
20151027 130901 8676
20151027 131122 8674
20151027 131122 8674
20151027 131122 8674
20151027 131149 8674
20151027 131150 8674
20151027 131312 8674
20151027 131323 8675
20151027 131400 8675
20151027 131502 8677
20151027 131659 8676
20151027 131703 8678
20151027 131730 8678
20151027 131741 8679
20151027 131741 8679
20151027 131741 8679
20151027 131741 8679
20151027 131742 8680
20151027 131742 8680
20151027 131742 8680
20151027 131742 8680
20151027 131748 8680
20151027 131801 8681
20151027 131801 8681
20151027 131811 8681
20151027 131853 8680
20151027 131853 8680
20151027 131853 8680
20151027 131859 8680
20151027 131859 8681
20151027 131913 8680
20151027 131913 8680
20151027 131913 8680
20151027 131913 8680
20151027 131918 8680
20151027 131918 8680
20151027 131918 8680
20151027 131918 8680
20151027 131918 8680
20151027 132003 8682
20151027 132004 8682
20151027 132105 8682
20151027 132211 8681
20151027 132241 8682
20151027 132258 8684
20151027 132336 8681
20151027 132336 8681
20151027 132427 8682
20151027 132430 8682
20151027 132512 8682
20151027 132543 8684
20151027 132545 8685
20151027 132545 8685
20151027 132554 8684
20151027 132608 8687
20151027 132623 8685
20151027 132650 8685
20151027 132655 8686
20151027 132656 8685
20151027 132711 8686
20151027 132752 8687
20151027 132752 8687
20151027 132752 8687
20151027 132801 8686
20151027 132902 8688
20151027 132902 8688
20151027 132903 8688
20151027 132904 8688
20151027 132919 8688
20151027 132919 8689
20151027 132920 8689
20151027 132952 8690
20151027 133000 8690
20151027 133005 8691
20151027 133009 8690
20151027 133033 8692
20151027 133033 8692
20151027 133035 8692
20151027 133042 8692
20151027 133057 8694
20151027 133058 8694
20151027 133100 8694
20151027 133104 8692
20151027 133104 8692
20151027 133104 8692
20151027 133104 8692
20151027 133116 8694
20151027 133116 8694
20151027 133117 8695
20151027 133128 8693
20151027 133200 8694
20151027 133219 8694
20151027 133233 8695
20151027 133243 8694
20151027 133258 8696
20151027 133301 8696
20151027 133301 8697
20151027 133311 8697
20151027 133316 8698
20151027 133316 8698
20151027 133320 8697
20151027 133413 8695
20151027 133444 8696
20151027 133500 8697
20151027 133515 8698
20151027 133516 8698
20151027 133516 8698
20151027 133516 8698
20151027 133516 8698
20151027 133551 8696
20151027 133616 8697
20151027 133736 8696
20151027 133747 8696
20151027 133750 8696
20151027 133752 8697
20151027 133923 8699
20151027 134004 8699
20151027 134006 8698
20151027 134016 8698
20151027 134018 8698
20151027 134113 8697
20151027 134113 8697
20151027 134113 8697
20151027 134125 8696
20151027 134125 8696
20151027 134125 8696
20151027 134127 8695
20151027 134224 8695
20151027 134254 8696
20151027 134314 8697
20151027 134358 8695
20151027 134406 8696
20151027 134430 8696
20151027 134430 8696
20151027 134431 8696
20151027 134431 8696
20151027 134431 8696
20151027 134431 8696
20151027 134434 8695
20151027 134434 8695
20151027 134448 8694
20151027 134455 8693
20151027 134455 8693
20151027 134455 8693
20151027 134456 8693
20151027 134457 8692
20151027 134457 8692
