20151026 084501 8730
20151026 084504 8731
20151026 084543 8728
20151026 084550 8730
20151026 084554 8731
20151026 084554 8731
20151026 084555 8732
20151026 084600 8736
20151026 084606 8735
20151026 084608 8734
20151026 084610 8735
20151026 084610 8735
20151026 084611 8734
20151026 084618 8736
20151026 084618 8736
20151026 084621 8738
20151026 084623 8738
20151026 084625 8736
20151026 084630 8738
20151026 084631 8738
20151026 084650 8736
20151026 084651 8736
20151026 084653 8734
20151026 084707 8732
20151026 084707 8732
20151026 084709 8732
20151026 084713 8732
20151026 084713 8732
20151026 084715 8731
20151026 084715 8731
20151026 084715 8731
20151026 084717 8732
20151026 084729 8732
20151026 084737 8730
20151026 084741 8730
20151026 084741 8730
20151026 084749 8730
20151026 084800 8728
20151026 084801 8727
20151026 084801 8727
20151026 084903 8729
20151026 084916 8730
20151026 084931 8730
20151026 084953 8731
20151026 084959 8730
20151026 085040 8729
20151026 085042 8729
20151026 085058 8728
20151026 085058 8728
20151026 085058 8728
20151026 085107 8730
20151026 085200 8730
20151026 085203 8730
20151026 085210 8730
20151026 085217 8730
20151026 085233 8730
20151026 085241 8730
20151026 085254 8728
20151026 085254 8731
20151026 085303 8730
20151026 085315 8730
20151026 085337 8731
20151026 085342 8730
20151026 085343 8730
20151026 085348 8730
20151026 085444 8733
20151026 085444 8733
20151026 085445 8733
20151026 085445 8733
20151026 085445 8733
20151026 085445 8733
20151026 085451 8734
20151026 085451 8734
20151026 085451 8734
20151026 085453 8730
20151026 085453 8734
20151026 085453 8734
20151026 085453 8734
20151026 085453 8734
20151026 085656 8732
20151026 085706 8731
20151026 085707 8731
20151026 085721 8731
20151026 085810 8730
20151026 085813 8729
20151026 085813 8729
20151026 085913 8729
20151026 090007 8727
20151026 090007 8727
20151026 090007 8727
20151026 090007 8727
20151026 090012 8726
20151026 090014 8725
20151026 090022 8729
20151026 090056 8730
20151026 090056 8731
20151026 090056 8732
20151026 090058 8731
20151026 090058 8734
20151026 090058 8734
20151026 090058 8734
20151026 090058 8734
20151026 090058 8734
20151026 090058 8734
20151026 090058 8734
20151026 090058 8734
20151026 090058 8734
20151026 090058 8734
20151026 090058 8734
20151026 090058 8734
20151026 090058 8734
20151026 090058 8734
20151026 090058 8734
20151026 090058 8734
20151026 090058 8734
20151026 090058 8734
20151026 090058 8734
20151026 090058 8734
20151026 090058 8735
20151026 090058 8735
20151026 090058 8735
20151026 090059 8732
20151026 090059 8735
20151026 090059 8735
20151026 090059 8735
20151026 090059 8735
20151026 090059 8735
20151026 090059 8735
20151026 090059 8735
20151026 090059 8735
20151026 090059 8735
20151026 090059 8735
20151026 090059 8735
20151026 090101 8736
20151026 090101 8736
20151026 090101 8736
20151026 090101 8736
20151026 090101 8736
20151026 090102 8736
20151026 090103 8737
20151026 090103 8737
20151026 090103 8737
20151026 090103 8737
20151026 090106 8734
20151026 090106 8734
20151026 090158 8731
20151026 090248 8727
20151026 090253 8728
20151026 090256 8727
20151026 090256 8727
20151026 090257 8726
20151026 090258 8726
20151026 090259 8725
20151026 090300 8724
20151026 090303 8726
20151026 090303 8726
20151026 090305 8725
20151026 090328 8727
20151026 090342 8724
20151026 090358 8726
20151026 090415 8726
20151026 090508 8728
20151026 090511 8731
20151026 090530 8731
20151026 090536 8730
20151026 090604 8733
20151026 090604 8733
20151026 090604 8733
20151026 090604 8733
20151026 090605 8734
20151026 090606 8736
20151026 090606 8736
20151026 090606 8736
20151026 090606 8736
20151026 090606 8736
20151026 090606 8736
20151026 090607 8738
20151026 090607 8738
20151026 090607 8738
20151026 090607 8738
20151026 090607 8738
20151026 090607 8738
20151026 090607 8740
20151026 090608 8741
20151026 090608 8741
20151026 090608 8741
20151026 090608 8742
20151026 090608 8743
20151026 090608 8743
20151026 090609 8743
20151026 090612 8740
20151026 090623 8743
20151026 090634 8745
20151026 090637 8746
20151026 090638 8747
20151026 090638 8747
20151026 090646 8744
20151026 090647 8744
20151026 090648 8743
20151026 090703 8748
20151026 090703 8748
20151026 090703 8748
20151026 090705 8749
20151026 090705 8749
20151026 090708 8750
20151026 090711 8749
20151026 090713 8750
20151026 090713 8751
20151026 090713 8752
20151026 090713 8753
20151026 090713 8754
20151026 090713 8754
20151026 090713 8754
20151026 090713 8754
20151026 090714 8756
20151026 090714 8757
20151026 090741 8756
20151026 090749 8754
20151026 090755 8753
20151026 090757 8752
20151026 090757 8752
20151026 090810 8752
20151026 090821 8753
20151026 090826 8753
20151026 090900 8751
20151026 090904 8754
20151026 090922 8754
20151026 090929 8754
20151026 090933 8753
20151026 090933 8753
20151026 090934 8753
20151026 090937 8755
20151026 090937 8756
20151026 090937 8756
20151026 090942 8759
20151026 090943 8760
20151026 090943 8761
20151026 090943 8761
20151026 090943 8761
20151026 090955 8761
20151026 091000 8763
20151026 091000 8763
20151026 091000 8763
20151026 091000 8763
20151026 091000 8763
20151026 091000 8763
20151026 091000 8763
20151026 091000 8763
20151026 091000 8763
20151026 091000 8765
20151026 091011 8761
20151026 091014 8761
20151026 091017 8759
20151026 091018 8760
20151026 091021 8759
20151026 091025 8758
20151026 091058 8758
20151026 091106 8760
20151026 091106 8760
20151026 091107 8756
20151026 091107 8756
20151026 091109 8756
20151026 091109 8757
20151026 091114 8754
20151026 091114 8755
20151026 091118 8753
20151026 091118 8753
20151026 091127 8754
20151026 091128 8756
20151026 091136 8756
20151026 091157 8749
20151026 091157 8749
20151026 091157 8749
20151026 091159 8750
20151026 091207 8749
20151026 091232 8750
20151026 091232 8751
20151026 091304 8749
20151026 091305 8748
20151026 091308 8746
20151026 091308 8747
20151026 091308 8747
20151026 091308 8747
20151026 091326 8749
20151026 091355 8752
20151026 091356 8753
20151026 091356 8753
20151026 091420 8746
20151026 091421 8741
20151026 091421 8741
20151026 091421 8742
20151026 091421 8743
20151026 091421 8744
20151026 091422 8745
20151026 091424 8745
20151026 091433 8741
20151026 091438 8741
20151026 091439 8740
20151026 091439 8740
20151026 091440 8738
20151026 091440 8739
20151026 091453 8740
20151026 091454 8740
20151026 091454 8740
20151026 091455 8740
20151026 091456 8740
20151026 091458 8740
20151026 091458 8740
20151026 091501 8741
20151026 091510 8743
20151026 091546 8743
20151026 091600 8743
20151026 091601 8743
20151026 091607 8743
20151026 091637 8741
20151026 091702 8741
20151026 091702 8741
20151026 091702 8741
20151026 091703 8741
20151026 091746 8745
20151026 091746 8746
20151026 091836 8743
20151026 091837 8742
20151026 091837 8742
20151026 091841 8741
20151026 091842 8736
20151026 091842 8737
20151026 091842 8738
20151026 091842 8739
20151026 091842 8739
20151026 091937 8743
20151026 091951 8739
20151026 091953 8720
20151026 091953 8734
20151026 091953 8734
20151026 091953 8734
20151026 091953 8735
20151026 091953 8737
20151026 091954 8731
20151026 091954 8732
20151026 091954 8733
20151026 091954 8733
20151026 091954 8733
20151026 092005 8736
20151026 092021 8740
20151026 092051 8743
20151026 092052 8743
20151026 092122 8741
20151026 092128 8738
20151026 092215 8741
20151026 092221 8744
20151026 092222 8744
20151026 092326 8742
20151026 092326 8742
20151026 092330 8740
20151026 092330 8741
20151026 092403 8743
20151026 092407 8741
20151026 092409 8741
20151026 092422 8740
20151026 092441 8739
20151026 092441 8739
20151026 092442 8739
20151026 092450 8738
20151026 092451 8738
20151026 092456 8737
20151026 092456 8737
20151026 092500 8737
20151026 092507 8733
20151026 092507 8733
20151026 092532 8735
20151026 092548 8733
20151026 092555 8730
20151026 092555 8731
20151026 092556 8726
20151026 092556 8726
20151026 092556 8726
20151026 092556 8728
20151026 092556 8728
20151026 092557 8721
20151026 092557 8721
20151026 092557 8721
20151026 092557 8721
20151026 092557 8722
20151026 092557 8724
20151026 092557 8725
20151026 092605 8726
20151026 092606 8723
20151026 092613 8727
20151026 092613 8727
20151026 092655 8728
20151026 092732 8728
20151026 092816 8728
20151026 092951 8730
20151026 093011 8729
20151026 093037 8730
20151026 093127 8728
20151026 093127 8728
20151026 093127 8728
20151026 093127 8728
20151026 093127 8728
20151026 093127 8728
20151026 093127 8728
20151026 093127 8728
20151026 093127 8728
20151026 093137 8726
20151026 093137 8726
20151026 093137 8726
20151026 093137 8726
20151026 093137 8726
20151026 093137 8726
20151026 093137 8727
20151026 093137 8727
20151026 093137 8727
20151026 093137 8727
20151026 093137 8727
20151026 093139 8725
20151026 093144 8725
20151026 093144 8725
20151026 093146 8724
20151026 093202 8722
20151026 093202 8722
20151026 093203 8721
20151026 093204 8721
20151026 093209 8723
20151026 093224 8717
20151026 093224 8718
20151026 093224 8718
20151026 093224 8718
20151026 093224 8719
20151026 093224 8719
20151026 093224 8720
20151026 093224 8720
20151026 093224 8720
20151026 093224 8721
20151026 093246 8726
20151026 093319 8726
20151026 093322 8727
20151026 093419 8731
20151026 093438 8728
20151026 093439 8727
20151026 093439 8727
20151026 093500 8731
20151026 093500 8733
20151026 093500 8733
20151026 093503 8730
20151026 093503 8730
20151026 093503 8730
20151026 093525 8731
20151026 093525 8731
20151026 093525 8731
20151026 093546 8732
20151026 093546 8732
20151026 093547 8732
20151026 093547 8732
20151026 093547 8732
20151026 093552 8733
20151026 093557 8733
20151026 093557 8733
20151026 093557 8733
20151026 093557 8733
20151026 093631 8729
20151026 093631 8729
20151026 093900 8725
20151026 093900 8725
20151026 093900 8725
20151026 093944 8723
20151026 094117 8721
20151026 094120 8720
20151026 094120 8720
20151026 094120 8720
20151026 094120 8720
20151026 094120 8720
20151026 094120 8721
20151026 094120 8721
20151026 094120 8721
20151026 094121 8720
20151026 094137 8725
20151026 094156 8722
20151026 094206 8723
20151026 094217 8724
20151026 094244 8724
20151026 094250 8724
20151026 094259 8727
20151026 094348 8726
20151026 094459 8726
20151026 094513 8728
20151026 094632 8723
20151026 094656 8724
20151026 094712 8722
20151026 094712 8723
20151026 094755 8728
20151026 094800 8730
20151026 094834 8730
20151026 094851 8733
20151026 094852 8733
20151026 095020 8735
20151026 095020 8735
20151026 095020 8735
20151026 095020 8735
20151026 095020 8736
20151026 095020 8736
20151026 095020 8736
20151026 095020 8736
20151026 095020 8736
20151026 095020 8736
20151026 095020 8736
20151026 095021 8737
20151026 095021 8738
20151026 095044 8741
20151026 095045 8740
20151026 095104 8741
20151026 095138 8738
20151026 095144 8740
20151026 095209 8738
20151026 095325 8738
20151026 095501 8739
20151026 095551 8740
20151026 095551 8740
20151026 095551 8740
20151026 095552 8740
20151026 095621 8737
20151026 100128 8739
20151026 100135 8740
20151026 100135 8740
20151026 100135 8740
20151026 100135 8741
20151026 100140 8742
20151026 100140 8742
20151026 100140 8742
20151026 100140 8742
20151026 100140 8743
20151026 100140 8743
20151026 100140 8743
20151026 100140 8743
20151026 100141 8744
20151026 100144 8744
20151026 100145 8744
20151026 100145 8744
20151026 100241 8739
20151026 100347 8736
20151026 100347 8737
20151026 100523 8736
20151026 100528 8735
20151026 100557 8731
20151026 100557 8731
20151026 100557 8731
20151026 100557 8731
20151026 100557 8731
20151026 100557 8731
20151026 100557 8732
20151026 100558 8731
20151026 100558 8731
20151026 100558 8731
20151026 100559 8730
20151026 100559 8730
20151026 100608 8733
20151026 100636 8728
20151026 100636 8728
20151026 100812 8727
20151026 100812 8728
20151026 100813 8726
20151026 100813 8726
20151026 100855 8727
20151026 100855 8727
20151026 100855 8727
20151026 100855 8727
20151026 100855 8727
20151026 100855 8727
20151026 100855 8727
20151026 100855 8727
20151026 100855 8727
20151026 100855 8727
20151026 100855 8727
20151026 100855 8727
20151026 100855 8727
20151026 100900 8728
20151026 100900 8728
20151026 100900 8728
20151026 100949 8712
20151026 100949 8712
20151026 100949 8726
20151026 100949 8726
20151026 100949 8726
20151026 100949 8726
20151026 101007 8724
20151026 101142 8730
20151026 101155 8730
20151026 101319 8730
20151026 101421 8727
20151026 101421 8727
20151026 101527 8733
20151026 101643 8734
20151026 101650 8733
20151026 101651 8733
20151026 101652 8733
20151026 101705 8732
20151026 102018 8732
20151026 102018 8732
20151026 102046 8733
20151026 102046 8733
20151026 102102 8736
20151026 102153 8734
20151026 102521 8729
20151026 102522 8729
20151026 102523 8729
20151026 102540 8729
20151026 102613 8729
20151026 103015 8726
20151026 103015 8727
20151026 103129 8730
20151026 103214 8732
20151026 103559 8729
20151026 103622 8729
20151026 104227 8727
20151026 104246 8725
20151026 104247 8723
20151026 104247 8724
20151026 104247 8724
20151026 104247 8724
20151026 104247 8724
20151026 104247 8724
20151026 104247 8724
20151026 104247 8725
20151026 104248 8723
20151026 104248 8723
20151026 104856 8727
20151026 105018 8723
20151026 105114 8721
20151026 105114 8721
20151026 105114 8721
20151026 105114 8722
20151026 105114 8722
20151026 105134 8724
20151026 105302 8722
20151026 105302 8722
20151026 105305 8722
20151026 105306 8722
20151026 105327 8721
20151026 105327 8721
20151026 105327 8721
20151026 105400 8722
20151026 105400 8722
20151026 105552 8725
20151026 105940 8709
20151026 105940 8725
20151026 110014 8725
20151026 110155 8727
20151026 110155 8729
20151026 110155 8729
20151026 110155 8729
20151026 110155 8729
20151026 110155 8729
20151026 110334 8729
20151026 110342 8727
20151026 110412 8730
20151026 110412 8730
20151026 110412 8730
20151026 110421 8731
20151026 110552 8730
20151026 110707 8729
20151026 110830 8731
20151026 111333 8729
20151026 111408 8728
20151026 112020 8726
20151026 112930 8727
20151026 112959 8728
20151026 113348 8732
20151026 113436 8729
20151026 113456 8730
20151026 113702 8729
20151026 114241 8727
20151026 114245 8725
20151026 114245 8725
20151026 114245 8726
20151026 114245 8726
20151026 114246 8724
20151026 114307 8724
20151026 114454 8725
20151026 114500 8724
20151026 114653 8726
20151026 115808 8725
20151026 115808 8725
20151026 115814 8724
20151026 115815 8723
20151026 115815 8723
20151026 115815 8723
20151026 115815 8723
20151026 115829 8721
20151026 115829 8721
20151026 115829 8722
20151026 115829 8722
20151026 115829 8722
20151026 115829 8722
20151026 115829 8722
20151026 115829 8722
20151026 115829 8722
20151026 115830 8719
20151026 115830 8719
20151026 115830 8720
20151026 115830 8720
20151026 115830 8720
20151026 115830 8720
20151026 115830 8720
20151026 115830 8720
20151026 115830 8720
20151026 115830 8721
20151026 115830 8721
20151026 115830 8721
20151026 115830 8721
20151026 115830 8721
20151026 115837 8718
20151026 115837 8719
20151026 115838 8719
20151026 115918 8722
20151026 115918 8722
20151026 120008 8723
20151026 120210 8721
20151026 120243 8722
20151026 120246 8723
20151026 120246 8723
20151026 120309 8724
20151026 120701 8724
20151026 120740 8726
20151026 120741 8726
20151026 120752 8729
20151026 120818 8729
20151026 120915 8728
20151026 120922 8729
20151026 120932 8729
20151026 120945 8729
20151026 121004 8728
20151026 121011 8727
20151026 121037 8727
20151026 121111 8727
20151026 121137 8726
20151026 121235 8727
20151026 121400 8727
20151026 121412 8727
20151026 121500 8727
20151026 121731 8728
20151026 121951 8727
20151026 122123 8727
20151026 122231 8712
20151026 122231 8727
20151026 122417 8727
20151026 122858 8727
20151026 123201 8727
20151026 123229 8725
20151026 123230 8724
20151026 123232 8723
20151026 123234 8723
20151026 123356 8724
20151026 123900 8726
20151026 124205 8730
20151026 124205 8730
20151026 124210 8727
20151026 124210 8727
20151026 124246 8729
20151026 124300 8730
20151026 124300 8730
20151026 124318 8731
20151026 124318 8731
20151026 124318 8731
20151026 124318 8731
20151026 124318 8731
20151026 124318 8731
20151026 124318 8731
20151026 124318 8731
20151026 124318 8731
20151026 124332 8730
20151026 124332 8731
20151026 124332 8731
20151026 124414 8729
20151026 124415 8729
20151026 124448 8729
20151026 124611 8728
20151026 124614 8728
20151026 124614 8728
20151026 124946 8729
20151026 125138 8728
20151026 125237 8727
20151026 125630 8728
20151026 125839 8728
20151026 125930 8729
20151026 130349 8729
20151026 130538 8729
20151026 130614 8729
20151026 130654 8726
20151026 130654 8726
20151026 131125 8729
20151026 131126 8730
20151026 131126 8730
20151026 131201 8731
20151026 131201 8731
20151026 131456 8730
20151026 131501 8732
20151026 131501 8732
20151026 131501 8732
20151026 131501 8732
20151026 131501 8732
20151026 131528 8730
20151026 131528 8730
20151026 131719 8729
20151026 131951 8730
20151026 132157 8731
20151026 132205 8732
20151026 132218 8732
20151026 132336 8732
20151026 132500 8733
20151026 132501 8733
20151026 132503 8733
20151026 132515 8734
20151026 132515 8734
20151026 132515 8734
20151026 132519 8734
20151026 132521 8735
20151026 132521 8735
20151026 132521 8735
20151026 132533 8735
20151026 132537 8736
20151026 132538 8736
20151026 132538 8736
20151026 132543 8736
20151026 132609 8737
20151026 132609 8737
20151026 132609 8737
20151026 132609 8737
20151026 132609 8737
20151026 132611 8738
20151026 132611 8738
20151026 132612 8738
20151026 132618 8739
20151026 132618 8739
20151026 132619 8739
20151026 132619 8739
20151026 132620 8738
20151026 132621 8739
20151026 132654 8739
20151026 132700 8738
20151026 132708 8739
20151026 132708 8739
20151026 132708 8739
20151026 132721 8738
20151026 133032 8739
20151026 133032 8739
20151026 133032 8739
20151026 133032 8739
20151026 133048 8739
20151026 133101 8740
20151026 133118 8739
20151026 133118 8739
20151026 133119 8739
20151026 133235 8739
20151026 133235 8739
20151026 133235 8739
20151026 133235 8739
20151026 133307 8736
20151026 133307 8737
20151026 133307 8737
20151026 133307 8737
20151026 133307 8737
20151026 133309 8736
20151026 133402 8737
20151026 133508 8737
20151026 133600 8738
20151026 133650 8738
20151026 133739 8740
20151026 133739 8740
20151026 133757 8740
20151026 133759 8740
20151026 133837 8738
20151026 133839 8738
20151026 133908 8738
20151026 133940 8736
20151026 134028 8737
20151026 134029 8737
20151026 134057 8736
20151026 134057 8736
20151026 134102 8735
20151026 134104 8734
20151026 134107 8734
20151026 134120 8734
20151026 134131 8734
20151026 134139 8733
20151026 134142 8732
20151026 134145 8732
20151026 134203 8733
20151026 134203 8733
20151026 134222 8734
20151026 134222 8734
20151026 134335 8734
20151026 134337 8735
20151026 134359 8733
20151026 134400 8733
20151026 134456 8735
