84548	8364	8376.247305	8366.954545	8357.661786
84553	8365	8375.528248	8366.590909	8357.65357
84558	8366	8375.531855	8366.727273	8357.922691
84600	8367	8375.587594	8366.863636	8358.139679
84602	8370	8375.860321	8367.136364	8358.412406
84606	8365	8375.85018	8367.181818	8358.513456
84608	8366	8375.85018	8367.181818	8358.513456
84611	8369	8375.973444	8367.272727	8358.57201
84614	8370	8376.182171	8367.409091	8358.63601
84623	8381	8378.390101	8367.954545	8357.51899
84624	8373	8378.827114	8368.181818	8357.536523
84625	8372	8378.233634	8368	8357.766366
84627	8374	8378.757434	8368.227273	8357.697111
84628	8374	8378.428381	8368.136364	8357.844346
84630	8390	8382.84074	8369.090909	8355.341078
84631	8374	8383.253147	8369.545455	8355.837762
84633	8373	8383.470507	8370	8356.529493
84635	8374	8383.75837	8370.454545	8357.150721
84638	8373	8383.677826	8371	8358.322174
84641	8390	8386.369999	8371.590909	8356.81182
84643	8375	8386.409018	8372.181818	8357.954618
84645	8377	8386.590834	8372.818182	8359.04553
84646	8377	8386.725644	8373.409091	8360.092538
84647	8376	8386.742415	8373.909091	8361.075767
84650	8378	8386.911413	8374.454545	8361.997678
84651	8379	8387.150571	8375	8362.849429
84652	8378	8387.371898	8375.363636	8363.355375
84653	8379	8387.200649	8376	8364.799351
84658	8378	8386.880343	8376.545455	8366.210566
84702	8379	8386.835002	8377	8367.164998
84704	8379	8386.783313	8377.409091	8368.034869
84716	8379	8386.589572	8377.318182	8368.046792
84754	8376	8386.554541	8377.454545	8368.35455
84817	8376	8386.448452	8377.636364	8368.824276
84823	8375	8386.428482	8377.681818	8368.935154
84827	8375	8386.407068	8377.727273	8369.047478
84834	8375	8383.933581	8377.045455	8370.157328
84837	8388	8385.803313	8377.681818	8369.560323
84838	8388	8387.278291	8378.363636	8369.448981
84845	8374	8387.278291	8378.363636	8369.448981
84849	8374	8387.223523	8378.409091	8369.594659
84858	8376	8385.032375	8377.772727	8370.51308
84859	8376	8385.02011	8377.818182	8370.616254
84900	8386	8386.18013	8378.227273	8370.274416
84901	8376	8386.173549	8378.181818	8370.190087
84922	8384	8386.829662	8378.545455	8370.261247
84936	8374	8386.860597	8378.363636	8369.866675
84938	8375	8386.787025	8378.181818	8369.576611
84948	8376	8386.744003	8378.090909	8369.437815
85001	8377	8386.655004	8378	8369.344996
85002	8377	8386.61957	8377.954545	8369.289521
85004	8377	8386.524845	8377.863636	8369.202428
85009	8377	8386.426299	8377.772727	8369.119156
85024	8377	8386.323922	8377.681818	8369.039715
85026	8377	8386.343997	8377.727273	8369.110549
85033	8377	8386.363035	8377.772727	8369.182419
85054	8377	8386.376631	8377.863636	8369.350642
85113	8377	8386.385598	8377.954545	8369.523493
85129	8375	8386.385598	8377.954545	8369.523493
85158	8374	8384.663839	8377.318182	8369.972525
85210	8372	8382.610848	8376.590909	8370.57097
85213	8385	8383.937517	8377.090909	8370.244302
85216	8367	8384.725584	8376.772727	8368.81987
85220	8366	8385.451266	8376.318182	8367.185098
85221	8366	8385.959458	8375.863636	8365.767814
85225	8367	8384.723449	8375	8365.276551
85227	8368	8384.772625	8374.636364	8364.500102
85233	8369	8383.479198	8373.954545	8364.429893
85237	8370	8383.438634	8373.772727	8364.106821
85242	8380	8384	8374	8364
85250	8370	8383.821048	8373.727273	8363.633498
85255	8369	8383.53571	8373.363636	8363.191563
85300	8369	8383.198039	8373	8362.801961
85305	8369	8382.808437	8372.636364	8362.46429
85310	8369	8382.366502	8372.272727	8362.178952
85313	8369	8381.871002	8371.909091	8361.94718
85318	8370	8381.326674	8371.590909	8361.855144
85344	8372	8380.812936	8371.363636	8361.914337
85351	8373	8380.339753	8371.181818	8362.023883
85358	8372	8379.765226	8370.954545	8362.143864
85359	8372	8379.465543	8370.818182	8362.17082
85414	8374	8379.465543	8370.818182	8362.17082
85418	8374	8379.645828	8370.909091	8362.172354
85443	8373	8376.675111	8370.363636	8364.052162
85446	8383	8379.13418	8371.090909	8363.047638
85458	8389	8382.809958	8372.136364	8361.462769
85529	8374	8382.852865	8372.5	8362.147135
85534	8373	8382.843961	8372.772727	8362.701493
85542	8374	8382.907729	8373.045455	8363.18318
85547	8376	8383.134566	8373.363636	8363.592706
85549	8376	8383.351309	8373.636364	8363.921418
85554	8376	8382.83009	8373.454545	8364.079001
85602	8376	8383.033806	8373.727273	8364.420739
85612	8377	8383.254257	8374.090909	8364.927561
85616	8376	8383.326063	8374.409091	8365.492119
85629	8388	8385.509591	8375.272727	8365.035863
85640	8377	8385.518311	8375.636364	8365.754416
85646	8375	8385.365384	8375.909091	8366.452797
85716	8374	8385.234393	8376.090909	8366.947425
85717	8374	8385.199707	8376.181818	8367.16393
85718	8374	8385.190467	8376.227273	8367.264079
85725	8375	8385.155067	8376.363636	8367.572206
85728	8375	8385.107608	8376.5	8367.892392
85757	8348	8389.982751	8375.318182	8360.653613
85809	8375	8390.017776	8375.363636	8360.709497
85812	8375	8390.073677	8375.454545	8360.835414
85816	8375	8389.334365	8375.090909	8360.847453
85817	8375	8387.341851	8374.454545	8361.56724
85838	8374	8387.341851	8374.454545	8361.56724
85843	8375	8387.418644	8374.545455	8361.672265
85854	8374	8387.418644	8374.545455	8361.672265
85856	8374	8387.313603	8374.454545	8361.595487
85904	8372	8387.152335	8374.272727	8361.393119
85927	8373	8387.003453	8374.136364	8361.269274
85930	8374	8386.886826	8374.045455	8361.204083
85932	8373	8386.645661	8373.863636	8361.081611
90007	8375	8386.576585	8373.818182	8361.059778
90017	8377	8384.589809	8373.318182	8362.046554
90022	8379	8384.829314	8373.409091	8361.988868
90030	8375	8384.829314	8373.409091	8361.988868
90044	8379	8385.291179	8373.636364	8361.981549
90046	8380	8385.862167	8373.909091	8361.956015
90047	8380	8386.401569	8374.181818	8361.962067
90048	8390	8388.75013	8374.863636	8360.977143
90049	8390	8390.797605	8375.545455	8360.293304
90054	8390	8388.321129	8377.454545	8366.587962
90055	8382	8388.742634	8377.772727	8366.802821
90056	8381	8389.024398	8378.045455	8367.066512
90057	8381	8389.279044	8378.318182	8367.35732
90111	8380	8389.428757	8378.545455	8367.662152
90116	8379	8389.47416	8378.772727	8368.071295
90117	8377	8389.468874	8378.863636	8368.258398
90120	8374	8389.468874	8378.863636	8368.258398
90122	8374	8389.468874	8378.863636	8368.258398
90141	8387	8390.226402	8379.545455	8368.864507
90158	8385	8390.603397	8380.090909	8369.578421
90201	8367	8391.371032	8379.772727	8368.174423
90222	8368	8391.84072	8379.545455	8367.250189
90223	8367	8392.429615	8379.181818	8365.934021
90228	8368	8392.797793	8378.772727	8364.747661
90233	8366	8393.180441	8378.181818	8363.183196
90234	8365	8393.66102	8377.727273	8361.793526
90235	8365	8393.866531	8377.090909	8360.315287
90239	8366	8393.793176	8376.454545	8359.115915
90244	8366	8393.6113	8375.818182	8358.025064
90249	8366	8391.838479	8374.727273	8357.616066
90253	8383	8390.60852	8374.409091	8358.209662
90255	8366	8388.362194	8373.318182	8358.274169
90304	8362	8387.660429	8372.409091	8357.157753
90306	8361	8386.977256	8371.5	8356.022744
90307	8361	8386.078841	8370.590909	8355.102977
90310	8359	8385.274841	8369.636364	8353.997886
90318	8378	8385.125727	8369.590909	8354.056091
90319	8379	8385.411193	8369.681818	8353.952444
90323	8359	8385.214472	8369	8352.785528
90326	8359	8384.891834	8368.318182	8351.74453
90327	8378	8382.995618	8367.909091	8352.822564
90328	8358	8380.331811	8366.681818	8353.031825
90329	8360	8380.292618	8366.363636	8352.434655
90332	8358	8380.241623	8365.909091	8351.576558
90333	8358	8380.193845	8365.5	8350.806155
90334	8357	8380.063502	8365	8349.936498
90336	8357	8380.008244	8364.590909	8349.173574
90337	8357	8379.962951	8364.227273	8348.491594
90359	8356	8379.916023	8363.818182	8347.72034
90405	8354	8379.844135	8363.272727	8346.701319
90408	8355	8379.645856	8362.772727	8345.899598
90409	8356	8379.357029	8362.318182	8345.279335
90410	8358	8375.699974	8361.181818	8346.663662
90411	8375	8377.102302	8361.590909	8346.079516
90413	8362	8377.102302	8361.590909	8346.079516
90420	8359	8377.047581	8361.5	8345.952419
90424	8355	8377.009101	8361.227273	8345.445444
90434	8359	8377.009101	8361.227273	8345.445444
90437	8378	8377.009101	8361.227273	8345.445444
90441	8360	8374.108658	8360.363636	8346.618615
90449	8361	8374.18874	8360.454545	8346.720351
90450	8360	8374.221251	8360.5	8346.778749
90451	8360	8371.08176	8359.681818	8348.281876
90456	8358	8371.08176	8359.681818	8348.281876
90457	8376	8373.68462	8360.409091	8347.133562
90505	8357	8373.678638	8360.363636	8347.048635
90508	8358	8373.678638	8360.363636	8347.048635
90509	8357	8373.678638	8360.363636	8347.048635
90510	8359	8373.70359	8360.454545	8347.205501
90511	8360	8373.756416	8360.590909	8347.425402
90514	8362	8373.885233	8360.863636	8347.84204
90515	8378	8376.433085	8361.954545	8347.476006
90516	8364	8376.53846	8362.363636	8348.188813
90519	8365	8376.706751	8362.772727	8348.838703
90521	8365	8376.893532	8363.090909	8349.288286
90527	8362	8375.288489	8362.5	8349.711511
90536	8362	8375.288489	8362.5	8349.711511
90545	8360	8375.290896	8362.545455	8349.800013
90603	8361	8375.156391	8362.818182	8350.479973
90609	8378	8377.411499	8363.681818	8349.952137
90632	8365	8375.344429	8363.090909	8350.837389
90633	8366	8375.596906	8363.363636	8351.130366
90634	8366	8375.825868	8363.590909	8351.35595
90635	8378	8377.915441	8364.409091	8350.902741
90636	8363	8377.931027	8364.545455	8351.159882
90650	8378	8379.631701	8365.454545	8351.27739
90654	8368	8378.560188	8365.090909	8351.62163
90655	8368	8378.631532	8365.590909	8352.550286
90657	8368	8378.687049	8366.045455	8353.40386
90700	8368	8378.571597	8366.545455	8354.519312
90701	8384	8381.265048	8367.681818	8354.098588
90703	8373	8381.596415	8368.272727	8354.949039
90715	8378	8382.61817	8369	8355.38183
90716	8390	8385.347955	8369.545455	8353.742954
90717	8395	8389.769214	8370.954545	8352.139877
90719	8380	8390.624833	8371.636364	8352.647894
90726	8377	8391.065542	8372.181818	8353.298094
90732	8392	8393.588384	8373.545455	8353.502525
90755	8378	8393.740013	8374.272727	8354.805442
90803	8378	8393.578341	8375.090909	8356.603478
90809	8380	8393.478319	8375.954545	8358.430772
90813	8381	8393.722586	8376.090909	8358.459232
90814	8381	8393.870362	8376.818182	8359.766001
90825	8380	8393.87767	8377.454545	8361.031421
90833	8380	8393.756843	8378.090909	8362.424975
90840	8395	8396.039682	8378.863636	8361.687591
90849	8393	8396.905313	8380.227273	8363.549233
90852	8395	8398.735429	8381	8363.264571
90857	8390	8399.162327	8382	8364.837673
90858	8373	8398.762984	8382.227273	8365.691561
90905	8375	8398.220881	8382.545455	8366.870028
90908	8375	8397.601287	8382.863636	8368.125986
90919	8393	8398.601628	8383.272727	8367.943826
90936	8401	8400.868637	8384.545455	8368.222272
90937	8384	8400.893418	8384.818182	8368.742945
90938	8384	8400.462595	8384.545455	8368.628314
90940	8383	8399.255401	8384	8368.744599
90943	8394	8400.332865	8384.636364	8368.939862
90947	8382	8400.253071	8384.863636	8369.474201
90950	8382	8399.516694	8384.409091	8369.301488
90951	8378	8399.516694	8384.409091	8369.301488
90952	8378	8399.516694	8384.409091	8369.301488
90953	8398	8401.21513	8385.227273	8369.239416
91001	8383	8401.231428	8385.318182	8369.404936
91002	8385	8401.302762	8385.5	8369.697238
91006	8401	8403.31469	8386.454545	8369.594401
91010	8378	8403.382828	8386.363636	8369.344444
91022	8380	8402.462612	8385.681818	8368.901024
91028	8378	8401.754918	8385	8368.245082
91030	8377	8400.659201	8384.181818	8367.704436
91035	8377	8400.123621	8383.590909	8367.058197
91037	8394	8400.946422	8384.545455	8368.144487
91039	8381	8400.768518	8384.818182	8368.867846
91043	8383	8400.57528	8385.181818	8369.788356
91044	8383	8399.75672	8384.727273	8369.697825
91045	8384	8397.200159	8383.954545	8370.708932
91046	8383	8397.160631	8383.909091	8370.657551
91053	8384	8397.160631	8383.909091	8370.657551
91057	8383	8397.160631	8383.909091	8370.657551
91105	8384	8395.955124	8383.454545	8370.953967
91118	8380	8395.934099	8383.363636	8370.793174
91140	8377	8395.975161	8383.136364	8370.297567
91145	8393	8397.079696	8383.818182	8370.556667
91148	8375	8397.238251	8383.681818	8370.125386
91149	8393	8396.185714	8383.454545	8370.723377
91152	8377	8396.194209	8383.181818	8370.169427
91158	8373	8396.288476	8382.636364	8368.984252
91159	8387	8393.265394	8382	8370.734606
91200	8366	8394.468206	8381.454545	8368.440884
91202	8360	8396.336445	8380.545455	8364.754464
91207	8359	8397.836571	8379.681818	8361.527066
91208	8380	8397.93534	8379.818182	8361.701024
91215	8354	8399.834816	8378.772727	8357.710639
91216	8353	8399.455279	8376.909091	8354.362903
91219	8358	8399.652828	8375.863636	8352.074445
91221	8356	8399.583912	8374.636364	8349.688815
91223	8356	8399.231274	8373.409091	8347.586908
91225	8355	8398.568406	8372.090909	8345.613412
91226	8374	8397.747374	8371.681818	8345.616262
91227	8354	8396.798956	8370.318182	8343.837408
91228	8355	8395.656985	8369.045455	8342.433924
91234	8359	8393.999208	8367.909091	8341.818974
91250	8358	8392.754147	8366.909091	8341.064034
91251	8358	8391.753446	8366.045455	8340.337463
91254	8359	8387.484184	8364.5	8341.515816
91255	8358	8386.388267	8363.727273	8341.066278
91259	8359	8380.949647	8362.181818	8343.413989
91301	8357	8378.989507	8361.272727	8343.555947
91303	8356	8377.574702	8360.5	8343.425298
91304	8357	8371.732113	8359.136364	8346.540615
91308	8356	8370.972041	8358.681818	8346.391595
91309	8355	8370.823528	8358.454545	8346.085563
91314	8374	8373.101195	8359.136364	8345.171532
91317	8353	8368.711601	8357.909091	8347.106581
91319	8351	8368.841632	8357.772727	8346.703822
91320	8368	8370.09659	8358.454545	8346.812501
91322	8352	8370.130745	8358.181818	8346.232891
91323	8354	8370.134906	8358.090909	8346.046913
91327	8358	8370.191456	8358.181818	8346.17218
91337	8359	8370.295952	8358.363636	8346.43132
91354	8357	8367.38254	8357.590909	8347.799278
91400	8356	8367.375047	8357.681818	8347.98859
91401	8355	8367.375047	8357.681818	8347.98859
91404	8354	8367.247442	8357.454545	8347.661649
91414	8370	8369.102825	8358	8346.897175
91418	8352	8369.107987	8357.727273	8346.346558
91422	8351	8369.065158	8357.363636	8345.662114
91437	8351	8369.037532	8357.045455	8345.053377
91439	8353	8368.847221	8356.772727	8344.698234
91442	8357	8368.847221	8356.772727	8344.698234
91446	8354	8368.808219	8356.681818	8344.555418
91456	8356	8368.765149	8356.636364	8344.507578
91457	8357	8368.808219	8356.681818	8344.555418
91501	8371	8370.888491	8357.409091	8343.929691
91504	8372	8370.368941	8357.318182	8344.267423
91505	8359	8370.519512	8357.590909	8344.662307
91511	8353	8370.450905	8357.681818	8344.912731
91512	8351	8369.132899	8356.909091	8344.685283
91513	8348	8369.350222	8356.727273	8344.104324
91514	8348	8369.551766	8356.454545	8343.357325
91515	8346	8369.685343	8355.909091	8342.132839
91521	8351	8369.398282	8355.545455	8341.692627
91523	8352	8369.232025	8355.318182	8341.404338
91530	8362	8369.78001	8355.590909	8341.401808
91535	8349	8369.77044	8355.318182	8340.865924
91549	8363	8370.512792	8355.727273	8340.941754
91558	8347	8368.503887	8354.681818	8340.859749
91559	8363	8369.370628	8355.181818	8340.993009
91604	8348	8369.44845	8355.045455	8340.642459
91605	8349	8369.483229	8354.954545	8340.425862
91608	8350	8369.473449	8354.818182	8340.162915
91609	8351	8369.251387	8354.545455	8339.839522
91613	8351	8369.18818	8354.409091	8339.630001
91614	8350	8369.009102	8354.136364	8339.263625
91615	8350	8368.731707	8353.818182	8338.904657
91621	8347	8365.858524	8352.727273	8339.596022
91636	8345	8361.975079	8351.5	8341.024921
91637	8345	8361.137973	8350.863636	8340.5893
91638	8343	8361.13983	8350.409091	8339.678352
91639	8341	8361.371873	8349.954545	8338.537218
91648	8354	8361.731135	8350.227273	8338.723411
91651	8340	8362.108048	8349.863636	8337.619225
91659	8354	8362.466284	8350.227273	8337.988262
91706	8340	8362.677272	8349.727273	8336.777274
91707	8343	8362.521299	8349.318182	8336.115064
91708	8344	8360.646829	8348.5	8336.353171
91709	8344	8360.559924	8348.272727	8335.98553
91711	8345	8357.981174	8347.454545	8336.927916
91713	8359	8359.567981	8348	8336.432019
91714	8347	8356.81082	8347.272727	8337.734635
91716	8358	8358.26175	8347.727273	8337.192796
91719	8344	8358.130146	8347.5	8336.869854
91722	8358	8359.325755	8347.863636	8336.401518
91726	8346	8359.038843	8347.636364	8336.233885
91729	8345	8358.718178	8347.363636	8336.009095
91731	8346	8358.489681	8347.181818	8335.873955
91733	8346	8358.249242	8347	8335.750758
91734	8346	8358.211499	8346.954545	8335.697592
91735	8358	8359.661969	8347.545455	8335.42894
91736	8358	8360.946806	8348.136364	8335.325921
91754	8349	8361.024508	8348.409091	8335.793673
91757	8348	8360.925362	8348.727273	8336.529183
91800	8349	8360.481046	8348.5	8336.518954
91805	8346	8360.229076	8348.772727	8337.316378
91806	8346	8359.685117	8348.409091	8337.133065
91814	8344	8359.439606	8348.590909	8337.742213
91819	8346	8359.364802	8348.727273	8338.089744
91822	8358	8360.459015	8349.363636	8338.268257
91825	8347	8360.400375	8349.5	8338.599625
91830	8349	8360.407935	8349.681818	8338.955701
91836	8350	8359.203063	8349.272727	8339.342391
91846	8365	8361.921672	8350.090909	8338.260147
91847	8354	8361.365079	8349.909091	8338.453103
91848	8354	8361.63783	8350.363636	8339.089443
91849	8367	8363.662918	8350.772727	8337.882536
91857	8352	8363.773052	8351.045455	8338.317857
91859	8352	8363.81785	8351.363636	8338.909423
91906	8350	8363.796277	8351.545455	8339.294632
91907	8351	8363.786837	8351.772727	8339.758617
91918	8347	8363.751883	8351.818182	8339.884481
91919	8349	8363.081266	8351.409091	8339.736916
91929	8346	8362.373244	8350.863636	8339.354028
91942	8345	8362.427399	8350.681818	8338.936237
91944	8345	8362.480541	8350.545455	8338.610368
91951	8356	8362.988674	8350.863636	8338.738599
91954	8361	8364.176258	8351.545455	8338.914651
91956	8344	8364.271115	8351.454545	8338.637976
91958	8343	8364.337693	8351.409091	8338.480488
91959	8340	8364.745124	8351.136364	8337.527604
92000	8336	8364.774986	8350.136364	8335.497742
92001	8353	8365.027374	8350.409091	8335.790807
92005	8339	8365.322485	8349.954545	8334.586606
92006	8353	8365.511192	8350.090909	8334.670626
92007	8335	8363.9371	8348.727273	8333.517446
92008	8335	8363.912374	8347.863636	8331.814899
92010	8334	8363.757979	8346.954545	8330.151112
92014	8338	8360.364759	8345.636364	8330.907969
92019	8341	8359.712751	8345.136364	8330.559976
92021	8343	8359.012444	8344.727273	8330.442102
92022	8343	8358.521099	8344.409091	8330.297083
92029	8342	8357.843279	8344	8330.156721
92031	8342	8357.575649	8343.772727	8329.969805
92034	8342	8357.082422	8343.454545	8329.826669
92041	8341	8356.844532	8343.227273	8329.610013
92043	8310	8361.01344	8341.636364	8322.259288
92049	8341	8360.776951	8341.454545	8322.132139
92057	8341	8359.022826	8340.772727	8322.522628
92100	8343	8355.982672	8339.954545	8323.926419
92105	8344	8355.982672	8339.954545	8323.926419
92106	8344	8356.068037	8340	8323.931963
92114	8341	8356.118891	8340.045455	8323.972018
92115	8341	8356.252053	8340.272727	8324.293402
92117	8353	8356.252053	8340.272727	8324.293402
92123	8343	8356.462808	8340.454545	8324.446283
92131	8310	8358.019221	8338.5	8318.980779
92133	8341	8358.25635	8338.772727	8319.289104
92137	8307	8361.039136	8337.5	8313.960864
92152	8341	8361.348714	8337.818182	8314.28765
92158	8340	8361.457178	8337.909091	8314.361004
92209	8341	8361.457178	8337.909091	8314.361004
92210	8342	8361.376074	8337.863636	8314.351199
92242	8344	8361.464898	8337.909091	8314.353284
92245	8345	8361.728799	8338.045455	8314.36211
92246	8346	8362.09	8338.227273	8314.364545
92247	8346	8362.444361	8338.409091	8314.373821
92305	8345	8362.761959	8338.590909	8314.419859
92312	8344	8360.906057	8340.136364	8319.36667
92324	8344	8361.102617	8340.272727	8319.442838
92325	8347	8361.562567	8340.545455	8319.528342
92326	8348	8361.998199	8340.772727	8319.547255
92329	8361	8364.362731	8341.545455	8318.728178
92330	8349	8364.782068	8341.772727	8318.763387
92332	8362	8367.22352	8342.727273	8318.231026
92333	8365	8369.989897	8343.818182	8317.646467
92342	8353	8369.989897	8343.818182	8317.646467
92348	8354	8370.826406	8344.318182	8317.809958
92349	8368	8370.676245	8346.954545	8323.232846
92420	8353	8371.200786	8347.5	8323.799214
92425	8353	8365.450051	8349.590909	8333.731767
92436	8365	8367.310232	8350.681818	8334.053405
92437	8365	8368.784848	8351.818182	8334.851515
92451	8353	8368.662498	8352.363636	8336.064775
92504	8353	8368.522447	8352.863636	8337.204826
92508	8350	8368.371436	8353.136364	8337.901291
92513	8351	8368.261811	8353.409091	8338.55637
92519	8365	8369.506444	8354.272727	8339.039011
92538	8352	8369.386764	8354.545455	8339.704145
92539	8351	8369.159937	8354.818182	8340.476426
92542	8368	8370.443177	8355.909091	8341.375004
92636	8348	8370.115681	8356.090909	8342.066138
92638	8346	8370.193725	8356.045455	8341.897184
92639	8345	8370.418136	8355.909091	8341.400046
92640	8362	8370.533201	8355.954545	8341.37589
92715	8346	8370.707304	8355.818182	8340.92906
92733	8360	8370.488177	8355.727273	8340.966368
92740	8348	8369.470709	8354.954545	8340.438382
92804	8352	8369.455682	8354.909091	8340.3625
92806	8354	8369.455682	8354.909091	8340.3625
92824	8354	8367.650889	8354.272727	8340.894566
92837	8368	8369.483229	8354.954545	8340.425862
92912	8371	8371.726431	8355.772727	8339.819024
92914	8352	8370.681218	8355.181818	8339.682418
92919	8352	8369.529074	8354.590909	8339.652745
92921	8350	8369.502678	8354.454545	8339.406413
92932	8348	8369.505681	8354.227273	8338.948865
93015	8353	8369.541916	8354.363636	8339.185357
93030	8346	8369.655214	8354.136364	8338.617513
93047	8361	8369.047919	8353.954545	8338.861172
93048	8342	8369.383096	8353.5	8337.616904
93051	8340	8369.830708	8353	8336.169292
93052	8353	8367.826377	8352.318182	8336.809986
93053	8350	8367.838214	8352.409091	8336.979967
93057	8335	8368.781975	8351.909091	8335.036207
93058	8332	8369.937686	8351.318182	8332.698677
93101	8333	8369.493589	8350	8330.506411
93103	8334	8370.008043	8349.454545	8328.901047
93110	8335	8369.176024	8348.318182	8327.460339
93119	8335	8369.311626	8347.727273	8326.14292
93139	8331	8369.351332	8346.772727	8324.194123
93140	8331	8368.990055	8345.727273	8322.464491
93141	8329	8368.558001	8344.590909	8320.623817
93142	8345	8365.235228	8343.545455	8321.855681
93144	8326	8360.803791	8341.5	8322.196209
93145	8327	8360.001683	8340.363636	8320.725589
93146	8342	8358.901042	8339.909091	8320.91714
93148	8329	8357.932784	8338.954545	8319.976307
93150	8329	8357.073285	8338.090909	8319.108534
93152	8330	8355.140931	8337.045455	8318.949978
93153	8332	8354.181993	8336.409091	8318.636189
93156	8330	8349.333686	8335	8320.666314
93200	8331	8348.58739	8334.5	8320.41261
93203	8331	8348.037679	8334.090909	8320.144139
93204	8328	8344.403678	8332.954545	8321.505413
93208	8326	8340.934979	8331.863636	8322.792294
93210	8325	8340.802688	8331.409091	8322.015494
93216	8326	8340.790293	8331.136364	8321.482435
93223	8327	8340.629913	8330.863636	8321.097359
93226	8327	8340.338351	8330.545455	8320.752558
93227	8330	8339.917166	8330.318182	8320.719198
93230	8328	8339.419516	8330	8320.580484
93234	8329	8339.326852	8329.909091	8320.49133
93235	8326	8339.223809	8329.681818	8320.139827
93237	8342	8341.096637	8330.272727	8319.448817
93238	8324	8338.331028	8329.318182	8320.305335
93241	8325	8338.361818	8329.272727	8320.183637
93247	8326	8338.371209	8329.227273	8320.083336
93248	8326	8335.829889	8328.5	8321.170111
93309	8347	8339.959206	8329.318182	8318.677157
93310	8334	8340.361726	8329.545455	8318.729183
93312	8332	8340.499905	8329.636364	8318.772822
93318	8330	8340.361726	8329.545455	8318.729183
93320	8329	8340.316654	8329.5	8318.683346
93335	8329	8340.207392	8329.409091	8318.61079
93346	8327	8340.046982	8329.227273	8318.407563
93358	8325	8340.043851	8329.090909	8318.137967
93407	8327	8340.045833	8329.136364	8318.226894
93411	8329	8340.078147	8329.318182	8318.558216
93419	8329	8340.118457	8329.454545	8318.790634
93421	8328	8340.130146	8329.5	8318.869854
93431	8328	8340.140947	8329.545455	8318.949962
93448	8329	8340.095883	8329.5	8318.904117
93515	8330	8340.168056	8329.590909	8319.013762
93535	8326	8340.135493	8329.454545	8318.773598
93610	8345	8342.682152	8330.318182	8317.954211
93611	8334	8341.355937	8329.954545	8318.553154
93612	8335	8341.731671	8330.454545	8319.17742
93613	8337	8342.329768	8331	8319.670232
93633	8328	8342.290083	8331.090909	8319.891736
93639	8304	8345.907001	8330.090909	8314.274817
93656	8332	8343.443582	8329.409091	8315.3746
93702	8336	8343.677447	8329.5	8315.322553
93704	8336	8344.083666	8329.681818	8315.27997
93717	8337	8344.72166	8330	8315.27834
93720	8350	8347.855081	8330.954545	8314.05401
93726	8340	8348.740665	8331.454545	8314.168426
93727	8345	8350.324993	8332.272727	8314.220462
93728	8357	8354.196157	8333.727273	8313.258389
93736	8341	8354.826867	8334.363636	8313.900406
93740	8341	8355.411056	8334.909091	8314.407126
93741	8357	8358.45807	8336.181818	8313.905566
93751	8336	8358.534934	8336.545455	8314.555975
93752	8340	8358.798964	8337.090909	8315.382854
93802	8336	8358.836848	8337.409091	8315.981334
93813	8343	8359.294472	8338	8316.705528
93832	8360	8362.033652	8339.545455	8317.057257
93834	8347	8362.227959	8339.636364	8317.044769
93835	8348	8362.981811	8340.272727	8317.563644
93836	8365	8366.423057	8341.636364	8316.84967
93846	8345	8366.738634	8342	8317.261366
93905	8347	8366.90372	8342.863636	8318.823553
93907	8348	8361.954787	8344.863636	8327.772485
93910	8348	8361.767875	8345.590909	8329.413944
93911	8348	8361.783559	8346.136364	8330.489169
93913	8349	8361.768813	8346.727273	8331.685732
93916	8348	8361.66122	8347.227273	8332.793325
93917	8348	8361.524433	8347.136364	8332.748295
93921	8348	8361.548617	8347.5	8333.451383
93933	8345	8361.548617	8347.5	8333.451383
93934	8343	8360.391997	8346.863636	8333.335276
93945	8343	8360.350302	8346.954545	8333.558789
93947	8342	8360.321207	8347	8333.678793
93959	8343	8359.034942	8346.363636	8333.692331
94008	8347	8358.700335	8346.863636	8335.026938
94011	8348	8358.683622	8347.227273	8335.770924
94012	8365	8361.147435	8348.545455	8335.943474
94013	8356	8361.861363	8349.136364	8336.411364
94015	8354	8360.883248	8348.863636	8336.844024
94021	8357	8361.770073	8349.318182	8336.866291
94022	8355	8362.293312	8349.636364	8336.979415
94024	8358	8360.702164	8349.318182	8337.9342
94027	8358	8361.67822	8349.909091	8338.139962
94036	8357	8362.417236	8350.363636	8338.310037
94037	8356	8362.955137	8350.727273	8338.499409
94039	8356	8363.447859	8351.090909	8338.733959
94108	8354	8363.700506	8351.363636	8339.026767
94109	8357	8364.234461	8351.727273	8339.220085
94117	8355	8364.513264	8352.045455	8339.577645
94122	8368	8366.934756	8352.954545	8338.974335
94141	8347	8366.959767	8352.909091	8338.858415
94224	8351	8366.835141	8353.181818	8339.528495
94244	8365	8367.928042	8354.181818	8340.435594
94313	8350	8367.5	8354.5	8341.5
94321	8350	8366.852957	8354.863636	8342.874316
94333	8353	8366.17906	8355.318182	8344.457304
94335	8354	8365.897419	8355.636364	8345.375308
94336	8354	8365.649524	8355.909091	8346.168658
94400	8354	8364.326063	8355.409091	8346.492119
94401	8355	8364.278291	8355.363636	8346.448981
94423	8352	8364.281447	8355.272727	8346.264008
94426	8350	8364.188421	8354.954545	8345.72067
94434	8351	8364.152237	8354.772727	8345.393217
94524	8348	8363.992635	8354.318182	8344.643729
94533	8345	8363.999598	8353.727273	8343.454948
94559	8341	8364.441551	8353	8341.558449
94600	8343	8364.494531	8352.409091	8340.323651
94603	8362	8365.336481	8352.681818	8340.027155
94645	8344	8365.368904	8352.227273	8339.085641
94654	8343	8365.097259	8351.590909	8338.084559
94706	8348	8364.772651	8351.272727	8337.772804
94727	8348	8361.766115	8350.363636	8338.961157
94732	8348	8361.765452	8350.409091	8339.05273
94739	8352	8361.827996	8350.454545	8339.081095
94742	8351	8359.26923	8349.818182	8340.367134
94807	8353	8359.498268	8349.954545	8340.410823
94808	8356	8360.097924	8350.227273	8340.356622
94810	8356	8360.46396	8350.363636	8340.263313
94839	8362	8361.849434	8350.727273	8339.605111
94841	8344	8361.637454	8350.272727	8338.908
94848	8345	8361.309882	8349.863636	8338.417391
94914	8353	8361.08534	8349.772727	8338.460115
94917	8353	8361.174179	8349.818182	8338.462184
95010	8354	8361.489125	8350	8338.510875
95012	8355	8361.853639	8350.181818	8338.509997
95013	8355	8362.297534	8350.5	8338.702466
95015	8352	8362.380446	8350.818182	8339.255918
95057	8346	8362.007824	8351.045455	8340.083085
95112	8352	8361.842078	8351.454545	8341.067013
95114	8355	8360.600083	8351.136364	8341.672644
95121	8354	8360.589072	8351.590909	8342.592746
95124	8356	8360.529629	8352.181818	8343.834007
95125	8358	8361.1119	8352.636364	8344.160828
95126	8375	8366.22627	8353.863636	8341.501003
95127	8375	8369.983361	8355.090909	8340.198457
95139	8361	8370.524223	8355.5	8340.475777
95150	8362	8371.123732	8356	8340.876268
95152	8380	8375.27702	8357.227273	8339.177525
95153	8367	8376.217386	8357.727273	8339.237159
95158	8367	8377.094578	8358.227273	8339.359967
95200	8369	8377.886671	8358.545455	8339.204238
95201	8369	8378.398717	8359.681818	8340.964919
95202	8370	8378.854875	8360.818182	8342.781488
95203	8369	8379.552799	8361.545455	8343.53811
95208	8370	8380.251253	8362.318182	8344.385111
95210	8389	8384.60524	8363.909091	8343.212942
95211	8372	8385.258825	8364.681818	8344.104811
95214	8369	8385.520669	8365.318182	8345.115694
95218	8370	8385.557959	8366.136364	8346.714769
95219	8369	8384.519495	8367.181818	8349.844141
95223	8369	8383.982672	8367.954545	8351.926419
95234	8369	8383.589807	8368.590909	8353.592011
95241	8369	8382.853219	8369.272727	8355.692236
95249	8370	8382.192251	8369.909091	8357.62593
95257	8371	8381.631446	8370.5	8359.368554
95259	8372	8381.343708	8370.363636	8359.383564
95301	8374	8381.229167	8370.318182	8359.407197
95303	8372	8380.956074	8370.818182	8360.68029
95310	8371	8380.606783	8371.227273	8361.847763
95313	8372	8379.440465	8370.863636	8362.286808
95332	8368	8379.41383	8370.909091	8362.404352
95333	8367	8379.41383	8370.909091	8362.404352
95340	8369	8379.41383	8370.909091	8362.404352
95343	8370	8379.428619	8370.954545	8362.480472
95344	8370	8379.428619	8370.954545	8362.480472
95353	8387	8382.508086	8371.772727	8361.037368
95408	8369	8382.500671	8371.727273	8360.953874
95411	8370	8378.569489	8370.863636	8363.157784
95412	8370	8378.469995	8370.772727	8363.075459
95434	8370	8378.484789	8370.818182	8363.151575
95445	8368	8378.477506	8370.727273	8362.977039
95509	8369	8378.477506	8370.727273	8362.977039
95513	8372	8378.593048	8370.863636	8363.134225
95514	8373	8378.779142	8371.045455	8363.311767
95515	8374	8379.046385	8371.272727	8363.49907
95517	8375	8379.402819	8371.5	8363.597181
95519	8375	8379.713265	8371.681818	8363.650372
95520	8378	8380.407136	8371.954545	8363.501955
95521	8396	8386.062174	8372.954545	8359.846917
95524	8374	8386.153083	8373.045455	8359.937826
95529	8379	8386.711983	8373.409091	8360.106199
95530	8380	8387.336473	8373.772727	8360.208981
95531	8400	8392.388877	8375.227273	8358.065668
95532	8399	8396.085533	8376.681818	8357.278104
95533	8384	8396.69374	8377.363636	8358.033533
95534	8382	8397.053604	8377.909091	8358.764577
95536	8384	8397.526088	8378.545455	8359.564821
95538	8387	8397.526088	8378.545455	8359.564821
95546	8382	8397.696296	8379.136364	8360.576432
95554	8385	8398.085255	8379.818182	8361.551109
95555	8387	8398.567248	8380.590909	8362.61457
95600	8387	8398.908855	8381.363636	8363.818417
95604	8388	8399.007903	8382.272727	8365.537551
95605	8389	8399.086493	8383.181818	8367.277143
95606	8389	8399.251334	8383.954545	8368.657757
95608	8390	8399.438824	8384.727273	8370.015721
95613	8392	8399.773816	8385.545455	8371.317093
95634	8390	8399.791019	8386.227273	8372.663527
95643	8387	8399.420858	8386.772727	8374.124597
95645	8389	8399.350984	8387.272727	8375.19447
95646	8388	8398.380939	8386.909091	8375.437243
95647	8386	8397.46776	8387.454545	8377.441331
95658	8388	8397.17239	8387.863636	8378.554883
95702	8389	8396.93155	8388.272727	8379.613905
95712	8387	8394.672367	8387.681818	8380.69127
95717	8385	8392.071831	8387.045455	8382.019078
95720	8387	8392.029924	8387.181818	8382.333712
95723	8386	8391.693048	8387.363636	8383.034225
95724	8385	8391.61554	8387.409091	8383.202642
95743	8387	8391.61554	8387.409091	8383.202642
95745	8388	8391.16614	8387.681818	8384.197497
95747	8389	8391.182752	8387.863636	8384.544521
95750	8388	8391.206974	8387.909091	8384.611208
95756	8388	8391.228535	8387.954545	8384.680556
95816	8386	8391.237086	8387.863636	8384.490186
95818	8385	8391.217936	8387.681818	8384.1457
95819	8388	8391.128977	8387.636364	8384.14375
95823	8388	8390.888141	8387.545455	8384.202768
95826	8405	8395.982508	8388.136364	8380.290219
95827	8389	8395.904861	8388.090909	8380.276957
95828	8389	8395.989422	8388.181818	8380.374214
95839	8388	8395.936025	8388.136364	8380.336703
95840	8388	8395.936025	8388.136364	8380.336703
95844	8387	8395.942708	8388.181818	8380.420929
95854	8388	8395.942708	8388.181818	8380.420929
95900	8387	8395.858185	8388.090909	8380.323633
95908	8386	8395.849353	8388.045455	8380.241556
95910	8386	8395.834742	8388.090909	8380.347077
95911	8387	8395.834742	8388.090909	8380.347077
95924	8386	8395.834742	8388.090909	8380.347077
95938	8388	8395.853348	8388.227273	8380.601197
95945	8376	8396.89603	8387.727273	8378.558515
95946	8381	8396.99429	8387.409091	8377.823892
95947	8398	8398.360501	8387.818182	8377.275863
95948	8398	8399.637454	8388.272727	8376.908
95950	8378	8399.96331	8387.818182	8375.673054
95959	8382	8400.002674	8387.636364	8375.270054
100001	8384	8400.002913	8387.590909	8375.178905
100008	8377	8400.259868	8387.090909	8373.92195
100016	8379	8400.265048	8386.681818	8373.098588
100032	8379	8396.841797	8385.5	8374.158203
100033	8379	8396.589477	8385.045455	8373.501432
100034	8379	8396.263084	8384.590909	8372.918734
100041	8379	8395.977601	8384.181818	8372.386035
100049	8382	8395.616262	8383.909091	8372.20192
100050	8383	8395.360795	8383.727273	8372.09375
100051	8383	8394.985168	8383.5	8372.014832
100100	8380	8394.649343	8383.181818	8371.714293
100105	8394	8395.825923	8383.545455	8371.264986
100124	8382	8395.61176	8383.363636	8371.115513
100134	8398	8397.48575	8383.863636	8370.241523
100139	8387	8397.566045	8383.909091	8370.252137
100145	8386	8397.391369	8383.818182	8370.244995
100157	8386	8397.431642	8384.272727	8371.113813
100158	8386	8397.597536	8384.5	8371.402464
100200	8385	8395.616262	8383.909091	8372.20192
100201	8385	8393.307019	8383.318182	8373.329345
100203	8385	8393.370006	8383.636364	8373.902721
100205	8400	8396.297875	8384.454545	8372.611216
100208	8387	8396.479163	8384.590909	8372.702655
100211	8380	8396.329495	8384.727273	8373.12505
100213	8386	8396.382879	8385.045455	8373.70803
100217	8384	8396.312849	8385.272727	8374.232605
100230	8386	8396.287707	8385.590909	8374.894111
100240	8384	8396.151471	8385.818182	8375.484893
100243	8401	8398.490003	8386.818182	8375.146361
100252	8386	8398.489125	8387	8375.510875
100256	8387	8398.537816	8387.181818	8375.825821
100306	8386	8398.541313	8387.318182	8376.09505
100317	8386	8398.372359	8387.590909	8376.809459
100330	8382	8397.688032	8387.045455	8376.402877
100331	8382	8397.688032	8387.045455	8376.402877
100352	8384	8395.975302	8386.409091	8376.84288
100353	8385	8395.898206	8386.318182	8376.738158
100354	8384	8395.855485	8386.227273	8376.59906
100401	8386	8395.855485	8386.227273	8376.59906
100408	8388	8395.973823	8386.318182	8376.662541
100411	8387	8396.051028	8386.409091	8376.767154
100414	8388	8396.188677	8386.545455	8376.902232
100427	8386	8396.21397	8386.590909	8376.967848
100454	8386	8393.593614	8385.954545	8378.315477
100501	8388	8393.675226	8386	8378.324774
100502	8388	8393.613601	8386.363636	8379.113672
100503	8389	8393.829889	8386.5	8379.170111
100505	8390	8394.156538	8386.772727	8379.388917
100512	8401	8396.907342	8387.454545	8378.001748
100516	8380	8397.129554	8387.272727	8377.415901
100550	8390	8394.725584	8386.772727	8378.81987
100555	8375	8395.618253	8386.272727	8376.927202
100556	8368	8397.449313	8385.409091	8373.368869
100557	8375	8397.699842	8384.909091	8372.11834
100608	8375	8397.834428	8384.409091	8370.983754
100612	8375	8398.05071	8384.090909	8370.131108
100622	8380	8398.038907	8384	8369.961093
100629	8381	8397.958064	8383.863636	8369.769209
100716	8375	8397.965053	8383.409091	8368.853129
100759	8378	8397.861672	8383.136364	8368.411055
100836	8372	8397.871165	8382.5	8367.128835
100837	8378	8397.330352	8382.045455	8366.760557
100846	8379	8396.858192	8381.681818	8366.505445
100848	8381	8396.28824	8381.363636	8366.439032
100945	8381	8395.92328	8381.136364	8366.349447
101010	8385	8395.823792	8381.090909	8366.358026
101017	8385	8395.483229	8380.954545	8366.425862
101022	8384	8395.04198	8380.772727	8366.503475
101038	8386	8394.643446	8380.636364	8366.629282
101045	8386	8394.069073	8380.454545	8366.840017
101052	8384	8390.09835	8379.681818	8369.265287
101131	8382	8390.233595	8379.772727	8369.31186
101245	8378	8388.70321	8379.227273	8369.751335
101246	8378	8388.677272	8379.363636	8370.050001
101248	8379	8387.755991	8379.863636	8371.971282
101249	8379	8387.660685	8380.045455	8372.430224
101254	8381	8387.614167	8380.318182	8373.022196
101320	8387	8388.280949	8380.863636	8373.446324
101321	8389	8389.412011	8381.272727	8373.133444
101322	8390	8390.593228	8381.681818	8372.770408
101323	8405	8395.801591	8383.045455	8370.289318
101324	8396	8397.499091	8383.863636	8370.228182
101325	8398	8398.868719	8385.045455	8371.22219
101327	8394	8399.719794	8385.772727	8371.825661
101329	8398	8401.140851	8386.636364	8372.131876
101349	8398	8402.432214	8387.409091	8372.385968
101354	8398	8403.551639	8388.181818	8372.811997
101403	8389	8403.673116	8388.363636	8373.054157
101409	8408	8406.673443	8389.409091	8372.144739
101410	8408	8409.230141	8390.5	8371.769859
101414	8392	8409.407317	8390.772727	8372.138138
101423	8407	8411.408199	8391.727273	8372.046347
101435	8391	8411.440649	8392.045455	8372.65026
101452	8393	8411.439679	8392.545455	8373.65123
101454	8393	8411.023409	8393.227273	8375.431136
101500	8409	8412.295206	8394.636364	8376.977521
101512	8393	8411.589833	8395.272727	8378.955622
101513	8394	8410.669748	8395.954545	8381.239343
101514	8394	8409.780769	8396.545455	8383.31014
101516	8394	8409.488222	8396.863636	8384.239051
101520	8405	8410.163015	8397.590909	8385.018803
101547	8394	8410.011738	8397.772727	8385.533716
101552	8392	8409.221697	8397.181818	8385.14194
101601	8393	8409.203165	8397.045455	8384.887744
101646	8385	8409.593347	8396.454545	8383.315744
101650	8383	8410.218005	8395.954545	8381.691086
101651	8383	8410.482554	8395.272727	8380.0629
101719	8379	8410.9967	8394.409091	8377.821482
101729	8385	8410.774129	8393.818182	8376.862235
101732	8383	8410.988633	8393.545455	8376.102276
101806	8386	8409.056908	8392.545455	8376.034001
101836	8387	8406.794486	8391.590909	8376.387332
101842	8387	8406.684988	8391.363636	8376.042285
101844	8388	8404.260946	8390.5	8376.739054
101846	8388	8404.161468	8390.363636	8376.565804
101850	8386	8403.908122	8390.045455	8376.182787
101943	8387	8403.628239	8389.772727	8375.917215
102004	8385	8399.823654	8388.681818	8377.539983
102054	8384	8399.411224	8388.272727	8377.13423
102059	8400	8400.495765	8388.545455	8376.595144
102110	8386	8399.931269	8388.181818	8376.432368
102147	8396	8400.229951	8388.272727	8376.315503
102156	8373	8398.045363	8386.818182	8375.591001
102157	8371	8398.334311	8385.772727	8373.211143
102255	8375	8398.017471	8385	8371.982529
102333	8365	8398.696111	8383.727273	8368.758435
102406	8365	8399.677346	8382.818182	8365.959018
102410	8385	8399.792747	8382.909091	8366.025435
102512	8388	8400.152885	8383.136364	8366.119843
102517	8364	8401.194171	8382.454545	8363.71492
102551	8376	8400.937274	8382.045455	8363.153636
102557	8378	8400.778776	8381.818182	8362.857588
102558	8379	8400.404064	8381.5	8362.595936
102559	8379	8399.910577	8381.136364	8362.362151
102652	8370	8399.504696	8380.363636	8361.222577
102802	8375	8398.736154	8379.772727	8360.8093
102827	8378	8397.947449	8379.318182	8360.688915
102830	8379	8397.399605	8379	8360.600395
102900	8375	8396.582648	8378.454545	8360.326443
102915	8375	8395.949424	8378	8360.050576
102916	8375	8395.384259	8377.590909	8359.797559
102949	8375	8391.332562	8376.454545	8361.576529
103052	8379	8390.473797	8376.136364	8361.798931
103100	8392	8389.350302	8375.954545	8362.558789
103129	8376	8389.424518	8376.090909	8362.7573
103219	8376	8389.466101	8376.318182	8363.170263
103222	8376	8389.499921	8376.363636	8363.227351
103224	8376	8389.033576	8376.863636	8364.693696
103242	8372	8388.425182	8377.181818	8365.938455
103250	8385	8388.425182	8377.181818	8365.938455
103317	8376	8386.844123	8376.636364	8366.428604
103343	8375	8385.776554	8377.136364	8368.496173
103344	8375	8385.764989	8377.090909	8368.416829
103429	8371	8385.796571	8376.772727	8367.748884
103435	8371	8385.685828	8376.409091	8367.132354
103436	8369	8385.649479	8375.954545	8366.259612
103437	8383	8386.301148	8376.545455	8366.789761
103622	8371	8386.373549	8376.363636	8366.353724
103626	8372	8386.233691	8376.090909	8365.948127
103638	8373	8385.956074	8375.818182	8365.68029
103739	8375	8385.956074	8375.818182	8365.68029
103743	8375	8385.956074	8375.818182	8365.68029
103748	8375	8385.956074	8375.818182	8365.68029
103831	8385	8387.096637	8376.272727	8365.448817
103953	8370	8386.922084	8375.863636	8364.805189
104013	8371	8383.604107	8374.909091	8366.214075
104029	8371	8383.511239	8374.681818	8365.852397
104031	8371	8383.393272	8374.454545	8365.515819
104104	8368	8383.392113	8374.090909	8364.789705
104109	8367	8383.393786	8373.681818	8363.969851
104149	8368	8383.477247	8373.5	8363.522753
104151	8368	8381.593589	8372.727273	8363.860956
104207	8366	8381.441485	8372.272727	8363.10397
104221	8367	8381.249309	8371.909091	8362.568873
104252	8378	8381.64616	8372.045455	8362.444749
104318	8362	8382.107891	8371.636364	8361.164836
104349	8377	8382.610137	8371.909091	8361.208044
104356	8367	8382.649724	8371.818182	8360.986639
104403	8365	8381.018165	8371	8360.981835
104404	8364	8381.11579	8370.681818	8360.247846
104431	8373	8381.192485	8370.727273	8360.262061
104439	8365	8381.041489	8370.363636	8359.685784
104446	8359	8381.102447	8369.636364	8358.17028
104447	8365	8380.553815	8369.181818	8357.809821
104606	8366	8379.92346	8368.772727	8357.621994
104647	8371	8376.839455	8368.136364	8359.433272
104649	8372	8377.047329	8368.227273	8359.407217
104650	8373	8377.290591	8368.318182	8359.345772
104659	8375	8377.83712	8368.5	8359.16288
104704	8375	8378.356271	8368.681818	8359.007365
104727	8372	8378.629913	8368.863636	8359.097359
104808	8372	8378.905723	8369.090909	8359.276095
104830	8373	8379.252262	8369.318182	8359.384102
104929	8375	8379.826295	8369.636364	8359.446432
104932	8378	8380.81002	8370.181818	8359.553616
104935	8378	8381.692332	8370.681818	8359.671305
104956	8380	8382.05315	8370.772727	8359.492305
105042	8376	8382.207392	8371.409091	8360.61079
105106	8380	8382.692852	8371.545455	8360.398057
105120	8382	8383.996753	8372.227273	8360.457793
105220	8377	8384.260774	8372.772727	8361.284681
105350	8395	8388.319278	8374.181818	8360.044358
105356	8381	8388.951606	8374.545455	8360.139303
105357	8381	8389.288067	8375.272727	8361.257387
105527	8376	8388.128159	8376.045455	8363.962751
105529	8375	8387.59873	8376.5	8365.40127
105533	8378	8387.162538	8377.045455	8366.928371
105645	8377	8387.086151	8377.318182	8367.550213
105746	8392	8389.459237	8378.227273	8366.995308
105859	8376	8389.409746	8378.363636	8367.317527
110038	8378	8389.450301	8378.5	8367.549699
110045	8379	8389.525943	8378.681818	8367.837693
110111	8381	8389.568749	8379.090909	8368.613069
110112	8381	8389.531768	8379.5	8369.468232
110148	8379	8389.40094	8379.772727	8370.144515
110343	8378	8389.346138	8379.909091	8370.472044
110551	8375	8389.40094	8379.772727	8370.144515
110614	8373	8389.558669	8379.545455	8369.53224
110705	8378	8389.485901	8379.454545	8369.42319
110733	8381	8389.615898	8379.681818	8369.747738
110807	8392	8391.410569	8380.227273	8369.043976
110810	8392	8392.882956	8380.681818	8368.48068
110816	8392	8394.31874	8381.363636	8368.408533
110925	8390	8393.276387	8381.136364	8368.99634
110926	8390	8394.233706	8381.545455	8368.857203
111156	8373	8394.360815	8381.181818	8368.002822
111158	8373	8394.495392	8381.045455	8367.595517
111236	8374	8394.537826	8381	8367.462174
111500	8391	8395.677125	8381.590909	8367.504693
111551	8380	8395.690625	8381.727273	8367.76392
111623	8377	8394.386809	8381.045455	8367.7041
111625	8378	8394.365745	8381.136364	8367.906982
111638	8378	8394.365745	8381.136364	8367.906982
111736	8378	8394.356162	8381.090909	8367.825656
111755	8381	8394.356162	8381.090909	8367.825656
111808	8395	8396.202101	8381.727273	8367.252444
111815	8380	8396.219266	8381.772727	8367.326189
111831	8381	8396.266972	8381.909091	8367.551209
112243	8395	8397.828922	8382.818182	8367.807442
112257	8375	8397.70355	8382.909091	8368.114631
112732	8395	8399.131283	8383.681818	8368.232354
112733	8384	8399.223451	8383.818182	8368.412913
112907	8383	8398.395862	8383.409091	8368.42232
112913	8384	8397.561618	8383.045455	8368.529291
112914	8385	8396.742613	8382.727273	8368.711933
112915	8385	8396.194724	8382.5	8368.805276
112916	8388	8395.928896	8382.409091	8368.889286
112930	8403	8399.146043	8383.772727	8368.399411
112942	8388	8399.172837	8384.454545	8369.736254
112943	8388	8399.141585	8385.090909	8371.040233
113000	8388	8398.830323	8384.954545	8371.078768
113001	8389	8399.161468	8385.363636	8371.565804
113002	8390	8399.37742	8385.954545	8372.531671
113003	8390	8399.555824	8386.5	8373.444176
113010	8384	8399.348777	8386.772727	8374.196678
113011	8402	8401.33813	8387.863636	8374.389143
113027	8390	8401.431642	8388.272727	8375.113813
113036	8389	8400.834612	8388	8375.165388
113055	8389	8400.762362	8388.409091	8376.05582
113056	8407	8403.728661	8389.590909	8375.453157
113103	8387	8403.200387	8389.227273	8375.254158
113126	8390	8402.426847	8389.909091	8377.391335
113134	8389	8401.958486	8389.636364	8377.314241
113139	8392	8402.105596	8390	8377.894404
113140	8393	8402.220865	8390.454545	8378.688226
113144	8392	8402.253953	8390.818182	8379.382411
113215	8390	8402.205078	8391.045455	8379.885831
113216	8390	8402.130181	8391.272727	8380.415274
113228	8389	8402.128722	8391.318182	8380.507642
113234	8388	8400.238361	8390.636364	8381.034367
113236	8389	8400.242844	8390.681818	8381.120792
113245	8391	8400.307628	8390.818182	8381.328736
113246	8393	8400.493442	8391.045455	8381.597467
113247	8394	8400.75346	8391.272727	8381.791994
113300	8391	8400.783648	8391.318182	8381.852716
113322	8394	8401.010759	8391.5	8381.989241
113325	8395	8401.025217	8392	8382.974783
113327	8393	8399.514616	8391.590909	8383.667203
113335	8368	8403.220731	8390.590909	8377.961087
113348	8395	8403.602916	8390.863636	8378.124356
113402	8391	8403.667849	8390.954545	8378.241241
113424	8391	8400.843415	8390.227273	8379.61113
113509	8388	8400.841667	8390.272727	8379.703788
113630	8384	8400.887858	8390	8379.112142
113631	8383	8400.9956	8389.727273	8378.458945
113632	8383	8400.876514	8389.318182	8377.75985
113634	8383	8400.592318	8388.863636	8377.134954
113732	8358	8404.621743	8387.318182	8370.014621
113737	8386	8404.407416	8387.136364	8369.865311
113807	8390	8404.407416	8387.136364	8369.865311
113954	8401	8405.886576	8387.681818	8369.47706
114000	8390	8406.00289	8387.772727	8369.542564
114043	8390	8406.065337	8387.818182	8369.571026
114104	8392	8406.147215	8387.863636	8369.580057
114138	8386	8405.703621	8387.545455	8369.387288
114156	8390	8405.338826	8387.363636	8369.388447
114217	8393	8405.52237	8387.454545	8369.386721
114249	8392	8405.318585	8387.363636	8369.408688
114251	8393	8405.091837	8387.272727	8369.453618
114258	8392	8404.992733	8387.227273	8369.461813
114339	8393	8404.152533	8388.363636	8372.57474
114353	8393	8403.930218	8388.272727	8372.615236
114451	8391	8403.930218	8388.272727	8372.615236
114501	8395	8404.325929	8388.454545	8372.583162
114502	8396	8404.994892	8388.818182	8372.641472
114503	8410	8408.260738	8390	8371.739262
114510	8396	8408.748393	8390.590909	8372.433425
114648	8394	8408.98869	8391.090909	8373.193128
114705	8394	8409.168365	8391.590909	8374.013454
114728	8393	8402.879735	8393.181818	8383.483902
114737	8391	8402.646546	8393.409091	8384.171636
114934	8394	8402.709503	8393.590909	8384.472315
114941	8395	8401.875717	8393.318182	8384.760647
114947	8410	8405.113992	8394.227273	8383.340553
114948	8400	8405.659256	8394.681818	8383.704381
114949	8415	8409.507124	8395.727273	8381.947422
114952	8401	8409.670917	8396.409091	8383.147265
115002	8405	8410.506085	8397.090909	8383.675733
115003	8405	8411.315086	8397.636364	8383.957642
115011	8404	8411.875033	8398.181818	8384.488603
115029	8402	8412.177789	8398.590909	8385.004029
115037	8403	8412.478951	8399.090909	8385.702867
115044	8403	8412.753266	8399.545455	8386.337643
115046	8404	8413.055622	8400.045455	8387.035287
115051	8404	8413.119741	8400.636364	8388.152986
115052	8405	8413.447859	8401.090909	8388.733959
115053	8405	8413.751159	8401.5	8389.248841
115058	8404	8412.965816	8401.227273	8389.48873
115059	8405	8413.244283	8401.636364	8390.028444
115100	8405	8413.32557	8402.136364	8390.947157
115101	8407	8413.500671	8402.727273	8391.953874
115102	8407	8413.391696	8403.363636	8393.335577
115106	8408	8412.755485	8404.136364	8395.517242
115107	8408	8412.302832	8404.772727	8397.242622
115109	8408	8411.675111	8405.363636	8399.052162
115110	8408	8411.368383	8405.272727	8399.177071
115111	8408	8411.374449	8405.636364	8399.898279
115117	8405	8409.21064	8405.181818	8401.152996
115121	8404	8408.955682	8405.318182	8401.680682
115123	8405	8408.955682	8405.318182	8401.680682
115128	8404	8408.949772	8405.272727	8401.595682
115137	8402	8409.072897	8405.181818	8401.290739
115140	8401	8409.194821	8405.136364	8401.077906
115147	8401	8409.372001	8405.045455	8400.718908
115157	8415	8411.488801	8405.590909	8399.693018
115223	8398	8411.989324	8405.318182	8398.64704
115225	8398	8412.368575	8405.045455	8397.722334
115233	8415	8413.915354	8405.5	8397.084646
115238	8398	8414.159292	8405.181818	8396.204344
115251	8401	8414.180348	8405.045455	8395.910561
115259	8401	8414.152837	8404.863636	8395.574435
115331	8412	8414.935817	8405.181818	8395.427819
115350	8399	8414.866001	8404.818182	8394.770362
115355	8399	8414.73652	8404.454545	8394.172571
115401	8402	8414.391196	8404.181818	8393.97244
115403	8403	8414.035622	8403.954545	8393.873469
115424	8403	8413.657609	8403.727273	8393.796937
115429	8401	8413.219273	8403.409091	8393.598909
115554	8400	8412.740388	8403.045455	8393.350521
115604	8401	8412.555159	8402.863636	8393.172113
115625	8402	8412.457426	8402.772727	8393.088029
115728	8404	8412.379061	8402.727273	8393.075484
115741	8404	8412.379061	8402.727273	8393.075484
115745	8405	8412.555159	8402.863636	8393.172113
115747	8406	8412.831342	8403.090909	8393.350476
115750	8408	8413.311507	8403.409091	8393.506674
115815	8408	8411.869169	8403.090909	8394.312649
115816	8421	8415.374213	8404.136364	8392.898514
115828	8405	8415.371209	8404.454545	8393.537881
115837	8410	8414.441911	8404.227273	8394.012634
115853	8412	8415.190925	8404.863636	8394.536348
115854	8412	8415.956008	8405.363636	8394.771264
115855	8428	8420.586481	8406.590909	8392.595337
115859	8412	8420.586481	8406.590909	8392.595337
115900	8415	8421.323199	8407.318182	8393.313165
115907	8413	8421.658921	8407.954545	8394.25017
115919	8428	8424.910859	8409.136364	8393.361868
115940	8412	8425.127814	8409.545455	8393.963095
115941	8412	8425.298804	8409.954545	8394.610287
115956	8415	8425.553397	8410.590909	8395.628422
120000	8415	8425.596031	8411.272727	8396.949424
120001	8428	8427.692702	8412.5	8397.307298
120007	8418	8427.861378	8413.227273	8398.593168
120008	8418	8428.048077	8413.863636	8399.679196
120013	8415	8427.881913	8414.363636	8400.84536
120021	8416	8427.758956	8414.863636	8401.968317
120037	8416	8427.62319	8415.318182	8403.013174
120044	8418	8427.695689	8415.772727	8403.849765
120049	8418	8427.683622	8416.227273	8404.770924
120053	8430	8429.32201	8416.636364	8403.950717
120056	8419	8428.921868	8417.272727	8405.623587
120110	8412	8428.813852	8417.363636	8405.913421
120132	8414	8428.76387	8417.454545	8406.145221
120236	8386	8433.50042	8416.272727	8399.045035
120240	8414	8432.101704	8415.636364	8399.171023
120252	8412	8432.101704	8415.636364	8399.171023
120324	8416	8432.145402	8415.681818	8399.218235
120403	8416	8432.2403	8415.818182	8399.396064
120505	8413	8430.702007	8415.136364	8399.57072
120514	8413	8430.71637	8415.181818	8399.647266
120531	8413	8430.730138	8415.227273	8399.724407
120550	8413	8430.666925	8415.136364	8399.605802
120604	8413	8430.601538	8415.045455	8399.489371
120649	8421	8429.475854	8414.727273	8399.978691
120734	8411	8429.163555	8414.409091	8399.654627
120749	8411	8428.823792	8414.090909	8399.358026
120817	8406	8428.786139	8413.681818	8398.577498
120819	8412	8428.58461	8413.5	8398.41539
120821	8412	8428.374275	8413.318182	8398.262088
121001	8415	8428.119706	8413.181818	8398.24393
121007	8415	8427.859174	8413.045455	8398.231735
121028	8415	8425.248377	8412.363636	8399.478896
121056	8412	8424.600457	8412.045455	8399.490452
121100	8411	8424.562571	8412	8399.437429
121123	8409	8424.363226	8411.772727	8399.182228
121125	8410	8418.656907	8412.863636	8407.070366
121126	8408	8418.700785	8412.590909	8406.481034
121231	8407	8418.901511	8412.363636	8405.825762
121241	8409	8418.525558	8412.045455	8405.565351
121309	8409	8418.085712	8411.727273	8405.368833
121408	8409	8417.976269	8411.545455	8405.11464
121438	8412	8417.903124	8411.5	8405.096876
121507	8411	8417.781163	8411.409091	8405.037019
121519	8414	8417.88536	8411.454545	8405.023731
121534	8422	8419.639951	8411.863636	8404.087321
121545	8414	8418.307038	8411.545455	8404.783871
121627	8415	8418.633971	8411.727273	8404.820575
121715	8415	8418.939133	8411.909091	8404.879049
121716	8416	8419.093366	8412.363636	8405.633907
121717	8416	8419.440176	8412.545455	8405.650733
121724	8417	8419.90605	8412.772727	8405.639404
121730	8428	8422.88959	8413.363636	8403.837682
121736	8416	8422.975302	8413.409091	8403.84288
121821	8409	8422.846629	8413.136364	8403.426098
121827	8417	8423.190232	8413.363636	8403.537041
121907	8416	8423.419607	8413.590909	8403.762211
121930	8430	8426.296312	8414.545455	8402.794597
121931	8430	8428.662357	8415.454545	8402.246734
121939	8419	8428.824204	8415.954545	8403.084887
122022	8419	8428.81038	8416.5	8404.18962
122055	8417	8428.731016	8416.863636	8404.996256
122101	8419	8428.702164	8417.318182	8405.9342
122116	8413	8428.466892	8417.5	8406.533108
122138	8419	8428.531578	8417.818182	8407.104786
122202	8418	8428.428381	8418.136364	8407.844346
122228	8417	8428.420397	8418.272727	8408.125057
122349	8418	8428.107424	8418.090909	8408.074394
122410	8416	8428.083817	8418.181818	8408.279819
122418	8417	8428.092592	8418.272727	8408.452862
122517	8415	8428.092592	8418.272727	8408.452862
122524	8417	8428.104747	8418.318182	8408.531617
122535	8417	8428.115941	8418.363636	8408.611332
122540	8419	8428.191584	8418.454545	8408.717507
122641	8418	8426.800826	8418	8409.199174
122658	8411	8427.015549	8417.772727	8408.529906
122703	8390	8431.355344	8416.909091	8402.462838
122717	8416	8431.314751	8416.863636	8402.412522
122810	8418	8431.407947	8416.954545	8402.501144
122827	8418	8429.711983	8416.409091	8403.106199
122854	8419	8427.892551	8415.909091	8403.925631
122907	8420	8427.992021	8415.954545	8403.91707
122912	8421	8428.203165	8416.045455	8403.887744
122956	8420	8428.446125	8416.181818	8403.917511
123000	8423	8428.905138	8416.363636	8403.822135
123001	8435	8432.005363	8417.363636	8402.72191
123006	8421	8432.160478	8417.454545	8402.748613
123015	8416	8432.079681	8417.363636	8402.647591
123026	8416	8432.044613	8417.318182	8402.591751
123031	8430	8433.510831	8417.863636	8402.216441
123154	8415	8433.492554	8417.818182	8402.143809
123333	8409	8433.553414	8417.454545	8401.355677
123338	8409	8433.637117	8417.181818	8400.726519
123416	8416	8433.598943	8417.136364	8400.673784
123418	8417	8433.598943	8417.136364	8400.673784
123432	8413	8433.392349	8416.863636	8400.334924
123449	8413	8433.233685	8416.636364	8400.039042
123700	8414	8433.23129	8416.772727	8400.314164
123744	8412	8429.634535	8417.772727	8405.91092
123815	8414	8429.626941	8417.681818	8405.736696
123918	8411	8429.626595	8417.363636	8405.100677
124017	8406	8429.955725	8416.818182	8403.680639
124143	8412	8429.749357	8416.5	8403.250643
124221	8406	8429.710795	8415.863636	8402.016478
124237	8409	8429.258136	8415.318182	8401.378228
124238	8409	8428.839417	8414.818182	8400.796946
124245	8426	8429.344912	8414.954545	8400.564179
124305	8413	8425.387787	8413.954545	8402.521304
124334	8413	8424.605925	8413.590909	8402.575893
124431	8422	8425.389031	8413.863636	8402.338242
124519	8421	8425.967687	8414.090909	8402.214131
124652	8411	8422.911971	8413.227273	8403.542574
124711	8411	8422.740388	8413.045455	8403.350521
124736	8423	8424.045853	8413.681818	8403.317783
124823	8412	8424.009736	8413.818182	8403.626628
124904	8424	8425.196459	8414.181818	8403.167177
125002	8414	8424.991226	8414.045455	8403.099683
125025	8414	8425.027239	8414.090909	8403.154579
125046	8416	8425.180592	8414.227273	8403.273953
125057	8416	8425.295619	8414.318182	8403.340744
125101	8417	8425.528537	8414.545455	8403.562372
125202	8418	8425.800284	8414.727273	8403.654262
125218	8418	8426.073968	8415.045455	8404.016942
125221	8419	8426.038207	8415.636364	8405.23452
125236	8419	8426.320175	8415.954545	8405.588916
125241	8419	8426.017466	8416.545455	8407.073443
125247	8419	8425.923921	8417	8408.076079
125302	8419	8425.694741	8417.454545	8409.21435
125409	8419	8424.529123	8417.136364	8409.743604
125420	8418	8424.537971	8417.363636	8410.189302
125637	8421	8424.790154	8417.727273	8410.664391
125639	8421	8424.646309	8417.681818	8410.717327
125807	8435	8428.2888	8418.318182	8408.347564
125941	8411	8428.2888	8418.318182	8408.347564
130031	8417	8428.061612	8418.590909	8409.120206
130142	8360	8441.7565	8415.727273	8389.698046
130154	8386	8443.356609	8414.545455	8385.7343
130222	8414	8442.605078	8414.090909	8385.57674
130351	8416	8442.706999	8414.181818	8385.656637
130417	8415	8442.754337	8414.227273	8385.700209
130505	8410	8442.523297	8413.954545	8385.385794
130552	8415	8442.46786	8413.909091	8385.350322
130842	8414	8442.299791	8413.772727	8385.245663
130948	8416	8442.167134	8413.681818	8385.196502
130951	8417	8442.097153	8413.636364	8385.175574
131049	8417	8441.949854	8413.545455	8385.141055
131059	8418	8441.872522	8413.5	8385.127478
131100	8419	8441.872522	8413.5	8385.127478
131125	8418	8441.794862	8413.454545	8385.114229
131240	8417	8441.644986	8413.363636	8385.082287
131313	8418	8441.566344	8413.318182	8385.070019
131354	8419	8441.644986	8413.363636	8385.082287
131433	8419	8441.468032	8413.272727	8385.077423
131436	8419	8441.289639	8413.181818	8385.073997
131505	8420	8439.147531	8412.5	8385.852469
131506	8436	8442.007575	8413.636364	8385.265153
131507	8420	8442.235985	8413.772727	8385.30947
131523	8420	8432.677987	8416.5	8400.322013
131524	8436	8430.649853	8418.772727	8406.895602
131559	8420	8430.745917	8419.045455	8407.344992
131607	8420	8430.856887	8419.227273	8407.597658
131655	8421	8431.000988	8419.5	8407.999012
131734	8423	8430.893419	8420.090909	8409.288399
131740	8422	8431.003413	8420.409091	8409.814768
131743	8423	8431.080848	8420.818182	8410.555516
131747	8423	8431.21416	8421.136364	8411.058567
131752	8423	8431.348161	8421.409091	8411.47002
131756	8423	8431.449787	8421.681818	8411.913849
131757	8424	8431.630707	8421.954545	8412.278384
131759	8424	8431.80445	8422.181818	8412.559186
131812	8423	8431.860576	8422.409091	8412.957605
131817	8424	8431.89603	8422.727273	8413.558515
131818	8424	8431.944272	8423	8414.055728
131820	8425	8432.077309	8423.272727	8414.468145
131910	8426	8432.259748	8423.590909	8414.922071
131927	8427	8432.492744	8423.954545	8415.416347
131931	8427	8432.71896	8424.272727	8415.826495
131933	8427	8430.720496	8423.863636	8417.006776
131942	8427	8430.940956	8424.181818	8417.42268
131949	8427	8431.098898	8424.5	8417.901102
131951	8428	8428.74053	8424.136364	8419.532197
131952	8428	8429.002525	8424.5	8419.997475
132000	8428	8429.14023	8424.863636	8420.587042
132014	8429	8429.488379	8425.227273	8420.966167
132015	8429	8429.921024	8425.5	8421.078976
132018	8429	8430.193167	8425.818182	8421.443197
132020	8429	8430.477214	8426.090909	8421.704604
132045	8430	8430.867345	8426.409091	8421.950836
132046	8429	8431.004543	8426.681818	8422.359093
132050	8431	8431.413823	8427.045455	8422.677086
132051	8431	8431.817254	8427.363636	8422.910019
132052	8431	8432.128936	8427.681818	8423.2347
132053	8432	8432.393513	8428.090909	8423.788306
132106	8432	8432.663941	8428.454545	8424.24515
132107	8431	8432.630745	8428.772727	8424.91471
132108	8431	8432.637227	8429.045455	8425.453682
132145	8430	8432.581067	8429.227273	8425.873479
132151	8446	8437.740249	8430.090909	8422.441569
132159	8433	8437.980495	8430.363636	8422.746778
132200	8432	8438.09022	8430.590909	8423.091598
132208	8434	8438.365853	8430.909091	8423.452328
132212	8434	8438.586418	8431.227273	8423.868127
132216	8435	8438.924227	8431.545455	8424.166682
132217	8427	8438.977238	8431.5	8424.022762
132221	8435	8439.268291	8431.818182	8424.368072
132224	8436	8439.675244	8432.136364	8424.597484
132240	8435	8439.908402	8432.409091	8424.90978
132246	8408	8444.056526	8431.454545	8418.852565
132247	8435	8444.364617	8431.727273	8419.089928
132312	8450	8447.352409	8432.636364	8417.920319
132318	8450	8449.87988	8433.590909	8417.301938
132321	8433	8449.934218	8433.681818	8417.429418
132328	8433	8449.986434	8433.772727	8417.55902
132349	8433	8450.036514	8433.863636	8417.690758
132407	8433	8450.066376	8433.909091	8417.751806
132411	8406	8452.637816	8432.727273	8412.816729
132502	8435	8452.826275	8432.909091	8412.991907
132507	8436	8453.07532	8433.136364	8413.197407
132508	8437	8453.406554	8433.454545	8413.502537
132510	8438	8452.396199	8433.090909	8413.785619
132511	8439	8452.824978	8433.363636	8413.902295
132512	8439	8453.272042	8433.681818	8414.091595
132515	8433	8453.228064	8433.636364	8414.044664
132516	8440	8453.679676	8433.909091	8414.138506
132529	8441	8454.169418	8434.181818	8414.194219
132530	8442	8454.848134	8434.863636	8414.879138
132531	8441	8455.28396	8435.136364	8414.988768
132532	8443	8455.866015	8435.454545	8415.043076
132536	8442	8456.363386	8435.772727	8415.182069
132539	8445	8454.422186	8437.454545	8420.486905
132542	8446	8455.248551	8437.954545	8420.660539
132547	8447	8454.774129	8437.818182	8420.862235
132548	8447	8454.288349	8437.681818	8421.075288
132557	8443	8454.752845	8438.136364	8421.519883
132558	8442	8455.078917	8438.545455	8422.011992
132600	8442	8455.363825	8438.954545	8422.545266
132601	8441	8455.536985	8439.318182	8423.099378
132602	8442	8448.152456	8440.954545	8433.756635
132603	8444	8448.173935	8441.363636	8434.553338
132608	8445	8448.321338	8441.772727	8435.224117
132610	8443	8448.267915	8442.045455	8435.822995
132713	8446	8448.578195	8442.409091	8436.239986
132716	8447	8449.037544	8442.772727	8436.50791
132721	8446	8449.267377	8443.090909	8436.914441
132726	8448	8448.479852	8443.772727	8439.065602
132739	8448	8448.857514	8444.136364	8439.415214
132756	8449	8449.426736	8444.5	8439.573264
132801	8462	8454.098878	8445.409091	8436.719304
132806	8446	8454.1119	8445.636364	8437.160828
132807	8460	8456.68986	8446.409091	8436.128322
132815	8460	8458.762701	8447.227273	8435.691844
132825	8446	8458.78054	8447.272727	8435.764915
132838	8446	8458.78054	8447.272727	8435.764915
132840	8445	8458.728346	8447.181818	8435.63529
132849	8448	8458.778452	8447.227273	8435.676093
132927	8463	8461.255336	8448.136364	8435.017391
132943	8446	8461.200677	8448.318182	8435.435687
132956	8447	8461.147435	8448.545455	8435.943474
133001	8448	8461.033576	8448.863636	8436.693696
133004	8448	8460.942301	8449.136364	8437.330426
133005	8449	8460.955882	8449.363636	8437.77139
133007	8450	8461.027041	8449.590909	8438.154777
133008	8463	8462.839884	8450.5	8438.160116
133011	8453	8463.037933	8450.818182	8438.598431
133012	8453	8463.225145	8451.090909	8438.956674
133036	8453	8463.358364	8451.409091	8439.459818
133040	8453	8463.507573	8451.636364	8439.765154
133042	8454	8463.709077	8451.909091	8440.109105
133043	8454	8463.896009	8452.136364	8440.376718
133044	8454	8462.759195	8451.772727	8440.786259
133047	8453	8462.791956	8452.090909	8441.389863
133100	8455	8462.084746	8451.863636	8441.642527
133107	8456	8461.449787	8451.681818	8441.913849
133111	8454	8461.531852	8452.045455	8442.559057
133118	8454	8461.547603	8452.409091	8443.270579
133134	8453	8461.320599	8452.772727	8444.224855
133202	8454	8461.346107	8453.045455	8444.744802
133203	8453	8459.666066	8452.590909	8445.515752
133205	8452	8459.338636	8452.863636	8446.388637
133226	8452	8459.05776	8453.090909	8447.124059
133239	8452	8458.838265	8453.272727	8447.70719
133246	8451	8458.584526	8453.409091	8448.233656
133248	8451	8458.426736	8453.5	8448.573264
133251	8450	8458.426736	8453.5	8448.573264
133256	8448	8456.209956	8452.818182	8449.426408
133257	8448	8456.529487	8452.590909	8448.652331
133301	8447	8456.886307	8452.318182	8447.750057
133305	8446	8457.25703	8452	8446.74297
133308	8448	8457.264268	8451.772727	8446.281186
133317	8448	8457.116534	8451.5	8445.883466
133324	8450	8456.857672	8451.318182	8445.778692
133330	8451	8456.596826	8451.181818	8445.76681
133333	8451	8456.447607	8451.090909	8445.734211
133335	8450	8455.955357	8450.863636	8445.771916
133336	8452	8455.289573	8450.681818	8446.074063
133338	8452	8455.008193	8450.590909	8446.173625
133340	8453	8454.840368	8450.545455	8446.250541
133343	8453	8454.840368	8450.545455	8446.250541
133346	8454	8454.840368	8450.545455	8446.250541
133347	8454	8455.008193	8450.590909	8446.173625
133353	8455	8455.482435	8450.727273	8445.97211
133354	8456	8456.128255	8450.909091	8445.689927
133355	8465	8459.356671	8451.5	8443.643329
133356	8456	8459.799263	8451.727273	8443.655283
133358	8455	8460.086868	8451.909091	8443.731314
133402	8453	8460.191335	8452.045455	8443.899574
133411	8453	8460.231298	8452.272727	8444.314157
133414	8454	8460.308473	8452.545455	8444.782436
133417	8455	8460.34143	8452.909091	8445.476751
133422	8457	8460.380698	8453.409091	8446.437484
133525	8428	8465.044466	8452.5	8439.955534
133539	8450	8465.032176	8452.590909	8440.149642
133541	8456	8465.328794	8452.863636	8440.398478
133543	8456	8465.594132	8453.090909	8440.587686
133551	8457	8465.934099	8453.363636	8440.793174
133553	8456	8466.163359	8453.636364	8441.109368
133554	8456	8466.361001	8453.818182	8441.275363
133559	8458	8466.724329	8454.090909	8441.457489
133600	8459	8467.149217	8454.363636	8441.578056
133601	8459	8467.549295	8454.636364	8441.723432
133603	8432	8469.631198	8453.636364	8437.64153
133621	8460	8470.122543	8453.909091	8437.695639
133636	8457	8470.259263	8454	8437.740737
133643	8457	8470.332396	8454.045455	8437.758513
133644	8457	8469.318446	8453.681818	8438.04519
133647	8457	8469.396372	8453.727273	8438.058174
133655	8457	8469.538885	8453.818182	8438.097479
133658	8457	8469.77109	8454	8438.22891
133659	8457	8469.994774	8454.181818	8438.368862
133700	8457	8470.174197	8454.318182	8438.462166
133703	8457	8470.30259	8454.409091	8438.515592
133724	8459	8470.474411	8454.5	8438.525589
133730	8458	8466.922084	8455.863636	8444.805189
133738	8458	8467.013321	8456.227273	8445.441224
133750	8458	8467.128722	8456.318182	8445.507642
133753	8458	8467.241015	8456.409091	8445.577167
133801	8457	8467.241015	8456.409091	8445.577167
133846	8458	8467.35022	8456.5	8445.64978
133904	8431	8470.55389	8455.363636	8440.173383
133937	8456	8470.422667	8455.272727	8440.122788
133939	8457	8470.265058	8455.181818	8440.098578
133941	8430	8472.117358	8453.863636	8435.609915
134007	8455	8470.470221	8454.909091	8439.347961
134009	8456	8470.138978	8454.727273	8439.315567
134010	8457	8470.138978	8454.727273	8439.315567
134011	8468	8471.58611	8455.227273	8438.868435
134013	8467	8472.752648	8455.681818	8438.610989
134037	8456	8472.698235	8455.636364	8438.574493
134131	8457	8472.698235	8455.636364	8438.574493
134134	8457	8472.698235	8455.636364	8438.574493
134138	8457	8472.698235	8455.636364	8438.574493
134200	8458	8472.763295	8455.681818	8438.600341
134202	8458	8472.82785	8455.727273	8438.626695
134210	8458	8472.752648	8455.681818	8438.610989
134211	8458	8472.752648	8455.681818	8438.610989
134217	8458	8472.752648	8455.681818	8438.610989
134229	8459	8472.82785	8455.727273	8438.626695
134239	8468	8474.015763	8456.181818	8438.347873
134243	8455	8473.927634	8456.090909	8438.254184
134244	8455	8473.776669	8455.954545	8438.132422
134301	8453	8471.166925	8456.954545	8442.742166
134303	8453	8471.121854	8456.818182	8442.51451
134307	8467	8472.192901	8457.272727	8442.352554
134308	8467	8468.611898	8458.954545	8449.297193
134327	8450	8468.964137	8458.727273	8448.490409
134336	8449	8469.374476	8458.409091	8447.443706
134349	8448	8469.78597	8458	8446.21403
134350	8447	8468.838785	8457.045455	8445.252124
134352	8447	8467.802873	8456.136364	8444.469854
134358	8447	8467.999663	8455.727273	8443.454882
134400	8446	8468.131561	8455.227273	8442.322984
134402	8446	8468.159687	8454.727273	8441.294858
134406	8448	8467.994789	8454.318182	8440.641575
134434	8449	8467.658922	8453.909091	8440.15926
134437	8449	8467.274152	8453.5	8439.725848
134439	8448	8466.85556	8453.045455	8439.235349
134440	8458	8466.85556	8453.045455	8439.235349
134441	8447	8466.398282	8452.545455	8438.692627
134444	8448	8465.72327	8452.045455	8438.367639
134445	8456	8463.435432	8451.5	8439.564568
134451	8446	8463.134906	8451.090909	8439.046913
134457	8446	8462.778194	8450.681818	8438.585442
134458	8446	8462.567145	8450.363636	8438.160128
134459	8458	8463.163015	8450.590909	8438.018803
