# Output=[dateStart dateEnd start high low end upperBound lowerBound outOfBound]
084501 084502 8727.0 8727.0 8720.0 8720.0 0.0 0.0 1
084501 084502 8727.0 8727.0 8720.0 8720.0 0.0 0.0 1
084501 084502 8727.0 8727.0 8720.0 8720.0 0.0 0.0 1
084501 084503 8727.0 8727.0 8719.0 8719.0 0.0 0.0 1
084501 084503 8727.0 8727.0 8719.0 8721.0 0.0 0.0 1
084501 084515 8727.0 8727.0 8718.0 8718.0 0.0 0.0 1
084501 084515 8727.0 8727.0 8718.0 8718.0 0.0 0.0 1
084501 084516 8727.0 8727.0 8716.0 8716.0 0.0 0.0 1
084501 084516 8727.0 8727.0 8716.0 8717.0 0.0 0.0 1
084501 084517 8727.0 8727.0 8715.0 8715.0 0.0 0.0 1
084501 084517 8727.0 8727.0 8715.0 8715.0 0.0 0.0 1
084501 084517 8727.0 8727.0 8715.0 8718.0 0.0 0.0 1
084501 084523 8727.0 8727.0 8715.0 8716.0 0.0 0.0 1
084501 084525 8727.0 8727.0 8715.0 8719.0 0.0 0.0 1
084501 084531 8727.0 8727.0 8715.0 8720.0 0.0 0.0 1
084501 084550 8727.0 8727.0 8715.0 8723.0 0.0 0.0 1
084501 084559 8727.0 8727.0 8715.0 8723.0 0.0 0.0 1
084515 084606 8718.0 8724.0 8715.0 8724.0 0.0 0.0 1
084516 084616 8716.0 8724.0 8715.0 8722.0 0.0 0.0 1
084531 084628 8720.0 8724.0 8720.0 8720.0 0.0 0.0 1
084559 084657 8723.0 8724.0 8720.0 8724.0 0.0 0.0 1
084616 084713 8722.0 8724.0 8720.0 8722.0 0.0 0.0 1
084628 084723 8720.0 8724.0 8720.0 8720.0 8724.929851961804 8714.161057129104 0
084657 084741 8724.0 8724.0 8717.0 8717.0 8724.891595012114 8713.926586806067 0
084657 084746 8724.0 8724.0 8717.0 8718.0 8724.824751898512 8713.811611737852 0
084713 084801 8722.0 8722.0 8717.0 8720.0 8724.875456869535 8713.851815857737 0
084713 084805 8722.0 8722.0 8717.0 8720.0 8724.791633899451 8713.844729736913 0
084713 084811 8722.0 8722.0 8717.0 8720.0 8724.85833075296 8713.95985106522 0
084746 084846 8718.0 8720.0 8717.0 8717.0 8724.875456869535 8713.851815857737 0
084801 084850 8720.0 8720.0 8717.0 8718.0 8724.805068716205 8714.104022192887 0
084801 084852 8720.0 8725.0 8717.0 8725.0 8725.527388533857 8714.108975102507 0
084805 084905 8720.0 8725.0 8717.0 8721.0 8725.413556788475 8714.768261393345 0
084846 084916 8717.0 8725.0 8717.0 8718.0 8725.160714018622 8715.293831435922 0
085119 085119 8721.0 8721.0 8721.0 8721.0 8725.208331852537 8715.518940874736 0
085557 085557 8716.0 8716.0 8716.0 8716.0 8725.208331852537 8715.518940874736 0
085557 085558 8716.0 8716.0 8716.0 8716.0 8725.377094195734 8715.07745125881 0
085557 085629 8716.0 8719.0 8716.0 8719.0 8725.356454353003 8715.007182010633 0
085557 085637 8716.0 8728.0 8716.0 8728.0 8726.429030229507 8714.389151588673 0
085756 085756 8720.0 8720.0 8720.0 8720.0 8726.186711260834 8714.358743284622 0
085756 085842 8720.0 8720.0 8720.0 8720.0 8725.776907553132 8714.404910628688 0
090000 090000 8717.0 8717.0 8717.0 8717.0 8725.62543704636 8714.101835680913 0
090000 090030 8717.0 8719.0 8717.0 8719.0 8725.590730133232 8714.045633503132 0
090000 090030 8717.0 8720.0 8717.0 8720.0 8725.115097881207 8714.15762939152 0
090139 090139 8715.0 8715.0 8715.0 8715.0 8725.019421352827 8713.616942283537 0
090139 090139 8715.0 8716.0 8715.0 8716.0 8724.992066514615 8713.280660758113 0
090139 090140 8715.0 8716.0 8715.0 8715.0 8725.090054621774 8713.000854469134 0
090139 090141 8715.0 8716.0 8715.0 8715.0 8725.173248427982 8712.644933390198 0
090139 090143 8715.0 8716.0 8715.0 8715.0 8725.131239963832 8712.232396399804 0
090139 090146 8715.0 8716.0 8714.0 8714.0 8725.114830402148 8711.703351416032 0
090139 090146 8715.0 8716.0 8714.0 8714.0 8725.046052605694 8711.226674667034 0
090139 090147 8715.0 8716.0 8714.0 8714.0 8725.109532653098 8710.890467346902 0
090139 090148 8715.0 8716.0 8714.0 8714.0 8725.120394773827 8710.515968862537 0
090139 090219 8715.0 8716.0 8713.0 8713.0 8724.126573390899 8710.418881154557 0
090139 090219 8715.0 8716.0 8713.0 8715.0 8723.714976477317 8710.285023522683 0
090139 090234 8715.0 8716.0 8713.0 8713.0 8723.672841057873 8709.872613487583 0
090219 090300 8713.0 8715.0 8712.0 8712.0 8723.279900582404 8709.447372144868 0
090219 090301 8713.0 8715.0 8712.0 8712.0 8723.33307652338 8709.030559840256 0
090300 090341 8712.0 8716.0 8712.0 8716.0 8723.33307652338 8709.030559840256 0
090341 090404 8716.0 8719.0 8716.0 8719.0 8723.33307652338 8709.030559840256 0
090341 090404 8716.0 8720.0 8716.0 8720.0 8721.097174960349 8710.539188676015 0
090341 090406 8716.0 8721.0 8716.0 8721.0 8721.30072965611 8710.426543071162 0
090341 090409 8716.0 8722.0 8716.0 8722.0 8721.722080700205 8710.187010208887 0
090341 090410 8716.0 8723.0 8716.0 8723.0 8722.692053344566 8709.762492109978 0
090341 090410 8716.0 8723.0 8716.0 8723.0 8723.380698025467 8709.437483792713 0
090341 090411 8716.0 8723.0 8716.0 8723.0 8723.899544878603 8709.191364212305 0
090341 090413 8716.0 8723.0 8716.0 8723.0 8724.699740103864 8709.118441714316 0
090341 090413 8716.0 8723.0 8716.0 8723.0 8725.405554791414 8709.04899066313 0
090341 090418 8716.0 8723.0 8716.0 8721.0 8725.762731223556 8709.237268776444 0
090341 090418 8716.0 8723.0 8716.0 8721.0 8726.08332988039 8709.462124665066 0
090404 090444 8719.0 8723.0 8719.0 8719.0 8726.189223186879 8709.719867722213 0
090404 090445 8719.0 8723.0 8718.0 8718.0 8726.18836405513 8710.084363217598 0
090418 090514 8721.0 8721.0 8718.0 8721.0 8726.379816260984 8710.529274648108 0
090514 090605 8721.0 8721.0 8718.0 8718.0 8726.324499822496 8710.948227450232 0
090514 090605 8721.0 8721.0 8718.0 8720.0 8726.341430340352 8711.476751477829 0
090514 090608 8721.0 8721.0 8715.0 8715.0 8726.185844671043 8711.814155328957 0
090605 090617 8718.0 8720.0 8715.0 8718.0 8726.124547287629 8712.148179985099 0
090605 090619 8718.0 8720.0 8712.0 8712.0 8726.249098067285 8711.932720114535 0
090605 090621 8718.0 8720.0 8712.0 8712.0 8726.249098067285 8711.932720114535 0
090605 090621 8718.0 8720.0 8712.0 8718.0 8725.8456521709 8712.881620556373 0
090605 090622 8718.0 8720.0 8711.0 8711.0 8726.38005567704 8711.892671595688 0
090605 090622 8718.0 8720.0 8711.0 8711.0 8726.771177535846 8710.77427700961 0
090605 090623 8718.0 8720.0 8711.0 8711.0 8726.966922301324 8709.760350425948 0
090605 090623 8718.0 8720.0 8711.0 8711.0 8726.952603720323 8708.865578097857 0
090605 090623 8718.0 8720.0 8711.0 8711.0 8726.705406717156 8708.112775101024 0
090605 090624 8718.0 8720.0 8711.0 8712.0 8726.131772256706 8707.686409561475 0
090605 090624 8718.0 8720.0 8711.0 8718.0 8725.53180767614 8707.831828687496 0
090605 090641 8718.0 8720.0 8711.0 8712.0 8724.787025139054 8707.576611224582 0
090605 090650 8718.0 8720.0 8711.0 8715.0 8723.900403916688 8707.735959719676 0
090605 090659 8718.0 8722.0 8711.0 8722.0 8723.702689285288 8707.842765260168 0
090617 090714 8718.0 8722.0 8711.0 8713.0 8723.076236660081 8707.741945158099 0
090843 090843 8714.0 8714.0 8714.0 8714.0 8722.374991136005 8707.806827045815 0
090843 090901 8714.0 8714.0 8714.0 8714.0 8721.955128181184 8707.772144546088 0
090901 091000 8714.0 8714.0 8713.0 8713.0 8721.6310487497 8707.641678523029 0
090901 091001 8714.0 8714.0 8710.0 8710.0 8720.805027249125 8707.467700023602 0
090901 091001 8714.0 8714.0 8710.0 8710.0 8720.431469118994 8707.113985426462 0
090901 091001 8714.0 8714.0 8710.0 8710.0 8719.56714867494 8707.069214961424 0
090901 091001 8714.0 8714.0 8710.0 8711.0 8719.411725401973 8706.861001870755 0
091000 091002 8713.0 8713.0 8710.0 8710.0 8718.800898054582 8706.744556490874 0
091000 091002 8713.0 8713.0 8710.0 8710.0 8718.813297719606 8706.55033864403 0
091000 091002 8713.0 8713.0 8710.0 8710.0 8718.818679475802 8706.363138706018 0
091000 091002 8713.0 8713.0 8710.0 8710.0 8718.071673876524 8706.38287157802 0
091000 091002 8713.0 8713.0 8710.0 8710.0 8718.079008996447 8706.28462736719 0
091000 091002 8713.0 8713.0 8710.0 8710.0 8718.084486473803 8706.188240798925 0
091000 091027 8713.0 8713.0 8710.0 8711.0 8718.084486473803 8706.188240798925 0
091000 091027 8713.0 8713.0 8710.0 8711.0 8718.084486473803 8706.188240798925 0
091000 091027 8713.0 8713.0 8710.0 8711.0 8718.084486473803 8706.188240798925 0
091000 091030 8713.0 8713.0 8710.0 8710.0 8718.059899966189 8706.03100912472 0
091000 091030 8713.0 8713.0 8710.0 8710.0 8717.155270263087 8706.208366100549 0
091000 091030 8713.0 8713.0 8710.0 8710.0 8717.10647684077 8706.07534134105 0
091000 091030 8713.0 8713.0 8710.0 8710.0 8716.707977620617 8706.019295106655 0
091000 091031 8713.0 8713.0 8709.0 8709.0 8713.53163471009 8708.013819835365 0
091000 091031 8713.0 8713.0 8709.0 8709.0 8713.264625667247 8707.917192514573 0
091027 091125 8711.0 8711.0 8709.0 8710.0 8712.63775466766 8708.18042715052 0
091030 091130 8710.0 8711.0 8709.0 8711.0 8711.88876262133 8708.656691924125 0
091232 091232 8712.0 8712.0 8712.0 8712.0 8711.56644726024 8708.888098194304 0
091232 091243 8712.0 8712.0 8712.0 8712.0 8711.842095874023 8708.794267762341 0
091232 091304 8712.0 8718.0 8712.0 8718.0 8714.217936425232 8707.145699938405 1
091435 091435 8719.0 8719.0 8719.0 8719.0 8716.023512715 8706.158305466819 0
091435 091438 8719.0 8720.0 8719.0 8720.0 8717.671783299089 8705.328216700911 0
091435 091438 8719.0 8721.0 8719.0 8721.0 8719.286350876187 8704.713649123813 0
091435 091438 8719.0 8721.0 8719.0 8721.0 8720.629631547057 8704.370368452943 0
091435 091442 8719.0 8722.0 8719.0 8722.0 8721.999423147086 8704.091485943822 0
091435 091442 8719.0 8722.0 8719.0 8722.0 8723.176107735584 8704.005710446236 0
091435 091442 8719.0 8722.0 8719.0 8722.0 8724.196102554817 8704.07662471791 0
091435 091447 8719.0 8722.0 8719.0 8722.0 8725.080880440877 8704.282755922759 0
091435 091447 8719.0 8722.0 8719.0 8722.0 8725.878229876424 8704.485406487212 0
091435 091450 8719.0 8723.0 8719.0 8723.0 8726.734407903756 8704.720137550788 0
091435 091456 8719.0 8723.0 8719.0 8722.0 8727.328981329298 8705.125564125246 0
091435 091456 8719.0 8723.0 8719.0 8722.0 8727.775732121518 8705.769722423938 0
091435 091500 8719.0 8725.0 8719.0 8725.0 8728.55290360875 8706.356187300342 0
091435 091501 8719.0 8727.0 8719.0 8727.0 8729.50769532061 8706.946850133934 0
091435 091502 8719.0 8728.0 8719.0 8728.0 8730.430888185572 8707.660020905336 0
091435 091502 8719.0 8728.0 8719.0 8728.0 8730.994037145218 8708.824144672963 0
091435 091518 8719.0 8728.0 8719.0 8719.0 8730.391696169554 8710.335576557718 0
091435 091534 8719.0 8728.0 8719.0 8721.0 8729.81391222623 8711.913360501043 0
091435 091534 8719.0 8728.0 8719.0 8721.0 8729.166432662945 8713.469930973419 0
091447 091544 8722.0 8728.0 8719.0 8727.0 8729.05819961592 8714.94180038408 0
091447 091546 8722.0 8728.0 8719.0 8721.0 8727.990198355697 8716.827983462483 0
091447 091546 8722.0 8728.0 8719.0 8721.0 8727.82757783503 8717.263331255877 0
091447 091546 8722.0 8728.0 8719.0 8721.0 8727.737003686947 8717.535723585781 0
091518 091606 8719.0 8727.0 8719.0 8727.0 8728.2280563681 8717.681034540992 0
091606 091658 8727.0 8727.0 8719.0 8719.0 8728.334067775757 8717.393204951515 0
091658 091711 8719.0 8720.0 8719.0 8720.0 8728.365871382688 8717.270492253676 0
091658 091716 8719.0 8722.0 8719.0 8722.0 8728.365871382688 8717.270492253676 0
091658 091716 8719.0 8722.0 8719.0 8722.0 8728.365871382688 8717.270492253676 0
091658 091716 8719.0 8722.0 8719.0 8722.0 8728.365871382688 8717.270492253676 0
091658 091717 8719.0 8723.0 8719.0 8723.0 8728.400141810394 8717.327130916878 0
091658 091719 8719.0 8723.0 8719.0 8722.0 8728.400141810394 8717.327130916878 0
091658 091719 8719.0 8723.0 8719.0 8722.0 8728.365871382688 8717.270492253676 0
091717 091817 8723.0 8727.0 8722.0 8727.0 8728.844428521388 8717.24648056952 0
091817 091840 8727.0 8727.0 8719.0 8719.0 8728.93657616518 8716.881605653 0
091817 091841 8727.0 8727.0 8718.0 8718.0 8728.876797786568 8716.305020395252 0
091817 091902 8727.0 8727.0 8718.0 8718.0 8728.438054739667 8715.92558162397 0
091817 091911 8727.0 8727.0 8717.0 8717.0 8727.753701628908 8715.609934734728 0
091817 091912 8727.0 8727.0 8717.0 8717.0 8726.891024897493 8715.472611466143 0
091840 091931 8719.0 8720.0 8717.0 8720.0 8726.881935105484 8715.57261034906 0
091840 091934 8719.0 8722.0 8717.0 8722.0 8726.93542236451 8715.610032180946 0
091840 091937 8719.0 8722.0 8717.0 8721.0 8726.93542236451 8715.610032180946 0
091840 091937 8719.0 8722.0 8717.0 8722.0 8726.143663597384 8715.947245493524 0
091902 091948 8718.0 8722.0 8717.0 8719.0 8726.123588718485 8715.785502190607 0
091911 092011 8717.0 8722.0 8717.0 8721.0 8726.123588718485 8715.785502190607 0
091931 092031 8720.0 8723.0 8719.0 8723.0 8726.28437437608 8715.806534714828 0
091934 092033 8722.0 8725.0 8719.0 8725.0 8725.83408614557 8716.075004763521 0
091934 092033 8722.0 8725.0 8719.0 8725.0 8726.30599189944 8716.148553555104 0
091934 092033 8722.0 8725.0 8719.0 8725.0 8726.736668744123 8716.17242216497 0
091937 092036 8721.0 8725.0 8719.0 8724.0 8726.929851961804 8716.161057129104 0
092031 092112 8723.0 8725.0 8721.0 8721.0 8726.885164807134 8716.114835192866 0
092112 092211 8721.0 8724.0 8721.0 8724.0 8727.073413193933 8716.108404987886 0
092211 092218 8724.0 8725.0 8724.0 8725.0 8727.318914908337 8716.044721455299 0
092211 092227 8724.0 8725.0 8722.0 8722.0 8727.318914908337 8716.044721455299 0
092211 092227 8724.0 8725.0 8722.0 8722.0 8727.318914908337 8716.044721455299 0
092211 092233 8724.0 8725.0 8722.0 8722.0 8726.597140226811 8716.31195068228 0
092218 092314 8725.0 8725.0 8722.0 8722.0 8726.623858376606 8716.557959805214 0
092218 092316 8725.0 8725.0 8722.0 8722.0 8726.55648076979 8716.988973775666 0
092314 092338 8722.0 8723.0 8722.0 8723.0 8726.512608598543 8717.487391401457 0
092314 092353 8722.0 8723.0 8720.0 8720.0 8726.194820779192 8718.077906493536 0
092314 092358 8722.0 8723.0 8720.0 8720.0 8725.798312623576 8718.74714192188 0
092314 092405 8722.0 8723.0 8720.0 8720.0 8725.798312623576 8718.74714192188 0
092314 092411 8722.0 8723.0 8720.0 8720.0 8725.83179270907 8718.531843654566 0
092314 092411 8722.0 8723.0 8720.0 8720.0 8725.868068318505 8718.404658954223 0
092338 092422 8723.0 8723.0 8720.0 8722.0 8725.868068318505 8718.404658954223 0
092557 092557 8722.0 8722.0 8722.0 8722.0 8725.746358759008 8718.799095786448 0
092557 092609 8722.0 8725.0 8722.0 8725.0 8726.058950473018 8718.850140436074 0
092557 092610 8722.0 8726.0 8722.0 8726.0 8726.483049932474 8718.698768249345 0
092557 092610 8722.0 8727.0 8722.0 8727.0 8726.876462543658 8718.487173819978 0
092557 092610 8722.0 8727.0 8722.0 8727.0 8727.242090383012 8718.303364162444 0
092557 092637 8722.0 8727.0 8722.0 8725.0 8727.242090383012 8718.303364162444 0
092557 092637 8722.0 8727.0 8722.0 8725.0 8727.356357808854 8718.28000582751 0
092557 092651 8722.0 8727.0 8722.0 8724.0 8727.44604339165 8718.463047517442 0
092609 092708 8725.0 8727.0 8724.0 8725.0 8727.552721463837 8718.447278536163 0
092609 092709 8725.0 8727.0 8724.0 8726.0 8727.696056568155 8718.394852522753 0
092637 092720 8725.0 8727.0 8724.0 8727.0 8728.178450022993 8718.367004522463 0
092932 092932 8723.0 8723.0 8723.0 8723.0 8728.194333938874 8718.44202969749 0
093033 093033 8719.0 8719.0 8719.0 8719.0 8728.356454353003 8718.007182010633 0
093033 093043 8719.0 8719.0 8719.0 8719.0 8728.48862450179 8717.602284589118 0
093033 093043 8719.0 8719.0 8719.0 8719.0 8728.595089371312 8717.223092446868 0
093033 093044 8719.0 8719.0 8718.0 8718.0 8728.72368314484 8716.639953218795 0
093033 093045 8719.0 8719.0 8718.0 8718.0 8728.847806111844 8716.334012069976 0
093033 093045 8719.0 8719.0 8718.0 8718.0 8728.959665063088 8716.040334936912 0
093033 093047 8719.0 8719.0 8718.0 8718.0 8729.06038171776 8715.75780010042 0
093033 093058 8719.0 8719.0 8717.0 8717.0 8729.231876076003 8715.313578469453 0
093033 093101 8719.0 8719.0 8716.0 8716.0 8729.474160183363 8714.707657998457 0
093033 093105 8719.0 8719.0 8716.0 8716.0 8729.62578565585 8714.010577980514 0
093033 093107 8719.0 8719.0 8715.0 8715.0 8729.806623862918 8713.193376137082 0
093033 093107 8719.0 8719.0 8715.0 8715.0 8729.62613628839 8712.464772802517 0
093033 093108 8719.0 8719.0 8715.0 8715.0 8729.194727194375 8711.896181896533 0
093043 093135 8719.0 8719.0 8715.0 8718.0 8728.367025921556 8711.905701351172 0
093058 093158 8717.0 8718.0 8715.0 8718.0 8727.430443696114 8712.02410175843 0
093135 093225 8718.0 8718.0 8716.0 8716.0 8726.810877986303 8711.82548565006 0
093135 093225 8718.0 8718.0 8716.0 8716.0 8726.092635005503 8711.725546812677 0
093135 093226 8718.0 8718.0 8715.0 8715.0 8725.5 8711.5 0
093158 093241 8718.0 8719.0 8715.0 8719.0 8724.635557654028 8711.818987800516 0
093158 093256 8718.0 8719.0 8715.0 8718.0 8723.30072965611 8712.426543071162 0
093225 093300 8716.0 8719.0 8715.0 8716.0 8721.10750186945 8713.619770857822 0
093225 093302 8716.0 8719.0 8715.0 8717.0 8719.913486308411 8714.268331873409 0
093225 093320 8716.0 8719.0 8715.0 8719.0 8719.913486308411 8714.268331873409 0
093241 093328 8719.0 8719.0 8716.0 8718.0 8719.7742420036 8714.316667087309 0
093241 093329 8719.0 8719.0 8716.0 8718.0 8719.628514962691 8714.371485037309 0
093256 093354 8718.0 8719.0 8716.0 8717.0 8719.546650441707 8714.362440467385 0
093256 093354 8718.0 8719.0 8716.0 8717.0 8719.461030699566 8714.357151118615 0
093601 093601 8714.0 8714.0 8714.0 8714.0 8719.502606822267 8713.951938632277 0
093601 093601 8714.0 8715.0 8714.0 8715.0 8719.397336189171 8713.784481992649 0
093601 093601 8714.0 8715.0 8714.0 8715.0 8719.376234912646 8713.623765087354 0
093601 093602 8714.0 8715.0 8713.0 8713.0 8719.58546275394 8713.141809973333 0
093601 093602 8714.0 8715.0 8713.0 8713.0 8719.739941652066 8712.714603802478 0
093601 093602 8714.0 8715.0 8713.0 8714.0 8719.781634522404 8712.582001841232 0
093601 093621 8714.0 8715.0 8711.0 8711.0 8720.177863742936 8711.822136257064 0
093601 093621 8714.0 8715.0 8711.0 8711.0 8720.474999445405 8711.161364190959 0
093601 093621 8714.0 8715.0 8711.0 8711.0 8720.463503161716 8710.536496838284 0
093601 093621 8714.0 8715.0 8711.0 8712.0 8720.270064817585 8710.184480636959 0
093601 093621 8714.0 8715.0 8711.0 8712.0 8720.24955337504 8709.841355715867 0
093601 093621 8714.0 8715.0 8711.0 8712.0 8720.199465669391 8709.52780705788 0
093601 093621 8714.0 8715.0 8711.0 8712.0 8720.193925955771 8709.260619498773 0
093601 093621 8714.0 8715.0 8711.0 8712.0 8719.654316995182 8709.163864822998 0
093601 093621 8714.0 8715.0 8711.0 8712.0 8719.228084350887 8709.044642921841 0
093601 093621 8714.0 8718.0 8711.0 8718.0 8719.51643207556 8708.938113378985 0
093601 093646 8714.0 8718.0 8711.0 8713.0 8719.214497809393 8708.876411281515 0
093601 093648 8714.0 8718.0 8711.0 8712.0 8718.482435211135 8708.972110243409 0
093601 093650 8714.0 8718.0 8711.0 8713.0 8717.879705261981 8709.120294738019 0
093621 093706 8711.0 8718.0 8711.0 8711.0 8717.210639964756 8709.15299639888 0
093621 093714 8711.0 8718.0 8705.0 8705.0 8717.592368425614 8707.680358847114 0
093621 093714 8711.0 8718.0 8705.0 8705.0 8717.614711829441 8706.567106352379 0
093621 093714 8711.0 8718.0 8705.0 8705.0 8717.872320104085 8705.491316259551 0
093621 093714 8711.0 8718.0 8705.0 8705.0 8717.831178408604 8704.62336704594 0
093621 093714 8711.0 8718.0 8705.0 8706.0 8717.550366756936 8704.085996879428 0
093621 093714 8711.0 8718.0 8705.0 8706.0 8717.447857747013 8703.552142252987 0
093621 093714 8711.0 8718.0 8705.0 8706.0 8717.282045159915 8703.081591203721 0
093621 093714 8711.0 8718.0 8705.0 8706.0 8716.918408796279 8702.717954840085 0
093621 093714 8711.0 8718.0 8705.0 8706.0 8716.843722737014 8702.338095444806 0
093621 093714 8711.0 8718.0 8705.0 8706.0 8716.737927196607 8701.989345530665 0
093621 093714 8711.0 8718.0 8705.0 8707.0 8716.582957249835 8701.780679113801 0
093621 093714 8711.0 8718.0 8705.0 8707.0 8716.302452335909 8701.606638573183 0
093621 093714 8711.0 8718.0 8705.0 8708.0 8716.007286207121 8701.538168338335 0
093621 093714 8711.0 8718.0 8705.0 8708.0 8715.691718030976 8701.490100150844 0
093621 093714 8711.0 8718.0 8705.0 8708.0 8715.354569252695 8701.463612565485 0
093621 093714 8711.0 8718.0 8705.0 8709.0 8715.046522185527 8701.49893235993 0
093621 093714 8711.0 8718.0 8705.0 8709.0 8714.722725704247 8701.550001568481 0
093621 093714 8711.0 8718.0 8705.0 8709.0 8712.742950626956 8702.711594827588 0
093621 093714 8711.0 8718.0 8705.0 8710.0 8712.169876457987 8703.011941723833 0
093621 093714 8711.0 8718.0 8705.0 8710.0 8711.79587540026 8703.20412459974 0
093621 093714 8711.0 8718.0 8705.0 8710.0 8711.10750186945 8703.619770857822 0
093621 093714 8711.0 8718.0 8705.0 8710.0 8710.905349028537 8703.731014607827 0
093621 093714 8711.0 8718.0 8705.0 8710.0 8711.149859563926 8703.941049526982 0
093621 093714 8711.0 8718.0 8705.0 8710.0 8711.336781051621 8704.208673493835 0
093621 093714 8711.0 8718.0 8705.0 8710.0 8711.464101615138 8704.535898384862 0
093621 093714 8711.0 8718.0 8705.0 8710.0 8711.526408602112 8704.928136852432 0
093621 093714 8711.0 8718.0 8705.0 8710.0 8711.63732380083 8705.180858017351 0
093621 093714 8711.0 8718.0 8705.0 8710.0 8711.70446250719 8705.47735567463 0
093621 093714 8711.0 8718.0 8705.0 8710.0 8711.722723770836 8705.82273077462 0
093621 093714 8711.0 8718.0 8705.0 8711.0 8711.828427124747 8706.171572875253 0
093621 093714 8711.0 8718.0 8705.0 8711.0 8711.851067216301 8706.603478238243 0
093621 093714 8711.0 8718.0 8705.0 8711.0 8711.768713102065 8707.140377807027 0
093621 093714 8711.0 8718.0 8705.0 8712.0 8711.969044659165 8707.394591704471 0
093621 093714 8711.0 8718.0 8705.0 8713.0 8712.326906972856 8707.582183936236 0
093621 093714 8711.0 8718.0 8705.0 8713.0 8712.714252414033 8707.649383949603 0
093621 093714 8711.0 8718.0 8705.0 8713.0 8713.013917960343 8707.804263857837 0
093621 093714 8711.0 8718.0 8705.0 8714.0 8713.470520300032 8707.893116063604 0
093621 093714 8711.0 8718.0 8705.0 8714.0 8713.918717337681 8707.899464480499 0
093621 093714 8711.0 8718.0 8705.0 8714.0 8714.286858809302 8707.985868463426 0
093621 093715 8711.0 8718.0 8701.0 8701.0 8715.99268262544 8705.552771920016 -1
093621 093715 8711.0 8718.0 8701.0 8701.0 8716.984415074921 8703.74285765235 0
093621 093715 8711.0 8718.0 8701.0 8702.0 8717.483314773548 8702.516685226452 0
093621 093715 8711.0 8718.0 8701.0 8702.0 8717.828276600778 8701.44445067195 0
093621 093715 8711.0 8718.0 8701.0 8703.0 8717.960285174033 8700.676078462331 0
093621 093715 8711.0 8718.0 8701.0 8703.0 8718.025217197084 8699.974782802916 0
093621 093715 8711.0 8718.0 8701.0 8703.0 8718.031322079913 8699.332314283723 0
093621 093715 8711.0 8718.0 8701.0 8703.0 8717.984550222052 8698.74272250522 0
093621 093715 8711.0 8718.0 8701.0 8704.0 8717.84999047296 8698.33182770886 0
093621 093715 8711.0 8718.0 8701.0 8704.0 8717.683389066364 8697.95297457 0
093621 093715 8711.0 8718.0 8701.0 8704.0 8717.48577231479 8697.605136776117 0
093621 093715 8711.0 8718.0 8701.0 8704.0 8717.257840158361 8697.287614387094 0
093621 093715 8711.0 8718.0 8701.0 8704.0 8716.890289425908 8697.018801483184 0
093621 093715 8711.0 8718.0 8701.0 8704.0 8716.481444633222 8696.791282639506 0
093621 093715 8711.0 8718.0 8701.0 8704.0 8716.030149386579 8696.606214249785 0
093621 093715 8711.0 8718.0 8701.0 8713.0 8716.190232084997 8696.537040642275 0
093621 093715 8711.0 8718.0 8701.0 8714.0 8716.366437961924 8696.451743856256 0
093621 093715 8711.0 8718.0 8701.0 8714.0 8716.54012963517 8696.368961273922 0
093621 093715 8711.0 8718.0 8701.0 8714.0 8716.711401827013 8696.288598172987 0
093621 093721 8711.0 8718.0 8701.0 8706.0 8715.809107997251 8696.463619275477 0
093646 093730 8713.0 8714.0 8701.0 8705.0 8714.776267009547 8696.678278444997 0
093646 093730 8713.0 8714.0 8701.0 8705.0 8713.616842468855 8697.019521167509 0
093646 093736 8713.0 8714.0 8701.0 8707.0 8713.696105872978 8697.485712308842 0
093646 093741 8713.0 8714.0 8701.0 8707.0 8713.732919675012 8697.99435305226 0
093646 093745 8713.0 8714.0 8701.0 8705.0 8713.698878312633 8698.301121687367 0
093646 093745 8713.0 8714.0 8701.0 8705.0 8713.651087475611 8698.621639797117 0
093646 093745 8713.0 8714.0 8701.0 8705.0 8713.635666447955 8698.818879006589 0
093646 093745 8713.0 8714.0 8701.0 8705.0 8713.614167355357 8699.022196281006 0
093646 093745 8713.0 8714.0 8701.0 8705.0 8713.586304622935 8699.231877195245 0
093646 093745 8713.0 8714.0 8701.0 8705.0 8713.551756712144 8699.448243287856 0
093646 093745 8713.0 8714.0 8701.0 8705.0 8713.54486420179 8699.546044889119 0
093646 093745 8713.0 8714.0 8701.0 8705.0 8713.536387434515 8699.645430747305 0
093646 093745 8713.0 8714.0 8701.0 8705.0 8713.526289207817 8699.74643806491 0
093646 093745 8713.0 8714.0 8701.0 8705.0 8713.514529972404 8699.849106391232 0
093646 093745 8713.0 8714.0 8701.0 8705.0 8713.50106764007 8699.953477814473 0
093646 093745 8713.0 8714.0 8701.0 8705.0 8713.48585736997 8700.059597175486 0
093646 093745 8713.0 8714.0 8701.0 8705.0 8713.468851330244 8700.16751230612 0
093646 093745 8713.0 8714.0 8701.0 8705.0 8712.566449568718 8700.342641340374 0
093646 093745 8713.0 8714.0 8701.0 8705.0 8711.214497809393 8700.876411281515 0
093646 093745 8713.0 8714.0 8701.0 8705.0 8709.476129469445 8701.796597803283 0
093646 093745 8713.0 8714.0 8701.0 8705.0 8706.422995130724 8704.03155032382 0
093646 093745 8713.0 8714.0 8701.0 8705.0 8706.331737330971 8704.031899032665 0
093646 093745 8713.0 8714.0 8701.0 8705.0 8706.331737330971 8704.031899032665 0
093646 093745 8713.0 8714.0 8701.0 8706.0 8706.422995130724 8704.03155032382 0
093646 093745 8713.0 8714.0 8701.0 8706.0 8706.160939055842 8704.202697307794 0
093646 093745 8713.0 8714.0 8701.0 8706.0 8705.822712221388 8704.45001505134 0
093646 093745 8713.0 8714.0 8701.0 8706.0 8705.953207397657 8704.410428965979 0
093646 093745 8713.0 8714.0 8701.0 8706.0 8706.06541313248 8704.389132322063 0
093648 093747 8712.0 8714.0 8701.0 8707.0 8706.427868692339 8704.208494944025 0
093714 093812 8705.0 8714.0 8701.0 8708.0 8707.018604594008 8703.890486315084 0
093714 093812 8705.0 8714.0 8701.0 8708.0 8707.465048011645 8703.716770170175 0
093714 093812 8705.0 8714.0 8701.0 8708.0 8707.831970345962 8703.622575108582 0
093714 093812 8705.0 8714.0 8701.0 8708.0 8708.14362476436 8703.583647962912 0
093714 093812 8705.0 8714.0 8701.0 8708.0 8708.412090756623 8703.587909243377 0
093741 093837 8707.0 8708.0 8705.0 8708.0 8708.644202586207 8703.62852468652 0
093745 093843 8705.0 8709.0 8705.0 8709.0 8709.040905296704 8703.59545833966 0
093812 093849 8708.0 8709.0 8708.0 8709.0 8709.376234912646 8703.623765087354 0
093812 093849 8708.0 8709.0 8708.0 8709.0 8709.659698064392 8703.703938299244 0
093812 093849 8708.0 8709.0 8708.0 8709.0 8709.896514057747 8703.830758669525 0
093812 093849 8708.0 8709.0 8708.0 8709.0 8710.089212553234 8704.001696537674 0
093812 093852 8708.0 8709.0 8708.0 8708.0 8710.11354827211 8704.250088091527 0
093812 093858 8708.0 8709.0 8707.0 8707.0 8710.048061367723 8704.497393177733 0
093812 093912 8708.0 8709.0 8706.0 8706.0 8709.973287612092 8704.663076024272 0
093837 093920 8708.0 8709.0 8706.0 8707.0 8709.870361158304 8704.947820659876 0
093858 093953 8707.0 8707.0 8706.0 8706.0 8709.768713102065 8705.140377807027 0
093858 093953 8707.0 8707.0 8706.0 8706.0 8709.768713102065 8705.140377807027 0
093912 094001 8706.0 8707.0 8705.0 8705.0 8709.870361158304 8704.947820659876 0
093912 094001 8706.0 8707.0 8705.0 8705.0 8709.960519428561 8704.76675329871 0
093912 094002 8706.0 8707.0 8704.0 8704.0 8710.176130804122 8704.369323741334 0
093912 094002 8706.0 8707.0 8704.0 8705.0 8710.238271847576 8704.216273606968 0
093912 094002 8706.0 8707.0 8704.0 8705.0 8710.286858809302 8703.985868463426 0
093912 094002 8706.0 8707.0 8704.0 8705.0 8710.247376563544 8703.752623436456 0
093912 094006 8706.0 8707.0 8703.0 8703.0 8710.38743551856 8703.158019026896 0
093912 094009 8706.0 8707.0 8703.0 8703.0 8710.44077914284 8702.650129948068 0
093912 094010 8706.0 8707.0 8702.0 8702.0 8710.54448731799 8702.000967227466 0
093912 094010 8706.0 8707.0 8702.0 8703.0 8710.455248303866 8701.635660787042 0
093912 094010 8706.0 8711.0 8702.0 8711.0 8710.992275111026 8701.37136125261 0
093920 094013 8707.0 8711.0 8702.0 8702.0 8710.81046104015 8700.916811687122 0
093920 094013 8707.0 8711.0 8702.0 8702.0 8710.54462803086 8700.546281060047 0
094001 094054 8705.0 8711.0 8702.0 8704.0 8710.119180336913 8700.517183299451 0
094054 094128 8704.0 8707.0 8704.0 8707.0 8709.817056567768 8700.637488886776 0
094054 094135 8704.0 8707.0 8704.0 8707.0 8709.497158165532 8700.775569107196 0
094054 094149 8704.0 8708.0 8704.0 8708.0 8709.497158165532 8700.775569107196 0
094128 094201 8707.0 8708.0 8706.0 8706.0 8709.393512569528 8700.788305612292 0
094128 094203 8707.0 8708.0 8706.0 8707.0 8709.497158165532 8700.775569107196 0
094128 094225 8707.0 8708.0 8706.0 8706.0 8709.393512569528 8700.788305612292 0
094201 094254 8706.0 8707.0 8704.0 8704.0 8709.306443375392 8700.693556624608 0
094201 094259 8706.0 8707.0 8704.0 8704.0 8709.211694387708 8700.606487430472 0
094203 094302 8707.0 8707.0 8704.0 8704.0 8709.182535825534 8700.544736901738 0
094225 094314 8706.0 8706.0 8704.0 8705.0 8709.182535825534 8700.544736901738 0
094302 094402 8704.0 8705.0 8703.0 8703.0 8709.193167060188 8700.443196576176 0
094302 094402 8704.0 8705.0 8703.0 8703.0 8709.166020223902 8700.288525230642 0
094302 094402 8704.0 8705.0 8703.0 8703.0 8709.130620761567 8700.14210651116 0
094302 094402 8704.0 8705.0 8703.0 8703.0 8709.087271271563 8700.003637819345 0
094314 094403 8705.0 8705.0 8703.0 8703.0 8709.087271271563 8700.003637819345 0
094314 094403 8705.0 8705.0 8703.0 8703.0 8709.087271271563 8700.003637819345 0
094314 094403 8705.0 8705.0 8703.0 8703.0 8709.049163576452 8700.132654605368 0
094314 094403 8705.0 8705.0 8703.0 8703.0 8709.049163576452 8700.132654605368 0
094314 094405 8705.0 8705.0 8703.0 8703.0 8707.739941652066 8700.714603802478 0
094314 094409 8705.0 8705.0 8702.0 8702.0 8707.739941652066 8700.714603802478 0
094314 094412 8705.0 8705.0 8701.0 8701.0 8707.83179270907 8700.531843654566 0
094314 094412 8705.0 8705.0 8701.0 8701.0 8707.929092611508 8700.1618164794 0
094314 094412 8705.0 8705.0 8701.0 8701.0 8707.630744577078 8699.914709968378 0
094314 094412 8705.0 8705.0 8701.0 8701.0 8707.253785967649 8699.746214032351 0
094314 094412 8705.0 8705.0 8701.0 8701.0 8706.519556318306 8699.84408004533 0
094314 094412 8705.0 8705.0 8701.0 8701.0 8706.172521821896 8699.736569087196 0
094314 094412 8705.0 8705.0 8701.0 8701.0 8705.470520300032 8699.893116063604 0
094314 094412 8705.0 8705.0 8701.0 8701.0 8704.920847266592 8699.9882436425 0
094314 094412 8705.0 8705.0 8701.0 8701.0 8704.759222105837 8699.877141530527 0
094314 094412 8705.0 8705.0 8701.0 8701.0 8704.566341281565 8699.797295082071 0
094314 094412 8705.0 8710.0 8701.0 8710.0 8706.442129490812 8698.46696141828 1
094314 094413 8705.0 8710.0 8700.0 8700.0 8706.178420693108 8698.276124761436 0
094314 094413 8705.0 8710.0 8700.0 8700.0 8706.132020140163 8698.049798041657 0
094314 094413 8705.0 8710.0 8700.0 8700.0 8706.065606928943 8697.843483980148 0
094314 094413 8705.0 8710.0 8700.0 8700.0 8705.98019023355 8697.656173402815 0
094314 094413 8705.0 8710.0 8700.0 8700.0 8705.876462543658 8697.487173819978 0
094314 094413 8705.0 8710.0 8700.0 8700.0 8705.754849782832 8697.336059308076 0
094314 094413 8705.0 8710.0 8700.0 8700.0 8705.615540109548 8697.202641708633 0
094314 094413 8705.0 8710.0 8700.0 8700.0 8705.458496157537 8697.08695838792 0
094314 094413 8705.0 8710.0 8700.0 8700.0 8705.283452628348 8696.98927464438 0
094314 094413 8705.0 8710.0 8700.0 8700.0 8705.089898865164 8696.910101134836 0
094314 094413 8705.0 8710.0 8700.0 8700.0 8704.994946373497 8696.823235444683 0
094314 094413 8705.0 8710.0 8700.0 8700.0 8704.966648762325 8696.760623964947 0
094314 094413 8705.0 8710.0 8700.0 8700.0 8704.93627332833 8696.700090308033 0
094314 094413 8705.0 8710.0 8700.0 8700.0 8704.903842824548 8696.641611720908 0
094314 094413 8705.0 8710.0 8700.0 8700.0 8704.869376636325 8696.58516881822 0
094314 094413 8705.0 8710.0 8700.0 8700.0 8704.832890929756 8696.53074543388 0
094314 094413 8705.0 8710.0 8700.0 8700.0 8704.794398773101 8696.478328499627 0
094314 094413 8705.0 8710.0 8700.0 8700.0 8704.753910233403 8696.427907948417 0
094314 094413 8705.0 8710.0 8700.0 8700.0 8704.71143244996 8696.379476640948 0
094314 094413 8705.0 8710.0 8700.0 8700.0 8704.666969685952 8696.333030314048 0
094314 094413 8705.0 8710.0 8700.0 8700.0 8704.620523359052 8696.28856755004 0
094314 094413 8705.0 8710.0 8700.0 8700.0 8700.0 8700.0 0
094314 094413 8705.0 8710.0 8700.0 8700.0 8700.0 8700.0 0
094314 094413 8705.0 8710.0 8700.0 8700.0 8700.0 8700.0 0
094314 094413 8705.0 8710.0 8700.0 8700.0 8700.0 8700.0 0
094314 094413 8705.0 8710.0 8700.0 8700.0 8700.0 8700.0 0
094314 094413 8705.0 8710.0 8700.0 8700.0 8700.0 8700.0 0
094314 094413 8705.0 8710.0 8700.0 8700.0 8700.0 8700.0 0
094314 094413 8705.0 8710.0 8700.0 8700.0 8700.0 8700.0 0
094314 094413 8705.0 8710.0 8700.0 8700.0 8700.0 8700.0 0
094314 094413 8705.0 8710.0 8700.0 8700.0 8700.0 8700.0 0
094402 094416 8703.0 8710.0 8700.0 8702.0 8700.92410467181 8699.25771351001 0
094402 094446 8703.0 8710.0 8700.0 8702.0 8701.331737330971 8699.031899032665 0
094402 094446 8703.0 8710.0 8700.0 8703.0 8701.957068761574 8698.67929487479 0
094402 094446 8703.0 8710.0 8700.0 8703.0 8702.429596452946 8698.479494456145 0
094402 094500 8703.0 8710.0 8700.0 8703.0 8702.81957284948 8698.36224533234 0
094413 094513 8700.0 8703.0 8699.0 8699.0 8702.859622192973 8698.231286897935 0
094416 094514 8702.0 8703.0 8699.0 8699.0 8702.893172105652 8698.106827894348 0
094416 094514 8702.0 8708.0 8699.0 8708.0 8704.785391747295 8696.941880979977 1
094446 094519 8702.0 8708.0 8699.0 8701.0 8704.812892827924 8697.005288990256 0
094630 094630 8709.0 8709.0 8709.0 8709.0 8706.44870947619 8696.187654160174 0
094630 094643 8709.0 8709.0 8706.0 8706.0 8707.04014893478 8696.14166924704 0
094630 094653 8709.0 8709.0 8706.0 8707.0 8707.75278497454 8696.06539684364 0
094806 094806 8704.0 8704.0 8704.0 8704.0 8707.93460315636 8696.24721502546 0
094806 094807 8704.0 8704.0 8703.0 8703.0 8708.009119496784 8696.44542595776 0
094806 094807 8704.0 8704.0 8703.0 8703.0 8708.069947209628 8696.657325517644 0
094806 094810 8704.0 8704.0 8703.0 8704.0 8708.193536206185 8696.897372884723 0
094806 094819 8704.0 8704.0 8703.0 8703.0 8708.221308267848 8697.142328095788 0
094806 094822 8704.0 8704.0 8703.0 8703.0 8708.233190040668 8697.403173595696 0
094806 094904 8704.0 8704.0 8703.0 8703.0 8708.2280563681 8697.681034540992 0
094904 095002 8703.0 8707.0 8703.0 8707.0 8708.638674386682 8697.906780158773 0
094904 095004 8703.0 8707.0 8703.0 8707.0 8708.973003678406 8698.208814503414 0
095230 095230 8708.0 8708.0 8708.0 8708.0 8709.397715410882 8698.51137549821 0
095341 095341 8707.0 8707.0 8707.0 8707.0 8709.696636686584 8698.666999677052 0
095341 095343 8707.0 8707.0 8707.0 8707.0 8709.957525279879 8698.860656538302 0
095341 095346 8707.0 8707.0 8705.0 8705.0 8710.018563713009 8698.981436286991 0
095341 095346 8707.0 8707.0 8705.0 8707.0 8710.254033789353 8699.109602574283 0
095341 095346 8707.0 8707.0 8705.0 8707.0 8710.465436546547 8699.261836180725 0
095341 095355 8707.0 8707.0 8704.0 8704.0 8710.096690871978 8700.085127309841 0
095341 095355 8707.0 8707.0 8704.0 8704.0 8709.598639042544 8701.03772459382 0
095341 095356 8707.0 8707.0 8704.0 8704.0 8709.283452628348 8700.98927464438 0
095341 095408 8707.0 8707.0 8704.0 8704.0 8709.047370816732 8701.498083728724 0
095341 095410 8707.0 8707.0 8703.0 8703.0 8708.516196291966 8701.483803708034 0
095341 095412 8707.0 8707.0 8703.0 8704.0 8708.420583257423 8701.397598560758 0
095355 095449 8704.0 8704.0 8702.0 8702.0 8708.268985392173 8701.094650971463 0
095355 095451 8704.0 8704.0 8701.0 8701.0 8708.44077914284 8700.650129948068 0
095355 095452 8704.0 8704.0 8700.0 8700.0 8708.701116957858 8700.117064860322 0
095408 095501 8704.0 8704.0 8700.0 8700.0 8708.911763935337 8699.633690610119 0
095408 095501 8704.0 8704.0 8700.0 8700.0 8709.060236497717 8699.121581684103 0
095644 095644 8703.0 8703.0 8703.0 8703.0 8709.060236497717 8699.121581684103 0
095841 095841 8706.0 8706.0 8706.0 8706.0 8709.233879932004 8699.22066552254 0
095841 095841 8706.0 8707.0 8706.0 8707.0 8709.513780051406 8699.304401766774 0
095841 095920 8706.0 8707.0 8706.0 8707.0 8709.513780051406 8699.304401766774 0
095920 095953 8707.0 8708.0 8707.0 8708.0 8709.667371340667 8699.241719568425 0
095953 100023 8708.0 8708.0 8706.0 8706.0 8709.392478794887 8699.334793932385 0
100023 100112 8706.0 8706.0 8704.0 8704.0 8709.123721094362 8699.330824360182 0
100023 100114 8706.0 8706.0 8704.0 8704.0 8708.835632127528 8699.346186054292 0
100259 100259 8702.0 8702.0 8702.0 8702.0 8708.758985549719 8699.150105359373 0
100259 100300 8702.0 8702.0 8701.0 8701.0 8708.44479523543 8698.918841128207 0
100259 100302 8702.0 8702.0 8701.0 8701.0 8708.066795802708 8698.751386015472 0
100259 100310 8702.0 8702.0 8701.0 8701.0 8708.027889756591 8698.517564788865 0
100426 100426 8699.0 8699.0 8699.0 8699.0 8708.107874833573 8697.983034257335 0
100426 100426 8699.0 8700.0 8699.0 8700.0 8708.061379039607 8697.665893687665 0
100426 100426 8699.0 8700.0 8699.0 8700.0 8707.986579803961 8697.377056559675 0
100426 100426 8699.0 8700.0 8699.0 8700.0 8707.963514336636 8697.127394754272 0
100426 100426 8699.0 8700.0 8699.0 8700.0 8707.84237060848 8696.884902118793 0
100426 100426 8699.0 8701.0 8699.0 8701.0 8707.824751898512 8696.811611737852 0
100426 100426 8699.0 8701.0 8699.0 8701.0 8707.824751898512 8696.811611737852 0
100426 100426 8699.0 8709.0 8699.0 8709.0 8708.793028115495 8696.66151733905 0
100426 100427 8699.0 8709.0 8693.0 8693.0 8709.63679244011 8695.18138937807 0
100426 100427 8699.0 8709.0 8693.0 8693.0 8710.268685870564 8693.913132311256 0
100426 100427 8699.0 8709.0 8693.0 8693.0 8710.632230455893 8692.640496816835 0
100426 100427 8699.0 8709.0 8693.0 8693.0 8710.512666340568 8691.57824275034 0
100426 100427 8699.0 8709.0 8693.0 8694.0 8709.983969222822 8690.92512168627 0
100426 100427 8699.0 8709.0 8693.0 8694.0 8709.30812402086 8690.419148706413 0
100426 100427 8699.0 8709.0 8693.0 8694.0 8708.271242454652 8690.183302999892 0
100426 100427 8699.0 8709.0 8693.0 8694.0 8707.469958198833 8689.893678164803 0
100426 100427 8699.0 8709.0 8693.0 8694.0 8706.901829423974 8689.55271603057 0
100426 100427 8699.0 8709.0 8693.0 8695.0 8706.209440552157 8689.426923084207 0
100426 100427 8699.0 8709.0 8693.0 8695.0 8705.762731223556 8689.237268776444 0
100426 100427 8699.0 8709.0 8693.0 8695.0 8705.405554791414 8689.04899066313 0
100426 100427 8699.0 8709.0 8693.0 8695.0 8705.010650372325 8688.898440536766 0
100426 100427 8699.0 8709.0 8693.0 8696.0 8704.593930055556 8688.860615398988 0
100426 100427 8699.0 8709.0 8693.0 8696.0 8704.39904216795 8688.78277601387 0
100426 100427 8699.0 8709.0 8693.0 8697.0 8704.12330789417 8688.785783014922 0
100426 100427 8699.0 8709.0 8693.0 8697.0 8703.835104874288 8688.801258762076 0
100426 100427 8699.0 8709.0 8693.0 8698.0 8703.611083474916 8688.843461979628 0
100426 100427 8699.0 8709.0 8693.0 8698.0 8703.38005567704 8688.892671595688 0
100426 100427 8699.0 8709.0 8693.0 8698.0 8702.980492298346 8689.019507701654 0
100426 100427 8699.0 8709.0 8693.0 8698.0 8702.55950902848 8689.167763698792 0
100426 100427 8699.0 8709.0 8693.0 8698.0 8699.009079573774 8691.718193153498 0
100426 100427 8699.0 8709.0 8693.0 8698.0 8699.242015568732 8691.939802613088 0
100426 100427 8699.0 8709.0 8693.0 8707.0 8702.071673876524 8690.38287157802 1
100426 100428 8699.0 8709.0 8690.0 8690.0 8702.355066609802 8689.826751572018 0
100426 100428 8699.0 8709.0 8690.0 8691.0 8702.494753127088 8689.505246872912 0
100426 100428 8699.0 8709.0 8690.0 8691.0 8702.640480749831 8689.086791977441 0
100426 100428 8699.0 8709.0 8690.0 8691.0 8702.764364538314 8688.69018091623 0
100426 100428 8699.0 8709.0 8690.0 8701.0 8703.368575408416 8688.722333682492 0
100426 100428 8699.0 8709.0 8690.0 8701.0 8703.90854324409 8688.818729483182 0
100426 100428 8699.0 8709.0 8690.0 8701.0 8704.389815531356 8688.97382083228 0
100426 100430 8699.0 8709.0 8690.0 8690.0 8704.628278833814 8688.280812075278 0
100426 100437 8699.0 8709.0 8690.0 8695.0 8704.628278833814 8688.280812075278 0
100426 100440 8699.0 8709.0 8690.0 8691.0 8704.740458925233 8687.804995620223 0
100426 100441 8699.0 8709.0 8690.0 8690.0 8704.89731152017 8687.193597570738 0
100426 100441 8699.0 8709.0 8690.0 8690.0 8704.976122262558 8686.569332282897 0
100426 100441 8699.0 8709.0 8690.0 8702.0 8705.608209430515 8686.482699660393 0
100426 100442 8699.0 8709.0 8689.0 8689.0 8705.67065492611 8685.692981437525 0
100426 100442 8699.0 8709.0 8689.0 8689.0 8705.66465884067 8684.971704795695 0
100426 100443 8699.0 8709.0 8689.0 8689.0 8705.50770301221 8684.31047880597 0
100426 100443 8699.0 8709.0 8689.0 8689.0 8705.282983226953 8683.717016773047 0
100426 100443 8699.0 8709.0 8689.0 8689.0 8704.993937709503 8683.187880472316 0
100426 100443 8699.0 8709.0 8689.0 8689.0 8704.642680185683 8682.720956177953 0
100426 100443 8699.0 8709.0 8689.0 8689.0 8704.230195762415 8682.315258783041 0
100426 100443 8699.0 8709.0 8689.0 8689.0 8703.756427216396 8681.970845510876 0
100426 100443 8699.0 8709.0 8689.0 8689.0 8701.120440600585 8682.970468490323 0
100426 100443 8699.0 8709.0 8689.0 8689.0 8701.12538915733 8682.87461084267 0
100426 100444 8699.0 8709.0 8689.0 8689.0 8701.112036898068 8682.706144920112 0
100426 100444 8699.0 8709.0 8689.0 8690.0 8701.093931435162 8682.63334129211 0
100426 100444 8699.0 8709.0 8689.0 8701.0 8702.288799810087 8682.347563826277 0
100426 100446 8699.0 8709.0 8688.0 8688.0 8701.092232916128 8682.362312538417 0
100426 100448 8699.0 8709.0 8688.0 8688.0 8699.691966894314 8682.580760378414 0
100426 100450 8699.0 8709.0 8688.0 8690.0 8698.035269072501 8683.237458200227 0
100426 100501 8699.0 8709.0 8688.0 8688.0 8698.02214007089 8683.068769020017 0
100426 100501 8699.0 8709.0 8688.0 8701.0 8699.295667801363 8682.340695835 0
100426 100508 8699.0 8709.0 8687.0 8687.0 8699.260757255004 8682.011970017724 0
100426 100511 8699.0 8709.0 8687.0 8688.0 8699.236667929248 8681.85424116166 0
100426 100516 8699.0 8709.0 8687.0 8688.0 8699.208293176154 8681.700797732938 0
100426 100519 8699.0 8709.0 8687.0 8688.0 8697.020109934669 8682.616253701695 0
100440 100540 8691.0 8702.0 8687.0 8690.0 8697.0569528208 8682.670319906472 0
100441 100541 8690.0 8702.0 8687.0 8690.0 8697.092635005503 8682.725546812677 0
100442 100542 8689.0 8701.0 8687.0 8690.0 8697.127151744573 8682.781939164519 0
100448 100548 8688.0 8701.0 8687.0 8689.0 8697.127151744573 8682.781939164519 0
100450 100549 8690.0 8701.0 8687.0 8688.0 8697.117900946036 8682.700280872145 0
100501 100551 8688.0 8701.0 8687.0 8689.0 8697.117900946036 8682.700280872145 0
100501 100601 8688.0 8701.0 8687.0 8687.0 8697.120394773827 8682.515968862537 0
100501 100601 8688.0 8701.0 8687.0 8687.0 8697.117236884691 8682.337308569853 0
100511 100609 8688.0 8690.0 8687.0 8687.0 8697.10862639565 8682.164100877078 0
100516 100612 8688.0 8700.0 8687.0 8700.0 8698.755485180835 8681.517242091893 0
100516 100613 8688.0 8700.0 8687.0 8687.0 8698.752343619939 8681.33856547097 0
100516 100615 8688.0 8700.0 8684.0 8684.0 8698.836778507875 8680.70867603758 0
100516 100615 8688.0 8700.0 8684.0 8684.0 8696.93152513134 8681.06847486866 0
100516 100615 8688.0 8700.0 8684.0 8684.0 8697.012112246723 8680.624251389641 0
100516 100615 8688.0 8700.0 8684.0 8684.0 8697.06888627295 8680.203840999779 0
100516 100615 8688.0 8700.0 8684.0 8684.0 8696.988029982276 8679.739242744996 0
100516 100615 8688.0 8700.0 8684.0 8685.0 8696.96448297856 8679.490062475985 0
100516 100615 8688.0 8700.0 8684.0 8685.0 8694.315757144628 8680.684242855372 0
100516 100615 8688.0 8700.0 8684.0 8685.0 8694.302014577188 8680.516167240992 0
100516 100615 8688.0 8700.0 8684.0 8685.0 8694.231876076003 8680.313578469453 0
100516 100615 8688.0 8700.0 8684.0 8685.0 8694.15051697853 8680.122210294197 0
100516 100615 8688.0 8700.0 8684.0 8685.0 8694.05819961592 8679.94180038408 0
100516 100615 8688.0 8700.0 8684.0 8686.0 8693.763065183559 8679.873298452805 0
100516 100615 8688.0 8700.0 8684.0 8686.0 8693.44666210921 8679.826065163517 0
100516 100616 8688.0 8700.0 8684.0 8684.0 8693.093365644843 8679.633907082429 0
100516 100616 8688.0 8700.0 8684.0 8684.0 8692.832236301208 8679.44049097152 0
100516 100616 8688.0 8700.0 8684.0 8684.0 8692.65535334959 8679.253737559502 0
100548 100643 8689.0 8700.0 8684.0 8689.0 8692.65535334959 8679.253737559502 0
100749 100749 8689.0 8689.0 8689.0 8689.0 8692.853932488491 8679.236976602417 0
100749 100819 8689.0 8700.0 8689.0 8700.0 8695.591716622564 8677.681010650163 1
100819 100906 8700.0 8700.0 8686.0 8686.0 8695.548568909271 8677.633249272549 0
100819 100906 8700.0 8700.0 8686.0 8686.0 8692.736266146021 8679.17282476307 0
100906 101002 8686.0 8689.0 8686.0 8689.0 8692.93358063255 8679.157328458357 0
101002 101034 8689.0 8689.0 8689.0 8689.0 8693.205700350887 8679.339754194569 0
101002 101051 8689.0 8690.0 8689.0 8690.0 8693.57079239504 8679.520116695869 0
101243 101243 8686.0 8686.0 8686.0 8686.0 8693.578866578922 8679.693860693806 0
101243 101301 8686.0 8686.0 8684.0 8684.0 8693.578866578922 8679.693860693806 0
101243 101301 8686.0 8686.0 8684.0 8684.0 8693.578866578922 8679.693860693806 0
101243 101301 8686.0 8686.0 8684.0 8684.0 8693.588547417428 8679.593270764391 0
101243 101303 8686.0 8686.0 8683.0 8683.0 8693.628687243678 8679.371312756322 0
101243 101303 8686.0 8696.0 8683.0 8696.0 8695.112840551754 8678.887159448246 0
101243 101303 8686.0 8697.0 8683.0 8697.0 8696.605401820581 8678.485507270327 0
101243 101304 8686.0 8697.0 8681.0 8681.0 8696.774374032442 8677.95289869483 0
101243 101304 8686.0 8697.0 8681.0 8681.0 8696.917158931074 8677.446477432562 0
101243 101321 8686.0 8697.0 8681.0 8685.0 8696.902640577413 8677.370086695315 0
101243 101328 8686.0 8697.0 8681.0 8685.0 8696.887180940383 8677.294637241437 0
101243 101337 8686.0 8697.0 8681.0 8684.0 8696.887180940383 8677.294637241437 0
101243 101337 8686.0 8697.0 8681.0 8684.0 8696.887180940383 8677.294637241437 0
101243 101337 8686.0 8697.0 8681.0 8684.0 8696.887180940383 8677.294637241437 0
101243 101337 8686.0 8697.0 8681.0 8684.0 8696.704099297045 8677.023173430227 0
101243 101337 8686.0 8697.0 8681.0 8684.0 8696.499895265468 8676.77283200726 0
101243 101337 8686.0 8697.0 8681.0 8684.0 8693.907024526516 8677.911157291664 0
101243 101337 8686.0 8697.0 8681.0 8684.0 8693.855285856473 8677.781077779891 0
101243 101337 8686.0 8697.0 8681.0 8684.0 8693.799262865608 8677.655282588936 0
101243 101337 8686.0 8697.0 8681.0 8684.0 8693.471540286886 8677.528459713114 0
101243 101337 8686.0 8697.0 8681.0 8684.0 8693.116238040046 8677.42921650541 0
101337 101431 8684.0 8685.0 8684.0 8685.0 8692.612783189692 8677.478125901216 0
101431 101448 8685.0 8687.0 8685.0 8687.0 8692.692561803771 8677.489256378049 0
101431 101502 8685.0 8687.0 8682.0 8682.0 8692.698878312633 8677.301121687367 0
101431 101502 8685.0 8687.0 8682.0 8682.0 8692.699740103864 8677.118441714316 0
101431 101502 8685.0 8687.0 8682.0 8682.0 8692.69533782634 8676.941025810023 0
101431 101502 8685.0 8687.0 8682.0 8682.0 8692.702689285288 8676.842765260168 0
101431 101502 8685.0 8687.0 8682.0 8683.0 8690.438054739667 8677.92558162397 0
101431 101502 8685.0 8687.0 8682.0 8683.0 8686.356295424315 8680.734613666593 0
101431 101506 8685.0 8687.0 8681.0 8681.0 8686.356295424315 8680.734613666593 0
101431 101506 8685.0 8687.0 8681.0 8681.0 8686.356295424315 8680.734613666593 0
101431 101525 8685.0 8687.0 8681.0 8682.0 8686.215518007351 8680.602663810829 0
101431 101526 8685.0 8687.0 8680.0 8680.0 8686.235064658862 8680.128571704774 0
101431 101527 8685.0 8687.0 8679.0 8679.0 8686.44360746589 8679.465483443202 0
101431 101527 8685.0 8687.0 8679.0 8679.0 8686.549781098478 8678.904764356066 0
101431 101527 8685.0 8687.0 8679.0 8679.0 8686.578769868032 8678.421230131968 0
101431 101527 8685.0 8687.0 8679.0 8679.0 8686.54448731799 8678.000967227466 0
101431 101527 8685.0 8687.0 8679.0 8679.0 8686.455248303866 8677.635660787042 0
101431 101527 8685.0 8687.0 8679.0 8679.0 8686.316115227946 8677.320248408418 0
101431 101527 8685.0 8687.0 8679.0 8679.0 8686.129995539208 8677.051822642612 0
101431 101527 8685.0 8687.0 8679.0 8679.0 8685.89816869576 8676.829104031513 0
101431 101527 8685.0 8687.0 8679.0 8679.0 8685.620495438232 8676.652231834496 0
101431 101527 8685.0 8687.0 8679.0 8679.0 8685.295395666113 8676.522786152067 0
101431 101527 8685.0 8687.0 8679.0 8679.0 8684.706005324655 8676.566721948073 0
101431 101527 8685.0 8687.0 8679.0 8679.0 8683.298784904926 8677.24666964053 0
101431 101527 8685.0 8687.0 8679.0 8680.0 8683.11354827211 8677.250088091527 0
101448 101533 8687.0 8687.0 8678.0 8678.0 8682.954195783504 8677.045804216496 0
101448 101534 8687.0 8687.0 8678.0 8678.0 8682.749911908473 8676.88645172789 0
101448 101534 8687.0 8687.0 8678.0 8678.0 8682.499639226913 8676.773088045815 0
101448 101534 8687.0 8687.0 8678.0 8678.0 8681.943156339048 8676.875025479132 0
101448 101534 8687.0 8687.0 8678.0 8678.0 8681.238856090724 8677.124780272912 0
101448 101536 8687.0 8687.0 8677.0 8677.0 8681.088931871469 8676.911068128531 0
101655 101655 8684.0 8684.0 8684.0 8684.0 8681.983719956976 8676.289007315752 0
101655 101734 8684.0 8684.0 8683.0 8683.0 8682.235064658862 8676.128571704774 0
101849 101849 8687.0 8687.0 8687.0 8687.0 8683.961960433384 8675.038039566616 1
101849 101850 8687.0 8687.0 8687.0 8687.0 8685.30072965611 8674.426543071162 0
101849 101930 8687.0 8687.0 8685.0 8685.0 8685.960933992597 8674.31179328013 0
101849 101941 8687.0 8693.0 8685.0 8693.0 8688.656699925737 8672.888754619718 1
101930 102009 8685.0 8693.0 8682.0 8682.0 8688.769442298624 8673.048739519556 0
101930 102019 8685.0 8693.0 8679.0 8679.0 8688.769442298624 8673.048739519556 0
101930 102019 8685.0 8693.0 8679.0 8679.0 8688.769442298624 8673.048739519556 0
101930 102020 8685.0 8693.0 8676.0 8676.0 8688.861593204743 8672.683861340713 0
101930 102020 8685.0 8693.0 8676.0 8677.0 8688.892373774499 8672.471262589137 0
101930 102020 8685.0 8693.0 8676.0 8677.0 8688.917407665485 8672.264410516334 0
101930 102020 8685.0 8693.0 8676.0 8677.0 8688.93693179905 8672.06306820095 0
101930 102020 8685.0 8693.0 8676.0 8677.0 8688.951159870927 8671.867021947253 0
101930 102020 8685.0 8693.0 8676.0 8677.0 8688.960285174033 8671.676078462331 0
101930 102020 8685.0 8693.0 8676.0 8678.0 8688.922764101999 8671.531781352545 0
101930 102021 8685.0 8693.0 8675.0 8675.0 8689.012977561008 8671.168840620812 0
101930 102021 8685.0 8693.0 8675.0 8675.0 8689.089439049532 8670.81965185956 0
101930 102022 8685.0 8693.0 8675.0 8680.0 8689.140453625414 8670.950455465494 0
101930 102022 8685.0 8693.0 8675.0 8680.0 8689.187640885168 8671.08508638756 0
101930 102022 8685.0 8693.0 8675.0 8680.0 8689.230945072626 8671.223600381918 0
101930 102022 8685.0 8693.0 8675.0 8680.0 8689.257872588098 8671.469400139174 0
101930 102022 8685.0 8693.0 8675.0 8680.0 8688.933677488407 8671.42995887523 0
101930 102022 8685.0 8693.0 8675.0 8680.0 8688.71047875939 8671.380430331517 0
101930 102022 8685.0 8693.0 8675.0 8680.0 8687.844187012926 8671.610358441618 0
102009 102101 8682.0 8682.0 8674.0 8674.0 8686.93602457411 8671.336702698618 0
102009 102101 8682.0 8682.0 8674.0 8675.0 8686.222890293597 8671.14074607004 0
102009 102102 8682.0 8682.0 8674.0 8674.0 8682.356357808854 8673.28000582751 0
102009 102102 8682.0 8682.0 8674.0 8674.0 8681.874634829506 8673.034456079586 0
102009 102104 8682.0 8682.0 8673.0 8673.0 8681.91607875138 8672.447557612257 0
102009 102104 8682.0 8682.0 8673.0 8673.0 8681.878418315897 8671.939763502283 0
102009 102105 8682.0 8682.0 8672.0 8672.0 8682.093219841227 8671.361325613318 0
102009 102105 8682.0 8682.0 8672.0 8672.0 8682.212824488497 8670.787175511503 0
102101 102123 8674.0 8685.0 8672.0 8685.0 8683.58660796163 8670.140664765642 0
102101 102132 8674.0 8685.0 8672.0 8672.0 8683.656994391386 8669.615732881342 0
102101 102135 8674.0 8685.0 8672.0 8674.0 8683.603136311134 8669.396863688866 0
102242 102242 8685.0 8685.0 8685.0 8685.0 8684.801931452987 8668.925341274286 0
102457 102457 8669.0 8669.0 8669.0 8669.0 8685.019320518773 8667.889770390319 0
102457 102458 8669.0 8669.0 8668.0 8668.0 8685.386335715839 8666.886391556889 0
102457 102458 8669.0 8669.0 8668.0 8668.0 8685.664941573856 8665.971422062508 0
102457 102458 8669.0 8669.0 8668.0 8668.0 8685.456168701776 8665.08928584368 0
102457 102458 8669.0 8669.0 8668.0 8668.0 8685.122758079217 8664.331787375328 0
102457 102458 8669.0 8669.0 8668.0 8668.0 8684.672270354002 8663.691366009634 0
102457 102458 8669.0 8669.0 8668.0 8669.0 8684.063381624004 8663.300254739632 0
102457 102458 8669.0 8682.0 8668.0 8682.0 8684.405982451763 8663.139472093693 0
102457 102459 8669.0 8682.0 8668.0 8668.0 8683.757434051804 8662.69711140274 0
102457 102501 8669.0 8682.0 8667.0 8667.0 8683.038207083919 8662.23452018881 0
102457 102501 8669.0 8682.0 8667.0 8667.0 8682.959206437958 8661.677157198406 0
102457 102501 8669.0 8682.0 8667.0 8667.0 8682.749784686848 8661.159306222244 0
102457 102501 8669.0 8682.0 8667.0 8669.0 8682.551182593554 8660.90336286099 0
102457 102533 8669.0 8682.0 8667.0 8672.0 8682.415897351115 8660.856829921613 0
102457 102548 8669.0 8682.0 8667.0 8672.0 8682.355482145977 8660.826336035843 0
102457 102549 8669.0 8682.0 8667.0 8672.0 8682.294277275532 8660.796631815376 0
102457 102550 8669.0 8682.0 8667.0 8672.0 8682.294277275532 8660.796631815376 0
102548 102637 8672.0 8672.0 8672.0 8672.0 8682.294277275532 8660.796631815376 0
102548 102644 8672.0 8672.0 8672.0 8672.0 8679.969225859859 8661.939865049233 0
102548 102644 8672.0 8672.0 8672.0 8672.0 8679.969225859859 8661.939865049233 0
102637 102653 8672.0 8682.0 8672.0 8682.0 8681.379563679471 8661.256799956893 0
102637 102657 8672.0 8682.0 8672.0 8673.0 8678.928747206312 8662.616707339144 0
102637 102657 8672.0 8682.0 8672.0 8673.0 8679.122715890113 8662.786375018979 0
102637 102706 8672.0 8682.0 8672.0 8672.0 8679.210912980287 8663.061814292441 0
102653 102748 8682.0 8685.0 8672.0 8685.0 8681.705362758563 8662.112819059617 1
102748 102814 8685.0 8685.0 8675.0 8675.0 8681.949446412053 8662.505099042492 0
102748 102832 8685.0 8685.0 8675.0 8677.0 8682.370006410418 8662.90272086231 0
103030 103030 8674.0 8674.0 8674.0 8674.0 8682.441983075576 8663.376198742604 0
103030 103112 8674.0 8680.0 8674.0 8680.0 8683.219272835104 8663.598908983076 0
103213 103213 8674.0 8674.0 8674.0 8674.0 8682.120440600585 8663.970468490323 0
103213 103230 8674.0 8674.0 8674.0 8674.0 8682.12698657946 8664.509377056904 0
103213 103307 8674.0 8674.0 8672.0 8672.0 8681.938682827333 8665.152226263575 0
103213 103313 8674.0 8674.0 8672.0 8672.0 8681.702689285288 8665.842765260168 0
103213 103313 8674.0 8674.0 8672.0 8672.0 8681.41006686266 8666.58993313734 0
103230 103324 8674.0 8674.0 8672.0 8672.0 8681.278949227424 8666.993778045304 0
103230 103325 8674.0 8674.0 8672.0 8672.0 8681.278949227424 8666.993778045304 0
103307 103332 8672.0 8672.0 8671.0 8671.0 8681.299719127855 8666.882099053964 0
103324 103424 8672.0 8672.0 8670.0 8670.0 8681.360829992725 8666.639170007275 0
103424 103436 8670.0 8680.0 8670.0 8680.0 8682.075385476526 8666.651887250746 0
103540 103540 8672.0 8672.0 8672.0 8672.0 8682.075385476526 8666.651887250746 0
103540 103548 8672.0 8672.0 8660.0 8660.0 8683.553522567438 8664.082841068926 -1
103540 103549 8672.0 8674.0 8660.0 8674.0 8683.612119319363 8664.206062498817 0
103540 103630 8672.0 8674.0 8660.0 8674.0 8682.585311196113 8664.505597894795 0
103540 103635 8672.0 8683.0 8660.0 8683.0 8683.853471930792 8664.146528069208 0
103540 103640 8672.0 8683.0 8660.0 8675.0 8683.94270340665 8664.23911477517 0
103758 103758 8674.0 8674.0 8674.0 8674.0 8683.991578880157 8664.372057483479 0
103903 103903 8684.0 8684.0 8684.0 8684.0 8683.75255177825 8664.520175494477 0
103903 103937 8684.0 8684.0 8674.0 8674.0 8683.699789281254 8664.482028900566 0
104050 104050 8675.0 8675.0 8675.0 8675.0 8683.534625892456 8664.465374107544 0
104050 104150 8675.0 8675.0 8675.0 8675.0 8683.589177332087 8664.50173175882 0
104331 104331 8679.0 8679.0 8679.0 8679.0 8683.438798074485 8664.561201925515 0
104331 104401 8679.0 8679.0 8678.0 8678.0 8683.766585711342 8664.597050652294 0
104331 104419 8679.0 8679.0 8678.0 8678.0 8684.078581823558 8664.648690903714 0
104331 104419 8679.0 8680.0 8678.0 8680.0 8684.657608585034 8664.79693686951 0
104331 104419 8679.0 8680.0 8678.0 8680.0 8685.179770472005 8665.002047709815 0
104419 104503 8678.0 8681.0 8678.0 8681.0 8685.782376803409 8665.217623196591 0
104419 104503 8678.0 8681.0 8678.0 8681.0 8686.317288568262 8665.500893249919 0
104503 104526 8681.0 8682.0 8681.0 8682.0 8686.92162264797 8665.805650079303 0
104503 104526 8681.0 8683.0 8681.0 8683.0 8687.541957467063 8666.276224351117 0
104503 104526 8681.0 8683.0 8681.0 8683.0 8687.975078650172 8667.024921349828 0
104503 104526 8681.0 8684.0 8681.0 8684.0 8688.458668179279 8666.904968184357 0
104503 104526 8681.0 8684.0 8681.0 8684.0 8689.01332126115 8667.441224193393 0
104503 104526 8681.0 8684.0 8681.0 8684.0 8686.88332589868 8671.753037737684 0
104503 104526 8681.0 8684.0 8681.0 8684.0 8687.205622663105 8672.339831882351 0
104503 104526 8681.0 8684.0 8681.0 8684.0 8687.41139203641 8673.043153418133 0
104503 104526 8681.0 8684.0 8681.0 8684.0 8687.538633164615 8673.00682138084 0
104503 104527 8681.0 8684.0 8681.0 8682.0 8687.510159993852 8673.671658187968 0
104503 104536 8681.0 8684.0 8681.0 8681.0 8687.2022066545 8674.61597516368 0
104845 104845 8678.0 8678.0 8678.0 8678.0 8686.889957644335 8674.382769628393 0
104845 104921 8678.0 8678.0 8677.0 8677.0 8686.55457404224 8674.990880503216 0
104845 104922 8678.0 8678.0 8676.0 8676.0 8686.431036014703 8675.205327621661 0
104845 104922 8678.0 8678.0 8676.0 8676.0 8686.30072965611 8675.426543071162 0
104845 104922 8678.0 8678.0 8676.0 8676.0 8686.48548640804 8674.969059046503 0
105033 105033 8676.0 8676.0 8676.0 8676.0 8686.622573684785 8674.650153587943 0
105033 105051 8676.0 8684.0 8676.0 8684.0 8686.93657616518 8674.881605653 0
105033 105052 8676.0 8684.0 8674.0 8674.0 8687.31183990934 8673.960887363388 0
105033 105053 8676.0 8684.0 8674.0 8674.0 8687.588478722293 8673.138794004979 0
105033 105100 8676.0 8684.0 8674.0 8684.0 8687.879332317665 8673.120667682335 0
105033 105106 8676.0 8684.0 8674.0 8675.0 8687.948125675486 8672.506419779058 0
105209 105209 8675.0 8675.0 8675.0 8675.0 8687.884258981621 8671.933922836559 0
105430 105430 8668.0 8668.0 8668.0 8668.0 8688.48974477472 8669.964800679823 0
105430 105430 8668.0 8669.0 8668.0 8669.0 8688.621029019661 8668.560789162158 0
105430 105430 8668.0 8669.0 8668.0 8669.0 8688.404268865208 8667.413912952972 0
105430 105430 8668.0 8669.0 8668.0 8669.0 8687.996451275869 8666.458094178675 0
105430 105430 8668.0 8669.0 8668.0 8669.0 8687.41203839817 8665.678870692738 0
105430 105430 8668.0 8669.0 8668.0 8669.0 8686.65581289945 8665.071459827823 0
105430 105430 8668.0 8669.0 8668.0 8669.0 8685.724137464962 8664.639498898674 0
105430 105430 8668.0 8669.0 8668.0 8669.0 8684.604004606635 8664.395995393365 0
105430 105430 8668.0 8670.0 8668.0 8670.0 8683.668214787029 8664.240876122063 0
105430 105430 8668.0 8670.0 8668.0 8670.0 8682.79122332834 8664.117867580751 0
105430 105430 8668.0 8671.0 8668.0 8671.0 8682.307374377637 8663.965352895091 0
105430 105430 8668.0 8671.0 8668.0 8671.0 8681.91491361244 8663.812359114832 0
105430 105430 8668.0 8671.0 8668.0 8671.0 8681.611996397962 8663.660730874766 0
105430 105430 8668.0 8671.0 8668.0 8671.0 8681.28518937446 8663.532992443721 0
105430 105430 8668.0 8671.0 8668.0 8671.0 8680.933677488407 8663.42995887523 0
105430 105431 8668.0 8671.0 8664.0 8664.0 8680.851873379981 8662.420853892747 0
105430 105431 8668.0 8671.0 8664.0 8664.0 8678.754087292597 8662.700458161948 0
105430 105431 8668.0 8671.0 8664.0 8664.0 8678.632410132781 8661.913044412675 0
105430 105431 8668.0 8671.0 8664.0 8665.0 8678.333807651921 8661.39346507535 0
105430 105431 8668.0 8671.0 8664.0 8665.0 8675.060303022727 8662.939696977273 0
105430 105431 8668.0 8671.0 8664.0 8665.0 8674.225636127932 8662.865272962976 0
105430 105431 8668.0 8671.0 8664.0 8665.0 8673.204494949247 8662.977323232573 0
105430 105431 8668.0 8671.0 8664.0 8666.0 8673.187397315523 8662.812602684477 0
105430 105431 8668.0 8671.0 8664.0 8666.0 8673.096242338603 8662.63103038867 0
105430 105431 8668.0 8671.0 8664.0 8667.0 8672.99268262544 8662.552771920016 0
105430 105431 8668.0 8671.0 8664.0 8667.0 8672.882739905595 8662.48089645804 0
105430 105431 8668.0 8671.0 8664.0 8667.0 8672.766343755451 8662.415474426369 0
105430 105431 8668.0 8675.0 8664.0 8675.0 8673.872582861695 8661.854689865577 0
105430 105432 8668.0 8675.0 8663.0 8663.0 8673.905656358842 8661.276161822978 0
105430 105432 8668.0 8675.0 8663.0 8663.0 8673.87940020937 8660.756963426995 0
105430 105432 8668.0 8675.0 8663.0 8663.0 8673.687845148272 8660.312154851728 0
105430 105432 8668.0 8675.0 8663.0 8663.0 8673.434228219894 8659.929408143742 0
105430 105432 8668.0 8675.0 8663.0 8664.0 8672.929261849187 8659.798010878085 0
105430 105433 8668.0 8675.0 8663.0 8667.0 8672.438054739667 8659.92558162397 0
105430 105505 8668.0 8675.0 8663.0 8666.0 8671.846829244763 8660.062261664329 0
105430 105515 8668.0 8675.0 8663.0 8663.0 8671.172016537517 8660.009801644303 0
105505 105541 8666.0 8666.0 8660.0 8660.0 8670.614711829441 8659.567106352379 0
105505 105541 8666.0 8666.0 8660.0 8661.0 8670.722080700205 8659.187010208887 0
105505 105556 8666.0 8666.0 8660.0 8661.0 8670.807152397092 8658.829211239272 0
105505 105559 8666.0 8666.0 8660.0 8660.0 8670.94783816644 8658.324889106289 0
105505 105600 8666.0 8666.0 8659.0 8659.0 8671.093365644843 8657.633907082429 0
105541 105623 8660.0 8663.0 8659.0 8663.0 8671.019627387375 8657.52582715808 0
105623 105712 8663.0 8663.0 8659.0 8659.0 8671.083912632283 8656.916087367717 0
105712 105743 8659.0 8662.0 8659.0 8662.0 8670.980720918564 8656.746551808708 0
105712 105746 8659.0 8662.0 8659.0 8662.0 8670.775640427237 8656.5879959364 0
105712 105808 8659.0 8662.0 8659.0 8659.0 8670.638636008633 8656.08863671864 0
105712 105808 8659.0 8662.0 8659.0 8659.0 8670.31126155014 8655.68873844986 0
105743 105822 8662.0 8662.0 8656.0 8656.0 8670.145557236367 8654.854442763633 0
105743 105822 8662.0 8662.0 8656.0 8656.0 8669.839294959022 8654.160705040978 0
105743 105822 8662.0 8662.0 8656.0 8656.0 8666.992066514615 8655.280660758113 0
105743 105840 8662.0 8662.0 8656.0 8658.0 8666.845391897205 8654.972789920976 0
105808 105857 8659.0 8659.0 8656.0 8658.0 8666.663194236216 8654.70044212742 0
105822 105914 8656.0 8660.0 8656.0 8660.0 8666.445447541668 8654.64546154924 0
105822 105914 8656.0 8660.0 8656.0 8660.0 8666.21376272376 8654.60441909442 0
105822 105914 8656.0 8660.0 8656.0 8660.0 8665.817257868961 8654.637287585583 0
105857 105951 8658.0 8660.0 8658.0 8658.0 8664.62863874739 8655.007724888974 0
105857 105951 8658.0 8660.0 8658.0 8658.0 8663.487467820512 8655.42162308858 0
105857 105952 8658.0 8660.0 8657.0 8657.0 8663.025886274885 8655.33775008875 0
105914 110000 8660.0 8660.0 8657.0 8660.0 8663.025886274885 8655.33775008875 0
105951 110023 8658.0 8661.0 8657.0 8661.0 8663.025886274885 8655.33775008875 0
105951 110027 8658.0 8662.0 8657.0 8662.0 8663.178420693108 8655.276124761436 0
105951 110034 8658.0 8665.0 8657.0 8665.0 8664.075732737141 8654.83335817195 0
105951 110034 8658.0 8665.0 8657.0 8665.0 8664.88591307604 8654.568632378505 0
105951 110042 8658.0 8666.0 8657.0 8666.0 8665.497800157216 8654.229472570056 0
105951 110051 8658.0 8666.0 8657.0 8665.0 8666.145310134423 8654.127417138305 0
105951 110051 8658.0 8666.0 8657.0 8665.0 8666.573717618605 8653.971736926851 0
110023 110107 8661.0 8666.0 8661.0 8666.0 8667.162133362071 8653.74695754702 0
110023 110116 8661.0 8666.0 8661.0 8666.0 8667.829170316483 8653.716284228973 0
110034 110131 8665.0 8667.0 8665.0 8667.0 8668.602540814338 8653.67018645839 0
110034 110131 8665.0 8667.0 8665.0 8667.0 8669.132919319305 8654.139807953423 0
110034 110133 8665.0 8667.0 8665.0 8667.0 8669.52912310506 8654.743604167668 0
110245 110245 8666.0 8666.0 8666.0 8666.0 8669.640321468976 8655.541496712844 0
110245 110257 8666.0 8668.0 8666.0 8668.0 8670.141606453413 8655.949302637495 0
110245 110257 8666.0 8669.0 8666.0 8669.0 8670.699023844692 8656.391885246216 0
110245 110257 8666.0 8669.0 8666.0 8669.0 8671.277666317508 8656.631424591584 0
110245 110257 8666.0 8669.0 8666.0 8669.0 8671.762541799773 8656.964730927499 0
110245 110257 8666.0 8669.0 8666.0 8669.0 8672.156538020372 8657.388916525084 0
110245 110257 8666.0 8669.0 8666.0 8669.0 8672.231876076003 8658.313578469453 0
110245 110257 8666.0 8669.0 8666.0 8669.0 8672.124013990804 8659.421440554652 0
110245 110257 8666.0 8669.0 8666.0 8669.0 8671.51910354196 8661.117260094405 0
110245 110257 8666.0 8669.0 8666.0 8669.0 8671.247201052602 8662.207344401942 0
110245 110258 8666.0 8670.0 8666.0 8670.0 8671.104209607782 8663.168517664946 0
110245 110328 8666.0 8670.0 8666.0 8667.0 8670.641410250422 8664.08586247685 0
110257 110352 8668.0 8670.0 8667.0 8670.0 8670.874980339671 8664.306837842149 0
110257 110352 8668.0 8670.0 8667.0 8670.0 8671.045134427146 8664.591229209218 0
110257 110352 8668.0 8671.0 8667.0 8671.0 8671.428689830169 8664.66221926074 0
110328 110402 8667.0 8671.0 8667.0 8670.0 8671.47396670212 8665.071487843335 0
110328 110402 8667.0 8672.0 8667.0 8672.0 8671.819141982649 8665.36267619917 0
110505 110505 8670.0 8670.0 8670.0 8670.0 8671.843517409829 8665.701937135627 0
110622 110622 8669.0 8669.0 8669.0 8669.0 8671.731668126591 8666.086513691589 0
111034 111034 8667.0 8667.0 8667.0 8667.0 8671.731668126591 8666.086513691589 0
111034 111133 8667.0 8667.0 8667.0 8667.0 8671.731668126591 8666.086513691589 0
111133 111213 8667.0 8671.0 8667.0 8671.0 8671.913486308411 8666.268331873409 0
111133 111213 8667.0 8672.0 8667.0 8672.0 8672.096962977887 8666.630309749386 0
111133 111218 8667.0 8673.0 8667.0 8673.0 8672.64550865753 8666.53630952429 0
111133 111220 8667.0 8673.0 8667.0 8673.0 8673.126521226492 8666.418933318964 0
111133 111220 8667.0 8673.0 8667.0 8673.0 8673.546317502753 8666.36277340634 0
111520 111520 8667.0 8667.0 8667.0 8667.0 8673.643749615689 8666.083523111583 0
111520 111524 8667.0 8667.0 8667.0 8667.0 8673.723875238564 8665.821579306892 0
111948 111948 8668.0 8668.0 8668.0 8668.0 8673.735528670008 8665.719016784537 0
111948 112027 8668.0 8668.0 8666.0 8666.0 8673.882935139678 8665.298883042142 0
111948 112032 8668.0 8668.0 8666.0 8666.0 8673.996362180655 8664.912728728437 0
111948 112043 8668.0 8673.0 8666.0 8673.0 8674.405409835856 8664.867317436872 0
111948 112043 8668.0 8673.0 8666.0 8673.0 8674.742886157395 8664.80256838806 0
112027 112057 8666.0 8673.0 8666.0 8673.0 8675.035527335132 8665.055381755776 0
112032 112130 8666.0 8673.0 8665.0 8665.0 8675.233190040668 8664.403173595696 0
112130 112216 8665.0 8665.0 8663.0 8663.0 8675.612580172368 8663.387419827632 0
112216 112239 8663.0 8663.0 8662.0 8662.0 8675.910908848551 8662.270909333269 0
112216 112245 8663.0 8663.0 8662.0 8663.0 8676.032374601547 8661.513079943908 0
112427 112427 8667.0 8667.0 8667.0 8667.0 8675.699023844692 8661.391885246216 0
112427 112428 8667.0 8678.0 8667.0 8678.0 8677.06460417891 8660.75357763927 0
112427 112438 8667.0 8678.0 8667.0 8669.0 8677.06460417891 8660.75357763927 0
112427 112505 8667.0 8678.0 8667.0 8672.0 8677.344905850987 8660.927821421741 0
112614 112614 8673.0 8673.0 8673.0 8673.0 8677.713724684805 8661.104457133375 0
112614 112624 8673.0 8673.0 8673.0 8673.0 8677.915353933031 8661.084646066969 0
112914 112914 8673.0 8673.0 8673.0 8673.0 8678.024890048262 8661.066019042646 0
113315 113315 8672.0 8672.0 8672.0 8672.0 8677.915353933031 8661.084646066969 0
113729 113729 8671.0 8671.0 8671.0 8671.0 8677.713724684805 8661.104457133375 0
113729 113737 8671.0 8671.0 8670.0 8670.0 8677.434318431806 8661.11113611365 0
113729 113737 8671.0 8671.0 8670.0 8670.0 8677.514287691158 8661.303894127022 0
113729 113737 8671.0 8671.0 8670.0 8670.0 8677.584614897976 8661.506294192932 0
113948 113948 8667.0 8667.0 8667.0 8667.0 8677.584778065206 8661.415221934794 0
113948 114043 8667.0 8670.0 8667.0 8670.0 8677.62219517393 8661.741441189706 0
114043 114115 8670.0 8670.0 8667.0 8667.0 8677.593930055556 8661.860615398988 0
114043 114115 8670.0 8670.0 8667.0 8667.0 8677.264266034515 8661.644824874576 0
114425 114425 8666.0 8666.0 8666.0 8666.0 8676.912678597846 8661.360048674882 0
114425 114457 8666.0 8666.0 8666.0 8666.0 8676.508467630021 8661.127896006343 0
114425 114504 8666.0 8666.0 8666.0 8666.0 8676.4745246058 8661.252748121473 0
114425 114505 8666.0 8666.0 8666.0 8666.0 8676.286350876187 8661.713649123813 0
114425 114507 8666.0 8666.0 8665.0 8665.0 8675.993223626594 8662.279503646134 0
114425 114513 8666.0 8666.0 8665.0 8665.0 8675.803588860512 8662.650956594032 0
114425 114524 8666.0 8666.0 8665.0 8665.0 8675.886325374853 8662.386401897875 0
114457 114533 8666.0 8666.0 8665.0 8665.0 8674.289297817793 8662.801611273115 0
114825 114825 8667.0 8667.0 8667.0 8667.0 8674.229956427007 8662.679134482085 0
115027 115027 8669.0 8669.0 8669.0 8669.0 8673.890397425717 8662.745966210647 0
115027 115051 8669.0 8669.0 8669.0 8669.0 8673.334106312335 8662.938620960393 0
115241 115241 8674.0 8674.0 8674.0 8674.0 8673.563144940708 8662.800491422928 0
115241 115243 8674.0 8676.0 8674.0 8676.0 8674.29955787258 8662.336805763784 0
115241 115243 8674.0 8676.0 8674.0 8676.0 8675.12639350696 8661.87360649304 0
115241 115243 8674.0 8676.0 8674.0 8676.0 8675.99317861916 8661.461366835385 0
115241 115243 8674.0 8676.0 8674.0 8676.0 8676.86245393107 8661.13754606893 0
115241 115249 8674.0 8676.0 8674.0 8675.0 8677.47198052146 8660.982564933083 0
115241 115251 8674.0 8676.0 8674.0 8674.0 8677.887064314205 8660.931117503975 0
115456 115456 8671.0 8671.0 8671.0 8671.0 8678.025881546739 8661.155936635081 0
115929 115929 8671.0 8671.0 8671.0 8671.0 8678.090420318227 8661.1823069545 0
120116 120116 8675.0 8675.0 8675.0 8675.0 8678.655003807573 8661.344996192427 0
120116 120146 8675.0 8675.0 8675.0 8675.0 8679.155067202717 8661.572205524555 0
120116 120202 8675.0 8675.0 8675.0 8675.0 8679.551458143558 8661.993996401898 0
120838 120838 8675.0 8675.0 8675.0 8675.0 8679.871129560253 8662.492506803383 0
121058 121058 8671.0 8671.0 8671.0 8671.0 8679.800842073377 8663.017339744803 0
121340 121340 8670.0 8670.0 8670.0 8670.0 8679.673642447417 8663.508175734403 0
121340 121345 8670.0 8670.0 8670.0 8670.0 8679.413308572439 8664.223055063925 0
121340 121345 8670.0 8670.0 8670.0 8670.0 8679.090175914931 8665.000733175977 0
121605 121605 8672.0 8672.0 8672.0 8672.0 8678.703853008787 8666.023419718485 0
121915 121915 8674.0 8674.0 8674.0 8674.0 8678.26426847656 8667.281186068896 0
122250 122250 8671.0 8671.0 8671.0 8671.0 8677.908048263937 8668.001042645155 0
122250 122305 8671.0 8671.0 8671.0 8671.0 8677.773601317798 8668.31730777311 0
122250 122308 8671.0 8671.0 8671.0 8671.0 8677.620495438232 8668.652231834496 0
122250 122308 8671.0 8671.0 8671.0 8671.0 8677.552721463837 8668.447278536163 0
122308 122408 8671.0 8672.0 8671.0 8672.0 8677.193167060188 8668.443196576176 0
122408 122441 8672.0 8673.0 8672.0 8673.0 8676.832890929756 8668.53074543388 0
122408 122441 8672.0 8673.0 8672.0 8673.0 8676.44077914284 8668.650129948068 0
123609 123609 8671.0 8671.0 8671.0 8671.0 8675.95568164068 8668.680681995684 0
123729 123729 8678.0 8678.0 8678.0 8678.0 8676.663940691924 8668.245150217168 0
124055 124055 8671.0 8671.0 8671.0 8671.0 8676.512826180022 8668.123537456342 0
124402 124402 8668.0 8668.0 8668.0 8668.0 8676.71999417249 8667.643642191146 0
124402 124402 8668.0 8669.0 8668.0 8669.0 8676.797156038381 8667.384662143439 0
124402 124450 8668.0 8669.0 8667.0 8667.0 8676.706568704592 8666.747976749952 0
124402 124450 8668.0 8669.0 8667.0 8667.0 8676.499798869754 8666.227473857518 0
124402 124450 8668.0 8669.0 8667.0 8667.0 8676.187397315523 8665.812602684477 0
124402 124453 8668.0 8669.0 8667.0 8667.0 8675.772526142482 8665.500201130246 0
124402 124458 8668.0 8669.0 8667.0 8667.0 8675.805068716205 8665.104022192887 0
124402 124500 8668.0 8669.0 8667.0 8667.0 8675.857671904212 8664.778691732152 0
124450 124509 8667.0 8674.0 8667.0 8674.0 8676.244562646538 8664.755437353462 0
125321 125321 8671.0 8671.0 8671.0 8671.0 8676.289297817793 8664.801611273115 0
125321 125322 8671.0 8674.0 8671.0 8674.0 8676.530750937254 8664.741976335474 0
125321 125322 8671.0 8674.0 8671.0 8674.0 8676.530750937254 8664.741976335474 0
125321 125322 8671.0 8675.0 8671.0 8675.0 8676.986616528613 8664.649747107751 0
125321 125341 8671.0 8675.0 8671.0 8675.0 8677.41021911411 8664.58978088589 0
125321 125341 8671.0 8675.0 8671.0 8675.0 8677.805092945486 8664.55854341815 0
125321 125343 8671.0 8676.0 8671.0 8676.0 8678.328341812032 8664.489840006148 0
125454 125454 8673.0 8673.0 8673.0 8673.0 8678.401808427107 8664.507282481985 0
125454 125500 8673.0 8673.0 8673.0 8673.0 8678.401808427107 8664.507282481985 0
125614 125614 8675.0 8675.0 8675.0 8675.0 8678.622363802191 8664.468545288717 0
130000 130000 8675.0 8675.0 8675.0 8675.0 8678.942958121084 8664.51158733346 0
130000 130000 8675.0 8676.0 8675.0 8676.0 8678.578866578922 8664.693860693806 0
130000 130001 8675.0 8676.0 8675.0 8676.0 8679.0316322683 8664.695640458973 0
130000 130001 8675.0 8676.0 8675.0 8676.0 8679.386038953675 8665.06850650087 0
130000 130003 8675.0 8677.0 8675.0 8677.0 8679.8687482035 8665.31306997832 0
130000 130003 8675.0 8677.0 8675.0 8677.0 8680.1159379474 8665.974971143509 0
130000 130003 8675.0 8677.0 8675.0 8677.0 8680.235253251632 8666.764746748368 0
130000 130003 8675.0 8677.0 8675.0 8677.0 8680.206156817074 8667.702934092018 0
130000 130003 8675.0 8677.0 8675.0 8677.0 8679.990198355697 8668.827983462483 0
130000 130004 8675.0 8678.0 8675.0 8678.0 8679.653813945708 8670.164367872472 0
130000 130005 8675.0 8678.0 8675.0 8678.0 8678.85525298564 8671.96292883254 0
130000 130015 8675.0 8678.0 8675.0 8676.0 8678.897860289278 8672.102139710722 0
130000 130047 8675.0 8684.0 8675.0 8684.0 8680.518471149777 8671.663347032043 1
130004 130104 8678.0 8684.0 8676.0 8679.0 8680.80599819898 8671.830365437383 0
130004 130104 8678.0 8684.0 8676.0 8679.0 8681.047061237505 8672.043847853403 0
130004 130104 8678.0 8684.0 8676.0 8679.0 8681.287249528721 8672.167295925823 0
130005 130105 8678.0 8684.0 8676.0 8679.0 8681.49797435059 8672.32020746759 0
130005 130105 8678.0 8684.0 8676.0 8679.0 8681.67979253241 8672.50202564941 0
130005 130105 8678.0 8684.0 8676.0 8679.0 8681.856500747808 8672.598044706736 0
130005 130105 8678.0 8684.0 8676.0 8679.0 8681.79587540026 8673.20412459974 0
130208 130208 8675.0 8675.0 8675.0 8675.0 8681.575383091058 8673.606435090762 0
130345 130345 8675.0 8675.0 8675.0 8675.0 8681.575383091058 8673.606435090762 0
130345 130425 8675.0 8675.0 8675.0 8675.0 8681.575383091058 8673.606435090762 0
130345 130425 8675.0 8675.0 8675.0 8675.0 8681.623211180364 8673.467697910544 0
130345 130433 8675.0 8675.0 8674.0 8674.0 8681.74945884037 8673.159632068722 0
130433 130530 8674.0 8674.0 8673.0 8673.0 8681.96522833423 8672.671135302135 0
130530 130610 8673.0 8674.0 8673.0 8674.0 8682.029924227627 8672.33371213601 0
130530 130629 8673.0 8674.0 8673.0 8674.0 8682.071831253374 8672.019077837534 0
130818 130818 8676.0 8676.0 8676.0 8676.0 8682.045249791096 8671.954750208904 0
130946 130946 8676.0 8676.0 8676.0 8676.0 8682.016965742665 8671.892125166427 0
131051 131051 8675.0 8675.0 8675.0 8675.0 8681.990941328073 8671.7363313992 0
131446 131446 8676.0 8676.0 8676.0 8676.0 8681.887121156013 8671.658333389443 0
131446 131500 8676.0 8676.0 8676.0 8676.0 8681.776784097892 8671.586852265744 0
131446 131501 8676.0 8676.0 8676.0 8676.0 8681.776784097892 8671.586852265744 0
131446 131501 8676.0 8677.0 8676.0 8677.0 8680.34292156877 8672.384351158502 0
131446 131508 8676.0 8677.0 8676.0 8677.0 8680.095235643934 8672.450218901522 0
131446 131514 8676.0 8682.0 8676.0 8682.0 8680.785020562384 8672.033161255797 0
131701 131701 8678.0 8678.0 8678.0 8678.0 8680.650845862745 8672.076426864527 0
131701 131735 8678.0 8678.0 8678.0 8678.0 8680.512826180022 8672.123537456342 0
131701 131741 8678.0 8679.0 8678.0 8679.0 8680.512826180022 8672.123537456342 0
131701 131741 8678.0 8679.0 8678.0 8679.0 8680.512826180022 8672.123537456342 0
131701 131741 8678.0 8679.0 8678.0 8679.0 8680.512826180022 8672.123537456342 0
131701 131741 8678.0 8679.0 8678.0 8679.0 8680.79587540026 8672.20412459974 0
131701 131742 8678.0 8679.0 8678.0 8679.0 8681.04640141242 8672.317234951215 0
131701 131742 8678.0 8680.0 8678.0 8680.0 8681.418035188231 8672.400146629949 0
131701 131753 8678.0 8680.0 8678.0 8680.0 8681.740529913492 8672.532197359236 0
131701 131753 8678.0 8680.0 8678.0 8680.0 8681.948177357388 8672.870004460792 0
131701 131800 8678.0 8681.0 8678.0 8681.0 8682.118333964625 8673.42712058083 0
131735 131802 8678.0 8681.0 8678.0 8681.0 8682.308150365361 8673.873667816459 0
132001 132001 8686.0 8686.0 8686.0 8686.0 8683.62892007918 8673.643807193548 0
132001 132002 8686.0 8686.0 8682.0 8682.0 8683.951063499586 8673.867118318594 0
132001 132002 8686.0 8686.0 8682.0 8682.0 8684.213946364764 8674.149689998872 0
132001 132002 8686.0 8686.0 8682.0 8682.0 8684.314750064315 8674.685249935685 0
132001 132002 8686.0 8686.0 8682.0 8682.0 8684.441066209625 8675.10438833583 0
132001 132002 8686.0 8686.0 8682.0 8682.0 8684.496287878143 8675.594621212766 0
132001 132003 8686.0 8686.0 8682.0 8682.0 8684.46925456612 8676.167109070244 0
132001 132007 8686.0 8686.0 8682.0 8682.0 8684.487178797941 8676.603730292967 0
132001 132007 8686.0 8686.0 8682.0 8682.0 8684.43738988559 8677.108064659866 0
132001 132010 8686.0 8686.0 8682.0 8682.0 8684.43738988559 8677.108064659866 0
132001 132022 8686.0 8686.0 8682.0 8682.0 8684.44360746589 8677.465483443202 0
132001 132022 8686.0 8686.0 8682.0 8682.0 8684.400240558367 8677.872486714361 0
132001 132024 8686.0 8686.0 8681.0 8681.0 8684.356711723283 8678.09783373126 0
132001 132024 8686.0 8686.0 8681.0 8682.0 8684.351213950027 8678.376058777245 0
132001 132025 8686.0 8686.0 8681.0 8681.0 8684.265386333407 8678.643704575685 0
132001 132031 8686.0 8686.0 8681.0 8682.0 8684.195736142163 8678.986082039657 0
132002 132102 8682.0 8682.0 8681.0 8682.0 8684.076881451512 8679.377664003032 0
132007 132104 8682.0 8682.0 8681.0 8682.0 8684.044990675258 8679.591372961106 0
132007 132107 8682.0 8687.0 8681.0 8687.0 8685.10868776805 8679.164039504678 0
132007 132107 8682.0 8687.0 8681.0 8687.0 8685.904302902003 8679.004788007089 0
132022 132115 8682.0 8687.0 8681.0 8683.0 8685.942098489502 8679.148810601406 0
132022 132115 8682.0 8687.0 8681.0 8683.0 8685.969145959969 8679.303581312759 0
132257 132257 8683.0 8683.0 8683.0 8683.0 8685.5 8679.5 0
132257 132301 8683.0 8683.0 8683.0 8683.0 8685.54407681863 8679.546832272277 0
132257 132305 8683.0 8683.0 8683.0 8683.0 8685.585394380365 8679.596423801455 0
132257 132307 8683.0 8683.0 8683.0 8683.0 8685.623941222755 8679.648786049973 0
132257 132323 8683.0 8683.0 8682.0 8682.0 8685.623941222755 8679.648786049973 0
132257 132323 8683.0 8683.0 8682.0 8682.0 8685.623941222755 8679.648786049973 0
132305 132402 8683.0 8683.0 8682.0 8682.0 8685.623941222755 8679.648786049973 0
132402 132425 8682.0 8682.0 8681.0 8681.0 8685.64550865753 8679.53630952429 0
132402 132501 8682.0 8684.0 8681.0 8684.0 8685.779404552255 8679.584231811381 0
132402 132501 8682.0 8684.0 8681.0 8684.0 8685.90216626874 8679.643288276717 0
132402 132501 8682.0 8684.0 8681.0 8684.0 8686.014131536574 8679.713141190698 0
132402 132501 8682.0 8684.0 8681.0 8684.0 8686.115516118312 8679.79357479078 0
132402 132501 8682.0 8684.0 8681.0 8684.0 8686.160353275662 8680.021464906158 0
132402 132501 8682.0 8684.0 8681.0 8684.0 8686.235064658862 8680.128571704774 0
132607 132607 8685.0 8685.0 8685.0 8685.0 8686.351213950027 8680.376058777245 0
132721 132721 8685.0 8685.0 8685.0 8685.0 8686.5 8680.5 0
132721 132758 8685.0 8686.0 8685.0 8686.0 8686.779404552255 8680.584231811381 0
132721 132804 8685.0 8687.0 8685.0 8687.0 8687.206974026765 8680.611207791415 0
132721 132811 8685.0 8687.0 8685.0 8687.0 8687.206974026765 8680.611207791415 0
132758 132842 8686.0 8689.0 8686.0 8689.0 8687.717281509138 8680.282718490862 0
132758 132846 8686.0 8689.0 8686.0 8686.0 8687.916476888417 8680.356250384311 0
132758 132850 8686.0 8689.0 8685.0 8685.0 8687.989854924832 8680.464690529712 0
132842 132919 8689.0 8689.0 8685.0 8688.0 8688.487467820512 8680.42162308858 0
132842 132919 8689.0 8689.0 8685.0 8688.0 8688.919586189384 8680.444050174252 0
132842 132920 8689.0 8689.0 8685.0 8688.0 8689.295395666113 8680.522786152067 0
132842 132920 8689.0 8689.0 8685.0 8688.0 8689.620495438232 8680.652231834496 0
132842 132920 8689.0 8689.0 8685.0 8688.0 8689.826374768456 8680.991807049724 0
132842 132920 8689.0 8689.0 8685.0 8688.0 8689.96227540618 8681.401360957456 0
132842 132920 8689.0 8689.0 8685.0 8688.0 8690.021139862973 8681.88795104612 0
132842 132920 8689.0 8689.0 8685.0 8689.0 8689.95568164068 8682.680681995684 0
132842 132920 8689.0 8689.0 8685.0 8689.0 8690.199954771317 8682.890954319591 0
132842 132920 8689.0 8689.0 8685.0 8689.0 8690.38743551856 8683.158019026896 0
132842 132920 8689.0 8689.0 8685.0 8689.0 8690.516196291966 8683.483803708034 0
132842 132920 8689.0 8689.0 8685.0 8689.0 8690.581066681036 8683.873478773508 0
132842 132920 8689.0 8689.0 8685.0 8689.0 8690.572077854451 8684.337013054641 0
132842 132920 8689.0 8689.0 8685.0 8689.0 8690.470520300032 8684.893116063604 0
132842 132920 8689.0 8689.0 8685.0 8689.0 8690.44295653802 8685.284316189252 0
132842 132920 8689.0 8689.0 8685.0 8689.0 8690.339896266203 8685.751012824705 0
132842 132920 8689.0 8689.0 8685.0 8689.0 8690.325422931373 8686.038213432263 0
132842 132920 8689.0 8689.0 8685.0 8689.0 8690.377424891418 8686.168029654038 0
132842 132936 8689.0 8689.0 8685.0 8688.0 8690.353002662327 8686.283360974037 0
132919 132959 8688.0 8689.0 8688.0 8688.0 8690.289188455712 8686.256266089744 0
132919 133001 8688.0 8690.0 8688.0 8690.0 8690.335287351416 8686.573803557676 0
132919 133001 8688.0 8690.0 8688.0 8690.0 8689.944767635405 8687.418868728231 0
132919 133001 8688.0 8690.0 8688.0 8690.0 8690.111901805696 8687.43355273976 0
132919 133001 8688.0 8690.0 8688.0 8690.0 8690.251303411134 8687.475969316138 0
132919 133002 8688.0 8690.0 8688.0 8690.0 8690.365834063297 8687.543256845795 0
132919 133005 8688.0 8690.0 8688.0 8690.0 8690.456743154205 8687.634165936703 0
132919 133015 8688.0 8690.0 8688.0 8689.0 8690.426994405156 8687.754823776664 0
132919 133015 8688.0 8690.0 8688.0 8689.0 8690.386157007715 8687.886570265013 0
132936 133030 8688.0 8690.0 8688.0 8690.0 8690.422995130724 8688.03155032382 0
132936 133032 8688.0 8690.0 8688.0 8690.0 8690.50587817875 8688.039576366706 0
132936 133033 8688.0 8690.0 8688.0 8690.0 8690.581131271769 8688.055232364595 0
132936 133033 8688.0 8690.0 8688.0 8690.0 8690.649285056703 8688.07798767057 0
132936 133034 8688.0 8690.0 8688.0 8690.0 8690.710711005751 8688.107470812429 0
132936 133034 8688.0 8691.0 8688.0 8691.0 8690.945997610963 8688.054002389037 0
132936 133034 8688.0 8691.0 8688.0 8691.0 8691.147022069876 8688.034796111944 0
132936 133034 8688.0 8692.0 8688.0 8692.0 8691.554522840202 8687.900022614342 0
132936 133034 8688.0 8692.0 8688.0 8692.0 8691.890317891783 8687.83695483549 0
132936 133034 8688.0 8692.0 8688.0 8692.0 8692.174229226019 8687.825770773981 0
132936 133034 8688.0 8692.0 8688.0 8692.0 8692.416352037088 8687.85637523564 0
132936 133034 8688.0 8692.0 8688.0 8692.0 8692.622335996968 8687.923118548488 0
132936 133034 8688.0 8692.0 8688.0 8692.0 8692.688764677718 8688.220326231374 0
132936 133034 8688.0 8692.0 8688.0 8692.0 8692.685350485379 8688.587376787349 0
132936 133034 8688.0 8692.0 8688.0 8692.0 8692.831970345962 8688.622575108582 0
132936 133034 8688.0 8692.0 8688.0 8692.0 8692.961786567737 8688.674577068627 0
132936 133034 8688.0 8692.0 8688.0 8692.0 8693.075704597783 8688.742477220398 0
132936 133034 8688.0 8692.0 8688.0 8692.0 8693.174229226019 8688.825770773981 0
132936 133036 8688.0 8692.0 8688.0 8692.0 8693.257522779602 8688.924295402217 0
132959 133037 8688.0 8692.0 8688.0 8691.0 8693.250855154476 8689.021872118252 0
132959 133040 8688.0 8692.0 8688.0 8692.0 8693.196910044411 8689.348544501045 0
132959 133048 8688.0 8692.0 8688.0 8692.0 8693.077959977334 8689.740221840846 0
132959 133050 8688.0 8693.0 8688.0 8693.0 8693.221735355872 8689.869173735036 0
132959 133050 8688.0 8693.0 8688.0 8693.0 8693.32070512521 8690.042931238426 0
132959 133051 8688.0 8693.0 8688.0 8693.0 8693.371637044604 8690.26472659176 0
132959 133058 8688.0 8693.0 8688.0 8693.0 8693.365834063297 8690.543256845795 0
133001 133100 8690.0 8693.0 8689.0 8693.0 8693.283170640783 8690.898647541037 0
133001 133100 8690.0 8693.0 8689.0 8693.0 8693.331737330971 8691.031899032665 0
133001 133101 8690.0 8693.0 8689.0 8693.0 8693.348378142382 8691.197076403074 0
133005 133104 8690.0 8693.0 8689.0 8692.0 8693.348378142382 8691.197076403074 0
133015 133111 8689.0 8693.0 8689.0 8693.0 8693.427868692339 8691.208494944025 0
133015 133113 8689.0 8693.0 8689.0 8692.0 8693.427868692339 8691.208494944025 0
133015 133114 8689.0 8693.0 8689.0 8692.0 8693.427868692339 8691.208494944025 0
133015 133115 8689.0 8696.0 8689.0 8696.0 8694.382937743383 8690.617062256617 0
133030 133116 8690.0 8696.0 8690.0 8693.0 8694.426196442324 8690.664712648584 0
133030 133116 8690.0 8696.0 8690.0 8694.0 8694.594605384413 8690.678121888315 0
133030 133130 8690.0 8696.0 8690.0 8693.0 8694.62523257513 8690.738403788506 0
133030 133130 8690.0 8696.0 8690.0 8696.0 8695.222022140195 8690.505250587077 0
133036 133135 8692.0 8696.0 8691.0 8694.0 8695.326906972856 8690.582183936236 0
133040 133140 8692.0 8696.0 8692.0 8692.0 8695.326906972856 8690.582183936236 0
133048 133143 8692.0 8696.0 8692.0 8693.0 8695.335496832484 8690.664503167516 0
133048 133144 8692.0 8696.0 8692.0 8693.0 8695.257522779602 8690.924295402217 0
133048 133146 8692.0 8696.0 8692.0 8694.0 8695.325422931373 8691.038213432263 0
133048 133147 8692.0 8696.0 8692.0 8693.0 8695.310261679524 8691.14428377502 0
133130 133225 8693.0 8696.0 8692.0 8694.0 8695.377424891418 8691.168029654038 0
133135 133233 8694.0 8694.0 8692.0 8694.0 8695.440475914533 8691.195887721831 0
133140 133237 8692.0 8694.0 8692.0 8694.0 8695.499516386268 8691.227756341004 0
133147 133247 8693.0 8695.0 8693.0 8695.0 8695.688764677718 8691.220326231374 0
133225 133251 8694.0 8695.0 8694.0 8694.0 8695.7360679775 8691.2639320225 0
133225 133251 8694.0 8695.0 8694.0 8694.0 8695.779673768626 8691.311235322282 0
133225 133300 8694.0 8695.0 8694.0 8695.0 8695.936201934668 8691.33652533806 0
133225 133300 8694.0 8695.0 8694.0 8695.0 8696.023530618753 8691.521923926703 0
133225 133301 8694.0 8695.0 8694.0 8695.0 8696.14362476436 8691.583647962912 0
133225 133301 8694.0 8695.0 8694.0 8695.0 8696.174229226019 8691.825770773981 0
133225 133305 8694.0 8695.0 8694.0 8695.0 8696.16304516451 8692.109682108217 0
133225 133307 8694.0 8696.0 8694.0 8696.0 8696.16304516451 8692.109682108217 0
133225 133307 8694.0 8696.0 8694.0 8696.0 8696.377424891418 8692.168029654038 0
133225 133310 8694.0 8696.0 8694.0 8696.0 8696.583010111952 8692.14426261532 0
133225 133314 8694.0 8696.0 8694.0 8696.0 8696.7360679775 8692.2639320225 0
133225 133316 8694.0 8697.0 8694.0 8697.0 8696.936899352357 8692.154009738551 0
133225 133316 8694.0 8697.0 8694.0 8697.0 8697.26753866424 8692.096097699396 0
133225 133316 8694.0 8697.0 8694.0 8697.0 8697.388760308542 8692.429421509638 0
133225 133316 8694.0 8697.0 8694.0 8697.0 8697.570578490362 8692.611239691458 0
133225 133318 8694.0 8697.0 8694.0 8696.0 8697.557455566905 8692.89708988764 0
133233 133330 8694.0 8697.0 8694.0 8695.0 8697.543635635782 8693.001818909674 0
133251 133348 8694.0 8697.0 8694.0 8695.0 8697.412623212651 8693.314649514621 0
133251 133348 8694.0 8697.0 8694.0 8696.0 8697.429596452946 8693.479494456145 0
133251 133349 8694.0 8697.0 8694.0 8695.0 8697.382937743383 8693.617062256617 0
133305 133402 8695.0 8697.0 8695.0 8696.0 8697.365383754177 8693.816434427643 0
133305 133403 8695.0 8697.0 8695.0 8695.0 8697.365383754177 8693.816434427643 0
133305 133404 8695.0 8697.0 8695.0 8696.0 8697.32070512521 8694.042931238426 0
133314 133413 8696.0 8697.0 8695.0 8695.0 8697.22658386386 8694.227961590685 0
133330 133429 8695.0 8699.0 8695.0 8699.0 8697.900809300017 8693.917372518163 0
133402 133458 8696.0 8699.0 8695.0 8696.0 8697.906446413963 8694.002644495129 0
133402 133500 8696.0 8699.0 8695.0 8697.0 8697.997355504871 8694.093553586037 0
133402 133500 8696.0 8699.0 8695.0 8697.0 8698.071254241255 8694.201473031473 0
133402 133500 8696.0 8699.0 8695.0 8697.0 8698.127685905487 8694.326859549057 0
133402 133501 8696.0 8699.0 8695.0 8697.0 8698.196910044411 8694.348544501045 0
133402 133501 8696.0 8699.0 8695.0 8698.0 8698.412623212651 8694.314649514621 0
133402 133501 8696.0 8699.0 8695.0 8698.0 8698.605847193854 8694.303243715238 0
133403 133503 8695.0 8699.0 8695.0 8697.0 8698.653221687697 8694.346778312303 0
133458 133544 8696.0 8698.0 8696.0 8696.0 8698.605847193854 8694.303243715238 0
133458 133548 8696.0 8698.0 8696.0 8696.0 8698.554622494765 8694.263559323415 0
133458 133548 8696.0 8698.0 8696.0 8696.0 8698.499516386268 8694.227756341004 0
133458 133548 8696.0 8698.0 8696.0 8697.0 8698.499516386268 8694.227756341004 0
133458 133556 8696.0 8698.0 8696.0 8696.0 8698.499516386268 8694.227756341004 0
133458 133556 8696.0 8698.0 8696.0 8696.0 8698.468136664163 8694.350045154017 0
133544 133631 8696.0 8697.0 8683.0 8683.0 8701.811759201075 8689.915513526197 -1
133803 133803 8697.0 8697.0 8697.0 8697.0 8701.875941484153 8689.942240334027 0
133803 133837 8697.0 8697.0 8696.0 8696.0 8701.90822339274 8690.000867516352 0
133803 133901 8697.0 8697.0 8696.0 8697.0 8701.969620057956 8690.030379942044 0
133803 133901 8697.0 8697.0 8696.0 8697.0 8702.057759665973 8690.124058515847 0
133803 133901 8697.0 8697.0 8696.0 8697.0 8702.114975653622 8690.157751619106 0
133803 133901 8697.0 8697.0 8696.0 8697.0 8702.194815793555 8690.25972966099 0
133803 133902 8697.0 8697.0 8696.0 8697.0 8701.992066514615 8690.280660758113 0
133803 133902 8697.0 8698.0 8696.0 8698.0 8702.133565771192 8690.320979683353 0
133803 133902 8697.0 8698.0 8696.0 8698.0 8702.2173755361 8690.328079009356 0
133803 133902 8697.0 8698.0 8696.0 8698.0 8702.29955787258 8690.336805763784 0
133803 133902 8697.0 8698.0 8696.0 8698.0 8702.380142584645 8690.347130142627 0
133803 133902 8697.0 8698.0 8696.0 8698.0 8702.459157502535 8690.359024315645 0
133803 133902 8697.0 8698.0 8696.0 8698.0 8702.459157502535 8690.359024315645 0
133803 133902 8697.0 8699.0 8696.0 8699.0 8702.566449568718 8690.342641340374 0
133803 133902 8697.0 8699.0 8696.0 8699.0 8702.745961056356 8690.344948034552 0
133803 133903 8697.0 8699.0 8696.0 8698.0 8702.860815552227 8690.411911720501 0
133837 133910 8696.0 8700.0 8696.0 8700.0 8703.189605624704 8690.44675801166 0
133837 133933 8696.0 8700.0 8696.0 8699.0 8703.378287573429 8690.530803335663 0
133837 133934 8696.0 8700.0 8696.0 8699.0 8703.525557595343 8690.565351495565 0
133901 133945 8697.0 8700.0 8697.0 8698.0 8703.6113632375 8690.661364035228 0
133901 133954 8697.0 8700.0 8697.0 8698.0 8703.692053344566 8690.762492109978 0
133901 133955 8697.0 8700.0 8697.0 8699.0 8699.810961623334 8696.098129285758 0
133901 133955 8697.0 8700.0 8697.0 8699.0 8699.901870714242 8696.189038376666 0
134056 134056 8698.0 8698.0 8698.0 8698.0 8699.765133897015 8696.507593375713 0
134056 134101 8698.0 8698.0 8698.0 8698.0 8699.73527340824 8696.628362955396 0
134056 134105 8698.0 8698.0 8698.0 8698.0 8699.695954038309 8696.758591416236 0
134056 134105 8698.0 8698.0 8698.0 8698.0 8699.645424442777 8696.900030102679 0
134056 134107 8698.0 8699.0 8698.0 8699.0 8699.649285056703 8697.07798767057 0
134056 134113 8698.0 8699.0 8698.0 8698.0 8699.562597958222 8697.255583859958 0
134056 134125 8698.0 8699.0 8696.0 8696.0 8699.842095874023 8696.794267762341 0
134101 134157 8698.0 8699.0 8695.0 8695.0 8700.238856090724 8696.124780272912 0
134125 134215 8696.0 8696.0 8694.0 8694.0 8700.696799449854 8695.303200550146 0
134125 134221 8696.0 8703.0 8694.0 8703.0 8701.634848147998 8694.819697306546 0
134215 134303 8694.0 8703.0 8694.0 8696.0 8701.667804472647 8694.604922800081 0
134215 134315 8694.0 8703.0 8694.0 8697.0 8701.65380326223 8694.52801491959 0
134221 134316 8703.0 8703.0 8696.0 8697.0 8701.567530340064 8694.432469659936 0
134221 134316 8703.0 8703.0 8696.0 8697.0 8701.47198508041 8694.34619673777 0
134221 134317 8703.0 8703.0 8696.0 8697.0 8701.446192817315 8694.281079909957 0
134221 134317 8703.0 8703.0 8696.0 8697.0 8701.200904213552 8694.253641240992 0
134221 134317 8703.0 8703.0 8696.0 8697.0 8701.076525077895 8694.196202194833 0
134221 134318 8703.0 8703.0 8696.0 8697.0 8700.942098489502 8694.148810601406 0
134221 134321 8703.0 8703.0 8696.0 8697.0 8700.897860289278 8694.102139710722 0
134303 134328 8696.0 8697.0 8696.0 8697.0 8700.851189398594 8694.057901510498 0
134303 134332 8696.0 8697.0 8696.0 8697.0 8700.696418687241 8694.030854040031 0
134303 134352 8696.0 8697.0 8695.0 8695.0 8700.573592382942 8693.790043980694 0
134303 134403 8696.0 8697.0 8695.0 8695.0 8700.534516556798 8693.55639253411 0
134315 134415 8697.0 8697.0 8695.0 8696.0 8700.44360746589 8693.465483443202 0
134315 134415 8697.0 8697.0 8695.0 8696.0 8700.343210765273 8693.384061961999 0
134316 134416 8697.0 8697.0 8695.0 8696.0 8700.233248420123 8693.312206125333 0
134316 134416 8697.0 8697.0 8695.0 8696.0 8699.969145959969 8693.303581312759 0
134318 134418 8697.0 8697.0 8695.0 8696.0 8699.833298421821 8693.257610669087 0
134328 134423 8697.0 8697.0 8695.0 8695.0 8699.843922574137 8693.156077425863 0
134328 134424 8697.0 8697.0 8695.0 8696.0 8699.833298421821 8693.257610669087 0
134352 134440 8695.0 8696.0 8695.0 8695.0 8699.762320644095 8693.419497537725 0
134352 134445 8695.0 8696.0 8694.0 8694.0 8697.953962608148 8694.409673755488 0
134352 134448 8695.0 8696.0 8694.0 8694.0 8698.082627481837 8694.099190699983 0
134403 134455 8695.0 8696.0 8694.0 8694.0 8698.084613547975 8693.824477361117 0
134403 134456 8695.0 8696.0 8694.0 8695.0 8697.978127881748 8693.749144845524 0
134403 134456 8695.0 8696.0 8694.0 8695.0 8697.85571622498 8693.689738320476 0

