# Output=[dateStart dateEnd start high low end upperBound lowerBound outOfBound]
084500 084501 8730.0 8733.0 8730.0 8733.0 0.0 0.0 1
084500 084501 8730.0 8733.0 8730.0 8733.0 0.0 0.0 1
084500 084504 8730.0 8733.0 8730.0 8731.0 0.0 0.0 1
084500 084512 8730.0 8733.0 8727.0 8727.0 0.0 0.0 1
084500 084512 8730.0 8733.0 8727.0 8727.0 0.0 0.0 1
084500 084512 8730.0 8733.0 8727.0 8727.0 0.0 0.0 1
084500 084512 8730.0 8733.0 8727.0 8727.0 0.0 0.0 1
084500 084513 8730.0 8733.0 8727.0 8727.0 0.0 0.0 1
084500 084513 8730.0 8733.0 8727.0 8727.0 0.0 0.0 1
084500 084515 8730.0 8733.0 8727.0 8729.0 0.0 0.0 1
084500 084515 8730.0 8733.0 8727.0 8729.0 0.0 0.0 1
084500 084515 8730.0 8733.0 8727.0 8729.0 0.0 0.0 1
084500 084518 8730.0 8733.0 8727.0 8730.0 0.0 0.0 1
084500 084518 8730.0 8733.0 8727.0 8730.0 0.0 0.0 1
084500 084519 8730.0 8733.0 8727.0 8731.0 0.0 0.0 1
084500 084519 8730.0 8733.0 8727.0 8731.0 0.0 0.0 1
084500 084519 8730.0 8733.0 8727.0 8731.0 0.0 0.0 1
084500 084530 8730.0 8733.0 8727.0 8730.0 0.0 0.0 1
084500 084533 8730.0 8733.0 8727.0 8731.0 0.0 0.0 1
084500 084533 8730.0 8733.0 8727.0 8731.0 0.0 0.0 1
084500 084536 8730.0 8733.0 8727.0 8730.0 0.0 0.0 1
084500 084536 8730.0 8733.0 8727.0 8730.0 0.0 0.0 1
084500 084536 8730.0 8733.0 8727.0 8730.0 8732.904302902003 8726.004788007089 0
084500 084539 8730.0 8733.0 8727.0 8730.0 8732.415768188619 8726.220595447745 0
084500 084540 8730.0 8733.0 8727.0 8730.0 8732.298784904926 8726.24666964053 0
084500 084542 8730.0 8733.0 8727.0 8729.0 8732.226911954185 8726.500360773087 0
084500 084542 8730.0 8733.0 8727.0 8729.0 8732.132894520484 8726.776196388608 0
084500 084545 8730.0 8733.0 8727.0 8730.0 8732.052179340124 8727.129638841696 0
084500 084547 8730.0 8733.0 8727.0 8730.0 8731.91665355978 8727.537891894764 0
084500 084554 8730.0 8733.0 8727.0 8730.0 8731.702158946922 8728.02511378035 0
084500 084559 8730.0 8733.0 8727.0 8730.0 8731.348399724926 8728.651600275074 0
084500 084559 8730.0 8733.0 8727.0 8730.0 8731.321424440692 8728.769484650216 0
084500 084600 8730.0 8734.0 8727.0 8734.0 8732.289188455712 8728.256266089744 0
084500 084600 8730.0 8734.0 8727.0 8734.0 8732.96797672009 8728.03202327991 0
084500 084600 8730.0 8734.0 8727.0 8734.0 8733.534973604814 8727.828662758822 0
084500 084600 8730.0 8734.0 8727.0 8734.0 8734.014131536574 8727.713141190698 0
084500 084600 8730.0 8734.0 8727.0 8734.0 8734.41121146169 8727.58878853831 0
084500 084600 8730.0 8734.0 8727.0 8734.0 8734.769316582308 8727.50341069042 0
084500 084600 8730.0 8734.0 8727.0 8734.0 8735.095235643934 8727.450218901522 0
084501 084601 8733.0 8734.0 8727.0 8733.0 8735.254233815009 8727.563948003171 0
084512 084605 8727.0 8734.0 8727.0 8733.0 8735.396385271224 8727.603614728776 0
084512 084607 8727.0 8734.0 8727.0 8728.0 8735.521671500373 8727.205601226899 0
084512 084607 8727.0 8734.0 8727.0 8728.0 8735.628781291169 8726.916673254287 0
084512 084608 8727.0 8734.0 8727.0 8733.0 8735.785020562384 8727.033161255797 0
084512 084612 8727.0 8734.0 8727.0 8734.0 8736.049163576452 8727.132654605368 0
084515 084614 8729.0 8737.0 8728.0 8737.0 8736.841694533181 8726.976487285 0
084530 084620 8730.0 8738.0 8728.0 8738.0 8737.739380501227 8726.806074044229 0
084530 084621 8730.0 8738.0 8728.0 8737.0 8738.246272225651 8727.026455047077 0
084530 084623 8730.0 8738.0 8728.0 8736.0 8738.49701857261 8727.412072336481 0
084530 084623 8730.0 8738.0 8728.0 8736.0 8738.75182349245 8727.702721962094 0
084530 084623 8730.0 8738.0 8728.0 8736.0 8738.952272253591 8728.047727746409 0
084530 084625 8730.0 8738.0 8728.0 8736.0 8739.09615126253 8728.449303282925 0
084530 084627 8730.0 8738.0 8728.0 8737.0 8739.310072761604 8728.871745420216 0
084530 084630 8730.0 8738.0 8728.0 8738.0 8739.597140226811 8729.31195068228 0
084533 084631 8731.0 8738.0 8728.0 8737.0 8739.836135177002 8729.345683004818 0
084533 084632 8731.0 8738.0 8728.0 8737.0 8740.059228472222 8729.395316982322 0
084536 084635 8730.0 8738.0 8728.0 8738.0 8740.399879589288 8729.418302228893 0
084542 084642 8729.0 8739.0 8728.0 8739.0 8740.866521639753 8729.406205632975 0
084545 084643 8730.0 8739.0 8728.0 8739.0 8741.288789358836 8729.438483368436 0
084545 084643 8730.0 8739.0 8728.0 8739.0 8741.670953675348 8729.510864506472 0
084545 084643 8730.0 8739.0 8728.0 8739.0 8742.01602201784 8729.620341618524 0
084545 084645 8730.0 8739.0 8728.0 8739.0 8742.296744787593 8729.885073394227 0
084547 084646 8730.0 8739.0 8728.0 8739.0 8742.52939089375 8730.197881833523 0
084547 084647 8730.0 8739.0 8728.0 8737.0 8741.742886157395 8731.80256838806 0
084554 084654 8730.0 8739.0 8728.0 8734.0 8740.482010576625 8733.608898514283 0
084559 084656 8730.0 8739.0 8728.0 8734.0 8740.333191727297 8733.848626454523 0
084559 084659 8730.0 8739.0 8728.0 8733.0 8740.482010576625 8733.608898514283 0
084559 084659 8730.0 8739.0 8728.0 8733.0 8740.69154604935 8733.035726677923 0
084559 084659 8730.0 8739.0 8728.0 8733.0 8740.750439454177 8732.52228781855 0
084600 084700 8734.0 8739.0 8728.0 8734.0 8740.753340932833 8732.246659067167 0
084600 084700 8734.0 8739.0 8728.0 8734.0 8740.785020562384 8732.033161255797 0
084605 084702 8733.0 8739.0 8728.0 8733.0 8740.872403869336 8731.67305067612 0
084605 084702 8733.0 8739.0 8728.0 8733.0 8740.933918109804 8731.338809162924 0
084605 084702 8733.0 8739.0 8728.0 8733.0 8740.972652484064 8731.027347515936 0
084605 084702 8733.0 8739.0 8728.0 8733.0 8740.922061399135 8730.71430223723 0
084605 084702 8733.0 8739.0 8728.0 8733.0 8740.731092706628 8730.450725475192 0
084605 084702 8733.0 8739.0 8728.0 8733.0 8740.619538138511 8730.198643679669 0
084605 084702 8733.0 8739.0 8728.0 8733.0 8740.481944006042 8729.972601448502 0
084605 084702 8733.0 8739.0 8728.0 8733.0 8740.187397315523 8729.812602684477 0
084605 084702 8733.0 8739.0 8728.0 8733.0 8739.669918988751 8729.784626465793 0
084605 084702 8733.0 8739.0 8728.0 8733.0 8739.075732737141 8729.83335817195 0
084605 084702 8733.0 8739.0 8728.0 8733.0 8738.387284911352 8729.976351452284 0
084612 084711 8734.0 8739.0 8733.0 8733.0 8737.572625759929 8730.245556058251 0
084654 084748 8734.0 8734.0 8729.0 8729.0 8736.956610960775 8729.952479948317 0
084654 084754 8734.0 8734.0 8729.0 8729.0 8736.074824459143 8729.925175540857 0
084656 084756 8734.0 8734.0 8714.0 8714.0 8740.189223186879 8723.719867722213 -1
084702 084801 8733.0 8733.0 8714.0 8727.0 8740.06888627295 8723.203840999779 0
084702 084802 8733.0 8733.0 8714.0 8727.0 8739.896937049702 8722.739426586662 0
084711 084803 8733.0 8733.0 8714.0 8727.0 8739.773200744732 8722.317708346176 0
084711 084803 8733.0 8733.0 8714.0 8727.0 8739.613373447832 8721.932081097624 0
084711 084804 8733.0 8733.0 8714.0 8727.0 8739.418825850158 8721.581174149842 0
084711 084809 8733.0 8733.0 8710.0 8710.0 8741.61429234736 8717.20388947082 -1
084748 084813 8729.0 8729.0 8710.0 8726.0 8741.158216751675 8716.932692339233 0
084748 084817 8729.0 8729.0 8710.0 8727.0 8740.786837434334 8716.758617111122 0
084817 084914 8727.0 8729.0 8727.0 8729.0 8740.463859109703 8716.717959072117 0
084914 084928 8729.0 8729.0 8729.0 8729.0 8740.12790392545 8716.69027789273 0
084914 084944 8729.0 8731.0 8729.0 8731.0 8739.923609445514 8716.71275419085 0
084914 084945 8729.0 8731.0 8726.0 8726.0 8739.457431093955 8716.542568906045 0
084914 084947 8729.0 8731.0 8726.0 8731.0 8739.237399631596 8716.580782186584 0
084914 084947 8729.0 8731.0 8726.0 8731.0 8739.012926748264 8716.6234368881 0
084914 084953 8729.0 8731.0 8726.0 8726.0 8738.483458637258 8716.516541362742 0
084914 085013 8729.0 8731.0 8726.0 8731.0 8738.241014953894 8716.577166864286 0
084928 085028 8729.0 8731.0 8726.0 8731.0 8737.993324800173 8716.643038836191 0
084928 085028 8729.0 8731.0 8726.0 8731.0 8737.740153453173 8716.714392001371 0
084953 085051 8726.0 8731.0 8726.0 8728.0 8737.215852209367 8716.784147790633 0
085225 085225 8730.0 8730.0 8730.0 8730.0 8737.305301659808 8716.7856074311 0
085225 085252 8730.0 8730.0 8729.0 8729.0 8737.305301659808 8716.7856074311 0
085225 085256 8730.0 8730.0 8729.0 8730.0 8736.363035091994 8719.182419453462 0
085225 085312 8730.0 8730.0 8729.0 8730.0 8736.54114725125 8719.27703456693 0
085252 085351 8729.0 8731.0 8729.0 8731.0 8736.80681077397 8719.37500740785 0
085256 085354 8730.0 8731.0 8730.0 8731.0 8737.056634421224 8719.488820124232 0
085256 085354 8730.0 8731.0 8730.0 8731.0 8737.29098391289 8719.618106996202 0
085256 085354 8730.0 8731.0 8730.0 8731.0 8737.510134066846 8719.762593205882 0
085256 085354 8730.0 8731.0 8730.0 8731.0 8733.191873149153 8725.989945032667 0
085256 085354 8730.0 8731.0 8730.0 8731.0 8733.100994560958 8726.535369075405 0
085256 085354 8730.0 8731.0 8730.0 8731.0 8733.074824459143 8726.925175540857 0
085503 085503 8740.0 8740.0 8740.0 8740.0 8735.643398239932 8725.356601760068 1
085503 085505 8740.0 8740.0 8732.0 8732.0 8735.772526142482 8725.500201130246 0
085503 085510 8740.0 8740.0 8732.0 8732.0 8735.847662780063 8725.515973583573 0
085503 085517 8740.0 8740.0 8732.0 8738.0 8736.817257868961 8725.637287585583 0
085503 085532 8740.0 8740.0 8730.0 8730.0 8736.794672378339 8725.568963985297 0
085503 085532 8740.0 8740.0 8730.0 8730.0 8736.770527429944 8725.502199842784 0
085503 085535 8740.0 8740.0 8730.0 8732.0 8736.584525573631 8726.233656244549 0
085503 085540 8740.0 8740.0 8730.0 8732.0 8736.632374860326 8726.276716048766 0
085503 085553 8740.0 8740.0 8730.0 8732.0 8736.678627406773 8726.321372593227 0
085503 085600 8740.0 8740.0 8730.0 8732.0 8736.723283951234 8726.367625139674 0
085517 085616 8738.0 8738.0 8730.0 8733.0 8736.742886157395 8726.80256838806 0
085532 085620 8730.0 8733.0 8730.0 8733.0 8736.841694533181 8726.976487285 0
085532 085620 8730.0 8733.0 8730.0 8733.0 8736.873798704715 8727.308019477105 0
085532 085620 8730.0 8733.0 8730.0 8733.0 8736.934397624 8727.520147830544 0
085532 085620 8730.0 8733.0 8730.0 8733.0 8736.977664560163 8727.749608167109 0
085553 085642 8732.0 8733.0 8732.0 8732.0 8736.988058276167 8727.830123542013 0
085553 085644 8732.0 8733.0 8732.0 8733.0 8737.042726454054 8727.957273545946 0
085859 085859 8730.0 8730.0 8730.0 8730.0 8737.075732737141 8727.83335817195 0
085859 085905 8730.0 8730.0 8728.0 8728.0 8737.268346687295 8727.368016949069 0
085859 085906 8730.0 8730.0 8728.0 8728.0 8737.426256400675 8726.937379962961 0
085859 085913 8730.0 8730.0 8728.0 8729.0 8737.481442574683 8726.700375607137 0
085859 085957 8730.0 8730.0 8728.0 8729.0 8737.526794237661 8726.473205762339 0
085913 090007 8729.0 8729.0 8727.0 8727.0 8736.105669582941 8726.712512235239 0
085913 090007 8729.0 8729.0 8727.0 8727.0 8736.213946364764 8726.149689998872 0
085913 090007 8729.0 8729.0 8727.0 8727.0 8736.262422028 8725.646668881092 0
085913 090007 8729.0 8729.0 8727.0 8727.0 8735.036219333948 8725.872871575144 0
085913 090007 8729.0 8729.0 8727.0 8727.0 8735.119180336913 8725.517183299451 0
085913 090007 8729.0 8729.0 8727.0 8727.0 8735.177684241467 8725.185952122169 0
085913 090008 8729.0 8729.0 8726.0 8726.0 8735.128254579784 8724.689927238396 0
085913 090009 8729.0 8729.0 8726.0 8726.0 8735.014617984636 8724.258109288092 0
085913 090011 8729.0 8729.0 8726.0 8726.0 8734.84237060848 8723.884902118793 0
085957 090025 8729.0 8729.0 8726.0 8729.0 8734.584742217512 8723.869803237032 0
085957 090027 8729.0 8729.0 8726.0 8729.0 8734.143663597384 8723.947245493524 0
085957 090034 8729.0 8729.0 8726.0 8729.0 8733.661190837076 8724.066081890196 0
085957 090035 8729.0 8729.0 8726.0 8729.0 8733.12893629405 8724.234700069586 0
085957 090057 8729.0 8733.0 8726.0 8733.0 8733.12893629405 8724.234700069586 0
090007 090058 8727.0 8734.0 8726.0 8734.0 8733.366309389881 8724.088236064663 0
090007 090059 8727.0 8735.0 8726.0 8735.0 8734.026280314363 8723.700992412909 0
090007 090100 8727.0 8736.0 8726.0 8736.0 8734.720775535474 8723.279224464526 0
090007 090101 8727.0 8736.0 8726.0 8736.0 8735.688101368865 8722.85735317659 0
090007 090101 8727.0 8736.0 8726.0 8736.0 8736.605006507905 8722.667720764823 0
090007 090101 8727.0 8736.0 8726.0 8736.0 8737.41006686266 8722.58993313734 0
090007 090102 8727.0 8737.0 8726.0 8737.0 8738.30765537271 8722.419617354562 0
090007 090102 8727.0 8737.0 8726.0 8737.0 8739.108676779357 8722.345868675187 0
090007 090103 8727.0 8738.0 8726.0 8738.0 8739.96448297856 8722.490062475985 0
090011 090110 8726.0 8738.0 8726.0 8735.0 8740.259747555812 8722.922070626008 0
090025 090112 8729.0 8738.0 8729.0 8736.0 8740.612886750783 8723.387113249217 0
090025 090113 8729.0 8738.0 8729.0 8736.0 8740.887064314205 8723.931117503975 0
090025 090115 8729.0 8738.0 8729.0 8736.0 8741.078412139346 8724.557951497018 0
090035 090135 8729.0 8738.0 8729.0 8737.0 8741.299541838052 8725.245912707403 0
090057 090140 8733.0 8738.0 8733.0 8734.0 8741.010654469335 8726.262072803393 0
090057 090140 8733.0 8738.0 8733.0 8734.0 8740.578200914591 8727.421799085409 0
090057 090141 8733.0 8738.0 8732.0 8732.0 8739.93542236451 8728.610032180946 0
090057 090156 8733.0 8738.0 8731.0 8731.0 8739.741890711908 8728.985382015364 0
090140 090239 8734.0 8734.0 8729.0 8729.0 8739.741890711908 8728.985382015364 0
090140 090239 8734.0 8734.0 8729.0 8729.0 8739.741890711908 8728.985382015364 0
090156 090244 8731.0 8731.0 8727.0 8727.0 8740.062430301125 8728.483024244331 0
090156 090244 8731.0 8731.0 8727.0 8727.0 8740.522687678056 8727.477312321944 0
090156 090248 8731.0 8731.0 8726.0 8726.0 8740.961177119449 8726.31155015328 0
090156 090256 8731.0 8731.0 8726.0 8726.0 8741.180129690923 8725.27441576362 0
090239 090257 8729.0 8729.0 8725.0 8725.0 8741.280460717337 8724.174084737208 0
090239 090257 8729.0 8729.0 8725.0 8725.0 8741.230945072626 8723.223600381918 0
090239 090258 8729.0 8729.0 8725.0 8725.0 8741.053322620532 8722.401222834013 0
090239 090259 8729.0 8729.0 8724.0 8724.0 8740.842165693663 8721.521470669973 0
090239 090259 8729.0 8729.0 8724.0 8724.0 8740.34533169456 8720.83648648726 0
090239 090300 8729.0 8729.0 8723.0 8723.0 8739.779879549764 8720.129211359328 0
090239 090300 8729.0 8729.0 8723.0 8723.0 8738.848868423465 8719.69658612199 0
090239 090300 8729.0 8729.0 8723.0 8723.0 8738.30341387801 8719.151131576535 0
090239 090300 8729.0 8729.0 8723.0 8723.0 8737.445117181387 8718.82761009134 0
090239 090300 8729.0 8729.0 8723.0 8723.0 8736.422949538715 8718.667959552193 0
090239 090312 8729.0 8729.0 8723.0 8726.0 8735.179264152559 8719.00255402926 0
090239 090316 8729.0 8729.0 8723.0 8726.0 8733.430874293083 8719.750943888737 0
090239 090338 8729.0 8729.0 8723.0 8724.0 8732.235408406445 8720.037318866283 0
090239 090338 8729.0 8729.0 8723.0 8724.0 8730.776784097892 8720.586852265744 0
090239 090339 8729.0 8729.0 8723.0 8724.0 8729.640906701079 8720.995456935285 0
090239 090339 8729.0 8729.0 8723.0 8724.0 8728.567530340064 8721.432469659936 0
090244 090343 8727.0 8727.0 8723.0 8723.0 8727.928512156665 8721.52603329788 0
090258 090358 8725.0 8726.0 8710.0 8710.0 8730.449998431519 8717.277274295753 -1
090312 090407 8726.0 8726.0 8710.0 8726.0 8730.330725341299 8717.305638295065 0
090316 090413 8726.0 8726.0 8710.0 8723.0 8730.005192686596 8717.267534586132 0
090338 090422 8724.0 8726.0 8710.0 8726.0 8730.005192686596 8717.267534586132 0
090338 090434 8724.0 8726.0 8710.0 8726.0 8730.005192686596 8717.267534586132 0
090358 090458 8710.0 8726.0 8710.0 8725.0 8730.005192686596 8717.267534586132 0
090407 090500 8726.0 8726.0 8723.0 8726.0 8730.102986685968 8717.260649677668 0
090407 090501 8726.0 8726.0 8723.0 8724.0 8730.033677122095 8717.239050150632 0
090413 090509 8723.0 8730.0 8723.0 8730.0 8730.83490798354 8716.98327383464 0
090413 090511 8723.0 8731.0 8723.0 8731.0 8731.75737759632 8716.697167858225 0
090413 090511 8723.0 8731.0 8723.0 8731.0 8732.605874432164 8716.575943749656 0
090413 090512 8723.0 8732.0 8723.0 8732.0 8733.549322142188 8716.450677857812 0
090413 090513 8723.0 8732.0 8723.0 8732.0 8734.387025292071 8716.431156526109 0
090422 090515 8726.0 8732.0 8724.0 8730.0 8734.836345490818 8716.618199963727 0
090422 090515 8726.0 8732.0 8724.0 8730.0 8735.239865352169 8716.85104373874 0
090422 090515 8726.0 8732.0 8724.0 8730.0 8735.567932976113 8716.88661247843 0
090422 090515 8726.0 8732.0 8724.0 8730.0 8735.879793885957 8716.938387932223 0
090434 090527 8726.0 8732.0 8724.0 8725.0 8735.888088560781 8717.02100234831 0
090458 090535 8725.0 8735.0 8724.0 8735.0 8736.96321937865 8716.945871530443 0
090458 090547 8725.0 8735.0 8724.0 8726.0 8736.981198516816 8717.109710574092 0
090458 090547 8725.0 8735.0 8724.0 8726.0 8736.995285844569 8717.27744142816 0
090509 090604 8730.0 8735.0 8725.0 8734.0 8737.718669551281 8717.554057721447 0
090509 090605 8730.0 8735.0 8725.0 8735.0 8735.829170316483 8721.716284228973 0
090509 090605 8730.0 8735.0 8725.0 8735.0 8736.582957249835 8721.780679113801 0
090509 090606 8730.0 8736.0 8725.0 8736.0 8737.181120993411 8722.364333552045 0
090509 090606 8730.0 8736.0 8725.0 8736.0 8737.877152540512 8722.577392914032 0
090509 090606 8730.0 8736.0 8725.0 8736.0 8738.46025840023 8722.903377963406 0
090509 090606 8730.0 8736.0 8725.0 8736.0 8738.84842496084 8723.515211402797 0
090509 090606 8730.0 8736.0 8725.0 8736.0 8739.205330289637 8724.067396983091 0
090509 090606 8730.0 8736.0 8725.0 8736.0 8739.178865965416 8725.18477039822 0
090509 090606 8730.0 8736.0 8725.0 8736.0 8739.55709999441 8725.351990914682 0
090509 090606 8730.0 8736.0 8725.0 8736.0 8739.902655797203 8725.460980566433 0
090509 090607 8730.0 8738.0 8725.0 8738.0 8740.507571935295 8725.492428064705 0
090509 090607 8730.0 8738.0 8725.0 8738.0 8741.046384845977 8725.49906969948 0
090509 090607 8730.0 8738.0 8725.0 8738.0 8741.539253795265 8725.551655295643 0
090509 090607 8730.0 8738.0 8725.0 8738.0 8741.952362312943 8725.865819505238 0
090509 090607 8730.0 8738.0 8725.0 8738.0 8742.299541838052 8726.245912707403 0
090509 090607 8730.0 8738.0 8725.0 8738.0 8742.580382645438 8726.69234462729 0
090509 090608 8730.0 8740.0 8725.0 8740.0 8743.066077163441 8727.115741018379 0
090509 090608 8730.0 8740.0 8725.0 8740.0 8742.672841057873 8728.872613487583 0
090509 090608 8730.0 8740.0 8725.0 8740.0 8743.109532653098 8728.890467346902 0
090509 090608 8730.0 8740.0 8725.0 8740.0 8742.437474957653 8730.835252315075 0
090509 090609 8730.0 8743.0 8725.0 8743.0 8741.658543960915 8733.159637857265 0
090509 090609 8730.0 8743.0 8725.0 8743.0 8742.396246658915 8733.24011697745 0
090509 090609 8730.0 8743.0 8725.0 8743.0 8743.06728321547 8733.296353148166 0
090509 090609 8730.0 8743.0 8725.0 8743.0 8743.616845702174 8733.474063388734 0
090527 090618 8725.0 8743.0 8725.0 8743.0 8744.130874886134 8733.596397841138 0
090527 090618 8725.0 8743.0 8725.0 8743.0 8744.563144940708 8733.800491422928 0
090527 090618 8725.0 8743.0 8725.0 8743.0 8744.918822414846 8734.081177585154 0
090527 090618 8725.0 8743.0 8725.0 8743.0 8745.199508577072 8734.436855059292 0
090527 090619 8725.0 8744.0 8725.0 8744.0 8745.563144940708 8734.800491422928 0
090527 090619 8725.0 8744.0 8725.0 8744.0 8745.82757783503 8735.263331255877 0
090527 090620 8725.0 8744.0 8725.0 8744.0 8745.986996379552 8735.831185438628 0
090535 090628 8735.0 8744.0 8726.0 8743.0 8745.89561166417 8736.558933790375 0
090535 090628 8735.0 8744.0 8726.0 8743.0 8745.956152146597 8736.952938762495 0
090535 090633 8735.0 8744.0 8726.0 8744.0 8746.083326745713 8737.371218708831 0
090535 090634 8735.0 8744.0 8726.0 8744.0 8746.134115273055 8737.865884726945 0
090535 090634 8735.0 8744.0 8726.0 8744.0 8746.095235643934 8738.450218901522 0
090535 090634 8735.0 8744.0 8726.0 8744.0 8745.942098489502 8739.148810601406 0
090535 090634 8735.0 8744.0 8726.0 8744.0 8745.623136112827 8740.013227523537 0
090535 090634 8735.0 8744.0 8726.0 8744.0 8745.558408596267 8740.441591403733 0
090547 090636 8726.0 8745.0 8726.0 8745.0 8745.557455566905 8740.89708988764 0
090547 090637 8726.0 8745.0 8726.0 8745.0 8745.429596452946 8741.479494456145 0
090547 090637 8726.0 8745.0 8726.0 8745.0 8745.081345847122 8742.282290516514 0
090547 090637 8726.0 8745.0 8726.0 8745.0 8745.241408583764 8742.304045961691 0
090547 090637 8726.0 8745.0 8726.0 8745.0 8745.376665179736 8742.350607547536 0
090547 090637 8726.0 8745.0 8726.0 8745.0 8745.489267546922 8742.41982336217 0
090547 090637 8726.0 8745.0 8726.0 8745.0 8745.58017663783 8742.510732453078 0
090547 090637 8726.0 8745.0 8726.0 8745.0 8745.649392452464 8742.623334820264 0
090547 090637 8726.0 8745.0 8726.0 8745.0 8745.695954038309 8742.758591416236 0
090547 090637 8726.0 8745.0 8726.0 8745.0 8745.717709483486 8742.918654152878 0
090547 090637 8726.0 8745.0 8726.0 8745.0 8745.710711005751 8743.107470812429 0
090547 090638 8726.0 8746.0 8726.0 8746.0 8745.945997610963 8743.054002389037 0
090547 090638 8726.0 8746.0 8726.0 8746.0 8746.147022069876 8743.034796111944 0
090604 090651 8734.0 8746.0 8734.0 8743.0 8746.221735355872 8742.869173735036 0
090604 090651 8734.0 8746.0 8734.0 8743.0 8746.221735355872 8742.869173735036 0
090604 090651 8734.0 8746.0 8734.0 8743.0 8746.221735355872 8742.869173735036 0
090604 090651 8734.0 8746.0 8734.0 8743.0 8746.283765170032 8742.716234829968 0
090604 090652 8734.0 8746.0 8734.0 8744.0 8746.283765170032 8742.716234829968 0
090604 090652 8734.0 8746.0 8734.0 8744.0 8746.283765170032 8742.716234829968 0
090604 090652 8734.0 8746.0 8734.0 8744.0 8746.283765170032 8742.716234829968 0
090604 090657 8734.0 8746.0 8734.0 8744.0 8746.283765170032 8742.716234829968 0
090604 090657 8734.0 8746.0 8734.0 8744.0 8746.283765170032 8742.716234829968 0
090604 090657 8734.0 8746.0 8734.0 8744.0 8746.235992540207 8742.673098368885 0
090604 090657 8734.0 8746.0 8734.0 8744.0 8746.183565572357 8742.634616245823 0
090604 090659 8734.0 8746.0 8734.0 8745.0 8746.183565572357 8742.634616245823 0
090604 090700 8734.0 8746.0 8734.0 8745.0 8746.183565572357 8742.634616245823 0
090604 090701 8734.0 8746.0 8734.0 8745.0 8746.183565572357 8742.634616245823 0
090604 090703 8734.0 8746.0 8734.0 8746.0 8746.335287351416 8742.573803557676 0
090604 090703 8734.0 8746.0 8734.0 8746.0 8746.477142106449 8742.522857893551 0
090605 090705 8735.0 8748.0 8735.0 8748.0 8747.089225011498 8742.18350226123 0
090605 090705 8735.0 8748.0 8735.0 8748.0 8747.596768103092 8741.948686442363 0
090605 090705 8735.0 8748.0 8735.0 8748.0 8748.037209188014 8741.780972630166 0
090608 090708 8740.0 8749.0 8740.0 8749.0 8748.65380326223 8741.52801491959 0
090608 090708 8740.0 8749.0 8740.0 8749.0 8749.132133017256 8741.322412437288 0
090608 090708 8740.0 8749.0 8740.0 8749.0 8749.565170912105 8741.162101815167 0
090618 090711 8743.0 8749.0 8743.0 8748.0 8749.797358291367 8741.384459890452 0
090618 090713 8743.0 8749.0 8743.0 8749.0 8750.14023035867 8741.587042368603 0
090618 090713 8743.0 8749.0 8743.0 8749.0 8750.412957631397 8741.85976964133 0
090618 090713 8743.0 8749.0 8743.0 8749.0 8750.615540109548 8742.202641708633 0
090618 090713 8743.0 8749.0 8743.0 8749.0 8750.837898184833 8742.434829087895 0
090618 090713 8743.0 8749.0 8743.0 8749.0 8751.01072535562 8742.716547371652 0
090618 090713 8743.0 8749.0 8743.0 8749.0 8751.132020140163 8743.049798041657 0
090618 090713 8743.0 8749.0 8743.0 8749.0 8751.197561507883 8743.438802128481 0
090618 090713 8743.0 8749.0 8743.0 8749.0 8751.199954771317 8743.890954319591 0
090618 090713 8743.0 8749.0 8743.0 8749.0 8751.126521226492 8744.418933318964 0
090618 090713 8743.0 8749.0 8743.0 8749.0 8750.954195783504 8745.045804216496 0
090618 090713 8743.0 8749.0 8743.0 8749.0 8750.85398881031 8745.509647553326 0
090618 090713 8743.0 8749.0 8743.0 8749.0 8750.66347466194 8746.063798065332 0
090618 090714 8743.0 8753.0 8743.0 8753.0 8751.298570113406 8746.155975341138 0
090618 090714 8743.0 8753.0 8743.0 8753.0 8751.904397307911 8746.186511782997 0
090618 090714 8743.0 8753.0 8743.0 8753.0 8752.351213950027 8746.376058777245 0
090618 090714 8743.0 8753.0 8743.0 8753.0 8752.874980339671 8746.306837842149 0
090618 090714 8743.0 8753.0 8743.0 8753.0 8753.31552437485 8746.320839261514 0
090618 090714 8743.0 8753.0 8743.0 8753.0 8753.687495568001 8746.403413522907 0
090618 090714 8743.0 8753.0 8743.0 8753.0 8754.037871257297 8746.416674197248 0
090618 090714 8743.0 8753.0 8743.0 8753.0 8754.34766891317 8746.47051290501 0
090618 090714 8743.0 8753.0 8743.0 8753.0 8754.620756410783 8746.561061771037 0
090618 090714 8743.0 8753.0 8743.0 8753.0 8754.801618600039 8746.834745036325 0
090618 090714 8743.0 8753.0 8743.0 8753.0 8755.0 8747.0 0
090618 090714 8743.0 8753.0 8743.0 8753.0 8755.165254963675 8747.198381399961 0
090618 090714 8743.0 8753.0 8743.0 8753.0 8755.29696502778 8747.430307699493 0
090618 090714 8743.0 8753.0 8743.0 8753.0 8755.39382008882 8747.697089002088 0
090618 090714 8743.0 8753.0 8743.0 8753.0 8755.453436642167 8748.001108812377 0
090618 090714 8743.0 8753.0 8743.0 8753.0 8755.47198508041 8748.34619673777 0
090618 090714 8743.0 8753.0 8743.0 8753.0 8755.443470711743 8748.738347470076 0
090618 090714 8743.0 8753.0 8743.0 8753.0 8755.358284136088 8749.187170409368 0
090618 090714 8743.0 8753.0 8743.0 8753.0 8755.199939794644 8749.709151114448 0
090618 090714 8743.0 8753.0 8743.0 8753.0 8754.936201934668 8750.33652533806 0
090618 090714 8743.0 8753.0 8743.0 8753.0 8754.484572979984 8751.15179065638 0
090618 090715 8743.0 8754.0 8743.0 8754.0 8753.462052335904 8752.628856755004 0
090618 090715 8743.0 8754.0 8743.0 8754.0 8753.665868665486 8752.515949516333 0
090618 090715 8743.0 8754.0 8743.0 8754.0 8753.822712221388 8752.45001505134 0
090618 090715 8743.0 8754.0 8743.0 8754.0 8753.953207397657 8752.410428965979 0
090618 090715 8743.0 8754.0 8743.0 8754.0 8754.06541313248 8752.389132322063 0
090618 090715 8743.0 8754.0 8743.0 8754.0 8754.163450815558 8752.382003729897 0
090618 090715 8743.0 8754.0 8743.0 8754.0 8754.249722796905 8752.386640839459 0
090618 090715 8743.0 8754.0 8743.0 8754.0 8754.325727749478 8752.401544977794 0
090618 090715 8743.0 8754.0 8743.0 8754.0 8754.392423075125 8752.425758743055 0
090618 090716 8743.0 8757.0 8743.0 8757.0 8755.365383754177 8751.816434427643 0
090628 090722 8743.0 8758.0 8743.0 8758.0 8756.350616050397 8751.285747585967 0
090628 090726 8743.0 8758.0 8743.0 8751.0 8756.502606822267 8750.951938632277 0
090633 090730 8744.0 8758.0 8743.0 8758.0 8757.228535110067 8750.680555799025 0
090633 090731 8744.0 8758.0 8743.0 8757.0 8757.615938038001 8750.656789234727 0
090636 090735 8745.0 8758.0 8743.0 8757.0 8757.95568164068 8750.680681995684 0
090651 090748 8743.0 8758.0 8743.0 8753.0 8757.95568164068 8750.680681995684 0
090651 090750 8743.0 8758.0 8743.0 8754.0 8757.958858169688 8750.768414557584 0
090651 090750 8743.0 8758.0 8743.0 8754.0 8757.95920439814 8750.85897742004 0
090651 090751 8743.0 8758.0 8743.0 8754.0 8757.956610960775 8750.952479948317 0
090657 090754 8744.0 8758.0 8744.0 8754.0 8757.95095507202 8751.04904492798 0
090657 090756 8744.0 8758.0 8744.0 8752.0 8758.008149142854 8750.900941766238 0
090701 090801 8745.0 8758.0 8745.0 8751.0 8758.155755202657 8750.571517524615 0
090701 090801 8745.0 8758.0 8745.0 8751.0 8758.26940619553 8750.185139259014 0
090708 090806 8749.0 8758.0 8748.0 8754.0 8758.26940619553 8750.185139259014 0
090708 090806 8749.0 8758.0 8748.0 8754.0 8758.26940619553 8750.185139259014 0
090711 090810 8748.0 8758.0 8748.0 8752.0 8758.283452628348 8749.98927464438 0
090713 090812 8749.0 8758.0 8749.0 8752.0 8758.287121144467 8749.803787946441 0
090722 090817 8758.0 8758.0 8751.0 8753.0 8758.264014327113 8749.735985672887 0
090722 090820 8758.0 8758.0 8751.0 8752.0 8758.253746598308 8749.564435219872 0
090726 090824 8751.0 8758.0 8751.0 8754.0 8758.253746598308 8749.564435219872 0
090730 090828 8758.0 8758.0 8751.0 8753.0 8758.224430892804 8749.502841834468 0
090730 090830 8758.0 8758.0 8751.0 8753.0 8757.832890929756 8749.53074543388 0
090731 090831 8757.0 8757.0 8751.0 8753.0 8757.158463415903 8749.75062749319 0
090735 090835 8757.0 8757.0 8751.0 8752.0 8757.105551275465 8749.894448724535 0
090735 090835 8757.0 8757.0 8751.0 8752.0 8756.298062864373 8750.156482590171 0
090748 090836 8753.0 8754.0 8751.0 8753.0 8755.637559532615 8750.453349558293 0
090750 090850 8754.0 8754.0 8751.0 8752.0 8754.784846150253 8750.851517486111 0
090754 090854 8754.0 8754.0 8749.0 8749.0 8755.162262543538 8750.11046472919 0
090756 090855 8752.0 8754.0 8749.0 8749.0 8755.279573346153 8749.538608472027 0
090806 090904 8754.0 8754.0 8749.0 8753.0 8755.162691694244 8749.564581033028 0
090810 090910 8752.0 8754.0 8749.0 8753.0 8755.040905296704 8749.59545833966 0
090810 090910 8752.0 8754.0 8749.0 8753.0 8754.913788917516 8749.63166562794 0
090817 090916 8753.0 8754.0 8749.0 8754.0 8755.096962977887 8749.630309749386 0
090817 090917 8753.0 8754.0 8749.0 8754.0 8755.246899078134 8749.753100921866 0
090820 090920 8752.0 8754.0 8749.0 8754.0 8755.369690250614 8749.903037022113 0
090824 090923 8754.0 8754.0 8749.0 8754.0 8755.369690250614 8749.903037022113 0
090828 090928 8753.0 8754.0 8749.0 8753.0 8755.264625667247 8749.917192514573 0
090828 090928 8753.0 8754.0 8749.0 8753.0 8755.30234150884 8749.970385763889 0
090830 090930 8753.0 8754.0 8749.0 8754.0 8755.436302622864 8750.01824283168 0
090835 090933 8752.0 8754.0 8749.0 8752.0 8755.40454166034 8749.959094703296 0
090835 090934 8752.0 8754.0 8749.0 8753.0 8755.436302622864 8750.01824283168 0
090835 090934 8752.0 8754.0 8749.0 8753.0 8755.336923975728 8750.026712387908 0
090835 090934 8752.0 8754.0 8749.0 8753.0 8755.336923975728 8750.026712387908 0
090850 090938 8752.0 8758.0 8749.0 8758.0 8756.368417743715 8749.449764074465 0
090850 090939 8752.0 8758.0 8749.0 8755.0 8756.567530340064 8749.432469659936 0
090850 090939 8752.0 8758.0 8749.0 8755.0 8756.769316582308 8749.50341069042 0
090850 090939 8752.0 8758.0 8749.0 8755.0 8756.949772439302 8749.595682106154 0
090850 090940 8752.0 8758.0 8749.0 8755.0 8757.10750186945 8749.619770857822 0
090850 090941 8752.0 8758.0 8749.0 8758.0 8757.794398773101 8749.478328499627 0
090850 090942 8752.0 8758.0 8749.0 8758.0 8758.067090247381 8750.023818843527 0
090850 090942 8752.0 8758.0 8749.0 8758.0 8758.158463415903 8750.75062749319 0
090850 090942 8752.0 8758.0 8749.0 8758.0 8758.60778597849 8750.755850385147 0
090850 090942 8752.0 8758.0 8749.0 8758.0 8758.994946373497 8750.823235444683 0
090850 090942 8752.0 8758.0 8749.0 8758.0 8759.327065662406 8750.945661610322 0
090850 090942 8752.0 8758.0 8749.0 8758.0 8759.640906701079 8750.995456935285 0
090850 090942 8752.0 8758.0 8749.0 8758.0 8759.921024151196 8751.078975848804 0
090850 090942 8752.0 8758.0 8749.0 8758.0 8760.169634562617 8751.19400180102 0
090850 090942 8752.0 8758.0 8749.0 8758.0 8760.388133504774 8751.339139222498 0
090850 090943 8752.0 8758.0 8749.0 8755.0 8760.32291410063 8751.586176808461 0
090850 090943 8752.0 8758.0 8749.0 8755.0 8760.244037541364 8751.846871549544 0
090850 090943 8752.0 8758.0 8749.0 8755.0 8760.221024251492 8751.960793930328 0
090850 090943 8752.0 8758.0 8749.0 8755.0 8759.989854924832 8752.464690529712 0
090850 090943 8752.0 8758.0 8749.0 8755.0 8759.854300061595 8752.782063574768 0
090850 090943 8752.0 8758.0 8749.0 8755.0 8759.693162157851 8753.125019660329 0
090850 090943 8752.0 8758.0 8749.0 8755.0 8759.5 8753.5 0
090850 090943 8752.0 8758.0 8749.0 8755.0 8759.351213950027 8753.376058777245 0
090850 090943 8752.0 8758.0 8749.0 8755.0 8759.351213950027 8753.376058777245 0
090850 090943 8752.0 8758.0 8749.0 8755.0 8759.351213950027 8753.376058777245 0
090850 090943 8752.0 8758.0 8749.0 8755.0 8759.351213950027 8753.376058777245 0
090850 090945 8752.0 8759.0 8749.0 8759.0 8759.662986945359 8753.427922145549 0
090850 090945 8752.0 8759.0 8749.0 8759.0 8759.819141982649 8753.36267619917 0
090850 090949 8752.0 8761.0 8749.0 8761.0 8760.404317893846 8753.050227560698 0
090904 090957 8753.0 8761.0 8752.0 8760.0 8760.709260828915 8752.927102807449 0
090904 090958 8753.0 8761.0 8752.0 8755.0 8760.60778597849 8752.755850385147 0
090904 090959 8753.0 8761.0 8752.0 8757.0 8760.523192422988 8752.74953484974 0
090904 091000 8753.0 8761.0 8752.0 8759.0 8760.653827686356 8752.70980867728 0
090904 091000 8753.0 8761.0 8752.0 8759.0 8760.780635783565 8752.673909670979 0
090904 091000 8753.0 8761.0 8752.0 8759.0 8760.903842824548 8752.641611720908 0
090904 091000 8753.0 8761.0 8752.0 8759.0 8761.023648547716 8752.612715088648 0
090904 091000 8753.0 8761.0 8752.0 8759.0 8761.14023035867 8752.587042368603 0
090904 091000 8753.0 8761.0 8752.0 8759.0 8761.329771515617 8752.761137575291 0
090904 091000 8753.0 8761.0 8752.0 8759.0 8761.488378780094 8752.96616667445 0
090904 091001 8753.0 8763.0 8752.0 8763.0 8762.364285670119 8752.8175325117 0
090904 091003 8753.0 8764.0 8752.0 8764.0 8763.325752187591 8752.674247812409 0
090910 091006 8753.0 8764.0 8752.0 8763.0 8763.908345702537 8752.818927024735 0
090910 091010 8753.0 8764.0 8752.0 8761.0 8764.081810593409 8753.19091667932 0
090916 091013 8754.0 8764.0 8752.0 8755.0 8764.081810593409 8753.19091667932 0
090916 091013 8754.0 8764.0 8752.0 8755.0 8764.081810593409 8753.19091667932 0
090916 091014 8754.0 8764.0 8752.0 8761.0 8764.197468935363 8753.620712882817 0
090930 091030 8754.0 8764.0 8752.0 8759.0 8764.096690871978 8754.085127309841 0
090938 091037 8758.0 8764.0 8755.0 8759.0 8763.95079284737 8754.594661698085 0
090938 091037 8758.0 8764.0 8755.0 8759.0 8763.95079284737 8754.594661698085 0
090938 091037 8758.0 8764.0 8755.0 8759.0 8763.95079284737 8754.594661698085 0
090938 091037 8758.0 8764.0 8755.0 8759.0 8763.7994273088 8754.564209054835 0
090940 091040 8755.0 8764.0 8755.0 8757.0 8763.734989227829 8754.35591986308 0
091001 091101 8763.0 8764.0 8755.0 8758.0 8763.556803423824 8754.806832939812 0
091001 091101 8763.0 8764.0 8755.0 8758.0 8763.530836501288 8754.923708953256 0
091010 091110 8761.0 8761.0 8755.0 8756.0 8763.599853370051 8754.581964811769 0
091030 091115 8759.0 8759.0 8753.0 8753.0 8763.992817989367 8753.643545646997 0
091030 091115 8759.0 8759.0 8753.0 8753.0 8764.257555662693 8752.833353428216 0
091030 091115 8759.0 8759.0 8753.0 8753.0 8764.427749410841 8752.117705134615 0
091030 091115 8759.0 8759.0 8753.0 8753.0 8764.522687678056 8751.477312321944 0
091030 091115 8759.0 8759.0 8753.0 8753.0 8764.554539402006 8750.900006052538 0
091030 091115 8759.0 8759.0 8753.0 8753.0 8764.531454711283 8750.377636197809 0
091030 091115 8759.0 8759.0 8753.0 8753.0 8763.875516509523 8750.124483490477 0
091030 091124 8759.0 8759.0 8752.0 8752.0 8762.913570788485 8749.995520120607 0
091030 091124 8759.0 8759.0 8752.0 8752.0 8761.999145530866 8749.909945378226 0
091101 091157 8758.0 8758.0 8749.0 8749.0 8761.694979604748 8749.123202213432 0
091101 091157 8758.0 8758.0 8749.0 8749.0 8761.966655911368 8748.30607136136 0
091101 091157 8758.0 8758.0 8749.0 8749.0 8762.15735606674 8747.569916660532 0
091101 091158 8758.0 8758.0 8748.0 8748.0 8761.588508923176 8746.95694562228 0
091110 091207 8756.0 8756.0 8748.0 8750.0 8761.082184556764 8746.645088170508 0
091115 091215 8753.0 8753.0 8748.0 8749.0 8760.535459126279 8746.282722691902 0
091124 091218 8752.0 8752.0 8748.0 8750.0 8759.82242292338 8746.17757707662 0
091157 091249 8749.0 8750.0 8748.0 8750.0 8758.991451423304 8746.190366758516 0
091157 091257 8749.0 8750.0 8748.0 8750.0 8758.017020558502 8746.346615805134 0
091157 091257 8749.0 8750.0 8748.0 8750.0 8757.367203951879 8746.360068775393 0
091207 091307 8750.0 8750.0 8747.0 8747.0 8756.535077328483 8746.19219539879 0
091215 091308 8749.0 8750.0 8747.0 8747.0 8755.467802640764 8746.259470086508 0
091215 091308 8749.0 8750.0 8747.0 8747.0 8754.74945884037 8746.159632068722 0
091421 091421 8741.0 8741.0 8741.0 8741.0 8755.595089371312 8744.223092446868 -1
091421 091422 8741.0 8741.0 8741.0 8741.0 8755.984415074921 8742.74285765235 0
091421 091425 8741.0 8744.0 8741.0 8744.0 8755.736266146021 8742.17282476307 0
091421 091430 8741.0 8745.0 8741.0 8745.0 8755.323707804104 8741.858110377716 0
091421 091431 8741.0 8745.0 8738.0 8738.0 8755.676367041196 8740.141814776984 0
091421 091432 8741.0 8745.0 8738.0 8741.0 8755.30765537271 8739.419617354562 0
091421 091435 8741.0 8746.0 8738.0 8746.0 8754.612783189692 8739.478125901216 0
091421 091435 8741.0 8746.0 8738.0 8746.0 8754.032374601547 8739.513079943908 0
091421 091438 8741.0 8746.0 8738.0 8741.0 8753.538633164615 8739.00682138084 0
091421 091438 8741.0 8746.0 8738.0 8741.0 8753.390196585977 8738.427985232203 0
091421 091439 8741.0 8746.0 8738.0 8741.0 8753.166651605503 8737.924257485405 0
091421 091440 8741.0 8746.0 8737.0 8737.0 8753.246211251235 8736.753788748765 0
091421 091440 8741.0 8746.0 8737.0 8737.0 8753.274964387392 8735.725035612608 0
091421 091440 8741.0 8746.0 8737.0 8737.0 8752.871823668265 8734.946358149915 0
091421 091440 8741.0 8746.0 8737.0 8737.0 8752.47996446307 8734.247308264203 0
091421 091440 8741.0 8746.0 8737.0 8737.0 8751.776399618082 8733.769054927374 0
091421 091440 8741.0 8746.0 8737.0 8737.0 8750.912877966213 8733.450758397423 0
091421 091440 8741.0 8746.0 8737.0 8737.0 8749.873620349013 8733.308197832806 0
091421 091440 8741.0 8746.0 8737.0 8737.0 8748.627700713965 8733.372299286035 0
091421 091440 8741.0 8746.0 8737.0 8737.0 8747.87477977118 8733.216129319728 0
091421 091444 8741.0 8746.0 8737.0 8738.0 8746.966655911368 8733.30607136136 0
091421 091450 8741.0 8746.0 8737.0 8739.0 8745.9203600228 8733.625094522657 0
091421 091501 8741.0 8746.0 8737.0 8742.0 8746.01602201784 8733.620341618524 0
091425 091523 8744.0 8746.0 8737.0 8742.0 8746.10995759502 8733.617315132253 0
091435 091535 8746.0 8746.0 8737.0 8739.0 8745.622573684785 8733.650153587943 0
091450 091546 8739.0 8742.0 8739.0 8742.0 8745.116534033143 8733.883465966857 0
091450 091547 8739.0 8742.0 8739.0 8742.0 8745.351077028243 8734.012559335393 0
091501 091551 8742.0 8745.0 8739.0 8745.0 8745.9327969929 8733.794475734372 0
091523 091609 8742.0 8745.0 8739.0 8742.0 8745.221308267848 8734.142328095788 0
091523 091609 8742.0 8745.0 8739.0 8742.0 8744.426735965397 8734.573264034603 0
091523 091611 8742.0 8745.0 8736.0 8736.0 8744.360388574412 8734.185065971044 0
091523 091611 8742.0 8745.0 8736.0 8736.0 8744.24955337504 8733.841355715867 0
091535 091626 8739.0 8745.0 8736.0 8739.0 8744.08829378309 8733.820797126002 0
091546 091640 8742.0 8745.0 8736.0 8742.0 8744.391472284326 8733.97216407931 0
091546 091641 8742.0 8745.0 8736.0 8742.0 8744.654316995182 8734.163864822998 0
091609 091702 8742.0 8742.0 8736.0 8741.0 8744.766343755451 8734.415474426369 0
091626 091714 8739.0 8742.0 8739.0 8742.0 8744.957561463674 8734.67880217269 0
091626 091720 8739.0 8742.0 8739.0 8741.0 8745.00908265962 8734.99091734038 0
091702 091742 8741.0 8742.0 8741.0 8741.0 8745.029924227627 8735.33371213601 0
091702 091743 8741.0 8742.0 8741.0 8742.0 8745.105669582941 8735.712512235239 0
091702 091757 8741.0 8747.0 8741.0 8747.0 8746.061379039607 8735.665893687665 0
091702 091759 8741.0 8747.0 8741.0 8741.0 8745.962115375632 8736.128793715276 0
091742 091842 8741.0 8747.0 8736.0 8736.0 8746.158644284133 8735.75044662496 0
091742 091842 8741.0 8747.0 8736.0 8736.0 8746.365871382688 8735.270492253676 0
091742 091842 8741.0 8747.0 8736.0 8736.0 8746.41454996057 8734.676359130339 0
091742 091842 8741.0 8747.0 8736.0 8736.0 8746.39813837379 8734.147316171666 0
091742 091842 8741.0 8747.0 8736.0 8736.0 8746.498051649789 8733.774675622939 0
091742 091842 8741.0 8747.0 8736.0 8736.0 8746.394554565695 8733.332718161577 0
091742 091842 8741.0 8747.0 8736.0 8736.0 8746.24219989958 8732.93961828224 0
091742 091842 8741.0 8747.0 8736.0 8736.0 8745.55324198834 8732.810394375296 0
091742 091842 8741.0 8747.0 8736.0 8736.0 8745.288292651945 8732.529889166235 0
091742 091842 8741.0 8747.0 8736.0 8736.0 8744.976580281515 8732.296146991213 0
091743 091843 8742.0 8747.0 8735.0 8735.0 8745.019795348451 8732.162022833369 0
091743 091843 8742.0 8747.0 8735.0 8735.0 8745.060535588062 8732.030373502846 0
091743 091843 8742.0 8747.0 8735.0 8735.0 8745.039112636612 8731.68816009066 0
091842 091905 8736.0 8740.0 8735.0 8740.0 8744.800481116734 8731.744973428722 0
091842 091912 8736.0 8740.0 8735.0 8739.0 8744.469406981907 8731.803320290821 0
091905 091944 8740.0 8740.0 8739.0 8740.0 8744.355066609802 8731.826751572018 0
091905 091953 8740.0 8740.0 8734.0 8734.0 8743.970285350322 8731.484260104222 0
091905 091953 8740.0 8740.0 8734.0 8734.0 8743.665987930024 8731.152193888156 0
091905 091953 8740.0 8740.0 8734.0 8734.0 8743.296744787593 8730.885073394227 0
091905 091953 8740.0 8740.0 8734.0 8734.0 8742.671920990644 8730.7826244639 0
091905 091953 8740.0 8740.0 8734.0 8734.0 8740.149770919026 8732.122956353702 0
091905 091953 8740.0 8740.0 8734.0 8734.0 8739.31552437485 8732.320839261514 0
091905 091953 8740.0 8740.0 8734.0 8734.0 8739.304057376892 8732.150488077652 0
091905 091953 8740.0 8740.0 8734.0 8734.0 8739.281806846502 8731.990920426226 0
091905 091953 8740.0 8740.0 8734.0 8734.0 8739.24937250681 8731.841536584097 0
091905 091953 8740.0 8740.0 8734.0 8734.0 8739.207230443737 8731.701860465355 0
091905 091953 8740.0 8740.0 8734.0 8734.0 8739.155755202657 8731.571517524615 0
091905 091953 8740.0 8740.0 8734.0 8734.0 8739.095235643934 8731.450218901522 0
091905 091954 8740.0 8740.0 8731.0 8731.0 8739.244037541364 8730.846871549544 0
091905 091954 8740.0 8740.0 8731.0 8731.0 8739.316115227946 8730.320248408418 0
091905 091954 8740.0 8740.0 8731.0 8731.0 8739.326042415676 8729.855775766144 0
091905 091954 8740.0 8740.0 8731.0 8731.0 8739.28281791217 8729.444454815102 0
091905 091954 8740.0 8740.0 8731.0 8731.0 8739.28569776277 8729.077938600865 0
091905 091954 8740.0 8740.0 8731.0 8731.0 8739.257029925382 8728.742970074618 0
091905 091954 8740.0 8740.0 8731.0 8731.0 8739.199508577072 8728.436855059292 0
091905 091954 8740.0 8740.0 8731.0 8731.0 8738.1824674883 8728.635714329881 0
091905 091954 8740.0 8740.0 8731.0 8731.0 8737.244037541364 8728.846871549544 0
091905 091954 8740.0 8740.0 8731.0 8731.0 8735.623941222755 8729.648786049973 0
091905 091954 8740.0 8740.0 8731.0 8731.0 8735.5 8729.5 0
091905 091956 8740.0 8740.0 8731.0 8733.0 8735.391908076619 8729.517182832473 0
091912 092010 8739.0 8740.0 8731.0 8739.0 8736.653827686356 8728.70980867728 0
091944 092016 8740.0 8740.0 8731.0 8735.0 8736.780635783565 8728.673909670979 0
091944 092016 8740.0 8740.0 8731.0 8735.0 8736.903842824548 8728.641611720908 0
091944 092025 8740.0 8740.0 8731.0 8739.0 8737.861724348044 8728.138275651956 0
091944 092030 8740.0 8740.0 8731.0 8738.0 8738.460811323985 8727.902825039651 0
091944 092037 8740.0 8740.0 8731.0 8739.0 8739.21376272376 8727.60441909442 0
091944 092044 8740.0 8740.0 8731.0 8740.0 8740.102986685968 8727.260649677668 0
091953 092053 8734.0 8743.0 8731.0 8743.0 8741.596279069292 8726.585539112528 0
091956 092056 8733.0 8743.0 8733.0 8742.0 8742.650492850607 8726.258598058484 0
092010 092102 8739.0 8743.0 8735.0 8741.0 8743.405262309265 8726.140192236191 0
092025 092119 8739.0 8743.0 8738.0 8740.0 8743.912877966213 8726.450758397423 0
092037 092131 8739.0 8743.0 8739.0 8740.0 8744.34324053945 8726.83857764237 0
092037 092132 8739.0 8743.0 8739.0 8740.0 8744.696916904073 8727.303083095927 0
092131 092221 8740.0 8743.0 8740.0 8743.0 8745.422949538715 8727.667959552193 0
092221 092300 8743.0 8744.0 8743.0 8744.0 8746.187640885168 8728.08508638756 0
092300 092337 8744.0 8744.0 8741.0 8741.0 8746.363989630194 8728.817828551626 0
092450 092450 8738.0 8738.0 8738.0 8738.0 8746.197288232757 8729.620893585423 0
092450 092455 8738.0 8738.0 8737.0 8737.0 8745.919244665802 8730.444391697834 0
092450 092501 8738.0 8738.0 8736.0 8736.0 8745.560927060078 8731.257254758102 0
092450 092501 8738.0 8738.0 8736.0 8736.0 8745.118379443627 8732.1543478291 0
092450 092501 8738.0 8738.0 8736.0 8736.0 8744.561975979714 8733.165296747558 0
092450 092506 8738.0 8738.0 8734.0 8734.0 8744.432893647621 8733.385288170559 0
092450 092506 8738.0 8738.0 8734.0 8734.0 8744.571296122453 8732.792340241183 0
092450 092506 8738.0 8738.0 8734.0 8734.0 8744.652869857373 8732.619857415355 0
092450 092506 8738.0 8738.0 8734.0 8734.0 8744.730470547238 8732.451347634582 0
092450 092506 8738.0 8738.0 8734.0 8734.0 8744.789308017116 8731.937964710156 0
092450 092507 8738.0 8738.0 8733.0 8733.0 8744.939984451661 8731.332742821067 0
092450 092513 8738.0 8738.0 8733.0 8737.0 8744.853932488491 8731.236976602417 0
092450 092513 8738.0 8738.0 8733.0 8737.0 8744.675561478518 8731.142620339662 0
092455 092555 8737.0 8737.0 8730.0 8730.0 8744.463081172047 8730.173282464317 0
092455 092555 8737.0 8737.0 8730.0 8730.0 8744.230043830843 8729.315410714613 0
092455 092555 8737.0 8737.0 8730.0 8730.0 8743.999465222138 8728.545989323318 0
092455 092555 8737.0 8737.0 8730.0 8730.0 8743.787129818476 8727.849233817888 0
092455 092555 8737.0 8737.0 8730.0 8730.0 8743.466283620057 8727.260989107215 0
092455 092555 8737.0 8737.0 8730.0 8730.0 8743.042279725943 8726.775902092237 0
092455 092555 8737.0 8737.0 8730.0 8730.0 8741.88332589868 8726.753037737684 0
092501 092556 8736.0 8737.0 8726.0 8726.0 8740.577493136056 8726.422506863944 0
092501 092556 8736.0 8737.0 8726.0 8726.0 8739.763065183559 8725.873298452805 0
092501 092556 8736.0 8737.0 8726.0 8726.0 8739.386908198732 8725.158546346724 0
092501 092556 8736.0 8737.0 8726.0 8726.0 8739.032374601547 8724.513079943908 0
092501 092556 8736.0 8737.0 8726.0 8726.0 8738.713176775125 8723.923186861239 0
092501 092556 8736.0 8737.0 8726.0 8726.0 8738.280949146958 8723.446323580314 0
092501 092556 8736.0 8737.0 8726.0 8726.0 8737.736724556868 8723.081457261313 0
092501 092556 8736.0 8737.0 8726.0 8726.0 8737.418064117432 8722.672844973476 0
092501 092556 8736.0 8737.0 8726.0 8726.0 8737.027475244733 8722.336161118903 0
092501 092556 8736.0 8737.0 8726.0 8726.0 8736.564155336724 8722.07220829964 0
092501 092556 8736.0 8737.0 8726.0 8726.0 8736.025028856491 8721.8840620526 0
092501 092557 8736.0 8737.0 8722.0 8722.0 8735.68693002168 8721.1312517965 0
092501 092557 8736.0 8737.0 8722.0 8722.0 8735.365853328876 8720.452328489304 0
092501 092557 8736.0 8737.0 8722.0 8722.0 8733.940402824514 8720.51414263003 0
092501 092557 8736.0 8737.0 8722.0 8722.0 8732.096122735444 8720.994786355464 0
092501 092557 8736.0 8737.0 8722.0 8722.0 8731.826972616822 8720.536663746814 0
092501 092557 8736.0 8737.0 8722.0 8722.0 8731.463336253186 8720.173027383178 0
092501 092557 8736.0 8737.0 8722.0 8722.0 8731.005213644536 8719.903877264556 0
092501 092557 8736.0 8737.0 8722.0 8722.0 8730.447607222784 8719.734210959035 0
092501 092557 8736.0 8737.0 8722.0 8722.0 8729.779070541617 8719.675474912927 0
092501 092557 8736.0 8737.0 8722.0 8722.0 8728.977664560163 8719.749608167109 0
092501 092557 8736.0 8737.0 8722.0 8722.0 8728.0 8720.0 0
092501 092557 8736.0 8737.0 8722.0 8722.0 8727.801618600039 8719.834745036325 0
092501 092557 8736.0 8737.0 8722.0 8722.0 8727.569692300507 8719.70303497222 0
092501 092557 8736.0 8737.0 8722.0 8722.0 8727.302910997912 8719.60617991118 0
092501 092557 8736.0 8737.0 8722.0 8722.0 8726.998891187623 8719.546563357833 0
092501 092600 8736.0 8737.0 8722.0 8726.0 8726.998891187623 8719.546563357833 0
092513 092611 8737.0 8737.0 8722.0 8726.0 8726.998891187623 8719.546563357833 0
092555 092628 8730.0 8730.0 8722.0 8727.0 8727.197561507883 8719.438802128481 0
092555 092629 8730.0 8730.0 8722.0 8726.0 8727.197561507883 8719.438802128481 0
092600 092658 8726.0 8727.0 8726.0 8727.0 8727.388353385668 8719.338919341604 0
092600 092658 8726.0 8727.0 8726.0 8727.0 8727.572092051583 8719.246089766597 0
092611 092704 8726.0 8727.0 8726.0 8726.0 8727.572092051583 8719.246089766597 0
092611 092704 8726.0 8727.0 8726.0 8726.0 8727.840362142735 8719.341456039085 0
092611 092708 8726.0 8727.0 8726.0 8726.0 8728.076291046744 8719.469163498712 0
092628 092713 8727.0 8728.0 8726.0 8728.0 8728.617196712974 8719.473712377934 0
092658 092751 8727.0 8728.0 8726.0 8728.0 8729.081158871793 8719.55520476457 0
092658 092752 8727.0 8734.0 8726.0 8734.0 8730.992419560249 8718.734853167023 1
092713 092812 8728.0 8734.0 8728.0 8728.0 8731.265146832977 8719.007580439751 0
092751 092844 8728.0 8734.0 8726.0 8726.0 8731.29955787258 8719.336805763784 0
092812 092859 8728.0 8730.0 8726.0 8730.0 8731.783572434382 8719.580063929254 0
092812 092900 8728.0 8730.0 8726.0 8728.0 8731.90822339274 8720.000867516352 0
092812 092905 8728.0 8730.0 8726.0 8728.0 8731.977587127589 8720.476958326955 0
092812 092909 8728.0 8730.0 8726.0 8729.0 8732.096122735444 8720.994786355464 0
092844 092924 8726.0 8730.0 8726.0 8728.0 8732.02783592069 8721.608527715674 0
092844 092926 8726.0 8730.0 8726.0 8727.0 8731.811900628698 8722.27900846221 0
093040 093040 8732.0 8732.0 8732.0 8732.0 8732.161252270289 8722.838747729711 0
093040 093041 8732.0 8732.0 8732.0 8732.0 8732.32291410063 8723.586176808461 0
093040 093055 8732.0 8732.0 8731.0 8731.0 8732.639145698957 8723.72449066468 0
093040 093110 8732.0 8732.0 8729.0 8729.0 8732.682765048785 8723.95359858758 0
093040 093110 8732.0 8732.0 8729.0 8729.0 8732.743271796748 8724.074910021433 0
093040 093110 8732.0 8732.0 8729.0 8729.0 8732.754849782832 8724.336059308076 0
093040 093110 8732.0 8732.0 8729.0 8729.0 8732.794398773101 8724.478328499627 0
093040 093110 8732.0 8732.0 8729.0 8729.0 8732.825246425304 8724.62929902924 0
093040 093110 8732.0 8732.0 8729.0 8729.0 8732.785391747295 8724.941880979977 0
093040 093110 8732.0 8732.0 8729.0 8729.0 8732.717281509138 8725.282718490862 0
093040 093110 8732.0 8732.0 8729.0 8729.0 8732.615938038001 8725.656789234727 0
093040 093112 8732.0 8732.0 8729.0 8729.0 8732.626780967545 8725.736855396091 0
093040 093121 8732.0 8732.0 8729.0 8730.0 8732.693615949496 8725.85183859596 0
093040 093126 8732.0 8732.0 8729.0 8729.0 8731.7742420036 8726.316667087309 0
093040 093126 8732.0 8732.0 8729.0 8729.0 8731.781572470356 8726.400245711464 0
093040 093126 8732.0 8732.0 8729.0 8729.0 8731.557455566905 8726.89708988764 0
093040 093127 8732.0 8732.0 8728.0 8728.0 8731.494749412923 8726.777977859805 0
093040 093127 8732.0 8732.0 8728.0 8728.0 8731.494749412923 8726.777977859805 0
093040 093127 8732.0 8732.0 8728.0 8728.0 8731.494749412923 8726.777977859805 0
093040 093127 8732.0 8732.0 8728.0 8728.0 8731.496137555514 8726.685680626306 0
093040 093127 8732.0 8732.0 8728.0 8728.0 8731.496137555514 8726.685680626306 0
093040 093127 8732.0 8732.0 8728.0 8728.0 8731.416352037088 8726.85637523564 0
093040 093127 8732.0 8732.0 8728.0 8728.0 8730.906446413963 8727.002644495129 0
093040 093127 8732.0 8732.0 8728.0 8728.0 8730.241408583764 8727.304045961691 0
093040 093127 8732.0 8732.0 8728.0 8728.0 8729.771817817891 8727.500909454837 0
093040 093130 8732.0 8734.0 8728.0 8734.0 8731.37147531348 8726.355797413793 0
093040 093130 8732.0 8734.0 8728.0 8734.0 8732.388792208585 8725.793025973235 0
093040 093137 8732.0 8734.0 8726.0 8726.0 8732.49533492621 8725.413755982881 0
093040 093137 8732.0 8734.0 8726.0 8726.0 8732.566459659653 8725.069903976711 0
093040 093137 8732.0 8734.0 8726.0 8726.0 8732.60778597849 8724.755850385147 0
093040 093137 8732.0 8734.0 8726.0 8726.0 8732.623211180364 8724.467697910544 0
093040 093137 8732.0 8734.0 8726.0 8726.0 8732.615540109548 8724.202641708633 0
093040 093137 8732.0 8734.0 8726.0 8726.0 8732.586840188256 8723.9586143572 0
093040 093137 8732.0 8734.0 8726.0 8726.0 8732.538654550111 8723.734072722616 0
093040 093137 8732.0 8734.0 8726.0 8726.0 8732.364339212958 8723.544751696134 0
093040 093137 8732.0 8734.0 8726.0 8726.0 8732.27550933532 8723.360854301043 0
093040 093137 8732.0 8734.0 8726.0 8726.0 8732.169634562617 8723.19400180102 0
093040 093137 8732.0 8734.0 8726.0 8726.0 8732.047061237505 8723.043847853403 0
093040 093137 8732.0 8734.0 8726.0 8726.0 8731.996362180655 8722.912728728437 0
093040 093137 8732.0 8734.0 8726.0 8726.0 8731.93808931833 8722.789183408942 0
093040 093137 8732.0 8734.0 8726.0 8726.0 8731.872403869336 8722.67305067612 0
093040 093137 8732.0 8734.0 8726.0 8726.0 8731.7994273088 8722.564209054835 0
093110 093200 8729.0 8734.0 8724.0 8724.0 8731.786344211305 8722.213655788695 0
093110 093202 8729.0 8734.0 8722.0 8722.0 8731.921038857121 8721.533506597423 0
093110 093202 8729.0 8734.0 8722.0 8722.0 8731.972360329271 8720.93673057982 0
093110 093202 8729.0 8734.0 8722.0 8722.0 8731.954366496868 8720.409269866768 0
093110 093203 8729.0 8734.0 8722.0 8722.0 8731.875941484153 8719.942240334027 0
093110 093203 8729.0 8734.0 8722.0 8722.0 8730.392478794887 8720.334793932385 0
093110 093203 8729.0 8734.0 8722.0 8722.0 8728.367131144718 8721.269232491646 0
093110 093204 8729.0 8734.0 8722.0 8722.0 8728.331345715073 8720.941381557655 0
093110 093204 8729.0 8734.0 8722.0 8722.0 8728.255371810976 8720.653719098116 0
093110 093204 8729.0 8734.0 8722.0 8722.0 8728.142508482508 8720.402946062948 0
093110 093204 8729.0 8734.0 8722.0 8722.0 8727.994711009744 8720.187107172076 0
093110 093204 8729.0 8734.0 8722.0 8722.0 8727.812892827924 8720.005288990256 0
093110 093204 8729.0 8734.0 8722.0 8722.0 8727.597053937052 8719.857491517492 0
093110 093204 8729.0 8734.0 8722.0 8722.0 8727.346280901884 8719.744628189024 0
093110 093206 8729.0 8734.0 8722.0 8723.0 8727.060197386912 8719.757984431268 0
093126 093224 8729.0 8734.0 8719.0 8719.0 8726.994711009744 8719.187107172076 0
093126 093224 8729.0 8734.0 8719.0 8719.0 8726.814860740986 8718.73059380447 0
093126 093224 8729.0 8734.0 8719.0 8719.0 8726.532302089456 8718.376788819636 0
093126 093224 8729.0 8734.0 8719.0 8719.0 8726.149770919026 8718.122956353702 0
093126 093224 8729.0 8734.0 8719.0 8719.0 8725.66224991125 8717.974113725115 0
093126 093224 8729.0 8734.0 8719.0 8719.0 8725.054766326548 8717.945233673452 0
093126 093224 8729.0 8734.0 8719.0 8719.0 8724.29404413975 8718.069592223887 0
093126 093224 8729.0 8734.0 8719.0 8719.0 8723.937970742078 8717.971120167014 0
093126 093224 8729.0 8734.0 8719.0 8719.0 8723.871428295226 8717.764935341138 0
093126 093224 8729.0 8734.0 8719.0 8719.0 8723.779404552255 8717.584231811381 0
093126 093224 8729.0 8734.0 8719.0 8719.0 8723.662986945359 8717.427922145549 0
093126 093224 8729.0 8734.0 8719.0 8719.0 8723.52264432537 8717.29553749281 0
093126 093224 8729.0 8734.0 8719.0 8719.0 8723.358284136088 8717.187170409368 0
093126 093224 8729.0 8734.0 8719.0 8719.0 8723.169241330475 8717.103485942253 0
093126 093224 8729.0 8734.0 8719.0 8719.0 8722.954195783504 8717.045804216496 0
093126 093225 8729.0 8734.0 8717.0 8717.0 8722.843517409829 8716.701937135627 0
093126 093226 8729.0 8734.0 8717.0 8721.0 8722.69263753278 8716.761907921764 0
093137 093231 8726.0 8726.0 8717.0 8721.0 8722.534973604814 8716.828662758822 0
093137 093233 8726.0 8726.0 8717.0 8720.0 8722.264625667247 8716.917192514573 0
093137 093234 8726.0 8726.0 8717.0 8721.0 8722.084407280685 8717.006501810223 0
093137 093236 8726.0 8726.0 8717.0 8721.0 8721.893172105652 8717.106827894348 0
093137 093236 8726.0 8726.0 8717.0 8721.0 8721.377855257064 8717.440326561116 0
093137 093236 8726.0 8726.0 8717.0 8721.0 8721.567057636528 8717.432942363472 0
093137 093237 8726.0 8726.0 8717.0 8720.0 8721.610512125744 8717.480396965164 0
093137 093237 8726.0 8726.0 8717.0 8720.0 8721.649954845983 8717.531863335837 0
093200 093246 8724.0 8724.0 8717.0 8724.0 8722.557548940604 8717.07881469576 0
093200 093256 8724.0 8726.0 8717.0 8726.0 8723.868068318505 8716.404658954223 0
093200 093256 8724.0 8726.0 8717.0 8726.0 8724.874634829506 8716.034456079586 0
093202 093302 8722.0 8733.0 8717.0 8733.0 8727.884196979008 8714.297621202812 1
093224 093323 8719.0 8733.0 8717.0 8726.0 8728.432663967897 8714.385517850284 0
093224 093323 8719.0 8733.0 8717.0 8726.0 8728.917716339376 8714.536829115168 0
093224 093324 8719.0 8733.0 8717.0 8726.0 8729.343705213245 8714.747203877663 0
093233 093332 8720.0 8733.0 8720.0 8727.0 8729.85975508715 8714.958426731031 0
093234 093334 8721.0 8733.0 8720.0 8727.0 8730.302832141775 8715.24262240368 0
093323 093408 8726.0 8728.0 8726.0 8728.0 8730.824672566176 8715.53896379746 0
093323 093416 8726.0 8731.0 8726.0 8731.0 8731.799262865608 8715.655282588936 0
093408 093439 8728.0 8731.0 8727.0 8727.0 8731.99738723824 8716.18443094358 0
093408 093439 8728.0 8731.0 8727.0 8727.0 8731.899544878603 8717.191364212305 0
093408 093439 8728.0 8731.0 8727.0 8727.0 8732.070425700065 8717.565937936299 0
093408 093439 8728.0 8731.0 8727.0 8727.0 8732.198116467525 8717.983701714295 0
093408 093439 8728.0 8731.0 8727.0 8727.0 8732.195684402122 8718.622497416058 0
093408 093439 8728.0 8731.0 8727.0 8727.0 8732.215266766847 8719.148369596789 0
093408 093439 8728.0 8731.0 8727.0 8727.0 8732.17700543951 8719.732085469583 0
093408 093440 8728.0 8731.0 8727.0 8727.0 8732.071673876524 8720.38287157802 0
093408 093500 8728.0 8732.0 8727.0 8732.0 8732.579446159792 8720.875099294752 0
093408 093500 8728.0 8732.0 8727.0 8732.0 8732.739380501227 8721.806074044229 0
093408 093500 8728.0 8732.0 8727.0 8732.0 8732.62863874739 8723.007724888974 0
093408 093500 8728.0 8732.0 8727.0 8732.0 8732.992275111026 8723.37136125261 0
093408 093500 8728.0 8732.0 8727.0 8732.0 8733.417216023257 8723.491874885834 0
093408 093500 8728.0 8732.0 8727.0 8732.0 8733.779070541617 8723.675474912927 0
093408 093500 8728.0 8732.0 8727.0 8732.0 8733.5951160425 8723.768520321137 0
093408 093503 8728.0 8732.0 8727.0 8730.0 8733.661190837076 8724.066081890196 0
093408 093503 8728.0 8732.0 8727.0 8730.0 8733.696056568155 8724.394852522753 0
093408 093503 8728.0 8732.0 8727.0 8730.0 8733.696635837556 8724.757909616988 0
093408 093503 8728.0 8732.0 8727.0 8730.0 8733.734841920063 8724.99243080721 0
093408 093503 8728.0 8732.0 8727.0 8730.0 8733.753340932833 8725.246659067167 0
093408 093503 8728.0 8732.0 8727.0 8730.0 8733.797358291367 8725.384459890452 0
093408 093503 8728.0 8732.0 8727.0 8730.0 8733.71143244996 8725.379476640948 0
093408 093507 8728.0 8732.0 8727.0 8730.0 8733.699341780724 8725.664294582912 0
093416 093516 8731.0 8732.0 8727.0 8732.0 8733.85919290589 8725.95898891229 0
093439 093517 8727.0 8732.0 8727.0 8732.0 8733.964273322077 8726.30845395065 0
093500 093558 8732.0 8732.0 8730.0 8732.0 8734.009079573774 8726.718193153498 0
093507 093607 8730.0 8732.0 8730.0 8731.0 8733.888141147427 8727.202767943481 0
093507 093607 8730.0 8732.0 8730.0 8731.0 8733.69263753278 8727.761907921764 0
093507 093607 8730.0 8732.0 8730.0 8731.0 8733.388760308542 8728.429421509638 0
093507 093607 8730.0 8732.0 8730.0 8731.0 8732.890817261203 8729.291000920617 0
093507 093607 8730.0 8732.0 8730.0 8731.0 8732.80120071962 8729.289708371289 0
093507 093607 8730.0 8732.0 8730.0 8731.0 8732.705605730845 8729.294394269155 0
093507 093607 8730.0 8732.0 8730.0 8731.0 8732.603487013384 8729.305603895707 0
093516 093610 8732.0 8732.0 8731.0 8732.0 8732.603487013384 8729.305603895707 0
093558 093656 8732.0 8732.0 8729.0 8729.0 8732.590326244512 8729.046037391852 0
093656 093711 8729.0 8729.0 8729.0 8729.0 8732.529309221172 8728.834327142464 0
093656 093736 8729.0 8730.0 8729.0 8730.0 8732.365383754177 8728.816434427643 0
093656 093756 8729.0 8730.0 8729.0 8729.0 8732.426196442324 8728.664712648584 0
093736 093823 8730.0 8730.0 8729.0 8729.0 8732.477142106449 8728.522857893551 0
093736 093823 8730.0 8730.0 8729.0 8729.0 8732.519603034836 8728.389487874256 0
093736 093828 8730.0 8730.0 8728.0 8728.0 8732.66347466194 8728.063798065332 0
093823 093900 8729.0 8729.0 8726.0 8726.0 8733.11354827211 8727.250088091527 0
093823 093900 8729.0 8729.0 8726.0 8726.0 8733.41121146169 8726.58878853831 0
093823 093900 8729.0 8729.0 8726.0 8726.0 8733.614656912332 8726.021706724032 0
093823 093901 8729.0 8729.0 8725.0 8725.0 8733.882935139678 8725.298883042142 0
093823 093902 8729.0 8736.0 8725.0 8736.0 8734.742886157395 8724.80256838806 0
093823 093914 8729.0 8736.0 8725.0 8725.0 8734.702134432604 8724.206956476488 0
093823 093915 8729.0 8736.0 8725.0 8726.0 8734.495141525891 8723.868494837745 0
093823 093917 8729.0 8736.0 8724.0 8724.0 8734.529978924453 8723.19729380282 0
093823 093917 8729.0 8736.0 8724.0 8724.0 8734.476184156472 8722.614724934436 0
093823 093917 8729.0 8736.0 8724.0 8724.0 8734.345258675778 8722.109286778767 0
093900 093952 8726.0 8736.0 8724.0 8725.0 8734.088720148306 8721.820370760786 0
093900 093953 8726.0 8736.0 8724.0 8725.0 8733.783572434382 8721.580063929254 0
093900 093958 8726.0 8736.0 8723.0 8723.0 8733.537984902945 8721.098378733419 0
093900 093958 8726.0 8736.0 8723.0 8723.0 8733.206156817074 8720.702934092018 0
093914 094004 8725.0 8726.0 8722.0 8722.0 8732.671783299089 8720.328216700911 0
093914 094007 8725.0 8726.0 8722.0 8724.0 8732.427749410841 8720.117705134615 0
093914 094009 8725.0 8726.0 8722.0 8724.0 8732.14991707789 8719.940992013018 0
093915 094015 8726.0 8726.0 8722.0 8726.0 8731.719339241887 8720.007933485385 0
093917 094016 8724.0 8726.0 8722.0 8726.0 8731.421985368495 8720.032560086049 0
093952 094025 8725.0 8726.0 8722.0 8726.0 8731.10647684077 8720.07534134105 0
093952 094029 8725.0 8726.0 8722.0 8724.0 8730.707977620617 8720.019295106655 0
093952 094044 8725.0 8726.0 8722.0 8724.0 8730.426256400675 8719.937379962961 0
094015 094114 8726.0 8726.0 8722.0 8722.0 8730.393598899705 8719.606401100295 0
094015 094114 8726.0 8726.0 8722.0 8722.0 8730.333000322948 8719.303363313416 0
094025 094119 8726.0 8726.0 8721.0 8721.0 8730.300839544525 8718.880978637295 0
094025 094119 8726.0 8726.0 8721.0 8721.0 8730.30698239393 8718.51119942425 0
094025 094120 8726.0 8726.0 8721.0 8721.0 8726.984813248575 8720.46973220597 0
094025 094120 8726.0 8726.0 8721.0 8721.0 8726.942098489502 8720.148810601406 0
094025 094120 8726.0 8726.0 8721.0 8721.0 8726.696528032011 8719.939835604353 0
094044 094132 8724.0 8724.0 8721.0 8722.0 8726.634848147998 8719.819697306546 0
094044 094132 8724.0 8724.0 8721.0 8722.0 8726.56328669545 8719.709440577279 0
094044 094135 8724.0 8724.0 8721.0 8722.0 8726.482010576625 8719.608898514283 0
094044 094140 8724.0 8724.0 8721.0 8723.0 8726.283606077019 8719.625484832073 0
094114 094152 8722.0 8723.0 8721.0 8722.0 8726.045134427146 8719.591229209218 0
094114 094152 8722.0 8723.0 8721.0 8722.0 8726.016284140893 8719.529170404563 0
094114 094206 8722.0 8723.0 8721.0 8723.0 8726.016284140893 8719.529170404563 0
094132 094231 8722.0 8724.0 8722.0 8724.0 8726.127513285639 8719.599759441633 0
094206 094300 8723.0 8727.0 8723.0 8727.0 8726.668043818516 8719.331956181484 0
094231 094319 8724.0 8727.0 8724.0 8727.0 8727.149770919026 8719.122956353702 0
094231 094320 8724.0 8727.0 8724.0 8727.0 8727.343826597185 8719.01980976645 0
094231 094320 8724.0 8727.0 8724.0 8727.0 8727.530836501288 8718.923708953256 0
094319 094417 8727.0 8727.0 8724.0 8724.0 8727.283452628348 8718.98927464438 0
094319 094417 8727.0 8727.0 8724.0 8724.0 8727.283452628348 8718.98927464438 0
094417 094501 8724.0 8730.0 8724.0 8730.0 8728.442040194786 8718.376141623394 0
094501 094530 8730.0 8730.0 8728.0 8728.0 8729.020744312736 8718.3428920509 0
094530 094610 8728.0 8728.0 8725.0 8725.0 8729.131505162255 8718.504858474109 0
094530 094610 8728.0 8728.0 8725.0 8725.0 8729.187397315523 8718.812602684477 0
094530 094611 8728.0 8728.0 8725.0 8725.0 8729.213946364764 8719.149689998872 0
094530 094611 8728.0 8728.0 8725.0 8725.0 8729.208331852537 8719.518940874736 0
094530 094611 8728.0 8728.0 8725.0 8725.0 8729.16664182805 8719.924267262859 0
094530 094611 8728.0 8728.0 8725.0 8725.0 8729.083326745713 8720.371218708831 0
094530 094611 8728.0 8728.0 8725.0 8725.0 8729.054338389678 8720.672934337594 0
094740 094740 8726.0 8726.0 8726.0 8726.0 8729.067090247381 8721.023818843527 0
094740 094754 8726.0 8728.0 8726.0 8728.0 8729.29019132272 8721.346172313644 0
094740 094754 8726.0 8728.0 8726.0 8728.0 8729.53303858172 8721.557870509188 0
094740 094754 8726.0 8728.0 8726.0 8728.0 8729.614656912332 8722.021706724032 0
094740 094759 8726.0 8729.0 8726.0 8729.0 8729.769316582308 8722.50341069042 0
094740 094840 8726.0 8729.0 8726.0 8729.0 8729.95920439814 8722.85897742004 0
094754 094847 8728.0 8732.0 8728.0 8732.0 8730.859593962363 8722.685860583093 0
094754 094847 8728.0 8732.0 8728.0 8732.0 8731.631905164675 8722.368094835325 0
094754 094847 8728.0 8732.0 8728.0 8732.0 8732.30599189944 8722.148553555104 0
094754 094851 8728.0 8733.0 8728.0 8733.0 8733.116534033143 8721.883465966857 0
094754 094854 8728.0 8733.0 8728.0 8732.0 8733.641256715378 8721.813288739166 0
094759 094855 8729.0 8733.0 8729.0 8733.0 8734.205524265628 8722.0672030071 0
094759 094858 8729.0 8733.0 8729.0 8732.0 8734.492419453702 8722.507580546298 0
094840 094908 8729.0 8733.0 8729.0 8733.0 8734.889957644335 8722.382769628393 0
094840 094916 8729.0 8733.0 8729.0 8732.0 8735.218078511563 8722.4182851248 0
094840 094918 8729.0 8733.0 8729.0 8732.0 8735.44063216276 8722.832095109969 0
094840 094921 8729.0 8733.0 8729.0 8731.0 8735.489135493528 8723.329046324652 0
094851 094950 8733.0 8733.0 8731.0 8731.0 8735.477941137926 8723.88569522571 0
094921 095020 8731.0 8733.0 8731.0 8733.0 8735.620635675077 8724.47027341583 0
094921 095020 8731.0 8733.0 8731.0 8733.0 8735.654316995182 8725.163864822998 0
094921 095020 8731.0 8733.0 8731.0 8733.0 8735.55648076979 8725.988973775666 0
094921 095020 8731.0 8733.0 8731.0 8733.0 8735.283452628348 8726.98927464438 0
094921 095020 8731.0 8733.0 8731.0 8733.0 8735.008149142854 8727.900941766238 0
094921 095020 8731.0 8733.0 8731.0 8733.0 8734.950755381156 8728.41288098248 0
094921 095021 8731.0 8736.0 8731.0 8736.0 8735.374515167927 8728.716393922981 0
094921 095021 8731.0 8736.0 8731.0 8736.0 8735.63732380083 8729.180858017351 0
094921 095021 8731.0 8736.0 8731.0 8736.0 8735.928512156665 8729.52603329788 0
094921 095021 8731.0 8736.0 8731.0 8736.0 8736.089212553234 8730.001696537674 0
094921 095021 8731.0 8736.0 8731.0 8736.0 8736.470829595437 8729.983715859107 0
094921 095021 8731.0 8736.0 8731.0 8736.0 8736.802083201184 8730.016098616996 0
094921 095021 8731.0 8736.0 8731.0 8736.0 8737.08943298271 8730.09238519911 0
094950 095023 8731.0 8738.0 8731.0 8738.0 8737.75571051413 8729.880653122234 0
094950 095023 8731.0 8738.0 8731.0 8738.0 8738.308150365361 8729.873667816459 0
094950 095023 8731.0 8738.0 8731.0 8738.0 8738.80599819898 8729.830365437383 0
094950 095023 8731.0 8738.0 8731.0 8738.0 8739.209413016684 8729.972405165136 0
094950 095023 8731.0 8738.0 8731.0 8738.0 8739.590692635784 8730.04567100058 0
094950 095023 8731.0 8738.0 8731.0 8738.0 8739.873798704715 8730.308019477105 0
094950 095023 8731.0 8738.0 8731.0 8738.0 8740.094404302276 8730.632868424997 0
094950 095024 8731.0 8739.0 8731.0 8739.0 8740.287249528721 8731.167295925823 0
094950 095024 8731.0 8739.0 8731.0 8739.0 8740.351045277768 8731.830772904052 0
094950 095024 8731.0 8739.0 8731.0 8739.0 8740.565170912105 8732.162101815167 0
094950 095024 8731.0 8739.0 8731.0 8739.0 8740.706005324655 8732.566721948073 0
094950 095026 8731.0 8739.0 8731.0 8739.0 8740.766036988289 8733.052144829891 0
094950 095027 8731.0 8739.0 8731.0 8739.0 8740.730767508354 8733.632868855282 0
094950 095027 8731.0 8739.0 8731.0 8739.0 8740.572077854451 8734.337013054641 0
094950 095027 8731.0 8739.0 8731.0 8739.0 8740.226859469974 8735.22768598457 0
094950 095028 8731.0 8739.0 8731.0 8739.0 8740.297895970727 8735.429376756545 0
094950 095031 8731.0 8739.0 8731.0 8737.0 8740.237499722702 8735.580682095479 0
094950 095039 8731.0 8739.0 8724.0 8724.0 8743.588088279499 8731.139184447773 -1
094950 095040 8731.0 8739.0 8724.0 8739.0 8743.73042388752 8731.26957611248 0
094950 095040 8731.0 8739.0 8724.0 8739.0 8743.860815552227 8731.411911720501 0
094950 095040 8731.0 8739.0 8724.0 8739.0 8743.979228795892 8731.566225749564 0
094950 095043 8731.0 8740.0 8724.0 8740.0 8744.17700543951 8731.732085469583 0
094950 095043 8731.0 8740.0 8724.0 8740.0 8744.326081981606 8731.764827109302 0
094950 095043 8731.0 8740.0 8724.0 8740.0 8744.469406981907 8731.803320290821 0
094950 095044 8731.0 8741.0 8724.0 8741.0 8744.716380053334 8731.829074492121 0
094950 095045 8731.0 8742.0 8724.0 8742.0 8745.080315330288 8731.828775578804 0
095314 095314 8737.0 8737.0 8737.0 8737.0 8745.06038171776 8731.75780010042 0
095314 095321 8737.0 8737.0 8737.0 8737.0 8745.039112636612 8731.68816009066 0
095540 095540 8739.0 8739.0 8739.0 8739.0 8745.087661548465 8731.730520269715 0
095540 095621 8739.0 8739.0 8737.0 8737.0 8745.01652255265 8731.619841083713 0
095540 095629 8739.0 8739.0 8732.0 8732.0 8745.185844671043 8730.814155328957 0
095629 095728 8732.0 8736.0 8732.0 8736.0 8745.082184556764 8730.645088170508 0
095728 095746 8736.0 8736.0 8734.0 8734.0 8745.010654469335 8730.262072803393 0
095746 095841 8734.0 8735.0 8734.0 8735.0 8744.882435714842 8730.02665519425 0
095949 095949 8734.0 8734.0 8734.0 8734.0 8744.75737759632 8729.697167858225 0
095949 100007 8734.0 8734.0 8734.0 8734.0 8744.603826787756 8729.396173212244 0
100007 100059 8734.0 8738.0 8734.0 8738.0 8744.521874098784 8729.387216810308 0
100059 100135 8738.0 8741.0 8738.0 8741.0 8744.75559598331 8729.335313107598 0
100059 100140 8738.0 8743.0 8738.0 8743.0 8745.41725839038 8729.219105245984 0
100059 100140 8738.0 8743.0 8738.0 8743.0 8744.201071038999 8732.162565324637 0
100059 100141 8738.0 8744.0 8738.0 8744.0 8744.89429339164 8731.92388842654 0
100059 100143 8738.0 8744.0 8738.0 8744.0 8745.526289207817 8731.74643806491 0
100059 100144 8738.0 8744.0 8738.0 8744.0 8746.107328404312 8731.61994432296 0
100059 100145 8738.0 8744.0 8738.0 8744.0 8746.58871819233 8731.502190898578 0
100059 100145 8738.0 8744.0 8738.0 8744.0 8747.041753881032 8731.412791573512 0
100059 100146 8738.0 8744.0 8738.0 8744.0 8747.469298235752 8731.348883582428 0
100059 100146 8738.0 8744.0 8738.0 8744.0 8747.807685649092 8731.283223441817 0
100135 100211 8741.0 8744.0 8741.0 8741.0 8747.718604172574 8731.281395827426 0
100135 100212 8741.0 8744.0 8738.0 8738.0 8747.719187924722 8731.371721166186 0
100135 100212 8741.0 8744.0 8738.0 8738.0 8747.718507213336 8731.463310968484 0
100135 100212 8741.0 8744.0 8738.0 8738.0 8747.69691337144 8731.393995719469 0
100135 100212 8741.0 8744.0 8738.0 8738.0 8747.696105872978 8731.485712308842 0
100314 100314 8739.0 8739.0 8739.0 8739.0 8747.316926831803 8732.501254986377 0
100314 100315 8739.0 8739.0 8738.0 8738.0 8747.261354744624 8732.738645255376 0
100547 100547 8734.0 8734.0 8734.0 8734.0 8747.261354744624 8732.738645255376 0
100547 100557 8734.0 8734.0 8733.0 8733.0 8747.462755664668 8732.355426153512 0
100547 100557 8734.0 8734.0 8733.0 8733.0 8747.569489028283 8732.157783698989 0
100547 100558 8734.0 8734.0 8731.0 8731.0 8747.93329752465 8731.521247929893 0
100547 100558 8734.0 8734.0 8731.0 8731.0 8748.366750727451 8730.451431090729 0
100547 100558 8734.0 8734.0 8731.0 8731.0 8748.536294634909 8729.372796274183 0
100547 100600 8734.0 8734.0 8730.0 8730.0 8748.463959572604 8728.263313154668 0
100547 100600 8734.0 8734.0 8730.0 8730.0 8748.233594926327 8727.311859619129 0
100547 100617 8734.0 8734.0 8730.0 8730.0 8747.707257716473 8726.565469556255 0
100547 100623 8734.0 8734.0 8729.0 8729.0 8747.101393434152 8725.80769747494 0
100547 100623 8734.0 8734.0 8729.0 8729.0 8746.32014088386 8725.225313661596 0
100547 100624 8734.0 8734.0 8729.0 8729.0 8745.358405747998 8724.823412433821 0
100547 100627 8734.0 8734.0 8729.0 8730.0 8744.154166304254 8724.754924604838 0
100547 100634 8734.0 8734.0 8728.0 8728.0 8742.836345490818 8724.618199963727 0
100547 100636 8734.0 8734.0 8728.0 8728.0 8741.224133002108 8724.775866997892 0
100547 100636 8734.0 8734.0 8728.0 8728.0 8740.099914033475 8724.718267784705 0
100547 100643 8734.0 8734.0 8728.0 8728.0 8739.44944730307 8724.459643606022 0
100812 100812 8726.0 8726.0 8726.0 8726.0 8738.810788279758 8724.007393538423 0
100812 100813 8726.0 8726.0 8726.0 8726.0 8738.006221954696 8723.721050772576 0
100812 100813 8726.0 8726.0 8726.0 8726.0 8737.01652255265 8723.619841083713 0
100812 100814 8726.0 8726.0 8726.0 8726.0 8735.48548640804 8723.969059046503 0
100812 100816 8726.0 8726.0 8726.0 8726.0 8733.877516934597 8724.486119429039 0
100812 100816 8726.0 8726.0 8726.0 8726.0 8733.193167060188 8724.443196576176 0
100812 100817 8726.0 8726.0 8726.0 8726.0 8732.623105625618 8724.376894374382 0
100812 100818 8726.0 8726.0 8726.0 8726.0 8731.930096023289 8724.433540340347 0
100945 100945 8726.0 8726.0 8726.0 8726.0 8731.596586477093 8724.312504431999 0
100945 100946 8726.0 8726.0 8726.0 8726.0 8731.200904213552 8724.253641240992 0
100945 100951 8726.0 8726.0 8725.0 8725.0 8730.797232056519 8724.111858852573 0
100945 101003 8726.0 8726.0 8725.0 8725.0 8730.526408602112 8723.928136852432 0
100945 101003 8726.0 8726.0 8725.0 8725.0 8730.19089614087 8723.80910385913 0
100945 101004 8726.0 8726.0 8725.0 8725.0 8729.783726393032 8723.761728152424 0
100945 101024 8726.0 8726.0 8725.0 8725.0 8729.524048328165 8723.657769853655 0
101200 101200 8730.0 8730.0 8730.0 8730.0 8729.743274089207 8723.52945318352 0
101303 101303 8731.0 8731.0 8731.0 8731.0 8730.200904213552 8723.253641240992 0
101625 101625 8739.0 8739.0 8739.0 8739.0 8733.205524265628 8721.0672030071 1
101625 101639 8739.0 8739.0 8734.0 8734.0 8734.114830402148 8720.703351416032 0
101823 101823 8730.0 8730.0 8730.0 8730.0 8734.289028582272 8720.710971417728 0
102032 102032 8738.0 8738.0 8738.0 8738.0 8736.033187841105 8719.875903067987 0
102032 102100 8738.0 8738.0 8736.0 8736.0 8737.064845881207 8719.571517755157 0
102032 102101 8738.0 8738.0 8736.0 8736.0 8738.015548923398 8719.529905622057 0
102032 102101 8738.0 8738.0 8736.0 8736.0 8738.855485403508 8719.599060051036 0
102032 102102 8738.0 8738.0 8736.0 8737.0 8739.766863776202 8719.687681678342 0
102032 102115 8738.0 8738.0 8736.0 8737.0 8740.565758956922 8719.888786497622 0
102255 102255 8732.0 8732.0 8732.0 8732.0 8740.693580867835 8720.306419132165 0
102255 102338 8732.0 8741.0 8732.0 8741.0 8742.063602187232 8720.300034176404 0
102338 102400 8741.0 8741.0 8731.0 8731.0 8742.054774471568 8720.763407346612 0
102753 102753 8731.0 8731.0 8731.0 8731.0 8742.020712953668 8721.25201431906 0
102753 102816 8731.0 8731.0 8729.0 8729.0 8741.933826321763 8721.611628223693 0
103006 103006 8731.0 8731.0 8731.0 8731.0 8741.853471930792 8722.146528069208 0
103006 103010 8731.0 8731.0 8729.0 8729.0 8741.652084831348 8722.711551532288 0
103006 103010 8731.0 8731.0 8729.0 8729.0 8741.419934113026 8723.307338614246 0
103006 103014 8731.0 8731.0 8728.0 8728.0 8741.1916888201 8723.8083111799 0
103006 103015 8731.0 8731.0 8726.0 8726.0 8741.088974635979 8724.00193445493 0
103006 103015 8731.0 8731.0 8726.0 8726.0 8740.982660255197 8724.199157926623 0
103006 103015 8731.0 8731.0 8726.0 8726.0 8741.182171448374 8723.636010369806 0
103006 103015 8731.0 8731.0 8726.0 8726.0 8741.339752915974 8723.023883447662 0
103006 103015 8731.0 8731.0 8726.0 8726.0 8740.589072356197 8722.592745825623 0
103006 103015 8731.0 8731.0 8726.0 8726.0 8740.450402114984 8722.00414333956 0
103006 103015 8731.0 8731.0 8726.0 8726.0 8740.512666340568 8721.57824275034 0
103006 103015 8731.0 8731.0 8726.0 8726.0 8739.680017825294 8721.319982174706 0
103006 103015 8731.0 8731.0 8726.0 8726.0 8739.08028155949 8721.010627531417 0
103006 103015 8731.0 8731.0 8726.0 8726.0 8738.384689763203 8720.797128418617 0
103006 103015 8731.0 8731.0 8726.0 8726.0 8737.585041952483 8720.687685320245 0
103006 103015 8731.0 8731.0 8726.0 8726.0 8736.441850157697 8720.830877115031 0
103006 103016 8731.0 8731.0 8725.0 8725.0 8735.12095088334 8721.06086729848 0
103156 103156 8729.0 8729.0 8729.0 8729.0 8734.789675904249 8721.119415004843 0
103327 103327 8730.0 8730.0 8730.0 8730.0 8731.396269707033 8723.512821202059 0
103523 103523 8730.0 8730.0 8730.0 8730.0 8731.206654286218 8723.611527531963 0
103751 103751 8727.0 8727.0 8727.0 8727.0 8730.687793874667 8723.766751579877 0
104148 104148 8735.0 8735.0 8735.0 8735.0 8732.200096710803 8722.799903289197 0
104148 104229 8735.0 8735.0 8726.0 8726.0 8731.752249089002 8722.793205456454 0
104148 104229 8735.0 8735.0 8726.0 8726.0 8731.579763421763 8722.692963850965 0
104148 104246 8735.0 8735.0 8725.0 8725.0 8731.405378787234 8722.503712121857 0
104148 104246 8735.0 8735.0 8725.0 8725.0 8731.316115227946 8722.320248408418 0
104148 104246 8735.0 8735.0 8725.0 8725.0 8731.32272500227 8722.222729543186 0
104148 104247 8735.0 8735.0 8723.0 8723.0 8731.443383296873 8721.829343975854 0
104148 104247 8735.0 8735.0 8723.0 8723.0 8731.536232357987 8721.463767642013 0
104148 104247 8735.0 8735.0 8723.0 8723.0 8731.604921929236 8721.122350798036 0
104148 104247 8735.0 8735.0 8723.0 8723.0 8731.65219227194 8720.802353182604 0
104148 104247 8735.0 8735.0 8723.0 8723.0 8731.680154963251 8720.501663218569 0
104148 104247 8735.0 8735.0 8723.0 8723.0 8731.690469656127 8720.218621252965 0
104148 104247 8735.0 8735.0 8723.0 8723.0 8731.684460292692 8719.951903343672 0
104148 104247 8735.0 8735.0 8723.0 8723.0 8731.663194236216 8719.70044212742 0
104148 104247 8735.0 8735.0 8723.0 8723.0 8731.627537703154 8719.463371387754 0
104148 104247 8735.0 8735.0 8723.0 8723.0 8731.578195482662 8719.239986335519 0
104148 104248 8735.0 8735.0 8722.0 8722.0 8731.549867654323 8718.904677800221 0
104148 104248 8735.0 8735.0 8722.0 8722.0 8731.555050485322 8718.626767696498 0
104148 104248 8735.0 8735.0 8722.0 8722.0 8731.124013990804 8718.421440554652 0
104148 104248 8735.0 8735.0 8722.0 8722.0 8730.429030229507 8718.389151588673 0
104229 104259 8726.0 8726.0 8722.0 8725.0 8729.696636686584 8718.666999677052 0
104246 104337 8725.0 8728.0 8722.0 8728.0 8729.849689489478 8718.604855965066 0
104337 104421 8728.0 8728.0 8727.0 8727.0 8727.237086420959 8720.490186306313 0
104421 104444 8727.0 8728.0 8727.0 8728.0 8727.646171000773 8720.262919908319 0
104547 104547 8728.0 8728.0 8728.0 8728.0 8728.021623223387 8720.069285867521 0
104740 104740 8726.0 8726.0 8726.0 8726.0 8728.132020140163 8720.049798041657 0
105022 105022 8723.0 8723.0 8723.0 8723.0 8728.04519917478 8719.95480082522 0
105022 105114 8723.0 8723.0 8721.0 8721.0 8728.023648547716 8719.612715088648 0
105022 105114 8723.0 8723.0 8721.0 8721.0 8728.083326745713 8719.371218708831 0
105022 105114 8723.0 8723.0 8721.0 8721.0 8728.130620761567 8719.14210651116 0
105022 105114 8723.0 8723.0 8721.0 8721.0 8728.16664182805 8718.924267262859 0
105022 105114 8723.0 8723.0 8721.0 8721.0 8728.19229608029 8718.716794828802 0
105022 105114 8723.0 8723.0 8721.0 8721.0 8728.208331852537 8718.518940874736 0
105022 105114 8723.0 8723.0 8721.0 8721.0 8728.215373534207 8718.330081011249 0
105022 105114 8723.0 8723.0 8721.0 8721.0 8728.213946364764 8718.149689998872 0
105022 105114 8723.0 8723.0 8721.0 8721.0 8728.204494949247 8717.977323232573 0
105022 105114 8723.0 8723.0 8721.0 8721.0 8728.187397315523 8717.812602684477 0
105022 105114 8723.0 8723.0 8721.0 8721.0 8728.162975737017 8717.655206081163 0
105022 105114 8723.0 8723.0 8721.0 8721.0 8728.1652812043 8717.561991522973 0
105022 105114 8723.0 8723.0 8721.0 8721.0 8728.165614970856 8717.470748665508 0
105022 105114 8723.0 8723.0 8721.0 8721.0 8728.164027273886 8717.38142727157 0
105022 105114 8723.0 8723.0 8721.0 8721.0 8728.16056465363 8717.293980800914 0
105022 105114 8723.0 8723.0 8721.0 8721.0 8727.929851961804 8717.161057129104 0
105022 105114 8723.0 8723.0 8721.0 8721.0 8727.08644655087 8717.368098903675 0
105022 105114 8723.0 8723.0 8721.0 8721.0 8726.364339212958 8717.544751696134 0
105022 105114 8723.0 8723.0 8721.0 8721.0 8725.180652489022 8718.092074783706 0
105022 105114 8723.0 8723.0 8721.0 8721.0 8723.524483836274 8719.11187980009 0
105022 105114 8723.0 8723.0 8721.0 8721.0 8721.92410467181 8720.25771351001 0
105022 105114 8723.0 8723.0 8721.0 8721.0 8721.0 8721.0 0
105022 105114 8723.0 8723.0 8721.0 8721.0 8721.0 8721.0 0
105022 105114 8723.0 8723.0 8721.0 8721.0 8721.0 8721.0 0
105022 105115 8723.0 8723.0 8721.0 8721.0 8721.0 8721.0 0
105114 105203 8721.0 8722.0 8721.0 8722.0 8721.462052335904 8720.628856755004 0
105114 105211 8721.0 8723.0 8721.0 8723.0 8722.04998869283 8720.222738579898 0
105211 105305 8723.0 8723.0 8723.0 8723.0 8722.422995130724 8720.03155032382 0
105505 105505 8724.0 8724.0 8724.0 8724.0 8723.020078832571 8719.707193894701 0
105505 105515 8724.0 8724.0 8724.0 8724.0 8723.477142106449 8719.522857893551 0
105654 105654 8726.0 8726.0 8726.0 8726.0 8724.436302622864 8719.01824283168 0
110005 110005 8722.0 8722.0 8722.0 8722.0 8724.464925980903 8719.080528564553 0
110005 110007 8722.0 8726.0 8722.0 8726.0 8725.19089614087 8718.80910385913 0
110005 110100 8722.0 8727.0 8722.0 8727.0 8726.047370816732 8718.498083728724 0
110005 110100 8722.0 8727.0 8722.0 8727.0 8726.754849782832 8718.336059308076 0
110005 110100 8722.0 8727.0 8722.0 8727.0 8727.356357808854 8718.28000582751 0
110100 110128 8727.0 8727.0 8727.0 8727.0 8727.873798704715 8718.308019477105 0
110100 110155 8727.0 8728.0 8727.0 8728.0 8728.513780051406 8718.304401766774 0
110100 110156 8727.0 8730.0 8727.0 8730.0 8729.495452725816 8718.140910910548 0
110100 110156 8727.0 8730.0 8727.0 8730.0 8730.315467509183 8718.139077945361 0
110100 110156 8727.0 8730.0 8727.0 8730.0 8731.005192686596 8718.267534586132 0
110128 110219 8727.0 8731.0 8727.0 8731.0 8731.776282294855 8718.405535886965 0
110535 110535 8731.0 8731.0 8731.0 8731.0 8732.41375518819 8718.677153902718 0
110652 110652 8729.0 8729.0 8729.0 8729.0 8732.621605433445 8719.196576384735 0
111238 111238 8728.0 8728.0 8728.0 8728.0 8732.635557654028 8719.818987800516 0
111408 111408 8728.0 8728.0 8728.0 8728.0 8732.567452786065 8720.523456304843 0
111408 111414 8728.0 8728.0 8727.0 8727.0 8732.333000322948 8721.303363313416 0
111408 111507 8728.0 8728.0 8727.0 8728.0 8732.204494949247 8721.977323232573 0
111807 111807 8734.0 8734.0 8734.0 8734.0 8733.139343461698 8722.042474720121 0
111807 111828 8734.0 8734.0 8725.0 8725.0 8732.986579803961 8722.377056559675 0
112020 112020 8726.0 8726.0 8726.0 8726.0 8732.887121156013 8722.658333389443 0
112355 112355 8729.0 8729.0 8729.0 8729.0 8732.861724348044 8723.138275651956 0
112355 112446 8729.0 8729.0 8729.0 8729.0 8732.933918109804 8723.338809162924 0
112648 112648 8728.0 8728.0 8728.0 8728.0 8732.393564909238 8724.424616908942 0
113259 113259 8729.0 8729.0 8729.0 8729.0 8732.39382008882 8724.697089002088 0
113259 113359 8729.0 8731.0 8729.0 8731.0 8732.64375622337 8724.810789231175 0
113359 113400 8731.0 8731.0 8731.0 8731.0 8732.85919290589 8724.95898891229 0
113359 113400 8731.0 8731.0 8731.0 8731.0 8733.04101108771 8725.14080709411 0
113526 113526 8731.0 8731.0 8731.0 8731.0 8733.189210768825 8725.35624377663 0
113526 113619 8731.0 8731.0 8731.0 8731.0 8733.34766891317 8725.47051290501 0
114047 114047 8729.0 8729.0 8729.0 8729.0 8733.29696502778 8725.430307699493 0
114047 114139 8729.0 8729.0 8729.0 8729.0 8733.244149614853 8725.39221402151 0
114244 114244 8726.0 8726.0 8726.0 8726.0 8733.283452628348 8724.98927464438 0
114244 114245 8726.0 8726.0 8726.0 8726.0 8733.169227095948 8724.648954722232 0
114244 114301 8726.0 8726.0 8725.0 8725.0 8733.089981350515 8724.182745922213 0
114244 114302 8726.0 8726.0 8725.0 8725.0 8733.153762903026 8723.755328006066 0
114244 114305 8726.0 8726.0 8725.0 8725.0 8733.231479678863 8723.4048839575 0
114244 114306 8726.0 8726.0 8725.0 8725.0 8733.28569776277 8723.077938600865 0
114244 114306 8726.0 8726.0 8725.0 8725.0 8733.344793918837 8722.837024262983 0
114244 114306 8726.0 8726.0 8725.0 8725.0 8733.36420928975 8722.544881619342 0
114450 114450 8724.0 8724.0 8724.0 8724.0 8732.463503161716 8722.536496838284 0
114450 114451 8724.0 8724.0 8724.0 8724.0 8732.525936611266 8722.383154297826 0
114450 114454 8724.0 8724.0 8724.0 8724.0 8732.604921929236 8722.122350798036 0
114450 114459 8724.0 8724.0 8724.0 8724.0 8732.506159791135 8721.766567481593 0
114655 114655 8726.0 8726.0 8726.0 8726.0 8732.325752187591 8721.674247812409 0
115610 115610 8726.0 8726.0 8726.0 8726.0 8732.231738606655 8721.586443211525 0
115610 115635 8726.0 8726.0 8726.0 8726.0 8732.027398551498 8721.518055993958 0
115815 115815 8723.0 8723.0 8723.0 8723.0 8731.549274524808 8721.268907293372 0
115815 115819 8723.0 8728.0 8723.0 8728.0 8731.065973209625 8721.479481335831 0
115815 115819 8723.0 8728.0 8723.0 8728.0 8730.538654550111 8721.734072722616 0
115815 115824 8723.0 8728.0 8722.0 8722.0 8729.91304161208 8721.541503842463 0
115815 115825 8723.0 8728.0 8722.0 8722.0 8729.102665144817 8721.533698491547 0
115815 115826 8723.0 8728.0 8722.0 8722.0 8728.668043818516 8721.331956181484 0
115815 115830 8723.0 8728.0 8720.0 8720.0 8728.388472468037 8720.793345713782 0
115815 115830 8723.0 8728.0 8720.0 8720.0 8728.512826180022 8720.123537456342 0
115815 115830 8723.0 8728.0 8720.0 8720.0 8728.536952482558 8719.55395660835 0
115815 115830 8723.0 8728.0 8720.0 8720.0 8728.590692635784 8719.04567100058 0
115815 115830 8723.0 8728.0 8720.0 8720.0 8728.587602212241 8718.594215969579 0
115815 115830 8723.0 8728.0 8720.0 8720.0 8728.535077328483 8718.19219539879 0
115815 115830 8723.0 8728.0 8720.0 8720.0 8728.438008477027 8717.8347187957 0
115815 115830 8723.0 8728.0 8720.0 8720.0 8728.299624392863 8717.518557425317 0
115815 115830 8723.0 8728.0 8720.0 8720.0 8728.121950654682 8717.241685708954 0
115815 115831 8723.0 8728.0 8719.0 8719.0 8728.070343713267 8716.838747195825 0
115815 115859 8723.0 8728.0 8719.0 8721.0 8727.922931869745 8716.713431766619 0
120152 120152 8721.0 8721.0 8721.0 8721.0 8727.76218518299 8716.601451180646 0
120738 120738 8725.0 8725.0 8725.0 8725.0 8727.881935105484 8716.57261034906 0
120738 120741 8725.0 8726.0 8725.0 8726.0 8727.881935105484 8716.57261034906 0
120738 120742 8725.0 8728.0 8725.0 8728.0 8728.269082854202 8716.367280782162 0
120738 120742 8725.0 8728.0 8725.0 8728.0 8728.636861293982 8716.181320524198 0
120738 120742 8725.0 8728.0 8725.0 8728.0 8729.284547381376 8715.988179891352 0
120738 120742 8725.0 8728.0 8725.0 8728.0 8729.284547381376 8715.988179891352 0
120738 120742 8725.0 8728.0 8725.0 8728.0 8729.284547381376 8715.988179891352 0
120738 120743 8725.0 8728.0 8725.0 8728.0 8729.913221921548 8715.904959896632 0
120738 120750 8725.0 8730.0 8725.0 8730.0 8730.85696495077 8715.688489594686 0
120738 120754 8725.0 8730.0 8725.0 8729.0 8731.51461554477 8715.66720263705 0
120738 120754 8725.0 8730.0 8725.0 8729.0 8732.067893720849 8715.932106279151 0
121321 121321 8727.0 8727.0 8727.0 8727.0 8732.28142381755 8716.354939818813 0
121458 121458 8726.0 8726.0 8726.0 8726.0 8732.352330959453 8716.829487222367 0
121940 121940 8727.0 8727.0 8727.0 8727.0 8732.462755664668 8717.355426153512 0
122108 122108 8726.0 8726.0 8726.0 8726.0 8732.434062063701 8717.929574299935 0
122108 122138 8726.0 8726.0 8726.0 8726.0 8732.349267354859 8718.559823554233 0
122108 122147 8726.0 8726.0 8726.0 8726.0 8732.199080629292 8719.255464825252 0
123229 123229 8725.0 8725.0 8725.0 8725.0 8731.938684269395 8719.970406639697 0
123229 123239 8725.0 8725.0 8725.0 8725.0 8731.596826404304 8720.766809959332 0
123229 123239 8725.0 8725.0 8725.0 8725.0 8730.915579689596 8721.993511219496 0
123229 123305 8725.0 8725.0 8723.0 8723.0 8730.623211180364 8722.467697910544 0
123229 123321 8725.0 8725.0 8723.0 8725.0 8730.094592577718 8723.359952876826 0
123229 123323 8725.0 8725.0 8723.0 8725.0 8730.094592577718 8723.359952876826 0
123229 123325 8725.0 8725.0 8723.0 8725.0 8730.11356110694 8723.250075256696 0
123305 123349 8723.0 8726.0 8723.0 8726.0 8729.983901383004 8723.197916798816 0
123349 123446 8726.0 8726.0 8725.0 8725.0 8729.851189398594 8723.057901510498 0
123349 123446 8726.0 8726.0 8725.0 8725.0 8729.696528032011 8722.939835604353 0
123606 123606 8725.0 8725.0 8725.0 8725.0 8729.519556318306 8722.84408004533 0
123606 123629 8725.0 8726.0 8725.0 8726.0 8729.333191727297 8722.848626454523 0
124205 124205 8730.0 8730.0 8730.0 8730.0 8729.730767508354 8722.632868855282 0
124205 124253 8730.0 8730.0 8715.0 8715.0 8731.051412596644 8719.948587403356 -1
124253 124308 8715.0 8730.0 8715.0 8730.0 8731.225636127932 8719.865272962976 0
124253 124334 8715.0 8732.0 8715.0 8732.0 8731.813297719606 8719.55033864403 0
124334 124418 8732.0 8732.0 8730.0 8730.0 8732.189605624704 8719.44675801166 0
124618 124618 8728.0 8728.0 8728.0 8728.0 8732.34504364379 8719.47313817439 0
124618 124645 8728.0 8729.0 8728.0 8729.0 8732.55050310351 8719.44949689649 0
124828 124828 8728.0 8728.0 8728.0 8728.0 8732.694189017213 8719.487629164607 0
125003 125003 8728.0 8728.0 8728.0 8728.0 8732.83248769388 8719.531148669756 0
125256 125256 8728.0 8728.0 8728.0 8728.0 8732.965513570658 8719.579940974798 0
130203 130203 8728.0 8728.0 8728.0 8728.0 8733.114830402148 8719.703351416032 0
130203 130245 8728.0 8728.0 8728.0 8728.0 8733.25304245298 8719.837866637929 0
131201 131201 8730.0 8730.0 8730.0 8730.0 8733.59333290251 8719.952121642946 0
131338 131338 8731.0 8731.0 8731.0 8731.0 8733.966655911368 8720.30607136136 0
131448 131448 8729.0 8729.0 8729.0 8729.0 8734.124231630634 8720.51213200573 0
131448 131501 8729.0 8732.0 8729.0 8732.0 8734.6310487497 8720.641678523029 0
131448 131501 8729.0 8732.0 8729.0 8732.0 8735.07627335334 8720.832817555753 0
131448 131501 8729.0 8732.0 8729.0 8732.0 8735.486920056092 8720.967625398453 0
131448 131501 8729.0 8732.0 8729.0 8732.0 8735.82499680697 8721.265912283938 0
131448 131501 8729.0 8732.0 8729.0 8732.0 8736.107328404312 8721.61994432296 0
131448 131501 8729.0 8732.0 8729.0 8732.0 8736.33307652338 8722.030559840256 0
131448 131501 8729.0 8732.0 8729.0 8732.0 8736.55709999441 8722.351990914682 0
131448 131501 8729.0 8732.0 8729.0 8732.0 8736.724395280871 8722.366513810037 0
131448 131502 8729.0 8733.0 8729.0 8733.0 8733.907925216294 8726.819347510978 0
131448 131502 8729.0 8733.0 8729.0 8733.0 8734.20503343133 8726.79496656867 0
131448 131502 8729.0 8733.0 8729.0 8733.0 8734.346280901884 8726.744628189024 0
131448 131502 8729.0 8733.0 8729.0 8733.0 8734.60778597849 8726.755850385147 0
131448 131502 8729.0 8733.0 8729.0 8733.0 8734.766036988289 8727.052144829891 0
131448 131502 8729.0 8733.0 8729.0 8733.0 8734.947855170109 8727.233963011711 0
131448 131502 8729.0 8733.0 8729.0 8733.0 8735.005327234669 8727.631036401695 0
131448 131502 8729.0 8733.0 8729.0 8733.0 8734.995211992911 8728.095697097997 0
131448 131503 8729.0 8733.0 8729.0 8733.0 8734.90216626874 8728.643288276717 0
132209 132209 8732.0 8732.0 8732.0 8732.0 8734.615869303329 8729.293221605763 0
132209 132236 8732.0 8733.0 8732.0 8733.0 8734.238856090724 8730.124780272912 0
132209 132241 8732.0 8733.0 8732.0 8733.0 8734.165672857536 8730.470690778828 0
132209 132241 8732.0 8733.0 8732.0 8733.0 8734.183565572357 8730.634616245823 0
132236 132325 8733.0 8733.0 8731.0 8731.0 8733.667748416243 8731.332251583757 0
132241 132341 8733.0 8734.0 8731.0 8734.0 8733.892529187571 8731.289288994249 0
132504 132504 8734.0 8734.0 8734.0 8734.0 8734.081345847122 8731.282290516514 0
132504 132519 8734.0 8735.0 8734.0 8735.0 8734.484572979984 8731.15179065638 0
132504 132519 8734.0 8735.0 8734.0 8735.0 8734.810961623334 8731.098129285758 0
132504 132520 8734.0 8735.0 8734.0 8735.0 8735.082627481837 8731.099190699983 0
132504 132521 8734.0 8736.0 8734.0 8736.0 8735.543635635782 8731.001818909674 0
132504 132523 8734.0 8736.0 8734.0 8736.0 8735.920847266592 8730.9882436425 0
132504 132523 8734.0 8736.0 8734.0 8736.0 8736.23324670129 8731.039480571439 0
132504 132523 8734.0 8736.0 8734.0 8736.0 8736.53163471009 8731.013819835365 0
132504 132537 8734.0 8736.0 8734.0 8736.0 8736.795365066615 8731.022816751565 0
132519 132606 8735.0 8736.0 8735.0 8736.0 8737.028879832986 8731.062029257922 0
132519 132609 8735.0 8737.0 8735.0 8737.0 8737.414281480536 8731.040263974008 0
132519 132611 8735.0 8737.0 8735.0 8737.0 8737.748066849492 8731.070114968688 0
132519 132611 8735.0 8737.0 8735.0 8737.0 8738.03707116746 8731.14474701436 0
132519 132611 8735.0 8737.0 8735.0 8737.0 8738.285396197522 8731.260058347934 0
132519 132611 8735.0 8737.0 8735.0 8737.0 8738.49533492621 8731.413755982881 0
132519 132613 8735.0 8737.0 8735.0 8737.0 8738.667804472647 8731.604922800081 0
132519 132615 8735.0 8738.0 8735.0 8738.0 8738.85525298564 8731.96292883254 0
132519 132616 8735.0 8738.0 8735.0 8737.0 8738.929885031312 8732.251933150508 0
132519 132617 8735.0 8738.0 8735.0 8737.0 8738.959736025992 8732.585718519464 0
132519 132618 8735.0 8738.0 8735.0 8737.0 8738.937970742078 8732.971120167014 0
132519 132618 8735.0 8738.0 8735.0 8737.0 8738.310261679524 8734.14428377502 0
132523 132622 8736.0 8738.0 8736.0 8738.0 8738.377855257064 8734.440326561116 0
132523 132622 8736.0 8738.0 8736.0 8738.0 8738.365383754177 8734.816434427643 0
132523 132623 8736.0 8738.0 8736.0 8737.0 8738.32070512521 8735.042931238426 0
132537 132624 8736.0 8738.0 8736.0 8738.0 8738.371637044604 8735.26472659176 0
132537 132624 8736.0 8738.0 8736.0 8738.0 8738.365834063297 8735.543256845795 0
132537 132626 8736.0 8738.0 8736.0 8738.0 8738.456743154205 8735.634165936703 0
132537 132628 8736.0 8738.0 8736.0 8738.0 8738.524030683862 8735.748696588866 0
132537 132637 8736.0 8739.0 8736.0 8739.0 8738.772038409315 8735.77341613614 0
132606 132640 8736.0 8739.0 8736.0 8739.0 8738.965203888056 8735.852977930124 0
132606 132642 8736.0 8739.0 8736.0 8739.0 8739.109513684916 8735.981395405992 0
132622 132721 8738.0 8739.0 8736.0 8736.0 8739.109513684916 8735.981395405992 0
132623 132723 8737.0 8739.0 8736.0 8739.0 8739.292806105299 8735.979921167429 0
132626 132725 8738.0 8739.0 8736.0 8738.0 8739.32070512521 8736.042931238426 0
132934 132934 8737.0 8737.0 8737.0 8737.0 8739.32070512521 8736.042931238426 0
132934 133013 8737.0 8738.0 8737.0 8738.0 8739.343308075875 8736.11123737867 0
133156 133156 8738.0 8738.0 8738.0 8738.0 8739.360386290598 8736.185068254857 0
133156 133157 8738.0 8738.0 8738.0 8738.0 8739.371637044604 8736.26472659176 0
133156 133157 8738.0 8738.0 8738.0 8738.0 8739.371637044604 8736.26472659176 0
133156 133210 8738.0 8738.0 8737.0 8737.0 8739.371637044604 8736.26472659176 0
133156 133214 8738.0 8738.0 8737.0 8737.0 8739.371637044604 8736.26472659176 0
133210 133310 8737.0 8737.0 8736.0 8736.0 8739.471049244752 8736.074405300704 0
133310 133319 8736.0 8736.0 8735.0 8735.0 8739.716639025963 8735.646997337673 0
133310 133321 8736.0 8736.0 8735.0 8735.0 8739.859622192973 8735.231286897935 0
133310 133322 8736.0 8736.0 8735.0 8735.0 8739.943156339048 8734.875025479132 0
133310 133349 8736.0 8736.0 8735.0 8736.0 8739.960519428561 8734.76675329871 0
133310 133356 8736.0 8736.0 8735.0 8736.0 8739.913788917516 8734.63166562794 0
133349 133441 8736.0 8737.0 8736.0 8737.0 8739.851067216301 8734.603478238243 0
133441 133520 8737.0 8737.0 8737.0 8737.0 8739.78505837514 8734.578577988495 0
133520 133613 8737.0 8743.0 8737.0 8743.0 8740.95920439814 8733.85897742004 0
133520 133619 8737.0 8744.0 8737.0 8744.0 8742.089981350515 8733.182745922213 0
133520 133619 8737.0 8744.0 8737.0 8744.0 8743.026280314363 8732.700992412909 0
133613 133624 8743.0 8744.0 8737.0 8737.0 8742.92254874119 8732.622905804266 0
133613 133634 8743.0 8744.0 8737.0 8738.0 8742.955357078159 8732.771915649113 0
133849 133849 8739.0 8739.0 8739.0 8739.0 8742.955357078159 8732.771915649113 0
133849 133903 8739.0 8739.0 8738.0 8738.0 8742.955357078159 8732.771915649113 0
133849 133912 8739.0 8739.0 8738.0 8738.0 8742.986996379552 8732.831185438628 0
133849 133927 8739.0 8739.0 8738.0 8738.0 8742.986996379552 8732.831185438628 0
133849 133933 8739.0 8739.0 8737.0 8737.0 8742.955357078159 8732.771915649113 0
133849 133936 8739.0 8739.0 8737.0 8737.0 8742.922061399135 8732.71430223723 0
133849 133936 8739.0 8739.0 8737.0 8737.0 8742.887121156013 8732.658333389443 0
133849 133941 8739.0 8739.0 8737.0 8737.0 8742.887121156013 8732.658333389443 0
133849 133941 8739.0 8739.0 8737.0 8737.0 8742.887121156013 8732.658333389443 0
133927 134015 8738.0 8738.0 8737.0 8738.0 8742.919522385993 8732.807750341279 0
133933 134030 8737.0 8738.0 8737.0 8738.0 8742.898979485566 8733.101020514434 0
133941 134041 8737.0 8738.0 8737.0 8738.0 8742.857513517309 8733.41521375542 0
134015 134057 8738.0 8738.0 8736.0 8736.0 8742.7994273088 8733.564209054835 0
134015 134057 8738.0 8738.0 8736.0 8736.0 8742.7994273088 8733.564209054835 0
134015 134057 8738.0 8738.0 8736.0 8736.0 8742.7994273088 8733.564209054835 0
134015 134057 8738.0 8738.0 8736.0 8736.0 8742.81884373079 8733.453883541937 0
134015 134057 8738.0 8738.0 8736.0 8736.0 8742.835632127528 8733.346186054292 0
134015 134058 8738.0 8738.0 8736.0 8736.0 8742.076291046744 8733.469163498712 0
134015 134058 8738.0 8738.0 8736.0 8736.0 8740.802083201184 8734.016098616996 0
134015 134058 8738.0 8738.0 8736.0 8736.0 8738.901870714242 8735.189038376666 0
134015 134101 8738.0 8738.0 8736.0 8736.0 8738.906925178491 8735.093074821509 0
134015 134102 8738.0 8738.0 8735.0 8735.0 8738.890317891783 8734.83695483549 0
134015 134102 8738.0 8738.0 8735.0 8735.0 8738.62523257513 8734.738403788506 0
134015 134102 8738.0 8738.0 8735.0 8735.0 8738.520505543855 8734.570403547054 0
134015 134102 8738.0 8738.0 8735.0 8735.0 8738.377855257064 8734.440326561116 0
134015 134102 8738.0 8738.0 8735.0 8735.0 8738.196910044411 8734.348544501045 0
134015 134103 8738.0 8738.0 8735.0 8735.0 8738.148482513889 8734.215153849747 0
134015 134104 8738.0 8738.0 8734.0 8734.0 8738.175522638883 8733.915386452025 0
134015 134104 8738.0 8738.0 8734.0 8734.0 8738.158057613973 8733.660124204207 0
134015 134106 8738.0 8738.0 8734.0 8734.0 8738.10291011236 8733.442544433095 0
134015 134106 8738.0 8738.0 8734.0 8734.0 8738.013944878296 8733.258782394432 0
134015 134106 8738.0 8738.0 8734.0 8734.0 8737.688764677718 8733.220326231374 0
134015 134106 8738.0 8738.0 8734.0 8734.0 8737.289188455712 8733.256266089744 0
134057 134150 8736.0 8736.0 8732.0 8732.0 8737.088931871469 8732.911068128531 0
134057 134151 8736.0 8736.0 8732.0 8732.0 8737.202704917929 8732.433658718435 0
134057 134152 8736.0 8736.0 8732.0 8732.0 8737.23324670129 8732.039480571439 0
134101 134200 8736.0 8736.0 8732.0 8733.0 8737.111164839336 8731.888835160664 0
134458 134458 8720.0 8720.0 8720.0 8720.0 8740.293514123794 8727.251940421662 -1

