20151127 084500 8518
20151127 084500 8518
20151127 084500 8519
20151127 084500 8519
20151127 084500 8519
20151127 084500 8524
20151127 084500 8524
20151127 084500 8524
20151127 084500 8524
20151127 084500 8526
20151127 084500 8526
20151127 084500 8527
20151127 084501 8524
20151127 084501 8525
20151127 084501 8526
20151127 084502 8527
20151127 084503 8529
20151127 084505 8526
20151127 084505 8526
20151127 084513 8529
20151127 084513 8529
20151127 084513 8529
20151127 084515 8531
20151127 084516 8533
20151127 084516 8533
20151127 084517 8534
20151127 084522 8529
20151127 084522 8529
20151127 084523 8526
20151127 084523 8526
20151127 084525 8525
20151127 084525 8527
20151127 084526 8527
20151127 084533 8523
20151127 084534 8523
20151127 084535 8521
20151127 084535 8521
20151127 084537 8520
20151127 084541 8520
20151127 084547 8519
20151127 084547 8519
20151127 084548 8520
20151127 084553 8519
20151127 084555 8519
20151127 084555 8519
20151127 084601 8519
20151127 084601 8519
20151127 084607 8516
20151127 084608 8516
20151127 084622 8516
20151127 084627 8515
20151127 084635 8516
20151127 084635 8516
20151127 084641 8513
20151127 084641 8514
20151127 084643 8513
20151127 084644 8515
20151127 084644 8515
20151127 084657 8513
20151127 084658 8512
20151127 084659 8508
20151127 084659 8508
20151127 084705 8508
20151127 084705 8509
20151127 084710 8508
20151127 084718 8508
20151127 084736 8508
20151127 084741 8509
20151127 084741 8509
20151127 084742 8509
20151127 084742 8509
20151127 084744 8509
20151127 084747 8508
20151127 084754 8509
20151127 084755 8508
20151127 084805 8505
20151127 084808 8505
20151127 084836 8505
20151127 084843 8506
20151127 084847 8508
20151127 084847 8508
20151127 084848 8509
20151127 084851 8508
20151127 084854 8508
20151127 084854 8508
20151127 084854 8508
20151127 084901 8508
20151127 084915 8504
20151127 084936 8503
20151127 084945 8502
20151127 084946 8501
20151127 084946 8501
20151127 084946 8502
20151127 084950 8500
20151127 084951 8500
20151127 084957 8500
20151127 084958 8500
20151127 084958 8500
20151127 084959 8500
20151127 085000 8500
20151127 085000 8500
20151127 085000 8500
20151127 085000 8500
20151127 085001 8498
20151127 085001 8499
20151127 085001 8499
20151127 085001 8500
20151127 085001 8500
20151127 085003 8500
20151127 085010 8499
20151127 085017 8503
20151127 085049 8500
20151127 085052 8501
20151127 085101 8502
20151127 085130 8503
20151127 085152 8504
20151127 085156 8503
20151127 085218 8504
20151127 085233 8501
20151127 085236 8501
20151127 085241 8488
20151127 085330 8503
20151127 085411 8503
20151127 085452 8506
20151127 085500 8508
20151127 085513 8505
20151127 085523 8509
20151127 085618 8506
20151127 085627 8507
20151127 085636 8507
20151127 085639 8508
20151127 085642 8508
20151127 085642 8508
20151127 085655 8508
20151127 085708 8509
20151127 085735 8509
20151127 085802 8510
20151127 085806 8510
20151127 085825 8511
20151127 085853 8509
20151127 085937 8508
20151127 085946 8508
20151127 090001 8507
20151127 090001 8507
20151127 090001 8507
20151127 090001 8507
20151127 090001 8507
20151127 090003 8506
20151127 090019 8504
20151127 090022 8504
20151127 090027 8505
20151127 090027 8506
20151127 090032 8508
20151127 090039 8506
20151127 090106 8510
20151127 090106 8510
20151127 090106 8510
20151127 090106 8510
20151127 090107 8511
20151127 090108 8511
20151127 090111 8511
20151127 090112 8512
20151127 090112 8512
20151127 090113 8509
20151127 090115 8509
20151127 090119 8506
20151127 090119 8508
20151127 090120 8506
20151127 090125 8506
20151127 090130 8507
20151127 090139 8510
20151127 090144 8511
20151127 090144 8511
20151127 090145 8511
20151127 090150 8508
20151127 090157 8505
20151127 090158 8502
20151127 090158 8502
20151127 090200 8502
20151127 090201 8501
20151127 090201 8501
20151127 090201 8501
20151127 090201 8501
20151127 090201 8501
20151127 090201 8501
20151127 090201 8502
20151127 090203 8500
20151127 090203 8502
20151127 090203 8503
20151127 090204 8499
20151127 090204 8499
20151127 090205 8498
20151127 090205 8498
20151127 090216 8502
20151127 090218 8503
20151127 090220 8496
20151127 090220 8496
20151127 090220 8496
20151127 090220 8496
20151127 090220 8496
20151127 090220 8497
20151127 090220 8497
20151127 090220 8500
20151127 090220 8501
20151127 090220 8501
20151127 090220 8501
20151127 090220 8501
20151127 090227 8500
20151127 090229 8496
20151127 090244 8494
20151127 090244 8495
20151127 090245 8493
20151127 090245 8493
20151127 090302 8492
20151127 090302 8492
20151127 090302 8492
20151127 090311 8491
20151127 090311 8491
20151127 090311 8491
20151127 090311 8491
20151127 090312 8491
20151127 090317 8463
20151127 090317 8489
20151127 090330 8492
20151127 090339 8497
20151127 090343 8499
20151127 090344 8501
20151127 090344 8501
20151127 090345 8502
20151127 090345 8502
20151127 090345 8502
20151127 090438 8495
20151127 090459 8492
20151127 090459 8492
20151127 090503 8493
20151127 090503 8493
20151127 090509 8495
20151127 090512 8494
20151127 090524 8494
20151127 090557 8497
20151127 090557 8497
20151127 090621 8465
20151127 090621 8492
20151127 090623 8492
20151127 090624 8494
20151127 090639 8496
20151127 090644 8499
20151127 090644 8499
20151127 090644 8499
20151127 090644 8500
20151127 090644 8501
20151127 090644 8501
20151127 090644 8501
20151127 090644 8501
20151127 090644 8501
20151127 090644 8501
20151127 090644 8501
20151127 090644 8501
20151127 090644 8501
20151127 090644 8502
20151127 090644 8502
20151127 090645 8503
20151127 090645 8503
20151127 090645 8504
20151127 090645 8504
20151127 090645 8504
20151127 090645 8504
20151127 090647 8506
20151127 090649 8502
20151127 090649 8502
20151127 090649 8502
20151127 090649 8502
20151127 090649 8502
20151127 090702 8503
20151127 090705 8500
20151127 090728 8502
20151127 090728 8502
20151127 090754 8496
20151127 090757 8496
20151127 090831 8487
20151127 090834 8487
20151127 090834 8488
20151127 090905 8491
20151127 090907 8492
20151127 090908 8493
20151127 090910 8495
20151127 090910 8495
20151127 090920 8493
20151127 090951 8489
20151127 090951 8490
20151127 090951 8490
20151127 090951 8490
20151127 090951 8490
20151127 090955 8489
20151127 090957 8486
20151127 090957 8487
20151127 090958 8486
20151127 090958 8486
20151127 090958 8486
20151127 091000 8487
20151127 091004 8488
20151127 091010 8487
20151127 091012 8487
20151127 091020 8487
20151127 091043 8489
20151127 091046 8490
20151127 091115 8487
20151127 091115 8487
20151127 091116 8486
20151127 091116 8486
20151127 091116 8486
20151127 091116 8486
20151127 091116 8486
20151127 091116 8486
20151127 091117 8487
20151127 091121 8482
20151127 091121 8482
20151127 091121 8482
20151127 091121 8482
20151127 091121 8483
20151127 091121 8483
20151127 091121 8483
20151127 091121 8483
20151127 091121 8483
20151127 091121 8484
20151127 091121 8484
20151127 091121 8484
20151127 091121 8485
20151127 091121 8485
20151127 091121 8485
20151127 091121 8485
20151127 091121 8485
20151127 091121 8485
20151127 091121 8485
20151127 091121 8485
20151127 091121 8485
20151127 091122 8481
20151127 091122 8481
20151127 091122 8481
20151127 091122 8481
20151127 091122 8481
20151127 091122 8481
20151127 091123 8484
20151127 091128 8484
20151127 091131 8481
20151127 091131 8481
20151127 091132 8481
20151127 091132 8481
20151127 091132 8481
20151127 091132 8481
20151127 091132 8481
20151127 091132 8481
20151127 091132 8481
20151127 091132 8481
20151127 091132 8481
20151127 091135 8482
20151127 091135 8486
20151127 091139 8479
20151127 091139 8479
20151127 091139 8479
20151127 091139 8479
20151127 091139 8479
20151127 091139 8480
20151127 091139 8480
20151127 091142 8478
20151127 091150 8476
20151127 091150 8476
20151127 091150 8477
20151127 091154 8477
20151127 091200 8476
20151127 091201 8475
20151127 091201 8475
20151127 091201 8475
20151127 091201 8475
20151127 091201 8475
20151127 091201 8475
20151127 091201 8475
20151127 091201 8475
20151127 091201 8475
20151127 091201 8475
20151127 091201 8475
20151127 091201 8475
20151127 091201 8475
20151127 091201 8475
20151127 091201 8475
20151127 091202 8473
20151127 091202 8473
20151127 091202 8473
20151127 091203 8472
20151127 091203 8472
20151127 091203 8472
20151127 091205 8474
20151127 091215 8474
20151127 091230 8472
20151127 091231 8472
20151127 091231 8472
20151127 091231 8472
20151127 091231 8472
20151127 091231 8472
20151127 091236 8472
20151127 091237 8471
20151127 091237 8471
20151127 091237 8472
20151127 091238 8472
20151127 091240 8472
20151127 091243 8473
20151127 091243 8473
20151127 091253 8476
20151127 091301 8471
20151127 091301 8471
20151127 091301 8471
20151127 091301 8473
20151127 091302 8467
20151127 091302 8467
20151127 091302 8468
20151127 091302 8468
20151127 091302 8468
20151127 091302 8468
20151127 091302 8468
20151127 091302 8469
20151127 091302 8469
20151127 091302 8469
20151127 091302 8470
20151127 091302 8471
20151127 091302 8471
20151127 091302 8471
20151127 091302 8471
20151127 091302 8471
20151127 091302 8471
20151127 091302 8471
20151127 091302 8471
20151127 091302 8471
20151127 091302 8471
20151127 091302 8471
20151127 091302 8471
20151127 091302 8471
20151127 091302 8473
20151127 091303 8469
20151127 091304 8469
20151127 091310 8469
20151127 091314 8471
20151127 091316 8472
20151127 091337 8470
20151127 091339 8471
20151127 091341 8472
20151127 091352 8471
20151127 091400 8470
20151127 091408 8443
20151127 091408 8472
20151127 091410 8474
20151127 091412 8476
20151127 091412 8476
20151127 091413 8477
20151127 091418 8474
20151127 091418 8474
20151127 091421 8476
20151127 091426 8478
20151127 091430 8477
20151127 091450 8477
20151127 091500 8474
20151127 091500 8475
20151127 091506 8477
20151127 091512 8477
20151127 091513 8477
20151127 091513 8478
20151127 091514 8479
20151127 091518 8481
20151127 091520 8482
20151127 091531 8480
20151127 091531 8480
20151127 091531 8480
20151127 091559 8482
20151127 091559 8483
20151127 091600 8484
20151127 091610 8483
20151127 091611 8483
20151127 091613 8482
20151127 091613 8482
20151127 091614 8484
20151127 091614 8488
20151127 091623 8483
20151127 091628 8484
20151127 091629 8483
20151127 091633 8483
20151127 091635 8481
20151127 091635 8483
20151127 091636 8481
20151127 091705 8481
20151127 091713 8482
20151127 091728 8480
20151127 091728 8480
20151127 091729 8480
20151127 091733 8481
20151127 091733 8485
20151127 091735 8480
20151127 091737 8480
20151127 091737 8480
20151127 091738 8481
20151127 091749 8481
20151127 091750 8484
20151127 091801 8479
20151127 091803 8449
20151127 091803 8478
20151127 091803 8478
20151127 091803 8478
20151127 091804 8448
20151127 091804 8477
20151127 091828 8476
20151127 091828 8476
20151127 091828 8476
20151127 091829 8476
20151127 091829 8476
20151127 091829 8476
20151127 091829 8476
20151127 091830 8476
20151127 091830 8476
20151127 091830 8476
20151127 091831 8476
20151127 091831 8476
20151127 091844 8475
20151127 091844 8476
20151127 091909 8478
20151127 091910 8475
20151127 091910 8475
20151127 091910 8475
20151127 091910 8475
20151127 091910 8475
20151127 091910 8475
20151127 091910 8475
20151127 091910 8475
20151127 091910 8475
20151127 091910 8475
20151127 091910 8475
20151127 091910 8475
20151127 091910 8475
20151127 091910 8475
20151127 091910 8480
20151127 091918 8474
20151127 091918 8474
20151127 091922 8473
20151127 091922 8473
20151127 091923 8472
20151127 091923 8472
20151127 091924 8471
20151127 091924 8471
20151127 091924 8471
20151127 091924 8471
20151127 091924 8471
20151127 091924 8471
20151127 091924 8477
20151127 091935 8471
20151127 091940 8472
20151127 091940 8472
20151127 091941 8472
20151127 092000 8471
20151127 092000 8471
20151127 092011 8480
20151127 092026 8476
20151127 092028 8476
20151127 092035 8478
20151127 092040 8484
20151127 092040 8485
20151127 092040 8485
20151127 092040 8486
20151127 092040 8486
20151127 092040 8486
20151127 092040 8489
20151127 092042 8486
20151127 092042 8486
20151127 092042 8486
20151127 092044 8485
20151127 092046 8485
20151127 092047 8485
20151127 092051 8485
20151127 092053 8485
20151127 092053 8485
20151127 092054 8486
20151127 092057 8485
20151127 092057 8486
20151127 092101 8483
20151127 092123 8480
20151127 092131 8479
20151127 092133 8481
20151127 092159 8481
20151127 092159 8481
20151127 092200 8481
20151127 092200 8481
20151127 092200 8481
20151127 092229 8481
20151127 092243 8481
20151127 092250 8480
20151127 092252 8483
20151127 092252 8483
20151127 092252 8483
20151127 092341 8480
20151127 092343 8478
20151127 092345 8478
20151127 092348 8478
20151127 092349 8478
20151127 092358 8479
20151127 092358 8479
20151127 092400 8477
20151127 092402 8476
20151127 092403 8471
20151127 092403 8471
20151127 092403 8471
20151127 092403 8471
20151127 092403 8471
20151127 092403 8471
20151127 092403 8471
20151127 092403 8472
20151127 092403 8472
20151127 092403 8473
20151127 092403 8475
20151127 092403 8476
20151127 092403 8478
20151127 092404 8462
20151127 092404 8462
20151127 092404 8462
20151127 092404 8462
20151127 092404 8462
20151127 092404 8462
20151127 092404 8462
20151127 092404 8463
20151127 092404 8463
20151127 092404 8463
20151127 092404 8463
20151127 092404 8463
20151127 092404 8464
20151127 092404 8464
20151127 092404 8464
20151127 092404 8464
20151127 092404 8464
20151127 092404 8465
20151127 092404 8465
20151127 092404 8466
20151127 092404 8466
20151127 092404 8466
20151127 092404 8466
20151127 092404 8466
20151127 092404 8466
20151127 092404 8466
20151127 092404 8466
20151127 092404 8466
20151127 092404 8466
20151127 092404 8466
20151127 092404 8466
20151127 092404 8466
20151127 092404 8466
20151127 092404 8466
20151127 092404 8467
20151127 092404 8467
20151127 092404 8468
20151127 092404 8469
20151127 092404 8469
20151127 092404 8469
20151127 092404 8469
20151127 092404 8469
20151127 092404 8469
20151127 092404 8469
20151127 092404 8469
20151127 092404 8469
20151127 092404 8470
20151127 092404 8470
20151127 092404 8470
20151127 092404 8470
20151127 092404 8470
20151127 092404 8470
20151127 092404 8470
20151127 092404 8470
20151127 092404 8470
20151127 092404 8470
20151127 092404 8470
20151127 092404 8470
20151127 092404 8470
20151127 092404 8471
20151127 092405 8462
20151127 092407 8461
20151127 092407 8461
20151127 092407 8461
20151127 092407 8461
20151127 092408 8463
20151127 092408 8464
20151127 092413 8465
20151127 092416 8470
20151127 092418 8463
20151127 092420 8461
20151127 092421 8463
20151127 092422 8464
20151127 092423 8463
20151127 092424 8463
20151127 092426 8462
20151127 092427 8465
20151127 092433 8463
20151127 092436 8462
20151127 092437 8462
20151127 092437 8462
20151127 092438 8462
20151127 092438 8462
20151127 092438 8462
20151127 092438 8462
20151127 092439 8462
20151127 092439 8462
20151127 092439 8462
20151127 092440 8463
20151127 092441 8463
20151127 092443 8462
20151127 092446 8462
20151127 092446 8463
20151127 092500 8461
20151127 092500 8461
20151127 092500 8461
20151127 092500 8461
20151127 092500 8462
20151127 092501 8459
20151127 092501 8459
20151127 092501 8460
20151127 092501 8460
20151127 092501 8461
20151127 092501 8461
20151127 092502 8458
20151127 092505 8457
20151127 092505 8457
20151127 092505 8463
20151127 092510 8459
20151127 092510 8459
20151127 092512 8459
20151127 092517 8462
20151127 092518 8462
20151127 092519 8461
20151127 092524 8464
20151127 092525 8463
20151127 092526 8461
20151127 092538 8464
20151127 092538 8464
20151127 092545 8464
20151127 092609 8467
20151127 092609 8467
20151127 092609 8467
20151127 092613 8466
20151127 092613 8466
20151127 092639 8468
20151127 092639 8468
20151127 092648 8469
20151127 092650 8469
20151127 092653 8467
20151127 092654 8467
20151127 092659 8466
20151127 092700 8466
20151127 092700 8466
20151127 092706 8463
20151127 092711 8464
20151127 092711 8464
20151127 092742 8466
20151127 092806 8464
20151127 092822 8463
20151127 092826 8465
20151127 092829 8465
20151127 092836 8466
20151127 092848 8465
20151127 092929 8466
20151127 092932 8466
20151127 092932 8466
20151127 092932 8466
20151127 092947 8471
20151127 092948 8464
20151127 093000 8463
20151127 093000 8463
20151127 093000 8464
20151127 093000 8464
20151127 093000 8464
20151127 093005 8462
20151127 093005 8463
20151127 093006 8462
20151127 093006 8462
20151127 093010 8461
20151127 093010 8461
20151127 093010 8461
20151127 093012 8456
20151127 093012 8456
20151127 093012 8457
20151127 093012 8458
20151127 093013 8455
20151127 093013 8455
20151127 093032 8461
20151127 093034 8460
20151127 093058 8458
20151127 093058 8458
20151127 093058 8458
20151127 093100 8457
20151127 093145 8464
20151127 093152 8463
20151127 093159 8465
20151127 093207 8463
20151127 093232 8471
20151127 093232 8471
20151127 093233 8470
20151127 093238 8471
20151127 093257 8470
20151127 093333 8470
20151127 093412 8468
20151127 093412 8470
20151127 093436 8468
20151127 093439 8466
20151127 093440 8466
20151127 093440 8466
20151127 093444 8463
20151127 093444 8465
20151127 093446 8462
20151127 093450 8462
20151127 093543 8466
20151127 093558 8469
20151127 093559 8469
20151127 093700 8465
20151127 093700 8465
20151127 093701 8464
20151127 093701 8465
20151127 093710 8460
20151127 093711 8460
20151127 093751 8465
20151127 093822 8467
20151127 093826 8469
20151127 093826 8469
20151127 093826 8469
20151127 093827 8471
20151127 093827 8471
20151127 093827 8472
20151127 093827 8473
20151127 093827 8473
20151127 093831 8473
20151127 093845 8479
20151127 093851 8473
20151127 093918 8471
20151127 093918 8471
20151127 093918 8471
20151127 094009 8471
20151127 094015 8470
20151127 094057 8472
20151127 094102 8474
20151127 094108 8473
20151127 094156 8476
20151127 094156 8476
20151127 094156 8476
20151127 094156 8476
20151127 094156 8476
20151127 094201 8477
20151127 094209 8478
20151127 094304 8472
20151127 094304 8472
20151127 094304 8472
20151127 094308 8470
20151127 094308 8470
20151127 094308 8470
20151127 094309 8469
20151127 094309 8470
20151127 094310 8469
20151127 094355 8469
20151127 094355 8469
20151127 094355 8469
20151127 094355 8469
20151127 094355 8469
20151127 094355 8469
20151127 094355 8470
20151127 094357 8469
20151127 094402 8468
20151127 094408 8468
20151127 094416 8469
20151127 094501 8468
20151127 094501 8468
20151127 094501 8469
20151127 094501 8469
20151127 094502 8467
20151127 094502 8467
20151127 094502 8467
20151127 094502 8467
20151127 094502 8467
20151127 094502 8467
20151127 094502 8474
20151127 094505 8466
20151127 094512 8465
20151127 094513 8465
20151127 094513 8465
20151127 094528 8462
20151127 094532 8461
20151127 094533 8461
20151127 094534 8460
20151127 094535 8456
20151127 094535 8456
20151127 094535 8457
20151127 094535 8458
20151127 094535 8458
20151127 094535 8458
20151127 094535 8460
20151127 094535 8460
20151127 094535 8460
20151127 094535 8460
20151127 094535 8460
20151127 094535 8464
20151127 094536 8450
20151127 094536 8450
20151127 094536 8451
20151127 094536 8451
20151127 094536 8451
20151127 094536 8451
20151127 094536 8451
20151127 094536 8451
20151127 094536 8451
20151127 094536 8451
20151127 094536 8451
20151127 094536 8451
20151127 094536 8452
20151127 094536 8452
20151127 094536 8452
20151127 094536 8452
20151127 094536 8452
20151127 094536 8452
20151127 094536 8453
20151127 094536 8453
20151127 094536 8453
20151127 094536 8454
20151127 094536 8455
20151127 094536 8455
20151127 094536 8455
20151127 094536 8455
20151127 094536 8455
20151127 094536 8455
20151127 094536 8455
20151127 094536 8456
20151127 094536 8460
20151127 094537 8450
20151127 094539 8450
20151127 094539 8451
20151127 094539 8451
20151127 094544 8454
20151127 094555 8454
20151127 094603 8454
20151127 094610 8454
20151127 094613 8452
20151127 094613 8453
20151127 094613 8453
20151127 094614 8451
20151127 094615 8451
20151127 094618 8451
20151127 094618 8451
20151127 094618 8460
20151127 094620 8451
20151127 094625 8453
20151127 094632 8462
20151127 094652 8457
20151127 094659 8459
20151127 094742 8458
20151127 094756 8455
20151127 094804 8454
20151127 094810 8453
20151127 094813 8452
20151127 094814 8452
20151127 094815 8451
20151127 094815 8451
20151127 094815 8451
20151127 094815 8451
20151127 094815 8451
20151127 094816 8450
20151127 094816 8450
20151127 094817 8450
20151127 094817 8450
20151127 094817 8450
20151127 094817 8450
20151127 094817 8450
20151127 094818 8452
20151127 094820 8450
20151127 094822 8453
20151127 094824 8453
20151127 094847 8455
20151127 094847 8455
20151127 094849 8455
20151127 094852 8453
20151127 094853 8453
20151127 094900 8462
20151127 094904 8451
20151127 094904 8451
20151127 094905 8451
20151127 094905 8451
20151127 094907 8450
20151127 094907 8450
20151127 094907 8450
20151127 094912 8450
20151127 094912 8450
20151127 094912 8450
20151127 094912 8451
20151127 094913 8447
20151127 094913 8448
20151127 094913 8448
20151127 094913 8448
20151127 094913 8449
20151127 094913 8449
20151127 094913 8450
20151127 094913 8450
20151127 094913 8450
20151127 094913 8450
20151127 094913 8450
20151127 094913 8450
20151127 094913 8450
20151127 094913 8450
20151127 094913 8450
20151127 094913 8450
20151127 094913 8450
20151127 094913 8450
20151127 094913 8450
20151127 094913 8450
20151127 094914 8447
20151127 094914 8447
20151127 094914 8447
20151127 094914 8447
20151127 094914 8447
20151127 094915 8446
20151127 094915 8446
20151127 094916 8448
20151127 094918 8447
20151127 094925 8446
20151127 094925 8446
20151127 094942 8447
20151127 094947 8447
20151127 094947 8447
20151127 094951 8448
20151127 094953 8447
20151127 095001 8446
20151127 095001 8446
20151127 095003 8447
20151127 095008 8445
20151127 095008 8445
20151127 095009 8455
20151127 095013 8448
20151127 095022 8451
20151127 095022 8451
20151127 095024 8452
20151127 095113 8455
20151127 095137 8456
20151127 095147 8455
20151127 095150 8452
20151127 095150 8452
20151127 095150 8452
20151127 095150 8452
20151127 095151 8451
20151127 095152 8452
20151127 095156 8451
20151127 095201 8450
20151127 095201 8450
20151127 095219 8453
20151127 095230 8455
20151127 095232 8454
20151127 095244 8456
20151127 095319 8453
20151127 095440 8455
20151127 095448 8454
20151127 095501 8450
20151127 095502 8449
20151127 095514 8456
20151127 095515 8458
20151127 095521 8455
20151127 095543 8454
20151127 095700 8453
20151127 095700 8453
20151127 095703 8453
20151127 095727 8453
20151127 095727 8453
20151127 095800 8456
20151127 095817 8453
20151127 095824 8455
20151127 095832 8457
20151127 095855 8454
20151127 095938 8454
20151127 095939 8453
20151127 095939 8453
20151127 095939 8453
20151127 095939 8453
20151127 095939 8453
20151127 095941 8452
20151127 100025 8448
20151127 100025 8448
20151127 100025 8449
20151127 100025 8456
20151127 100025 8457
20151127 100026 8447
20151127 100026 8447
20151127 100026 8455
20151127 100055 8453
20151127 100055 8453
20151127 100055 8453
20151127 100101 8456
20151127 100104 8458
20151127 100108 8458
20151127 100255 8458
20151127 100259 8458
20151127 100324 8459
20151127 100421 8457
20151127 100435 8458
20151127 100445 8459
20151127 100445 8459
20151127 100511 8455
20151127 100513 8454
20151127 100531 8456
20151127 100611 8454
20151127 100611 8455
20151127 100617 8454
20151127 100628 8454
20151127 100654 8462
20151127 100800 8449
20151127 100800 8450
20151127 100801 8448
20151127 100801 8448
20151127 100801 8450
20151127 100812 8449
20151127 100826 8452
20151127 100933 8455
20151127 100948 8457
20151127 101239 8447
20151127 101239 8447
20151127 101239 8448
20151127 101239 8448
20151127 101239 8448
20151127 101239 8449
20151127 101239 8450
20151127 101239 8450
20151127 101240 8447
20151127 101240 8447
20151127 101240 8447
20151127 101240 8447
20151127 101240 8456
20151127 101240 8456
20151127 101247 8448
20151127 101307 8448
20151127 101308 8445
20151127 101308 8445
20151127 101308 8445
20151127 101308 8445
20151127 101308 8445
20151127 101308 8445
20151127 101308 8446
20151127 101308 8446
20151127 101308 8446
20151127 101309 8442
20151127 101309 8442
20151127 101309 8442
20151127 101309 8443
20151127 101309 8443
20151127 101309 8443
20151127 101309 8444
20151127 101309 8444
20151127 101309 8444
20151127 101309 8444
20151127 101309 8444
20151127 101309 8444
20151127 101309 8444
20151127 101309 8444
20151127 101309 8444
20151127 101309 8444
20151127 101309 8452
20151127 101309 8452
20151127 101312 8444
20151127 101335 8443
20151127 101337 8441
20151127 101337 8442
20151127 101338 8442
20151127 101339 8441
20151127 101340 8441
20151127 101340 8441
20151127 101341 8441
20151127 101341 8441
20151127 101341 8442
20151127 101343 8439
20151127 101343 8439
20151127 101343 8439
20151127 101343 8439
20151127 101343 8440
20151127 101343 8440
20151127 101343 8440
20151127 101345 8440
20151127 101346 8440
20151127 101348 8440
20151127 101349 8440
20151127 101349 8442
20151127 101353 8440
20151127 101355 8439
20151127 101355 8439
20151127 101355 8439
20151127 101355 8440
20151127 101356 8439
20151127 101416 8443
20151127 101421 8444
20151127 101440 8445
20151127 101447 8442
20151127 101459 8441
20151127 101459 8441
20151127 101459 8441
20151127 101459 8441
20151127 101500 8440
20151127 101500 8440
20151127 101518 8445
20151127 101519 8445
20151127 101519 8445
20151127 101537 8445
20151127 101537 8445
20151127 101546 8446
20151127 101546 8446
20151127 101548 8446
20151127 101548 8446
20151127 101625 8447
20151127 101642 8446
20151127 101645 8446
20151127 101707 8446
20151127 101708 8447
20151127 101709 8446
20151127 101729 8446
20151127 101752 8446
20151127 101810 8447
20151127 101828 8446
20151127 101929 8452
20151127 101929 8452
20151127 101937 8451
20151127 101943 8452
20151127 101948 8452
20151127 101953 8451
20151127 102020 8454
20151127 102021 8453
20151127 102029 8450
20151127 102029 8450
20151127 102031 8460
20151127 102033 8450
20151127 102042 8450
20151127 102043 8450
20151127 102046 8449
20151127 102101 8449
20151127 102144 8449
20151127 102202 8449
20151127 102311 8451
20151127 102323 8452
20151127 102415 8449
20151127 102452 8451
20151127 102452 8451
20151127 102453 8451
20151127 102455 8451
20151127 102510 8451
20151127 102522 8450
20151127 102522 8450
20151127 102609 8450
20151127 102610 8450
20151127 102615 8449
20151127 102743 8451
20151127 102806 8454
20151127 102807 8456
20151127 102819 8458
20151127 102918 8465
20151127 102923 8454
20151127 103011 8456
20151127 103011 8456
20151127 103015 8454
20151127 103015 8454
20151127 103018 8454
20151127 103049 8453
20151127 103058 8451
20151127 103058 8451
20151127 103102 8448
20151127 103132 8452
20151127 103236 8451
20151127 103238 8451
20151127 103238 8451
20151127 103253 8452
20151127 103255 8451
20151127 103258 8451
20151127 103310 8450
20151127 103317 8450
20151127 103318 8450
20151127 103338 8451
20151127 103351 8450
20151127 103351 8450
20151127 103449 8464
20151127 103450 8455
20151127 103450 8455
20151127 103513 8465
20151127 103520 8457
20151127 103521 8457
20151127 103538 8455
20151127 103541 8456
20151127 103542 8457
20151127 103543 8457
20151127 103557 8460
20151127 103557 8460
20151127 103557 8460
20151127 103600 8460
20151127 103600 8460
20151127 103600 8461
20151127 103600 8461
20151127 103600 8461
20151127 103600 8461
20151127 103600 8461
20151127 103601 8461
20151127 103601 8461
20151127 103601 8462
20151127 103601 8463
20151127 103604 8461
20151127 103605 8461
20151127 103631 8459
20151127 103632 8459
20151127 103632 8459
20151127 103632 8459
20151127 103633 8459
20151127 103654 8461
20151127 103700 8461
20151127 103716 8461
20151127 103719 8461
20151127 103735 8459
20151127 103742 8458
20151127 103742 8459
20151127 103743 8458
20151127 103755 8459
20151127 103756 8459
20151127 103824 8458
20151127 103844 8457
20151127 103844 8457
20151127 103920 8457
20151127 103955 8457
20151127 103955 8457
20151127 104004 8457
20151127 104004 8458
20151127 104023 8457
20151127 104129 8456
20151127 104241 8456
20151127 104259 8454
20151127 104259 8454
20151127 104302 8454
20151127 104304 8453
20151127 104306 8452
20151127 104309 8452
20151127 104434 8457
20151127 104500 8458
20151127 104500 8458
20151127 104537 8456
20151127 104626 8459
20151127 104702 8456
20151127 104702 8456
20151127 104719 8456
20151127 104742 8456
20151127 104749 8455
20151127 104750 8455
20151127 104750 8455
20151127 104813 8454
20151127 104912 8455
20151127 104919 8453
20151127 104921 8451
20151127 104922 8451
20151127 104922 8451
20151127 104923 8451
20151127 104926 8451
20151127 104927 8451
20151127 104927 8451
20151127 105107 8453
20151127 105115 8453
20151127 105214 8455
20151127 105314 8453
20151127 105314 8453
20151127 105453 8453
20151127 105535 8452
20151127 105537 8452
20151127 105540 8451
20151127 105540 8451
20151127 105540 8451
20151127 105540 8451
20151127 105540 8451
20151127 105540 8451
20151127 105541 8449
20151127 105541 8449
20151127 105541 8449
20151127 105542 8449
20151127 105542 8449
20151127 105543 8448
20151127 105543 8449
20151127 105551 8448
20151127 105605 8450
20151127 105625 8451
20151127 105651 8451
20151127 105713 8453
20151127 105826 8451
20151127 105841 8450
20151127 105852 8449
20151127 105853 8449
20151127 110003 8449
20151127 110006 8448
20151127 110017 8448
20151127 110017 8448
20151127 110101 8442
20151127 110101 8442
20151127 110101 8442
20151127 110101 8442
20151127 110101 8442
20151127 110101 8442
20151127 110101 8442
20151127 110101 8442
20151127 110101 8443
20151127 110101 8444
20151127 110101 8444
20151127 110101 8444
20151127 110101 8444
20151127 110101 8444
20151127 110101 8444
20151127 110101 8445
20151127 110101 8451
20151127 110101 8451
20151127 110101 8451
20151127 110101 8452
20151127 110102 8441
20151127 110102 8441
20151127 110102 8441
20151127 110102 8441
20151127 110102 8441
20151127 110102 8441
20151127 110102 8442
20151127 110118 8444
20151127 110144 8447
20151127 110236 8448
20151127 110322 8450
20151127 110509 8448
20151127 110522 8451
20151127 110522 8451
20151127 110525 8452
20151127 110525 8456
20151127 110525 8456
20151127 110617 8451
20151127 110654 8449
20151127 110702 8449
20151127 110746 8447
20151127 110806 8446
20151127 110807 8446
20151127 110808 8445
20151127 110814 8443
20151127 110814 8443
20151127 110819 8443
20151127 110842 8443
20151127 110846 8444
20151127 110911 8442
20151127 110914 8441
20151127 110914 8441
20151127 110915 8441
20151127 110938 8443
20151127 110938 8443
20151127 111004 8436
20151127 111004 8436
20151127 111004 8436
20151127 111004 8436
20151127 111004 8436
20151127 111004 8436
20151127 111004 8436
20151127 111004 8436
20151127 111004 8436
20151127 111004 8436
20151127 111004 8436
20151127 111004 8436
20151127 111004 8436
20151127 111004 8436
20151127 111004 8436
20151127 111004 8436
20151127 111004 8436
20151127 111004 8436
20151127 111004 8436
20151127 111004 8436
20151127 111004 8437
20151127 111004 8437
20151127 111004 8437
20151127 111004 8437
20151127 111004 8438
20151127 111004 8438
20151127 111004 8438
20151127 111004 8438
20151127 111004 8438
20151127 111004 8439
20151127 111004 8439
20151127 111004 8439
20151127 111004 8440
20151127 111004 8440
20151127 111004 8440
20151127 111004 8444
20151127 111004 8446
20151127 111004 8448
20151127 111005 8435
20151127 111032 8444
20151127 111035 8439
20151127 111041 8436
20151127 111111 8438
20151127 111116 8439
20151127 111144 8441
20151127 111200 8439
20151127 111200 8439
20151127 111205 8439
20151127 111227 8436
20151127 111227 8436
20151127 111249 8435
20151127 111249 8435
20151127 111251 8435
20151127 111251 8435
20151127 111251 8435
20151127 111251 8435
20151127 111251 8435
20151127 111251 8435
20151127 111252 8434
20151127 111252 8434
20151127 111252 8434
20151127 111252 8434
20151127 111252 8434
20151127 111252 8434
20151127 111253 8433
20151127 111253 8433
20151127 111253 8433
20151127 111253 8433
20151127 111253 8434
20151127 111253 8434
20151127 111253 8434
20151127 111253 8434
20151127 111256 8434
20151127 111256 8435
20151127 111303 8434
20151127 111306 8432
20151127 111306 8432
20151127 111306 8432
20151127 111307 8431
20151127 111307 8431
20151127 111307 8431
20151127 111307 8431
20151127 111308 8431
20151127 111308 8431
20151127 111308 8431
20151127 111308 8431
20151127 111308 8431
20151127 111308 8431
20151127 111308 8431
20151127 111308 8431
20151127 111308 8431
20151127 111308 8431
20151127 111309 8431
20151127 111309 8431
20151127 111309 8431
20151127 111309 8431
20151127 111309 8431
20151127 111309 8431
20151127 111310 8431
20151127 111310 8431
20151127 111310 8431
20151127 111310 8431
20151127 111310 8431
20151127 111310 8431
20151127 111310 8431
20151127 111310 8431
20151127 111310 8431
20151127 111311 8431
20151127 111313 8431
20151127 111313 8432
20151127 111314 8433
20151127 111335 8435
20151127 111401 8433
20151127 111402 8431
20151127 111403 8431
20151127 111403 8431
20151127 111403 8431
20151127 111403 8431
20151127 111404 8429
20151127 111404 8429
20151127 111404 8429
20151127 111404 8429
20151127 111404 8429
20151127 111404 8429
20151127 111404 8429
20151127 111404 8429
20151127 111404 8430
20151127 111404 8430
20151127 111404 8430
20151127 111405 8428
20151127 111405 8428
20151127 111405 8428
20151127 111405 8428
20151127 111405 8429
20151127 111413 8430
20151127 111420 8427
20151127 111436 8431
20151127 111450 8431
20151127 111450 8431
20151127 111501 8427
20151127 111501 8427
20151127 111501 8428
20151127 111501 8428
20151127 111501 8428
20151127 111501 8428
20151127 111504 8429
20151127 111504 8430
20151127 111507 8430
20151127 111508 8430
20151127 111516 8434
20151127 111516 8434
20151127 111517 8434
20151127 111608 8433
20151127 111632 8433
20151127 111648 8434
20151127 111649 8434
20151127 111657 8433
20151127 111706 8432
20151127 111718 8434
20151127 111734 8433
20151127 111801 8431
20151127 111801 8431
20151127 111801 8431
20151127 111806 8430
20151127 111806 8430
20151127 111807 8429
20151127 111807 8429
20151127 111807 8429
20151127 111807 8429
20151127 111904 8433
20151127 111905 8433
20151127 111915 8429
20151127 111924 8432
20151127 111956 8433
20151127 112001 8430
20151127 112146 8433
20151127 112159 8430
20151127 112201 8429
20151127 112201 8429
20151127 112202 8429
20151127 112205 8428
20151127 112206 8425
20151127 112206 8426
20151127 112206 8426
20151127 112206 8426
20151127 112206 8426
20151127 112206 8426
20151127 112206 8427
20151127 112206 8427
20151127 112206 8427
20151127 112206 8427
20151127 112206 8427
20151127 112206 8428
20151127 112206 8428
20151127 112206 8428
20151127 112206 8428
20151127 112206 8432
20151127 112207 8422
20151127 112207 8422
20151127 112207 8423
20151127 112207 8423
20151127 112207 8423
20151127 112207 8423
20151127 112207 8423
20151127 112207 8423
20151127 112207 8423
20151127 112207 8423
20151127 112207 8423
20151127 112207 8423
20151127 112207 8424
20151127 112207 8424
20151127 112207 8424
20151127 112207 8424
20151127 112207 8432
20151127 112208 8423
20151127 112229 8423
20151127 112229 8423
20151127 112232 8422
20151127 112232 8422
20151127 112232 8422
20151127 112234 8421
20151127 112234 8421
20151127 112234 8421
20151127 112234 8421
20151127 112234 8421
20151127 112234 8421
20151127 112234 8421
20151127 112234 8421
20151127 112234 8421
20151127 112234 8421
20151127 112234 8421
20151127 112234 8421
20151127 112234 8421
20151127 112234 8421
20151127 112234 8421
20151127 112234 8421
20151127 112235 8419
20151127 112235 8420
20151127 112235 8420
20151127 112235 8420
20151127 112235 8420
20151127 112235 8420
20151127 112236 8419
20151127 112236 8419
20151127 112236 8419
20151127 112236 8419
20151127 112240 8421
20151127 112240 8421
20151127 112240 8421
20151127 112240 8421
20151127 112241 8421
20151127 112243 8423
20151127 112307 8422
20151127 112334 8421
20151127 112334 8421
20151127 112334 8421
20151127 112334 8421
20151127 112334 8421
20151127 112339 8420
20151127 112340 8419
20151127 112340 8419
20151127 112341 8418
20151127 112401 8416
20151127 112401 8416
20151127 112401 8416
20151127 112401 8416
20151127 112401 8417
20151127 112401 8417
20151127 112401 8417
20151127 112401 8417
20151127 112401 8417
20151127 112401 8418
20151127 112401 8418
20151127 112401 8418
20151127 112405 8416
20151127 112406 8416
20151127 112407 8416
20151127 112435 8421
20151127 112441 8423
20151127 112502 8419
20151127 112505 8419
20151127 112520 8422
20151127 112545 8423
20151127 112548 8422
20151127 112707 8430
20151127 112722 8424
20151127 112745 8422
20151127 112753 8422
20151127 112754 8422
20151127 112814 8422
20151127 112823 8423
20151127 112826 8422
20151127 112838 8422
20151127 112839 8422
20151127 112904 8422
20151127 112915 8388
20151127 112938 8424
20151127 113000 8422
20151127 113101 8419
20151127 113101 8419
20151127 113101 8419
20151127 113101 8419
20151127 113105 8420
20151127 113217 8427
20151127 113230 8427
20151127 113232 8427
20151127 113340 8424
20151127 113344 8433
20151127 113404 8425
20151127 113421 8425
20151127 113501 8428
20151127 113506 8428
20151127 113617 8426
20151127 113656 8426
20151127 113746 8422
20151127 113750 8421
20151127 113750 8421
20151127 113750 8421
20151127 113750 8421
20151127 113820 8417
20151127 113820 8417
20151127 113821 8415
20151127 113821 8416
20151127 113821 8416
20151127 113821 8416
20151127 113821 8416
20151127 113821 8416
20151127 113821 8416
20151127 113822 8424
20151127 113837 8414
20151127 113839 8413
20151127 113839 8413
20151127 113839 8413
20151127 113839 8413
20151127 113839 8413
20151127 113839 8413
20151127 113839 8413
20151127 113840 8413
20151127 113840 8413
20151127 113841 8413
20151127 113841 8413
20151127 113847 8413
20151127 113848 8413
20151127 113851 8412
20151127 113852 8412
20151127 113859 8412
20151127 113938 8412
20151127 114001 8409
20151127 114001 8409
20151127 114001 8409
20151127 114001 8410
20151127 114001 8410
20151127 114010 8415
20151127 114019 8414
20151127 114020 8414
20151127 114028 8414
20151127 114100 8410
20151127 114154 8414
20151127 114412 8409
20151127 114412 8409
20151127 114412 8410
20151127 114415 8408
20151127 114421 8409
20151127 114437 8414
20151127 114437 8415
20151127 114438 8417
20151127 114439 8418
20151127 114441 8424
20151127 114443 8419
20151127 114501 8415
20151127 114501 8424
20151127 114506 8419
20151127 114521 8421
20151127 114531 8421
20151127 114534 8423
20151127 114535 8422
20151127 114536 8423
20151127 114631 8418
20151127 114737 8428
20151127 115046 8421
20151127 115345 8423
20151127 115442 8422
20151127 115453 8422
20151127 115516 8419
20151127 115520 8419
20151127 115521 8428
20151127 115537 8419
20151127 115555 8419
20151127 115607 8427
20151127 115623 8419
20151127 115636 8413
20151127 115638 8425
20151127 115638 8425
20151127 115650 8414
20151127 115913 8416
20151127 120006 8412
20151127 120021 8414
20151127 120036 8425
20151127 120043 8416
20151127 120043 8416
20151127 120043 8416
20151127 120043 8416
20151127 120043 8416
20151127 120044 8416
20151127 120327 8417
20151127 120425 8419
20151127 120425 8419
20151127 120425 8419
20151127 120637 8417
20151127 120850 8414
20151127 120907 8414
20151127 120930 8411
20151127 120930 8412
20151127 120930 8412
20151127 120933 8409
20151127 120933 8409
20151127 120933 8409
20151127 120933 8410
20151127 120933 8421
20151127 120934 8406
20151127 120934 8406
20151127 120934 8406
20151127 120934 8406
20151127 120934 8406
20151127 120934 8406
20151127 120934 8407
20151127 120934 8407
20151127 120934 8407
20151127 120934 8407
20151127 120934 8408
20151127 120934 8408
20151127 120934 8408
20151127 120936 8405
20151127 120938 8405
20151127 120954 8409
20151127 121023 8403
20151127 121023 8404
20151127 121023 8415
20151127 121043 8403
20151127 121045 8403
20151127 121047 8402
20151127 121055 8403
20151127 121105 8405
20151127 121130 8406
20151127 121132 8406
20151127 121138 8405
20151127 121215 8406
20151127 121258 8403
20151127 121302 8401
20151127 121302 8401
20151127 121302 8401
20151127 121302 8401
20151127 121302 8401
20151127 121302 8401
20151127 121302 8401
20151127 121302 8401
20151127 121302 8401
20151127 121302 8401
20151127 121302 8401
20151127 121302 8401
20151127 121302 8401
20151127 121302 8402
20151127 121309 8402
20151127 121309 8402
20151127 121333 8404
20151127 121335 8404
20151127 121339 8405
20151127 121516 8403
20151127 121534 8399
20151127 121534 8399
20151127 121534 8400
20151127 121535 8397
20151127 121535 8397
20151127 121535 8397
20151127 121535 8398
20151127 121536 8397
20151127 121536 8397
20151127 121536 8397
20151127 121536 8397
20151127 121558 8395
20151127 121600 8395
20151127 121601 8394
20151127 121601 8394
20151127 121601 8394
20151127 121601 8394
20151127 121601 8394
20151127 121601 8394
20151127 121601 8394
20151127 121601 8394
20151127 121601 8394
20151127 121601 8394
20151127 121601 8395
20151127 121605 8392
20151127 121612 8396
20151127 121613 8399
20151127 121613 8399
20151127 121613 8400
20151127 121613 8400
20151127 121614 8399
20151127 121621 8402
20151127 121621 8408
20151127 121622 8403
20151127 121624 8403
20151127 121633 8404
20151127 121740 8407
20151127 121740 8408
20151127 121740 8408
20151127 121743 8408
20151127 121755 8411
20151127 121805 8410
20151127 121806 8409
20151127 121813 8407
20151127 121834 8411
20151127 121907 8410
20151127 121919 8409
20151127 122132 8409
20151127 122132 8409
20151127 122132 8409
20151127 122132 8409
20151127 122222 8412
20151127 122222 8413
20151127 122224 8414
20151127 122236 8414
20151127 122242 8414
20151127 122243 8414
20151127 122244 8414
20151127 122244 8414
20151127 122348 8415
20151127 122348 8415
20151127 122349 8416
20151127 122349 8416
20151127 122349 8417
20151127 122350 8417
20151127 122350 8417
20151127 122412 8415
20151127 122451 8415
20151127 122509 8413
20151127 122509 8413
20151127 122509 8413
20151127 122509 8415
20151127 122537 8413
20151127 122549 8413
20151127 122603 8412
20151127 122639 8413
20151127 122723 8413
20151127 123155 8410
20151127 123155 8411
20151127 123155 8411
20151127 123155 8411
20151127 123155 8411
20151127 123155 8411
20151127 123156 8410
20151127 123157 8410
20151127 123157 8410
20151127 123157 8410
20151127 123246 8410
20151127 123404 8412
20151127 123519 8416
20151127 123519 8416
20151127 123519 8416
20151127 123519 8416
20151127 123519 8416
20151127 123519 8416
20151127 123520 8417
20151127 123526 8417
20151127 123526 8417
20151127 123608 8415
20151127 123608 8415
20151127 123609 8415
20151127 123609 8415
20151127 123628 8414
20151127 123758 8412
20151127 123942 8411
20151127 123942 8417
20151127 124004 8411
20151127 124020 8409
20151127 124020 8410
20151127 124030 8408
20151127 124032 8407
20151127 124032 8407
20151127 124032 8407
20151127 124034 8406
20151127 124035 8406
20151127 124035 8406
20151127 124036 8406
20151127 124042 8404
20151127 124042 8404
20151127 124049 8407
20151127 124128 8407
20151127 124146 8410
20151127 124146 8411
20151127 124147 8418
20151127 124502 8418
20151127 124615 8410
20151127 124615 8410
20151127 125226 8412
20151127 125226 8412
20151127 125226 8413
20151127 125226 8420
20151127 125417 8412
20151127 125519 8414
20151127 125532 8417
20151127 125533 8417
20151127 125534 8418
20151127 125534 8418
20151127 125556 8416
20151127 125656 8417
20151127 125659 8417
20151127 125659 8417
20151127 125659 8417
20151127 125659 8417
20151127 125659 8417
20151127 125659 8417
20151127 125659 8417
20151127 125711 8417
20151127 125725 8417
20151127 125808 8415
20151127 125808 8415
20151127 125808 8415
20151127 125826 8413
20151127 125830 8414
20151127 125928 8414
20151127 130011 8420
20151127 130011 8420
20151127 130034 8410
20151127 130034 8410
20151127 130034 8410
20151127 130035 8410
20151127 130035 8410
20151127 130035 8410
20151127 130036 8410
20151127 130038 8410
20151127 130231 8413
20151127 130302 8415
20151127 130307 8414
20151127 130411 8415
20151127 130417 8415
20151127 130417 8415
20151127 130527 8420
20151127 130528 8420
20151127 130539 8421
20151127 130539 8426
20151127 130606 8421
20151127 130608 8422
20151127 130621 8422
20151127 130621 8422
20151127 130622 8423
20151127 130622 8423
20151127 130622 8424
20151127 130622 8424
20151127 130622 8424
20151127 130622 8424
20151127 130622 8424
20151127 130706 8421
20151127 130732 8420
20151127 130928 8418
20151127 130933 8419
20151127 130953 8419
20151127 130958 8417
20151127 130958 8417
20151127 131008 8412
20151127 131008 8412
20151127 131008 8412
20151127 131041 8415
20151127 131122 8414
20151127 131135 8414
20151127 131142 8415
20151127 131208 8422
20151127 131211 8417
20151127 131257 8416
20151127 131303 8416
20151127 131420 8422
20151127 131458 8417
20151127 131648 8417
20151127 131648 8417
20151127 131648 8417
20151127 131745 8416
20151127 131745 8416
20151127 132050 8414
20151127 132110 8414
20151127 132110 8414
20151127 132120 8413
20151127 132124 8413
20151127 132140 8412
20151127 132150 8413
20151127 132151 8412
20151127 132151 8412
20151127 132214 8412
20151127 132251 8411
20151127 132253 8413
20151127 132303 8412
20151127 132345 8414
20151127 132359 8413
20151127 132402 8415
20151127 132425 8413
20151127 132719 8412
20151127 132719 8412
20151127 132728 8410
20151127 132728 8410
20151127 132728 8410
20151127 132728 8410
20151127 132728 8410
20151127 132728 8410
20151127 132728 8410
20151127 132728 8410
20151127 132730 8410
20151127 132852 8409
20151127 132901 8408
20151127 132901 8408
20151127 132901 8408
20151127 132940 8408
20151127 132943 8407
20151127 132943 8407
20151127 132943 8407
20151127 132954 8407
20151127 133001 8405
20151127 133002 8403
20151127 133002 8403
20151127 133002 8403
20151127 133003 8403
20151127 133005 8401
20151127 133006 8401
20151127 133006 8401
20151127 133006 8401
20151127 133006 8401
20151127 133006 8401
20151127 133010 8401
20151127 133011 8401
20151127 133015 8401
20151127 133015 8401
20151127 133016 8401
20151127 133017 8400
20151127 133017 8400
20151127 133018 8399
20151127 133018 8399
20151127 133018 8399
20151127 133018 8400
20151127 133018 8400
20151127 133023 8398
20151127 133035 8395
20151127 133036 8394
20151127 133037 8394
20151127 133037 8394
20151127 133037 8394
20151127 133038 8392
20151127 133038 8393
20151127 133038 8393
20151127 133038 8393
20151127 133038 8402
20151127 133039 8394
20151127 133039 8394
20151127 133039 8394
20151127 133043 8395
20151127 133043 8395
20151127 133045 8396
20151127 133046 8401
20151127 133047 8395
20151127 133054 8395
20151127 133057 8395
20151127 133104 8395
20151127 133105 8395
20151127 133147 8391
20151127 133158 8392
20151127 133202 8393
20151127 133202 8393
20151127 133202 8393
20151127 133203 8394
20151127 133203 8394
20151127 133203 8394
20151127 133206 8395
20151127 133207 8400
20151127 133208 8394
20151127 133208 8394
20151127 133251 8392
20151127 133301 8399
20151127 133320 8396
20151127 133341 8396
20151127 133343 8402
20151127 133408 8400
20151127 133414 8395
20151127 133438 8395
20151127 133445 8393
20151127 133446 8394
20151127 133447 8394
20151127 133452 8393
20151127 133507 8393
20151127 133508 8392
20151127 133508 8392
20151127 133510 8393
20151127 133510 8393
20151127 133510 8393
20151127 133513 8391
20151127 133514 8391
20151127 133521 8393
20151127 133546 8393
20151127 133555 8389
20151127 133555 8389
20151127 133555 8389
20151127 133555 8389
20151127 133555 8389
20151127 133555 8389
20151127 133555 8389
20151127 133555 8389
20151127 133555 8390
20151127 133555 8390
20151127 133555 8390
20151127 133555 8390
20151127 133555 8390
20151127 133555 8390
20151127 133558 8387
20151127 133558 8387
20151127 133558 8388
20151127 133558 8388
20151127 133558 8388
20151127 133558 8388
20151127 133559 8386
20151127 133559 8386
20151127 133559 8386
20151127 133559 8386
20151127 133602 8387
20151127 133624 8385
20151127 133625 8385
20151127 133625 8385
20151127 133626 8383
20151127 133626 8383
20151127 133626 8383
20151127 133627 8383
20151127 133629 8383
20151127 133633 8384
20151127 133633 8384
20151127 133637 8382
20151127 133638 8382
20151127 133639 8382
20151127 133649 8381
20151127 133650 8381
20151127 133651 8380
20151127 133651 8380
20151127 133651 8380
20151127 133651 8380
20151127 133655 8382
20151127 133708 8382
20151127 133710 8382
20151127 133713 8382
20151127 133722 8380
20151127 133722 8380
20151127 133724 8380
20151127 133725 8379
20151127 133726 8378
20151127 133727 8378
20151127 133727 8378
20151127 133727 8378
20151127 133732 8379
20151127 133733 8377
20151127 133737 8378
20151127 133752 8381
20151127 133801 8381
20151127 133811 8381
20151127 133813 8383
20151127 133813 8383
20151127 133813 8383
20151127 133813 8383
20151127 133813 8383
20151127 133814 8383
20151127 133846 8383
20151127 133846 8383
20151127 133846 8383
20151127 133847 8383
20151127 133848 8383
20151127 133900 8385
20151127 133900 8385
20151127 133900 8385
20151127 133902 8385
20151127 133902 8386
20151127 133911 8384
20151127 133914 8383
20151127 133921 8381
20151127 133926 8381
20151127 133928 8380
20151127 133930 8380
20151127 133932 8381
20151127 133938 8380
20151127 133946 8381
20151127 133949 8382
20151127 133949 8382
20151127 133951 8382
20151127 133953 8383
20151127 133959 8383
20151127 134001 8384
20151127 134007 8382
20151127 134007 8382
20151127 134011 8382
20151127 134022 8381
20151127 134034 8382
20151127 134040 8383
20151127 134117 8382
20151127 134129 8383
20151127 134129 8383
20151127 134136 8383
20151127 134155 8384
20151127 134205 8385
20151127 134207 8385
20151127 134207 8385
20151127 134208 8385
20151127 134210 8385
20151127 134210 8386
20151127 134215 8387
20151127 134236 8385
20151127 134243 8386
20151127 134258 8386
20151127 134258 8386
20151127 134301 8387
20151127 134301 8387
20151127 134301 8387
20151127 134301 8387
20151127 134301 8387
20151127 134301 8388
20151127 134301 8388
20151127 134301 8388
20151127 134301 8388
20151127 134301 8388
20151127 134301 8388
20151127 134301 8388
20151127 134301 8389
20151127 134301 8389
20151127 134301 8389
20151127 134304 8387
20151127 134320 8387
20151127 134326 8388
20151127 134328 8388
20151127 134333 8388
20151127 134339 8388
20151127 134341 8389
20151127 134348 8389
20151127 134349 8389
20151127 134412 8388
20151127 134412 8388
20151127 134413 8388
20151127 134413 8388
20151127 134423 8390
20151127 134424 8390
20151127 134424 8390
20151127 134427 8389
20151127 134429 8389
20151127 134429 8389
20151127 134434 8388
20151127 134441 8390
20151127 134444 8390
20151127 134449 8391
20151127 134449 8391
