20151203 084500 8389
20151203 084500 8389
20151203 084500 8389
20151203 084500 8389
20151203 084500 8389
20151203 084500 8390
20151203 084500 8391
20151203 084500 8391
20151203 084500 8392
20151203 084500 8392
20151203 084500 8392
20151203 084500 8393
20151203 084500 8393
20151203 084500 8394
20151203 084500 8394
20151203 084500 8394
20151203 084500 8394
20151203 084500 8394
20151203 084500 8394
20151203 084500 8394
20151203 084501 8385
20151203 084501 8385
20151203 084501 8385
20151203 084501 8385
20151203 084501 8385
20151203 084501 8386
20151203 084501 8386
20151203 084501 8388
20151203 084501 8388
20151203 084501 8388
20151203 084502 8382
20151203 084502 8382
20151203 084502 8382
20151203 084502 8382
20151203 084502 8382
20151203 084502 8382
20151203 084502 8382
20151203 084502 8382
20151203 084502 8382
20151203 084502 8383
20151203 084502 8383
20151203 084502 8383
20151203 084502 8392
20151203 084503 8381
20151203 084503 8381
20151203 084503 8381
20151203 084503 8381
20151203 084503 8381
20151203 084503 8381
20151203 084503 8381
20151203 084503 8381
20151203 084503 8381
20151203 084503 8383
20151203 084503 8384
20151203 084504 8382
20151203 084504 8382
20151203 084504 8402
20151203 084505 8382
20151203 084505 8383
20151203 084505 8384
20151203 084506 8383
20151203 084508 8382
20151203 084508 8383
20151203 084512 8385
20151203 084513 8385
20151203 084517 8384
20151203 084519 8386
20151203 084519 8386
20151203 084520 8386
20151203 084521 8385
20151203 084522 8384
20151203 084523 8386
20151203 084525 8384
20151203 084525 8386
20151203 084527 8384
20151203 084529 8382
20151203 084530 8381
20151203 084531 8379
20151203 084531 8379
20151203 084531 8379
20151203 084531 8381
20151203 084532 8377
20151203 084532 8377
20151203 084532 8377
20151203 084532 8377
20151203 084532 8377
20151203 084532 8377
20151203 084532 8377
20151203 084532 8377
20151203 084532 8378
20151203 084532 8378
20151203 084532 8379
20151203 084533 8380
20151203 084533 8381
20151203 084533 8382
20151203 084534 8381
20151203 084535 8383
20151203 084540 8386
20151203 084540 8386
20151203 084540 8387
20151203 084541 8383
20151203 084541 8385
20151203 084544 8384
20151203 084548 8384
20151203 084554 8384
20151203 084557 8384
20151203 084558 8383
20151203 084558 8384
20151203 084604 8384
20151203 084606 8382
20151203 084606 8382
20151203 084607 8381
20151203 084607 8381
20151203 084607 8381
20151203 084607 8381
20151203 084608 8381
20151203 084608 8381
20151203 084608 8381
20151203 084608 8382
20151203 084609 8381
20151203 084609 8381
20151203 084609 8381
20151203 084611 8380
20151203 084611 8381
20151203 084611 8381
20151203 084611 8381
20151203 084612 8380
20151203 084613 8379
20151203 084613 8379
20151203 084614 8381
20151203 084615 8381
20151203 084620 8381
20151203 084623 8379
20151203 084623 8380
20151203 084627 8380
20151203 084629 8380
20151203 084632 8380
20151203 084635 8379
20151203 084637 8379
20151203 084643 8378
20151203 084643 8378
20151203 084643 8379
20151203 084643 8379
20151203 084644 8379
20151203 084646 8379
20151203 084648 8379
20151203 084650 8378
20151203 084655 8379
20151203 084655 8379
20151203 084656 8379
20151203 084701 8380
20151203 084705 8380
20151203 084706 8380
20151203 084706 8380
20151203 084707 8381
20151203 084715 8382
20151203 084718 8381
20151203 084719 8382
20151203 084724 8379
20151203 084724 8379
20151203 084724 8379
20151203 084724 8380
20151203 084724 8381
20151203 084728 8380
20151203 084737 8383
20151203 084739 8382
20151203 084745 8384
20151203 084748 8384
20151203 084748 8384
20151203 084749 8384
20151203 084749 8384
20151203 084749 8384
20151203 084751 8384
20151203 084752 8384
20151203 084755 8385
20151203 084800 8384
20151203 084800 8384
20151203 084802 8385
20151203 084802 8386
20151203 084805 8385
20151203 084812 8385
20151203 084813 8385
20151203 084818 8384
20151203 084818 8384
20151203 084818 8384
20151203 084818 8384
20151203 084819 8385
20151203 084822 8386
20151203 084827 8389
20151203 084832 8386
20151203 084840 8385
20151203 084844 8385
20151203 084844 8386
20151203 084844 8386
20151203 084844 8386
20151203 084844 8386
20151203 084849 8384
20151203 084849 8384
20151203 084851 8384
20151203 084851 8385
20151203 084853 8384
20151203 084854 8384
20151203 084855 8383
20151203 084855 8383
20151203 084855 8383
20151203 084857 8383
20151203 084858 8383
20151203 084859 8382
20151203 084901 8381
20151203 084902 8381
20151203 084902 8381
20151203 084903 8381
20151203 084903 8381
20151203 084903 8381
20151203 084903 8381
20151203 084903 8381
20151203 084903 8381
20151203 084904 8381
20151203 084904 8381
20151203 084905 8380
20151203 084905 8381
20151203 084906 8380
20151203 084906 8380
20151203 084908 8380
20151203 084912 8379
20151203 084913 8379
20151203 084913 8379
20151203 084913 8379
20151203 084913 8379
20151203 084914 8379
20151203 084916 8378
20151203 084917 8378
20151203 084918 8378
20151203 084918 8378
20151203 084919 8378
20151203 084919 8378
20151203 084919 8378
20151203 084920 8377
20151203 084920 8377
20151203 084920 8377
20151203 084920 8377
20151203 084920 8377
20151203 084920 8377
20151203 084925 8379
20151203 084926 8378
20151203 084930 8379
20151203 084934 8380
20151203 084939 8381
20151203 084949 8383
20151203 084956 8383
20151203 085001 8381
20151203 085005 8388
20151203 085015 8384
20151203 085018 8384
20151203 085021 8383
20151203 085021 8386
20151203 085040 8382
20151203 085041 8381
20151203 085042 8381
20151203 085042 8381
20151203 085042 8381
20151203 085042 8381
20151203 085045 8381
20151203 085046 8380
20151203 085046 8381
20151203 085046 8381
20151203 085056 8380
20151203 085057 8381
20151203 085103 8380
20151203 085104 8379
20151203 085104 8379
20151203 085105 8377
20151203 085105 8377
20151203 085105 8377
20151203 085105 8377
20151203 085105 8377
20151203 085105 8377
20151203 085105 8377
20151203 085105 8377
20151203 085105 8378
20151203 085105 8378
20151203 085105 8378
20151203 085105 8378
20151203 085105 8378
20151203 085105 8378
20151203 085106 8376
20151203 085106 8376
20151203 085106 8376
20151203 085106 8376
20151203 085106 8376
20151203 085106 8376
20151203 085106 8376
20151203 085106 8376
20151203 085106 8376
20151203 085114 8376
20151203 085116 8377
20151203 085120 8376
20151203 085120 8376
20151203 085121 8376
20151203 085122 8376
20151203 085123 8373
20151203 085123 8373
20151203 085123 8373
20151203 085123 8373
20151203 085123 8373
20151203 085123 8374
20151203 085123 8374
20151203 085123 8374
20151203 085123 8376
20151203 085123 8376
20151203 085123 8376
20151203 085123 8376
20151203 085123 8376
20151203 085124 8372
20151203 085125 8372
20151203 085125 8372
20151203 085128 8374
20151203 085132 8371
20151203 085132 8371
20151203 085132 8371
20151203 085132 8371
20151203 085132 8372
20151203 085133 8370
20151203 085134 8369
20151203 085134 8369
20151203 085134 8369
20151203 085134 8369
20151203 085134 8369
20151203 085134 8370
20151203 085137 8369
20151203 085148 8370
20151203 085148 8371
20151203 085148 8371
20151203 085151 8370
20151203 085151 8372
20151203 085152 8372
20151203 085156 8371
20151203 085200 8372
20151203 085203 8373
20151203 085204 8375
20151203 085205 8375
20151203 085209 8374
20151203 085210 8375
20151203 085229 8374
20151203 085236 8374
20151203 085238 8374
20151203 085241 8374
20151203 085248 8375
20151203 085249 8374
20151203 085257 8375
20151203 085258 8373
20151203 085258 8374
20151203 085259 8373
20151203 085259 8382
20151203 085301 8371
20151203 085301 8371
20151203 085301 8371
20151203 085301 8371
20151203 085301 8372
20151203 085305 8371
20151203 085308 8371
20151203 085309 8371
20151203 085314 8371
20151203 085337 8372
20151203 085351 8372
20151203 085400 8373
20151203 085411 8372
20151203 085438 8373
20151203 085438 8373
20151203 085452 8377
20151203 085452 8377
20151203 085453 8377
20151203 085503 8377
20151203 085504 8377
20151203 085519 8380
20151203 085525 8381
20151203 085526 8381
20151203 085530 8381
20151203 085542 8380
20151203 085544 8380
20151203 085554 8380
20151203 085555 8379
20151203 085558 8378
20151203 085558 8378
20151203 085604 8377
20151203 085604 8377
20151203 085605 8377
20151203 085613 8377
20151203 085628 8378
20151203 085630 8379
20151203 085633 8379
20151203 085633 8379
20151203 085633 8379
20151203 085634 8379
20151203 085634 8379
20151203 085643 8379
20151203 085643 8379
20151203 085644 8379
20151203 085645 8379
20151203 085645 8379
20151203 085645 8379
20151203 085646 8379
20151203 085646 8379
20151203 085650 8378
20151203 085650 8379
20151203 085651 8379
20151203 085651 8379
20151203 085652 8379
20151203 085652 8379
20151203 085653 8379
20151203 085653 8379
20151203 085700 8379
20151203 085700 8379
20151203 085701 8379
20151203 085701 8379
20151203 085703 8378
20151203 085705 8379
20151203 085716 8378
20151203 085720 8378
20151203 085722 8378
20151203 085722 8378
20151203 085722 8378
20151203 085723 8377
20151203 085723 8377
20151203 085724 8375
20151203 085724 8375
20151203 085724 8375
20151203 085724 8376
20151203 085724 8376
20151203 085725 8373
20151203 085725 8373
20151203 085725 8373
20151203 085725 8373
20151203 085725 8374
20151203 085725 8375
20151203 085725 8375
20151203 085725 8375
20151203 085725 8375
20151203 085728 8374
20151203 085728 8374
20151203 085728 8374
20151203 085728 8374
20151203 085729 8374
20151203 085730 8374
20151203 085730 8375
20151203 085732 8383
20151203 085734 8373
20151203 085735 8374
20151203 085735 8374
20151203 085753 8374
20151203 085753 8374
20151203 085812 8378
20151203 085812 8378
20151203 085813 8378
20151203 085819 8388
20151203 085834 8376
20151203 085855 8377
20151203 085900 8375
20151203 085900 8375
20151203 085900 8375
20151203 085900 8375
20151203 085913 8375
20151203 085913 8377
20151203 085928 8376
20151203 085959 8374
20151203 085959 8374
20151203 085959 8375
20151203 085959 8375
20151203 090000 8370
20151203 090000 8370
20151203 090000 8370
20151203 090000 8370
20151203 090000 8370
20151203 090000 8370
20151203 090000 8371
20151203 090000 8371
20151203 090000 8371
20151203 090000 8372
20151203 090000 8372
20151203 090000 8373
20151203 090000 8373
20151203 090000 8374
20151203 090000 8374
20151203 090000 8374
20151203 090000 8374
20151203 090000 8374
20151203 090000 8381
20151203 090001 8369
20151203 090001 8370
20151203 090001 8371
20151203 090004 8366
20151203 090004 8366
20151203 090004 8367
20151203 090004 8367
20151203 090004 8368
20151203 090004 8368
20151203 090004 8368
20151203 090005 8363
20151203 090005 8363
20151203 090005 8364
20151203 090005 8364
20151203 090005 8364
20151203 090005 8364
20151203 090005 8364
20151203 090005 8364
20151203 090005 8365
20151203 090005 8365
20151203 090005 8365
20151203 090005 8365
20151203 090005 8365
20151203 090005 8365
20151203 090005 8365
20151203 090005 8365
20151203 090005 8365
20151203 090005 8365
20151203 090005 8365
20151203 090005 8365
20151203 090005 8366
20151203 090005 8366
20151203 090005 8366
20151203 090006 8368
20151203 090006 8370
20151203 090007 8369
20151203 090008 8372
20151203 090009 8370
20151203 090009 8371
20151203 090009 8373
20151203 090013 8372
20151203 090021 8373
20151203 090024 8373
20151203 090028 8381
20151203 090029 8376
20151203 090030 8376
20151203 090035 8369
20151203 090035 8370
20151203 090037 8369
20151203 090037 8369
20151203 090037 8369
20151203 090038 8368
20151203 090041 8365
20151203 090043 8368
20151203 090044 8367
20151203 090044 8367
20151203 090044 8368
20151203 090050 8365
20151203 090106 8368
20151203 090117 8368
20151203 090118 8366
20151203 090118 8366
20151203 090119 8365
20151203 090119 8365
20151203 090119 8377
20151203 090120 8364
20151203 090120 8365
20151203 090120 8365
20151203 090124 8365
20151203 090133 8374
20151203 090134 8371
20151203 090144 8375
20151203 090146 8374
20151203 090148 8374
20151203 090148 8374
20151203 090151 8386
20151203 090158 8375
20151203 090159 8375
20151203 090204 8376
20151203 090204 8377
20151203 090207 8374
20151203 090211 8372
20151203 090211 8372
20151203 090217 8373
20151203 090226 8375
20151203 090226 8376
20151203 090228 8376
20151203 090228 8376
20151203 090229 8376
20151203 090243 8372
20151203 090247 8372
20151203 090247 8372
20151203 090249 8372
20151203 090251 8373
20151203 090252 8372
20151203 090253 8371
20151203 090257 8371
20151203 090303 8372
20151203 090312 8376
20151203 090314 8377
20151203 090316 8379
20151203 090317 8381
20151203 090317 8382
20151203 090317 8383
20151203 090317 8383
20151203 090317 8383
20151203 090317 8383
20151203 090317 8390
20151203 090319 8386
20151203 090322 8378
20151203 090326 8376
20151203 090326 8377
20151203 090339 8382
20151203 090342 8383
20151203 090352 8383
20151203 090354 8385
20151203 090355 8385
20151203 090355 8386
20151203 090355 8387
20151203 090355 8387
20151203 090355 8387
20151203 090355 8388
20151203 090355 8388
20151203 090355 8388
20151203 090356 8390
20151203 090356 8390
20151203 090356 8391
20151203 090356 8391
20151203 090356 8392
20151203 090356 8397
20151203 090358 8397
20151203 090359 8386
20151203 090359 8387
20151203 090400 8386
20151203 090403 8387
20151203 090403 8388
20151203 090403 8388
20151203 090408 8392
20151203 090410 8390
20151203 090411 8390
20151203 090411 8390
20151203 090414 8387
20151203 090416 8388
20151203 090418 8388
20151203 090419 8387
20151203 090420 8387
20151203 090420 8387
20151203 090421 8387
20151203 090425 8386
20151203 090425 8387
20151203 090428 8386
20151203 090432 8385
20151203 090438 8386
20151203 090441 8384
20151203 090442 8383
20151203 090444 8381
20151203 090444 8381
20151203 090444 8381
20151203 090444 8381
20151203 090445 8381
20151203 090446 8383
20151203 090446 8383
20151203 090448 8383
20151203 090448 8383
20151203 090454 8387
20151203 090459 8388
20151203 090459 8388
20151203 090500 8389
20151203 090500 8390
20151203 090500 8392
20151203 090500 8392
20151203 090500 8392
20151203 090501 8393
20151203 090501 8393
20151203 090501 8393
20151203 090501 8393
20151203 090501 8393
20151203 090501 8393
20151203 090502 8392
20151203 090507 8395
20151203 090507 8395
20151203 090507 8396
20151203 090507 8397
20151203 090507 8397
20151203 090507 8397
20151203 090513 8394
20151203 090516 8394
20151203 090520 8394
20151203 090525 8394
20151203 090526 8393
20151203 090537 8391
20151203 090537 8391
20151203 090538 8391
20151203 090538 8391
20151203 090548 8392
20151203 090552 8392
20151203 090552 8393
20151203 090606 8394
20151203 090606 8401
20151203 090608 8392
20151203 090608 8393
20151203 090633 8394
20151203 090633 8394
20151203 090633 8394
20151203 090655 8396
20151203 090657 8395
20151203 090703 8395
20151203 090721 8396
20151203 090725 8397
20151203 090725 8397
20151203 090726 8399
20151203 090727 8399
20151203 090728 8398
20151203 090729 8399
20151203 090730 8397
20151203 090730 8399
20151203 090732 8398
20151203 090737 8401
20151203 090737 8401
20151203 090737 8403
20151203 090737 8403
20151203 090737 8405
20151203 090737 8406
20151203 090737 8406
20151203 090737 8407
20151203 090737 8410
20151203 090737 8413
20151203 090738 8407
20151203 090740 8406
20151203 090740 8408
20151203 090740 8408
20151203 090741 8409
20151203 090741 8409
20151203 090741 8409
20151203 090745 8407
20151203 090745 8408
20151203 090746 8406
20151203 090747 8410
20151203 090747 8410
20151203 090748 8410
20151203 090748 8412
20151203 090748 8412
20151203 090748 8412
20151203 090748 8412
20151203 090748 8413
20151203 090748 8413
20151203 090749 8410
20151203 090752 8409
20151203 090753 8410
20151203 090753 8410
20151203 090756 8409
20151203 090757 8410
20151203 090800 8413
20151203 090800 8413
20151203 090801 8414
20151203 090802 8414
20151203 090802 8415
20151203 090804 8412
20151203 090806 8411
20151203 090807 8411
20151203 090809 8411
20151203 090817 8408
20151203 090822 8408
20151203 090841 8419
20151203 090854 8407
20151203 090854 8407
20151203 090857 8408
20151203 090900 8408
20151203 090901 8410
20151203 090902 8410
20151203 090906 8412
20151203 090906 8412
20151203 090907 8412
20151203 090908 8412
20151203 090908 8412
20151203 090924 8408
20151203 090929 8409
20151203 090930 8410
20151203 090930 8411
20151203 090930 8411
20151203 090932 8412
20151203 090934 8413
20151203 090934 8413
20151203 090937 8413
20151203 090937 8414
20151203 090937 8414
20151203 090937 8414
20151203 090937 8414
20151203 090937 8414
20151203 090937 8414
20151203 090937 8414
20151203 090937 8414
20151203 090943 8414
20151203 090943 8414
20151203 090945 8413
20151203 090946 8413
20151203 090949 8412
20151203 090954 8414
20151203 090958 8413
20151203 091000 8414
20151203 091000 8415
20151203 091000 8416
20151203 091000 8416
20151203 091001 8416
20151203 091001 8416
20151203 091001 8417
20151203 091002 8416
20151203 091005 8419
20151203 091005 8419
20151203 091005 8419
20151203 091006 8419
20151203 091006 8419
20151203 091009 8416
20151203 091028 8411
20151203 091029 8410
20151203 091030 8410
20151203 091033 8410
20151203 091044 8410
20151203 091053 8411
20151203 091054 8410
20151203 091057 8410
20151203 091108 8409
20151203 091111 8410
20151203 091117 8407
20151203 091118 8407
20151203 091119 8405
20151203 091120 8406
20151203 091121 8404
20151203 091124 8403
20151203 091139 8411
20151203 091145 8404
20151203 091206 8403
20151203 091212 8404
20151203 091213 8405
20151203 091215 8405
20151203 091220 8407
20151203 091235 8408
20151203 091235 8409
20151203 091248 8409
20151203 091307 8411
20151203 091314 8410
20151203 091319 8408
20151203 091329 8406
20151203 091335 8407
20151203 091346 8410
20151203 091351 8414
20151203 091351 8414
20151203 091351 8414
20151203 091356 8414
20151203 091400 8410
20151203 091407 8409
20151203 091412 8406
20151203 091419 8405
20151203 091421 8405
20151203 091430 8409
20151203 091433 8408
20151203 091442 8409
20151203 091501 8411
20151203 091502 8412
20151203 091502 8412
20151203 091502 8413
20151203 091502 8419
20151203 091503 8414
20151203 091514 8415
20151203 091521 8409
20151203 091535 8410
20151203 091538 8411
20151203 091539 8410
20151203 091545 8410
20151203 091545 8410
20151203 091554 8413
20151203 091554 8419
20151203 091559 8417
20151203 091600 8415
20151203 091602 8418
20151203 091619 8417
20151203 091620 8417
20151203 091620 8418
20151203 091620 8418
20151203 091620 8418
20151203 091620 8419
20151203 091620 8419
20151203 091620 8419
20151203 091620 8419
20151203 091620 8421
20151203 091620 8422
20151203 091620 8422
20151203 091620 8422
20151203 091620 8422
20151203 091620 8424
20151203 091620 8427
20151203 091621 8423
20151203 091621 8423
20151203 091621 8424
20151203 091621 8424
20151203 091621 8424
20151203 091621 8424
20151203 091621 8424
20151203 091621 8424
20151203 091621 8425
20151203 091621 8425
20151203 091635 8420
20151203 091636 8421
20151203 091641 8422
20151203 091641 8422
20151203 091641 8423
20151203 091642 8422
20151203 091642 8422
20151203 091642 8422
20151203 091650 8420
20151203 091657 8418
20151203 091701 8418
20151203 091703 8418
20151203 091707 8419
20151203 091712 8415
20151203 091712 8417
20151203 091716 8415
20151203 091739 8415
20151203 091744 8416
20151203 091744 8416
20151203 091813 8412
20151203 091813 8412
20151203 091915 8415
20151203 091915 8417
20151203 091916 8417
20151203 091917 8418
20151203 091921 8420
20151203 091922 8421
20151203 091922 8421
20151203 091922 8422
20151203 091926 8422
20151203 091927 8422
20151203 091929 8422
20151203 091929 8422
20151203 091929 8422
20151203 091929 8422
20151203 091929 8422
20151203 091939 8417
20151203 091940 8416
20151203 091946 8422
20151203 091951 8420
20151203 091951 8420
20151203 091959 8424
20151203 092000 8424
20151203 092003 8422
20151203 092003 8423
20151203 092005 8420
20151203 092008 8421
20151203 092010 8420
20151203 092015 8423
20151203 092019 8425
20151203 092020 8421
20151203 092022 8424
20151203 092023 8427
20151203 092023 8428
20151203 092023 8428
20151203 092023 8429
20151203 092023 8429
20151203 092023 8429
20151203 092023 8429
20151203 092023 8429
20151203 092023 8431
20151203 092023 8432
20151203 092025 8424
20151203 092028 8427
20151203 092034 8424
20151203 092034 8425
20151203 092034 8426
20151203 092036 8424
20151203 092037 8425
20151203 092047 8424
20151203 092100 8428
20151203 092101 8428
20151203 092102 8429
20151203 092114 8432
20151203 092118 8428
20151203 092121 8428
20151203 092124 8428
20151203 092126 8427
20151203 092134 8426
20151203 092149 8427
20151203 092150 8426
20151203 092154 8430
20151203 092158 8423
20151203 092158 8425
20151203 092158 8425
20151203 092200 8424
20151203 092202 8425
20151203 092204 8424
20151203 092226 8424
20151203 092303 8423
20151203 092304 8423
20151203 092307 8423
20151203 092307 8423
20151203 092309 8424
20151203 092318 8423
20151203 092336 8423
20151203 092344 8426
20151203 092347 8427
20151203 092347 8427
20151203 092347 8429
20151203 092347 8429
20151203 092354 8428
20151203 092400 8427
20151203 092402 8429
20151203 092405 8429
20151203 092441 8430
20151203 092442 8431
20151203 092443 8431
20151203 092446 8432
20151203 092446 8432
20151203 092446 8432
20151203 092446 8432
20151203 092451 8427
20151203 092500 8429
20151203 092500 8429
20151203 092514 8420
20151203 092530 8424
20151203 092542 8423
20151203 092542 8424
20151203 092544 8424
20151203 092546 8429
20151203 092558 8421
20151203 092558 8421
20151203 092607 8423
20151203 092643 8421
20151203 092644 8422
20151203 092645 8423
20151203 092645 8423
20151203 092646 8423
20151203 092646 8423
20151203 092647 8424
20151203 092653 8422
20151203 092705 8424
20151203 092717 8423
20151203 092729 8424
20151203 092738 8425
20151203 092740 8426
20151203 092740 8426
20151203 092741 8429
20151203 092741 8429
20151203 092741 8429
20151203 092741 8433
20151203 092742 8431
20151203 092742 8432
20151203 092742 8432
20151203 092742 8433
20151203 092742 8433
20151203 092742 8433
20151203 092742 8434
20151203 092742 8434
20151203 092743 8434
20151203 092743 8434
20151203 092743 8434
20151203 092756 8428
20151203 092820 8431
20151203 092820 8431
20151203 092822 8432
20151203 092823 8431
20151203 092824 8431
20151203 092824 8431
20151203 092826 8431
20151203 092826 8431
20151203 092829 8434
20151203 092829 8434
20151203 092830 8434
20151203 092830 8434
20151203 092830 8434
20151203 092830 8434
20151203 092832 8435
20151203 092832 8435
20151203 092832 8435
20151203 092832 8437
20151203 092832 8437
20151203 092832 8437
20151203 092832 8438
20151203 092833 8435
20151203 092903 8436
20151203 092911 8436
20151203 092933 8433
20151203 092935 8433
20151203 092935 8433
20151203 092956 8435
20151203 092956 8435
20151203 092956 8435
20151203 092956 8435
20151203 092956 8436
20151203 092959 8436
20151203 092959 8436
20151203 093000 8437
20151203 093005 8439
20151203 093024 8433
20151203 093024 8433
20151203 093024 8434
20151203 093033 8432
20151203 093033 8432
20151203 093039 8434
20151203 093041 8434
20151203 093043 8435
20151203 093043 8436
20151203 093043 8436
20151203 093043 8438
20151203 093051 8439
20151203 093051 8439
20151203 093051 8439
20151203 093051 8439
20151203 093051 8440
20151203 093052 8441
20151203 093052 8441
20151203 093052 8441
20151203 093052 8442
20151203 093052 8442
20151203 093052 8442
20151203 093052 8442
20151203 093052 8442
20151203 093052 8443
20151203 093052 8443
20151203 093052 8444
20151203 093052 8444
20151203 093052 8444
20151203 093052 8444
20151203 093052 8444
20151203 093053 8444
20151203 093053 8444
20151203 093053 8444
20151203 093053 8444
20151203 093053 8444
20151203 093053 8444
20151203 093053 8444
20151203 093053 8444
20151203 093053 8444
20151203 093053 8444
20151203 093116 8443
20151203 093117 8443
20151203 093126 8439
20151203 093133 8439
20151203 093134 8439
20151203 093134 8439
20151203 093146 8440
20151203 093221 8439
20151203 093226 8446
20151203 093226 8446
20151203 093226 8446
20151203 093227 8442
20151203 093227 8442
20151203 093241 8440
20151203 093243 8412
20151203 093246 8449
20151203 093251 8443
20151203 093256 8444
20151203 093301 8447
20151203 093301 8447
20151203 093302 8447
20151203 093302 8448
20151203 093302 8452
20151203 093304 8446
20151203 093307 8445
20151203 093316 8445
20151203 093318 8453
20151203 093319 8444
20151203 093323 8443
20151203 093342 8443
20151203 093350 8443
20151203 093354 8411
20151203 093400 8440
20151203 093407 8442
20151203 093510 8441
20151203 093522 8441
20151203 093531 8442
20151203 093534 8441
20151203 093601 8442
20151203 093602 8443
20151203 093602 8443
20151203 093602 8443
20151203 093602 8443
20151203 093602 8443
20151203 093602 8443
20151203 093603 8444
20151203 093604 8447
20151203 093604 8447
20151203 093604 8447
20151203 093604 8447
20151203 093604 8448
20151203 093620 8440
20151203 093629 8436
20151203 093629 8436
20151203 093629 8436
20151203 093629 8436
20151203 093637 8434
20151203 093642 8436
20151203 093721 8433
20151203 093732 8432
20151203 093735 8433
20151203 093747 8434
20151203 093747 8434
20151203 093834 8434
20151203 093902 8435
20151203 093902 8436
20151203 093906 8439
20151203 093906 8440
20151203 093906 8444
20151203 093906 8444
20151203 093906 8447
20151203 093906 8448
20151203 093906 8448
20151203 093907 8450
20151203 093943 8445
20151203 093944 8446
20151203 093944 8447
20151203 094000 8444
20151203 094016 8441
20151203 094016 8441
20151203 094017 8438
20151203 094017 8438
20151203 094017 8438
20151203 094017 8439
20151203 094126 8439
20151203 094144 8439
20151203 094159 8442
20151203 094200 8443
20151203 094200 8443
20151203 094202 8445
20151203 094223 8439
20151203 094223 8439
20151203 094252 8439
20151203 094257 8441
20151203 094257 8441
20151203 094258 8441
20151203 094258 8441
20151203 094354 8439
20151203 094400 8438
20151203 094441 8438
20151203 094441 8438
20151203 094451 8436
20151203 094457 8435
20151203 094501 8435
20151203 094503 8434
20151203 094524 8435
20151203 094532 8435
20151203 094533 8436
20151203 094539 8436
20151203 094546 8436
20151203 094620 8433
20151203 094624 8431
20151203 094624 8431
20151203 094626 8431
20151203 094628 8426
20151203 094628 8426
20151203 094628 8426
20151203 094628 8426
20151203 094628 8426
20151203 094628 8427
20151203 094628 8427
20151203 094628 8428
20151203 094628 8428
20151203 094628 8429
20151203 094628 8430
20151203 094628 8430
20151203 094628 8430
20151203 094628 8438
20151203 094630 8428
20151203 094641 8425
20151203 094648 8426
20151203 094701 8426
20151203 094701 8426
20151203 094701 8426
20151203 094703 8425
20151203 094707 8428
20151203 094707 8428
20151203 094723 8424
20151203 094723 8425
20151203 094728 8425
20151203 094733 8425
20151203 094800 8427
20151203 094800 8427
20151203 094803 8439
20151203 094820 8429
20151203 094915 8426
20151203 094918 8426
20151203 094925 8426
20151203 094936 8425
20151203 094943 8425
20151203 094945 8425
20151203 095001 8424
20151203 095001 8425
20151203 095007 8425
20151203 095007 8425
20151203 095012 8427
20151203 095013 8427
20151203 095015 8426
20151203 095016 8427
20151203 095047 8427
20151203 095109 8428
20151203 095145 8431
20151203 095145 8433
20151203 095147 8431
20151203 095211 8443
20151203 095404 8428
20151203 095424 8429
20151203 095504 8430
20151203 095509 8429
20151203 095525 8427
20151203 095609 8429
20151203 095624 8432
20151203 095627 8433
20151203 095629 8434
20151203 095629 8434
20151203 095629 8434
20151203 095629 8434
20151203 095629 8434
20151203 095629 8434
20151203 095629 8434
20151203 095629 8434
20151203 095632 8437
20151203 095632 8437
20151203 095633 8435
20151203 095633 8437
20151203 095645 8437
20151203 095646 8439
20151203 095646 8439
20151203 095649 8440
20151203 095730 8438
20151203 095738 8441
20151203 095738 8442
20151203 095738 8442
20151203 095739 8442
20151203 095741 8443
20151203 095741 8443
20151203 095748 8449
20151203 095751 8444
20151203 095751 8444
20151203 095755 8444
20151203 095801 8444
20151203 095803 8445
20151203 095803 8445
20151203 095804 8445
20151203 095804 8445
20151203 095804 8447
20151203 095804 8448
20151203 095804 8448
20151203 095804 8448
20151203 095804 8448
20151203 095804 8449
20151203 095804 8449
20151203 095804 8449
20151203 095804 8449
20151203 095804 8450
20151203 095804 8450
20151203 095804 8450
20151203 095804 8450
20151203 095804 8450
20151203 095804 8450
20151203 095804 8451
20151203 095804 8451
20151203 095804 8451
20151203 095804 8451
20151203 095804 8451
20151203 095804 8451
20151203 095804 8451
20151203 095804 8452
20151203 095804 8452
20151203 095804 8452
20151203 095805 8452
20151203 095805 8452
20151203 095805 8452
20151203 095805 8452
20151203 095805 8458
20151203 095807 8456
20151203 095812 8448
20151203 095828 8450
20151203 095828 8450
20151203 095830 8451
20151203 095847 8450
20151203 095851 8453
20151203 095851 8453
20151203 095851 8453
20151203 095851 8453
20151203 095851 8453
20151203 095851 8453
20151203 095851 8453
20151203 095851 8453
20151203 095851 8453
20151203 095851 8454
20151203 095851 8454
20151203 095852 8454
20151203 095852 8454
20151203 095852 8454
20151203 095852 8454
20151203 095852 8454
20151203 095852 8454
20151203 095852 8454
20151203 095852 8454
20151203 095852 8454
20151203 095852 8454
20151203 095852 8454
20151203 095852 8454
20151203 095852 8454
20151203 095852 8454
20151203 095852 8454
20151203 095852 8454
20151203 095852 8454
20151203 095852 8454
20151203 095852 8454
20151203 095852 8454
20151203 095852 8455
20151203 095852 8455
20151203 095852 8455
20151203 095852 8460
20151203 095853 8455
20151203 095853 8455
20151203 095855 8454
20151203 095856 8456
20151203 095857 8457
20151203 095857 8457
20151203 095900 8458
20151203 095900 8458
20151203 095900 8458
20151203 095904 8454
20151203 095911 8456
20151203 095911 8456
20151203 095912 8457
20151203 095912 8457
20151203 095912 8457
20151203 095912 8457
20151203 095919 8456
20151203 095925 8455
20151203 095934 8454
20151203 095935 8453
20151203 095935 8454
20151203 095937 8465
20151203 095940 8454
20151203 095959 8465
20151203 100000 8454
20151203 100000 8456
20151203 100014 8457
20151203 100023 8457
20151203 100023 8457
20151203 100029 8458
20151203 100029 8458
20151203 100029 8458
20151203 100029 8458
20151203 100029 8459
20151203 100029 8459
20151203 100029 8459
20151203 100030 8461
20151203 100030 8461
20151203 100030 8462
20151203 100030 8462
20151203 100030 8462
20151203 100030 8462
20151203 100030 8463
20151203 100030 8463
20151203 100030 8463
20151203 100030 8463
20151203 100030 8463
20151203 100030 8463
20151203 100030 8463
20151203 100030 8463
20151203 100030 8464
20151203 100030 8464
20151203 100030 8464
20151203 100030 8464
20151203 100030 8464
20151203 100030 8464
20151203 100030 8464
20151203 100030 8465
20151203 100030 8465
20151203 100031 8465
20151203 100031 8465
20151203 100031 8465
20151203 100031 8465
20151203 100031 8465
20151203 100031 8465
20151203 100031 8465
20151203 100031 8465
20151203 100031 8470
20151203 100032 8465
20151203 100032 8466
20151203 100032 8466
20151203 100032 8467
20151203 100032 8468
20151203 100032 8468
20151203 100032 8468
20151203 100033 8468
20151203 100033 8469
20151203 100033 8469
20151203 100033 8469
20151203 100033 8469
20151203 100033 8469
20151203 100039 8467
20151203 100044 8467
20151203 100046 8469
20151203 100048 8471
20151203 100048 8471
20151203 100048 8471
20151203 100048 8472
20151203 100048 8472
20151203 100048 8472
20151203 100050 8473
20151203 100050 8473
20151203 100050 8473
20151203 100050 8473
20151203 100050 8473
20151203 100050 8473
20151203 100050 8473
20151203 100051 8473
20151203 100051 8474
20151203 100051 8474
20151203 100051 8474
20151203 100051 8474
20151203 100051 8474
20151203 100051 8474
20151203 100051 8474
20151203 100051 8474
20151203 100052 8473
20151203 100052 8474
20151203 100052 8474
20151203 100053 8473
20151203 100101 8472
20151203 100102 8472
20151203 100104 8473
20151203 100105 8472
20151203 100107 8473
20151203 100107 8473
20151203 100108 8474
20151203 100108 8474
20151203 100109 8471
20151203 100109 8474
20151203 100113 8472
20151203 100123 8470
20151203 100125 8473
20151203 100126 8472
20151203 100126 8473
20151203 100128 8473
20151203 100130 8472
20151203 100130 8472
20151203 100131 8475
20151203 100132 8477
20151203 100132 8477
20151203 100134 8476
20151203 100134 8486
20151203 100135 8474
20151203 100142 8472
20151203 100151 8472
20151203 100151 8473
20151203 100158 8472
20151203 100224 8469
20151203 100238 8466
20151203 100253 8467
20151203 100259 8467
20151203 100300 8468
20151203 100330 8469
20151203 100330 8469
20151203 100353 8469
20151203 100353 8469
20151203 100402 8470
20151203 100416 8466
20151203 100419 8465
20151203 100429 8465
20151203 100430 8466
20151203 100433 8466
20151203 100444 8465
20151203 100445 8466
20151203 100447 8467
20151203 100505 8467
20151203 100511 8468
20151203 100541 8467
20151203 100541 8467
20151203 100553 8466
20151203 100559 8469
20151203 100600 8468
20151203 100600 8469
20151203 100600 8469
20151203 100600 8469
20151203 100618 8467
20151203 100618 8467
20151203 100623 8475
20151203 100654 8467
20151203 100700 8468
20151203 100719 8469
20151203 100719 8469
20151203 100721 8469
20151203 100721 8477
20151203 100737 8469
20151203 100739 8478
20151203 100747 8467
20151203 100750 8469
20151203 100750 8469
20151203 100753 8469
20151203 100755 8469
20151203 100759 8472
20151203 100801 8469
20151203 100803 8469
20151203 100807 8471
20151203 100814 8471
20151203 100815 8472
20151203 100825 8471
20151203 100829 8472
20151203 100829 8472
20151203 100830 8471
20151203 100830 8472
20151203 100834 8472
20151203 100837 8472
20151203 100841 8470
20151203 100841 8473
20151203 100856 8471
20151203 100902 8469
20151203 100916 8476
20151203 100922 8468
20151203 100934 8466
20151203 100946 8467
20151203 101016 8466
20151203 101042 8464
20151203 101042 8464
20151203 101045 8465
20151203 101101 8464
20151203 101110 8463
20151203 101134 8470
20151203 101136 8459
20151203 101142 8458
20151203 101220 8460
20151203 101222 8460
20151203 101240 8461
20151203 101257 8459
20151203 101323 8460
20151203 101324 8460
20151203 101324 8461
20151203 101324 8461
20151203 101347 8462
20151203 101352 8463
20151203 101358 8463
20151203 101358 8463
20151203 101358 8463
20151203 101406 8464
20151203 101410 8464
20151203 101418 8462
20151203 101422 8462
20151203 101432 8461
20151203 101440 8461
20151203 101449 8462
20151203 101450 8462
20151203 101453 8467
20151203 101456 8465
20151203 101501 8468
20151203 101503 8468
20151203 101532 8461
20151203 101545 8461
20151203 101545 8461
20151203 101545 8461
20151203 101635 8460
20151203 101640 8460
20151203 101644 8457
20151203 101651 8454
20151203 101713 8459
20151203 101713 8468
20151203 101741 8463
20151203 101742 8463
20151203 101759 8465
20151203 101804 8463
20151203 101824 8464
20151203 101824 8464
20151203 101831 8465
20151203 101833 8464
20151203 101834 8464
20151203 101840 8463
20151203 101856 8463
20151203 101856 8464
20151203 101925 8464
20151203 101938 8464
20151203 101941 8465
20151203 102045 8457
20151203 102045 8459
20151203 102208 8460
20151203 102218 8463
20151203 102221 8464
20151203 102229 8461
20151203 102229 8462
20151203 102311 8469
20151203 102325 8463
20151203 102346 8461
20151203 102346 8461
20151203 102402 8463
20151203 102420 8464
20151203 102439 8467
20151203 102439 8467
20151203 102440 8467
20151203 102443 8471
20151203 102443 8471
20151203 102443 8471
20151203 102443 8472
20151203 102444 8473
20151203 102444 8473
20151203 102444 8473
20151203 102444 8473
20151203 102444 8473
20151203 102444 8473
20151203 102444 8474
20151203 102444 8474
20151203 102444 8474
20151203 102444 8474
20151203 102444 8474
20151203 102444 8474
20151203 102444 8474
20151203 102444 8474
20151203 102444 8474
20151203 102444 8475
20151203 102444 8477
20151203 102444 8478
20151203 102454 8474
20151203 102455 8476
20151203 102513 8470
20151203 102513 8471
20151203 102514 8477
20151203 102519 8468
20151203 102559 8474
20151203 102600 8474
20151203 102602 8477
20151203 102602 8477
20151203 102602 8477
20151203 102602 8478
20151203 102602 8478
20151203 102602 8478
20151203 102602 8478
20151203 102602 8479
20151203 102602 8479
20151203 102602 8479
20151203 102602 8479
20151203 102602 8479
20151203 102602 8479
20151203 102602 8479
20151203 102602 8479
20151203 102602 8480
20151203 102602 8480
20151203 102602 8481
20151203 102602 8481
20151203 102602 8481
20151203 102602 8482
20151203 102602 8482
20151203 102602 8482
20151203 102602 8482
20151203 102602 8482
20151203 102603 8482
20151203 102603 8482
20151203 102603 8482
20151203 102603 8483
20151203 102603 8483
20151203 102603 8483
20151203 102603 8483
20151203 102603 8484
20151203 102603 8484
20151203 102603 8484
20151203 102603 8486
20151203 102603 8486
20151203 102604 8484
20151203 102610 8482
20151203 102610 8482
20151203 102612 8481
20151203 102621 8482
20151203 102650 8483
20151203 102650 8483
20151203 102650 8483
20151203 102651 8484
20151203 102651 8484
20151203 102651 8484
20151203 102651 8484
20151203 102651 8484
20151203 102651 8484
20151203 102659 8484
20151203 102706 8482
20151203 102706 8483
20151203 102706 8483
20151203 102706 8483
20151203 102706 8483
20151203 102706 8483
20151203 102706 8483
20151203 102714 8481
20151203 102724 8482
20151203 102726 8481
20151203 102738 8481
20151203 102751 8481
20151203 102752 8482
20151203 102822 8486
20151203 102822 8486
20151203 102838 8478
20151203 102839 8478
20151203 102841 8478
20151203 102842 8478
20151203 102842 8478
20151203 102843 8478
20151203 102843 8478
20151203 102843 8478
20151203 102843 8478
20151203 102843 8478
20151203 102843 8478
20151203 102907 8481
20151203 102907 8481
20151203 102929 8481
20151203 102940 8480
20151203 102950 8479
20151203 102950 8479
20151203 102950 8480
20151203 102950 8487
20151203 102958 8480
20151203 103004 8478
20151203 103004 8478
20151203 103008 8480
20151203 103039 8476
20151203 103043 8477
20151203 103055 8477
20151203 103148 8476
20151203 103148 8476
20151203 103218 8480
20151203 103226 8474
20151203 103238 8473
20151203 103315 8474
20151203 103324 8475
20151203 103344 8477
20151203 103345 8476
20151203 103345 8476
20151203 103345 8476
20151203 103345 8476
20151203 103346 8478
20151203 103513 8472
20151203 103513 8472
20151203 103514 8470
20151203 103514 8471
20151203 103514 8471
20151203 103514 8471
20151203 103515 8469
20151203 103516 8469
20151203 103526 8471
20151203 103529 8469
20151203 103529 8469
20151203 103529 8469
20151203 103529 8469
20151203 103529 8469
20151203 103529 8469
20151203 103529 8469
20151203 103529 8469
20151203 103529 8469
20151203 103529 8469
20151203 103529 8469
20151203 103534 8471
20151203 103601 8467
20151203 103612 8469
20151203 103613 8468
20151203 103620 8469
20151203 103624 8468
20151203 103624 8469
20151203 103731 8466
20151203 103731 8466
20151203 103731 8466
20151203 103731 8466
20151203 103731 8466
20151203 103731 8466
20151203 103731 8466
20151203 103731 8466
20151203 103731 8466
20151203 103731 8466
20151203 103754 8473
20151203 103805 8472
20151203 103848 8470
20151203 104014 8464
20151203 104017 8464
20151203 104027 8464
20151203 104028 8465
20151203 104045 8466
20151203 104111 8463
20151203 104130 8464
20151203 104157 8464
20151203 104201 8462
20151203 104201 8462
20151203 104201 8462
20151203 104228 8463
20151203 104237 8463
20151203 104244 8463
20151203 104251 8467
20151203 104257 8464
20151203 104414 8463
20151203 104436 8463
20151203 104445 8467
20151203 104517 8463
20151203 104529 8464
20151203 104550 8465
20151203 104554 8465
20151203 104600 8466
20151203 104603 8470
20151203 104607 8467
20151203 104626 8466
20151203 104647 8467
20151203 104655 8467
20151203 104823 8463
20151203 104830 8463
20151203 104851 8463
20151203 104909 8465
20151203 104919 8466
20151203 105016 8462
20151203 105111 8464
20151203 105124 8465
20151203 105135 8464
20151203 105153 8466
20151203 105153 8466
20151203 105154 8466
20151203 105156 8466
20151203 105319 8465
20151203 105319 8465
20151203 105348 8467
20151203 105415 8467
20151203 105532 8469
20151203 105634 8471
20151203 105636 8472
20151203 105646 8472
20151203 105701 8473
20151203 105703 8473
20151203 105734 8470
20151203 105743 8470
20151203 105803 8470
20151203 105842 8466
20151203 105919 8468
20151203 110008 8468
20151203 110031 8471
20151203 110107 8472
20151203 110109 8472
20151203 110114 8473
20151203 110114 8473
20151203 110114 8473
20151203 110125 8474
20151203 110140 8475
20151203 110142 8476
20151203 110145 8476
20151203 110155 8475
20151203 110201 8476
20151203 110248 8475
20151203 110253 8477
20151203 110314 8473
20151203 110329 8474
20151203 110441 8473
20151203 110533 8471
20151203 110605 8470
20151203 110722 8468
20151203 110857 8470
20151203 110926 8463
20151203 110926 8463
20151203 110926 8463
20151203 110926 8464
20151203 110926 8465
20151203 110926 8473
20151203 110956 8470
20151203 111012 8465
20151203 111050 8456
20151203 111050 8457
20151203 111050 8457
20151203 111050 8458
20151203 111050 8459
20151203 111050 8459
20151203 111050 8460
20151203 111050 8461
20151203 111051 8456
20151203 111051 8456
20151203 111052 8459
20151203 111054 8458
20151203 111058 8456
20151203 111058 8456
20151203 111100 8443
20151203 111100 8443
20151203 111100 8444
20151203 111100 8444
20151203 111100 8444
20151203 111100 8445
20151203 111100 8445
20151203 111100 8447
20151203 111100 8447
20151203 111100 8447
20151203 111100 8449
20151203 111100 8449
20151203 111100 8450
20151203 111100 8450
20151203 111100 8451
20151203 111100 8451
20151203 111100 8451
20151203 111100 8451
20151203 111100 8451
20151203 111100 8451
20151203 111100 8451
20151203 111100 8451
20151203 111100 8451
20151203 111100 8451
20151203 111100 8451
20151203 111100 8452
20151203 111100 8453
20151203 111100 8453
20151203 111100 8453
20151203 111100 8453
20151203 111100 8453
20151203 111100 8454
20151203 111100 8454
20151203 111100 8454
20151203 111100 8454
20151203 111100 8457
20151203 111100 8458
20151203 111100 8461
20151203 111101 8437
20151203 111101 8437
20151203 111101 8438
20151203 111101 8439
20151203 111101 8441
20151203 111101 8441
20151203 111101 8441
20151203 111101 8441
20151203 111101 8441
20151203 111101 8441
20151203 111101 8441
20151203 111101 8442
20151203 111106 8444
20151203 111106 8444
20151203 111106 8445
20151203 111112 8441
20151203 111133 8441
20151203 111135 8441
20151203 111140 8441
20151203 111147 8441
20151203 111148 8441
20151203 111153 8440
20151203 111159 8439
20151203 111201 8435
20151203 111201 8436
20151203 111202 8432
20151203 111202 8432
20151203 111202 8433
20151203 111203 8435
20151203 111203 8435
20151203 111204 8436
20151203 111204 8437
20151203 111206 8435
20151203 111212 8432
20151203 111213 8432
20151203 111213 8432
20151203 111213 8432
20151203 111213 8433
20151203 111213 8433
20151203 111224 8435
20151203 111226 8435
20151203 111227 8436
20151203 111228 8436
20151203 111228 8436
20151203 111235 8435
20151203 111235 8436
20151203 111244 8437
20151203 111244 8437
20151203 111248 8438
20151203 111252 8436
20151203 111301 8435
20151203 111316 8432
20151203 111316 8433
20151203 111316 8433
20151203 111316 8433
20151203 111317 8433
20151203 111330 8430
20151203 111330 8430
20151203 111330 8430
20151203 111330 8430
20151203 111330 8430
20151203 111330 8430
20151203 111330 8430
20151203 111330 8431
20151203 111330 8431
20151203 111330 8431
20151203 111331 8426
20151203 111331 8426
20151203 111331 8426
20151203 111331 8426
20151203 111331 8427
20151203 111331 8428
20151203 111331 8428
20151203 111331 8429
20151203 111331 8429
20151203 111335 8428
20151203 111343 8426
20151203 111346 8426
20151203 111352 8428
20151203 111357 8429
20151203 111404 8429
20151203 111408 8430
20151203 111422 8436
20151203 111422 8436
20151203 111422 8436
20151203 111423 8433
20151203 111426 8433
20151203 111439 8430
20151203 111442 8431
20151203 111443 8429
20151203 111443 8429
20151203 111443 8429
20151203 111443 8429
20151203 111444 8430
20151203 111446 8430
20151203 111446 8430
20151203 111450 8430
20151203 111451 8430
20151203 111452 8430
20151203 111453 8430
20151203 111456 8429
20151203 111456 8429
20151203 111457 8426
20151203 111457 8426
20151203 111457 8426
20151203 111457 8426
20151203 111457 8427
20151203 111457 8427
20151203 111457 8427
20151203 111457 8427
20151203 111458 8425
20151203 111500 8432
20151203 111508 8431
20151203 111509 8431
20151203 111510 8429
20151203 111514 8432
20151203 111520 8431
20151203 111520 8431
20151203 111532 8433
20151203 111539 8438
20151203 111540 8433
20151203 111548 8434
20151203 111621 8434
20151203 111651 8436
20151203 111651 8436
20151203 111717 8433
20151203 111717 8433
20151203 111717 8433
20151203 111717 8433
20151203 111721 8433
20151203 111732 8433
20151203 111733 8432
20151203 111734 8432
20151203 111736 8431
20151203 111736 8431
20151203 111738 8432
20151203 111750 8433
20151203 111804 8431
20151203 111804 8431
20151203 111810 8429
20151203 111810 8430
20151203 111810 8430
20151203 111812 8431
20151203 111818 8431
20151203 111819 8431
20151203 111907 8435
20151203 111915 8434
20151203 111918 8443
20151203 111935 8432
20151203 111949 8435
20151203 111951 8445
20151203 112019 8432
20151203 112025 8433
20151203 112107 8431
20151203 112110 8431
20151203 112112 8430
20151203 112124 8429
20151203 112131 8429
20151203 112148 8428
20151203 112152 8428
20151203 112154 8427
20151203 112155 8424
20151203 112155 8425
20151203 112155 8425
20151203 112155 8425
20151203 112155 8425
20151203 112155 8426
20151203 112155 8426
20151203 112155 8426
20151203 112156 8421
20151203 112156 8421
20151203 112156 8421
20151203 112156 8421
20151203 112156 8421
20151203 112156 8421
20151203 112156 8421
20151203 112156 8421
20151203 112156 8421
20151203 112156 8421
20151203 112156 8421
20151203 112156 8421
20151203 112156 8421
20151203 112156 8421
20151203 112156 8421
20151203 112156 8421
20151203 112156 8421
20151203 112156 8421
20151203 112156 8421
20151203 112156 8421
20151203 112156 8421
20151203 112156 8422
20151203 112156 8422
20151203 112156 8422
20151203 112156 8422
20151203 112156 8422
20151203 112156 8423
20151203 112156 8424
20151203 112157 8420
20151203 112206 8425
20151203 112210 8425
20151203 112215 8423
20151203 112223 8424
20151203 112231 8425
20151203 112235 8426
20151203 112237 8427
20151203 112311 8428
20151203 112317 8428
20151203 112337 8430
20151203 112418 8431
20151203 112458 8429
20151203 112458 8429
20151203 112458 8429
20151203 112509 8430
20151203 112526 8431
20151203 112539 8431
20151203 112601 8431
20151203 112604 8431
20151203 112617 8434
20151203 112617 8434
20151203 112617 8434
20151203 112617 8434
20151203 112617 8434
20151203 112621 8435
20151203 112621 8435
20151203 112644 8432
20151203 112701 8434
20151203 112704 8433
20151203 112720 8435
20151203 112723 8436
20151203 112723 8436
20151203 112724 8437
20151203 112724 8437
20151203 112725 8437
20151203 112727 8438
20151203 112733 8437
20151203 112756 8439
20151203 112818 8436
20151203 112821 8436
20151203 112848 8438
20151203 112909 8439
20151203 112940 8438
20151203 112943 8437
20151203 112943 8437
20151203 113002 8437
20151203 113002 8446
20151203 113055 8437
20151203 113057 8436
20151203 113057 8436
20151203 113153 8439
20151203 113245 8442
20151203 113300 8443
20151203 113300 8443
20151203 113302 8443
20151203 113302 8443
20151203 113302 8443
20151203 113304 8443
20151203 113304 8443
20151203 113305 8443
20151203 113306 8443
20151203 113312 8453
20151203 113324 8442
20151203 113326 8441
20151203 113326 8442
20151203 113340 8440
20151203 113413 8441
20151203 113448 8442
20151203 113448 8442
20151203 113449 8442
20151203 113457 8441
20151203 113511 8441
20151203 113527 8439
20151203 113647 8441
20151203 113647 8441
20151203 113647 8441
20151203 113716 8441
20151203 113741 8441
20151203 113857 8442
20151203 113920 8441
20151203 113920 8441
20151203 113944 8443
20151203 113946 8443
20151203 113946 8443
20151203 113947 8444
20151203 113948 8445
20151203 113952 8447
20151203 113957 8447
20151203 114150 8444
20151203 114259 8442
20151203 114349 8443
20151203 114349 8443
20151203 114356 8442
20151203 114402 8441
20151203 114427 8443
20151203 114443 8443
20151203 114452 8444
20151203 114456 8444
20151203 114502 8444
20151203 114517 8444
20151203 114540 8445
20151203 114603 8444
20151203 114616 8444
20151203 114617 8444
20151203 114623 8441
20151203 114628 8441
20151203 114644 8442
20151203 114648 8442
20151203 114808 8441
20151203 114815 8443
20151203 114821 8444
20151203 114825 8443
20151203 114959 8439
20151203 115011 8441
20151203 115011 8441
20151203 115024 8443
20151203 115031 8443
20151203 115035 8443
20151203 115046 8444
20151203 115047 8444
20151203 115047 8444
20151203 115049 8444
20151203 115119 8445
20151203 115141 8445
20151203 115245 8445
20151203 115245 8445
20151203 115258 8445
20151203 115306 8446
20151203 115402 8444
20151203 115402 8444
20151203 115402 8444
20151203 115423 8445
20151203 115436 8446
20151203 115440 8448
20151203 115443 8448
20151203 115445 8449
20151203 115445 8449
20151203 115445 8449
20151203 115445 8450
20151203 115505 8451
20151203 115505 8451
20151203 115540 8449
20151203 115624 8447
20151203 115726 8448
20151203 115756 8448
20151203 115806 8448
20151203 115826 8449
20151203 115829 8449
20151203 115829 8449
20151203 115830 8449
20151203 115831 8449
20151203 115831 8449
20151203 115927 8450
20151203 115928 8452
20151203 115931 8451
20151203 115936 8451
20151203 115944 8453
20151203 115944 8453
20151203 115945 8453
20151203 115954 8454
20151203 115954 8454
20151203 115954 8454
20151203 115955 8454
20151203 115956 8453
20151203 115956 8454
20151203 115956 8454
20151203 115956 8454
20151203 115957 8454
20151203 115958 8455
20151203 115958 8455
20151203 115958 8455
20151203 120013 8453
20151203 120018 8452
20151203 120042 8453
20151203 120051 8453
20151203 120051 8453
20151203 120055 8455
20151203 120125 8453
20151203 120132 8454
20151203 120151 8457
20151203 120151 8457
20151203 120151 8458
20151203 120151 8458
20151203 120151 8458
20151203 120151 8458
20151203 120152 8458
20151203 120152 8458
20151203 120208 8458
20151203 120224 8460
20151203 120224 8461
20151203 120224 8462
20151203 120224 8462
20151203 120229 8461
20151203 120230 8463
20151203 120230 8463
20151203 120232 8461
20151203 120240 8463
20151203 120241 8464
20151203 120241 8465
20151203 120306 8464
20151203 120310 8464
20151203 120317 8463
20151203 120326 8462
20151203 120326 8463
20151203 120327 8464
20151203 120352 8462
20151203 120354 8462
20151203 120355 8462
20151203 120425 8464
20151203 120425 8464
20151203 120437 8464
20151203 120453 8465
20151203 120514 8466
20151203 120514 8466
20151203 120515 8466
20151203 120515 8466
20151203 120515 8466
20151203 120515 8467
20151203 120516 8467
20151203 120516 8467
20151203 120516 8467
20151203 120516 8467
20151203 120516 8467
20151203 120516 8467
20151203 120517 8467
20151203 120517 8467
20151203 120517 8467
20151203 120519 8468
20151203 120519 8473
20151203 120521 8467
20151203 120522 8469
20151203 120522 8469
20151203 120523 8469
20151203 120523 8469
20151203 120531 8470
20151203 120532 8469
20151203 120536 8472
20151203 120536 8472
20151203 120536 8473
20151203 120536 8473
20151203 120536 8473
20151203 120536 8473
20151203 120536 8473
20151203 120538 8472
20151203 120538 8474
20151203 120540 8473
20151203 120540 8474
20151203 120541 8474
20151203 120556 8473
20151203 120559 8474
20151203 120559 8474
20151203 120559 8474
20151203 120559 8474
20151203 120559 8474
20151203 120559 8474
20151203 120559 8474
20151203 120559 8474
20151203 120559 8474
20151203 120559 8476
20151203 120559 8476
20151203 120559 8476
20151203 120559 8476
20151203 120559 8476
20151203 120559 8477
20151203 120559 8477
20151203 120559 8477
20151203 120559 8477
20151203 120559 8480
20151203 120600 8477
20151203 120600 8478
20151203 120600 8478
20151203 120600 8478
20151203 120600 8478
20151203 120600 8478
20151203 120600 8479
20151203 120600 8479
20151203 120600 8479
20151203 120600 8479
20151203 120602 8479
20151203 120602 8479
20151203 120602 8479
20151203 120602 8479
20151203 120602 8479
20151203 120602 8479
20151203 120602 8479
20151203 120602 8479
20151203 120602 8479
20151203 120602 8479
20151203 120602 8479
20151203 120602 8479
20151203 120603 8480
20151203 120603 8481
20151203 120603 8481
20151203 120603 8482
20151203 120603 8482
20151203 120603 8482
20151203 120603 8483
20151203 120603 8483
20151203 120603 8483
20151203 120603 8483
20151203 120603 8483
20151203 120603 8483
20151203 120603 8483
20151203 120604 8483
20151203 120604 8483
20151203 120604 8483
20151203 120604 8483
20151203 120604 8483
20151203 120604 8483
20151203 120604 8483
20151203 120604 8483
20151203 120604 8483
20151203 120604 8483
20151203 120604 8484
20151203 120604 8484
20151203 120604 8484
20151203 120604 8484
20151203 120604 8484
20151203 120605 8484
20151203 120605 8484
20151203 120605 8484
20151203 120605 8484
20151203 120605 8484
20151203 120605 8484
20151203 120605 8484
20151203 120605 8484
20151203 120605 8484
20151203 120605 8484
20151203 120607 8479
20151203 120613 8481
20151203 120613 8481
20151203 120613 8481
20151203 120613 8481
20151203 120613 8481
20151203 120613 8481
20151203 120613 8481
20151203 120613 8481
20151203 120613 8484
20151203 120616 8482
20151203 120616 8483
20151203 120617 8482
20151203 120622 8484
20151203 120622 8484
20151203 120628 8482
20151203 120637 8480
20151203 120646 8477
20151203 120651 8477
20151203 120700 8488
20151203 120703 8479
20151203 120708 8478
20151203 120708 8478
20151203 120711 8477
20151203 120713 8476
20151203 120713 8477
20151203 120721 8477
20151203 120721 8477
20151203 120727 8478
20151203 120733 8476
20151203 120749 8476
20151203 120749 8484
20151203 120756 8476
20151203 120804 8477
20151203 120811 8476
20151203 120811 8476
20151203 120826 8476
20151203 120847 8475
20151203 120914 8478
20151203 120914 8478
20151203 120914 8478
20151203 120914 8481
20151203 120914 8481
20151203 120914 8482
20151203 120914 8482
20151203 120914 8482
20151203 120914 8482
20151203 120914 8482
20151203 120914 8482
20151203 120914 8484
20151203 120943 8485
20151203 121000 8482
20151203 121000 8483
20151203 121000 8483
20151203 121000 8483
20151203 121021 8488
20151203 121022 8479
20151203 121034 8477
20151203 121039 8475
20151203 121039 8476
20151203 121039 8476
20151203 121039 8476
20151203 121042 8484
20151203 121046 8476
20151203 121051 8475
20151203 121107 8477
20151203 121200 8477
20151203 121202 8479
20151203 121229 8484
20151203 121248 8477
20151203 121248 8477
20151203 121309 8477
20151203 121456 8477
20151203 121501 8477
20151203 121501 8477
20151203 121502 8478
20151203 121502 8478
20151203 121546 8477
20151203 121548 8477
20151203 121549 8477
20151203 121600 8480
20151203 121603 8477
20151203 121631 8480
20151203 121631 8480
20151203 121631 8480
20151203 121639 8476
20151203 121702 8476
20151203 121719 8473
20151203 121719 8473
20151203 121741 8480
20151203 121750 8476
20151203 121750 8476
20151203 121813 8476
20151203 121814 8476
20151203 121826 8477
20151203 121922 8476
20151203 121937 8477
20151203 122007 8477
20151203 122017 8479
20151203 122017 8479
20151203 122017 8479
20151203 122018 8479
20151203 122020 8480
20151203 122020 8480
20151203 122020 8480
20151203 122021 8482
20151203 122021 8482
20151203 122021 8482
20151203 122022 8483
20151203 122022 8483
20151203 122031 8480
20151203 122039 8485
20151203 122039 8485
20151203 122039 8485
20151203 122039 8485
20151203 122039 8485
20151203 122039 8485
20151203 122039 8485
20151203 122039 8486
20151203 122039 8486
20151203 122039 8486
20151203 122039 8486
20151203 122039 8487
20151203 122039 8487
20151203 122039 8488
20151203 122039 8488
20151203 122039 8488
20151203 122040 8488
20151203 122040 8488
20151203 122040 8488
20151203 122041 8485
20151203 122053 8488
20151203 122053 8489
20151203 122053 8489
20151203 122100 8485
20151203 122100 8486
20151203 122101 8489
20151203 122101 8489
20151203 122101 8489
20151203 122101 8489
20151203 122101 8489
20151203 122101 8489
20151203 122101 8489
20151203 122101 8489
20151203 122101 8489
20151203 122110 8483
20151203 122112 8483
20151203 122115 8487
20151203 122125 8486
20151203 122129 8486
20151203 122131 8486
20151203 122147 8485
20151203 122154 8485
20151203 122213 8488
20151203 122215 8488
20151203 122215 8488
20151203 122231 8485
20151203 122305 8486
20151203 122317 8488
20151203 122343 8488
20151203 122347 8488
20151203 122350 8488
20151203 122354 8485
20151203 122410 8482
20151203 122431 8488
20151203 122434 8480
20151203 122440 8480
20151203 122443 8479
20151203 122452 8477
20151203 122455 8476
20151203 122501 8478
20151203 122538 8474
20151203 122538 8474
20151203 122539 8472
20151203 122539 8472
20151203 122539 8472
20151203 122539 8472
20151203 122539 8472
20151203 122539 8473
20151203 122539 8473
20151203 122539 8473
20151203 122540 8470
20151203 122540 8472
20151203 122558 8468
20151203 122613 8469
20151203 122642 8471
20151203 122642 8472
20151203 122719 8470
20151203 122722 8471
20151203 122806 8471
20151203 122846 8474
20151203 123009 8480
20151203 123010 8480
20151203 123021 8473
20151203 123027 8473
20151203 123041 8472
20151203 123131 8475
20151203 123145 8477
20151203 123150 8476
20151203 123150 8479
20151203 123220 8476
20151203 123327 8477
20151203 123327 8477
20151203 123331 8477
20151203 123434 8474
20151203 123434 8474
20151203 123510 8474
20151203 123513 8472
20151203 123515 8472
20151203 123517 8472
20151203 123519 8472
20151203 123535 8474
20151203 123642 8470
20151203 123642 8470
20151203 123642 8470
20151203 123642 8471
20151203 123642 8471
20151203 123645 8469
20151203 123645 8469
20151203 123645 8469
20151203 123645 8469
20151203 123645 8469
20151203 123645 8478
20151203 123701 8468
20151203 123701 8469
20151203 123719 8472
20151203 123828 8474
20151203 123828 8474
20151203 123831 8473
20151203 124026 8476
20151203 124026 8476
20151203 124125 8477
20151203 124137 8479
20151203 124502 8475
20151203 124608 8474
20151203 124648 8473
20151203 124721 8473
20151203 124755 8476
20151203 124914 8473
20151203 124925 8475
20151203 124927 8475
20151203 125004 8478
20151203 125102 8477
20151203 125103 8477
20151203 125123 8478
20151203 125203 8475
20151203 125203 8475
20151203 125211 8474
20151203 125217 8472
20151203 125217 8472
20151203 125340 8473
20151203 125431 8473
20151203 125700 8472
20151203 125705 8473
20151203 125739 8475
20151203 125740 8476
20151203 125742 8476
20151203 125742 8477
20151203 125743 8477
20151203 125806 8477
20151203 125943 8477
20151203 130041 8479
20151203 130118 8475
20151203 130131 8476
20151203 130324 8473
20151203 130324 8473
20151203 130327 8473
20151203 130328 8473
20151203 130328 8473
20151203 130331 8472
20151203 130331 8472
20151203 130342 8471
20151203 130343 8466
20151203 130343 8466
20151203 130343 8467
20151203 130343 8467
20151203 130343 8467
20151203 130343 8467
20151203 130343 8467
20151203 130343 8467
20151203 130343 8467
20151203 130343 8468
20151203 130343 8468
20151203 130343 8468
20151203 130343 8469
20151203 130343 8469
20151203 130343 8469
20151203 130343 8469
20151203 130343 8470
20151203 130343 8470
20151203 130343 8470
20151203 130343 8470
20151203 130343 8470
20151203 130343 8470
20151203 130343 8475
20151203 130344 8463
20151203 130344 8464
20151203 130344 8464
20151203 130344 8465
20151203 130344 8465
20151203 130344 8465
20151203 130344 8465
20151203 130344 8473
20151203 130352 8473
20151203 130430 8470
20151203 130509 8471
20151203 130520 8469
20151203 130658 8474
20151203 130658 8474
20151203 130658 8474
20151203 130658 8475
20151203 130720 8477
20151203 130720 8477
20151203 130740 8482
20151203 130819 8473
20151203 130819 8473
20151203 130825 8474
20151203 130825 8474
20151203 131006 8473
20151203 131006 8473
20151203 131453 8473
20151203 131500 8474
20151203 131528 8477
20151203 131530 8477
20151203 131610 8478
20151203 131613 8477
20151203 131729 8475
20151203 131729 8475
20151203 132107 8469
20151203 132107 8469
20151203 132107 8469
20151203 132107 8469
20151203 132236 8474
20151203 132402 8468
20151203 132402 8468
20151203 132402 8469
20151203 132442 8470
20151203 132459 8469
20151203 132500 8468
20151203 132500 8468
20151203 132502 8467
20151203 132502 8467
20151203 132512 8465
20151203 132517 8465
20151203 132518 8464
20151203 132519 8462
20151203 132519 8462
20151203 132519 8462
20151203 132519 8462
20151203 132519 8462
20151203 132519 8462
20151203 132519 8462
20151203 132519 8462
20151203 132519 8462
20151203 132519 8463
20151203 132519 8463
20151203 132519 8463
20151203 132520 8461
20151203 132520 8461
20151203 132521 8461
20151203 132611 8464
20151203 132716 8467
20151203 132743 8467
20151203 132747 8465
20151203 132747 8466
20151203 132804 8464
20151203 132819 8464
20151203 132837 8464
20151203 132838 8464
20151203 132903 8463
20151203 132912 8462
20151203 132923 8462
20151203 132923 8462
20151203 132923 8462
20151203 132924 8461
20151203 132925 8461
20151203 132946 8462
20151203 132947 8461
20151203 133007 8461
20151203 133008 8460
20151203 133015 8460
20151203 133015 8460
20151203 133015 8460
20151203 133015 8460
20151203 133015 8460
20151203 133016 8459
20151203 133016 8459
20151203 133016 8459
20151203 133016 8459
20151203 133016 8459
20151203 133017 8458
20151203 133056 8460
20151203 133101 8461
20151203 133139 8460
20151203 133144 8461
20151203 133208 8459
20151203 133208 8459
20151203 133209 8459
20151203 133218 8459
20151203 133246 8458
20151203 133246 8458
20151203 133300 8455
20151203 133300 8456
20151203 133300 8456
20151203 133300 8456
20151203 133300 8456
20151203 133300 8456
20151203 133300 8456
20151203 133300 8456
20151203 133300 8457
20151203 133300 8457
20151203 133300 8457
20151203 133300 8457
20151203 133300 8457
20151203 133300 8457
20151203 133300 8457
20151203 133300 8458
20151203 133300 8458
20151203 133300 8458
20151203 133300 8458
20151203 133337 8456
20151203 133342 8456
20151203 133347 8456
20151203 133347 8456
20151203 133347 8457
20151203 133353 8457
20151203 133414 8457
20151203 133442 8459
20151203 133453 8462
20151203 133453 8462
20151203 133533 8460
20151203 133717 8456
20151203 133717 8456
20151203 133751 8457
20151203 133758 8456
20151203 133803 8456
20151203 133816 8456
20151203 133817 8456
20151203 133818 8456
20151203 133819 8456
20151203 133901 8455
20151203 133901 8456
20151203 133901 8456
20151203 133901 8456
20151203 133901 8456
20151203 133901 8456
20151203 133905 8455
20151203 133905 8456
20151203 133908 8455
20151203 133908 8456
20151203 133910 8455
20151203 133915 8456
20151203 133916 8465
20151203 133938 8456
20151203 133946 8456
20151203 133946 8457
20151203 133946 8457
20151203 133946 8457
20151203 133948 8465
20151203 134001 8456
20151203 134002 8456
20151203 134002 8456
20151203 134002 8457
20151203 134018 8457
20151203 134021 8458
20151203 134022 8458
20151203 134029 8458
20151203 134034 8458
20151203 134038 8459
20151203 134038 8459
20151203 134039 8459
20151203 134039 8459
20151203 134113 8460
20151203 134150 8462
20151203 134156 8471
20151203 134156 8471
20151203 134242 8463
20151203 134243 8463
20151203 134250 8464
20151203 134254 8463
20151203 134310 8465
20151203 134310 8465
20151203 134318 8465
20151203 134322 8465
20151203 134323 8466
20151203 134323 8466
20151203 134356 8471
20151203 134404 8468
20151203 134410 8469
20151203 134411 8469
20151203 134428 8470
20151203 134428 8470
20151203 134430 8471
20151203 134445 8470
20151203 134455 8470
20151203 134457 8472
20151203 134459 8474
20151203 134459 8474
