20151126 084500 8409
20151126 084500 8410
20151126 084500 8410
20151126 084500 8410
20151126 084500 8411
20151126 084500 8411
20151126 084500 8411
20151126 084500 8412
20151126 084500 8412
20151126 084500 8415
20151126 084500 8415
20151126 084500 8416
20151126 084500 8416
20151126 084500 8417
20151126 084500 8417
20151126 084500 8418
20151126 084500 8418
20151126 084500 8418
20151126 084500 8419
20151126 084500 8419
20151126 084500 8423
20151126 084501 8419
20151126 084501 8421
20151126 084501 8421
20151126 084502 8423
20151126 084502 8423
20151126 084502 8424
20151126 084502 8424
20151126 084502 8424
20151126 084502 8424
20151126 084502 8424
20151126 084502 8426
20151126 084502 8426
20151126 084502 8426
20151126 084502 8426
20151126 084502 8427
20151126 084502 8427
20151126 084502 8428
20151126 084502 8431
20151126 084503 8423
20151126 084503 8428
20151126 084503 8431
20151126 084504 8427
20151126 084505 8426
20151126 084506 8428
20151126 084507 8426
20151126 084507 8426
20151126 084508 8427
20151126 084510 8428
20151126 084511 8427
20151126 084516 8426
20151126 084522 8424
20151126 084531 8427
20151126 084531 8427
20151126 084532 8428
20151126 084535 8427
20151126 084557 8431
20151126 084557 8431
20151126 084557 8432
20151126 084602 8424
20151126 084603 8426
20151126 084604 8427
20151126 084604 8427
20151126 084605 8427
20151126 084606 8428
20151126 084606 8428
20151126 084607 8428
20151126 084607 8428
20151126 084608 8429
20151126 084608 8429
20151126 084611 8428
20151126 084615 8427
20151126 084615 8428
20151126 084617 8430
20151126 084617 8430
20151126 084625 8429
20151126 084627 8429
20151126 084630 8430
20151126 084630 8431
20151126 084630 8431
20151126 084630 8431
20151126 084630 8431
20151126 084630 8431
20151126 084631 8432
20151126 084631 8432
20151126 084631 8432
20151126 084631 8432
20151126 084634 8432
20151126 084637 8429
20151126 084638 8429
20151126 084642 8440
20151126 084649 8429
20151126 084652 8430
20151126 084709 8428
20151126 084716 8428
20151126 084725 8428
20151126 084732 8427
20151126 084732 8427
20151126 084734 8428
20151126 084739 8428
20151126 084741 8429
20151126 084741 8430
20151126 084744 8430
20151126 084744 8430
20151126 084744 8430
20151126 084745 8431
20151126 084745 8431
20151126 084745 8431
20151126 084747 8430
20151126 084747 8430
20151126 084748 8432
20151126 084748 8432
20151126 084748 8432
20151126 084751 8431
20151126 084758 8432
20151126 084802 8433
20151126 084804 8431
20151126 084804 8431
20151126 084808 8431
20151126 084810 8432
20151126 084836 8432
20151126 084854 8432
20151126 084855 8431
20151126 084856 8433
20151126 084859 8432
20151126 084901 8434
20151126 084901 8434
20151126 084901 8434
20151126 084901 8434
20151126 084902 8434
20151126 084902 8434
20151126 084902 8434
20151126 084902 8435
20151126 084902 8435
20151126 084903 8434
20151126 084903 8436
20151126 084903 8436
20151126 084903 8436
20151126 084903 8436
20151126 084904 8436
20151126 084905 8434
20151126 084906 8436
20151126 084906 8436
20151126 084908 8436
20151126 084908 8436
20151126 084908 8436
20151126 084909 8437
20151126 084909 8437
20151126 084910 8438
20151126 084911 8437
20151126 084911 8438
20151126 084912 8437
20151126 084915 8437
20151126 084916 8437
20151126 084916 8437
20151126 084917 8439
20151126 084918 8439
20151126 084918 8440
20151126 084919 8439
20151126 084919 8441
20151126 084921 8440
20151126 084925 8439
20151126 084937 8438
20151126 084941 8436
20151126 084941 8445
20151126 084943 8437
20151126 084945 8436
20151126 084949 8445
20151126 084953 8437
20151126 084959 8436
20151126 085000 8439
20151126 085001 8440
20151126 085001 8441
20151126 085001 8441
20151126 085002 8442
20151126 085002 8442
20151126 085003 8439
20151126 085005 8438
20151126 085006 8442
20151126 085006 8442
20151126 085006 8442
20151126 085006 8443
20151126 085007 8442
20151126 085007 8443
20151126 085009 8441
20151126 085009 8443
20151126 085010 8441
20151126 085015 8441
20151126 085015 8441
20151126 085022 8441
20151126 085024 8441
20151126 085027 8441
20151126 085027 8441
20151126 085029 8441
20151126 085030 8441
20151126 085034 8442
20151126 085034 8443
20151126 085034 8443
20151126 085034 8443
20151126 085034 8443
20151126 085036 8442
20151126 085041 8442
20151126 085041 8443
20151126 085042 8442
20151126 085042 8442
20151126 085044 8442
20151126 085047 8442
20151126 085101 8443
20151126 085108 8442
20151126 085124 8440
20151126 085134 8440
20151126 085145 8439
20151126 085146 8439
20151126 085153 8438
20151126 085158 8446
20151126 085226 8437
20151126 085227 8438
20151126 085227 8439
20151126 085232 8437
20151126 085235 8438
20151126 085239 8439
20151126 085249 8438
20151126 085249 8438
20151126 085249 8438
20151126 085252 8438
20151126 085253 8446
20151126 085300 8437
20151126 085301 8439
20151126 085301 8440
20151126 085302 8439
20151126 085309 8449
20151126 085311 8439
20151126 085320 8441
20151126 085320 8441
20151126 085321 8451
20151126 085322 8442
20151126 085322 8450
20151126 085327 8440
20151126 085329 8442
20151126 085333 8442
20151126 085334 8442
20151126 085336 8441
20151126 085402 8441
20151126 085404 8441
20151126 085404 8441
20151126 085405 8441
20151126 085408 8439
20151126 085411 8440
20151126 085425 8440
20151126 085430 8441
20151126 085430 8441
20151126 085450 8440
20151126 085500 8441
20151126 085500 8441
20151126 085501 8441
20151126 085503 8441
20151126 085503 8441
20151126 085503 8442
20151126 085505 8442
20151126 085510 8441
20151126 085520 8440
20151126 085559 8438
20151126 085608 8438
20151126 085614 8438
20151126 085619 8438
20151126 085636 8438
20151126 085641 8437
20151126 085642 8437
20151126 085644 8437
20151126 085655 8439
20151126 085655 8439
20151126 085655 8439
20151126 085657 8440
20151126 085657 8440
20151126 085658 8439
20151126 085659 8440
20151126 085700 8440
20151126 085700 8440
20151126 085700 8441
20151126 085701 8440
20151126 085702 8440
20151126 085703 8440
20151126 085706 8440
20151126 085706 8440
20151126 085706 8440
20151126 085706 8440
20151126 085706 8441
20151126 085707 8440
20151126 085717 8448
20151126 085727 8440
20151126 085727 8440
20151126 085727 8440
20151126 085743 8440
20151126 085814 8440
20151126 085815 8440
20151126 085815 8440
20151126 085817 8441
20151126 085817 8442
20151126 085818 8442
20151126 085818 8442
20151126 085818 8442
20151126 085818 8442
20151126 085821 8443
20151126 085821 8443
20151126 085821 8443
20151126 085821 8443
20151126 085821 8443
20151126 085821 8443
20151126 085821 8444
20151126 085821 8444
20151126 085821 8444
20151126 085821 8444
20151126 085821 8444
20151126 085822 8444
20151126 085822 8444
20151126 085822 8444
20151126 085822 8444
20151126 085822 8444
20151126 085822 8444
20151126 085822 8444
20151126 085822 8444
20151126 085822 8445
20151126 085822 8445
20151126 085822 8445
20151126 085822 8445
20151126 085822 8445
20151126 085822 8445
20151126 085822 8445
20151126 085822 8446
20151126 085822 8446
20151126 085822 8446
20151126 085822 8446
20151126 085822 8446
20151126 085822 8446
20151126 085822 8446
20151126 085822 8446
20151126 085822 8446
20151126 085822 8446
20151126 085822 8446
20151126 085822 8446
20151126 085822 8447
20151126 085822 8447
20151126 085822 8447
20151126 085830 8443
20151126 085835 8454
20151126 085848 8444
20151126 085849 8444
20151126 085858 8444
20151126 085900 8446
20151126 085901 8447
20151126 085906 8455
20151126 085912 8447
20151126 085912 8447
20151126 085912 8447
20151126 085912 8447
20151126 085912 8447
20151126 085912 8447
20151126 085912 8447
20151126 085912 8447
20151126 085915 8447
20151126 085920 8447
20151126 085922 8446
20151126 085923 8455
20151126 085924 8442
20151126 085924 8442
20151126 085924 8452
20151126 085925 8440
20151126 085926 8442
20151126 085930 8439
20151126 085937 8451
20151126 085940 8439
20151126 085940 8449
20151126 085945 8438
20151126 085946 8448
20151126 090001 8437
20151126 090001 8440
20151126 090001 8440
20151126 090005 8448
20151126 090008 8436
20151126 090008 8436
20151126 090009 8436
20151126 090010 8436
20151126 090012 8446
20151126 090013 8446
20151126 090013 8446
20151126 090014 8434
20151126 090014 8434
20151126 090014 8435
20151126 090014 8435
20151126 090018 8443
20151126 090019 8443
20151126 090029 8430
20151126 090029 8430
20151126 090029 8431
20151126 090029 8433
20151126 090029 8441
20151126 090029 8441
20151126 090030 8429
20151126 090030 8440
20151126 090041 8443
20151126 090042 8443
20151126 090045 8435
20151126 090051 8445
20151126 090051 8446
20151126 090052 8445
20151126 090054 8436
20151126 090057 8435
20151126 090058 8446
20151126 090100 8447
20151126 090101 8438
20151126 090101 8439
20151126 090101 8439
20151126 090102 8440
20151126 090102 8440
20151126 090107 8447
20151126 090107 8447
20151126 090110 8447
20151126 090111 8447
20151126 090115 8447
20151126 090119 8441
20151126 090119 8441
20151126 090119 8441
20151126 090119 8441
20151126 090119 8441
20151126 090122 8444
20151126 090122 8444
20151126 090122 8444
20151126 090122 8444
20151126 090122 8444
20151126 090123 8453
20151126 090124 8446
20151126 090125 8446
20151126 090126 8446
20151126 090130 8455
20151126 090140 8446
20151126 090140 8446
20151126 090140 8447
20151126 090142 8447
20151126 090145 8446
20151126 090153 8440
20151126 090200 8441
20151126 090215 8445
20151126 090224 8446
20151126 090224 8446
20151126 090224 8446
20151126 090224 8446
20151126 090224 8446
20151126 090224 8446
20151126 090224 8446
20151126 090235 8448
20151126 090238 8448
20151126 090238 8449
20151126 090238 8449
20151126 090239 8450
20151126 090239 8450
20151126 090239 8450
20151126 090239 8450
20151126 090240 8450
20151126 090240 8450
20151126 090240 8450
20151126 090240 8451
20151126 090241 8451
20151126 090241 8451
20151126 090242 8451
20151126 090244 8451
20151126 090244 8451
20151126 090244 8451
20151126 090244 8451
20151126 090244 8452
20151126 090244 8452
20151126 090248 8451
20151126 090249 8452
20151126 090249 8452
20151126 090249 8452
20151126 090249 8452
20151126 090250 8451
20151126 090252 8452
20151126 090252 8453
20151126 090252 8453
20151126 090252 8454
20151126 090252 8454
20151126 090252 8454
20151126 090252 8454
20151126 090252 8454
20151126 090253 8454
20151126 090253 8454
20151126 090254 8455
20151126 090257 8455
20151126 090300 8456
20151126 090300 8456
20151126 090300 8456
20151126 090300 8456
20151126 090300 8456
20151126 090300 8456
20151126 090300 8456
20151126 090300 8456
20151126 090300 8456
20151126 090300 8456
20151126 090300 8456
20151126 090300 8456
20151126 090300 8456
20151126 090300 8456
20151126 090300 8456
20151126 090300 8456
20151126 090300 8456
20151126 090300 8456
20151126 090300 8456
20151126 090300 8456
20151126 090300 8456
20151126 090300 8456
20151126 090300 8456
20151126 090300 8456
20151126 090300 8456
20151126 090300 8456
20151126 090300 8456
20151126 090300 8456
20151126 090300 8457
20151126 090300 8458
20151126 090300 8458
20151126 090300 8459
20151126 090300 8459
20151126 090300 8460
20151126 090301 8457
20151126 090302 8458
20151126 090302 8460
20151126 090302 8460
20151126 090304 8459
20151126 090304 8459
20151126 090306 8462
20151126 090306 8462
20151126 090306 8462
20151126 090306 8462
20151126 090306 8463
20151126 090306 8463
20151126 090307 8464
20151126 090307 8464
20151126 090307 8464
20151126 090307 8464
20151126 090307 8464
20151126 090307 8464
20151126 090307 8464
20151126 090307 8464
20151126 090307 8464
20151126 090307 8465
20151126 090307 8469
20151126 090307 8469
20151126 090307 8469
20151126 090308 8463
20151126 090308 8463
20151126 090308 8463
20151126 090309 8465
20151126 090309 8465
20151126 090309 8466
20151126 090309 8466
20151126 090309 8466
20151126 090309 8466
20151126 090309 8466
20151126 090309 8466
20151126 090309 8466
20151126 090309 8466
20151126 090309 8466
20151126 090309 8467
20151126 090309 8467
20151126 090309 8467
20151126 090315 8465
20151126 090316 8466
20151126 090316 8468
20151126 090317 8466
20151126 090319 8464
20151126 090326 8466
20151126 090328 8464
20151126 090337 8463
20151126 090338 8469
20151126 090343 8463
20151126 090348 8463
20151126 090356 8464
20151126 090400 8472
20151126 090401 8466
20151126 090401 8466
20151126 090401 8466
20151126 090402 8465
20151126 090403 8464
20151126 090406 8467
20151126 090406 8467
20151126 090406 8468
20151126 090406 8468
20151126 090406 8468
20151126 090406 8468
20151126 090406 8468
20151126 090406 8468
20151126 090406 8468
20151126 090406 8469
20151126 090406 8469
20151126 090406 8469
20151126 090406 8469
20151126 090406 8470
20151126 090406 8471
20151126 090406 8471
20151126 090406 8471
20151126 090406 8471
20151126 090406 8471
20151126 090406 8471
20151126 090406 8471
20151126 090406 8471
20151126 090406 8471
20151126 090406 8471
20151126 090406 8471
20151126 090407 8471
20151126 090407 8472
20151126 090407 8472
20151126 090407 8472
20151126 090409 8473
20151126 090409 8473
20151126 090410 8471
20151126 090410 8472
20151126 090410 8473
20151126 090413 8472
20151126 090413 8481
20151126 090416 8473
20151126 090419 8472
20151126 090419 8472
20151126 090419 8474
20151126 090419 8474
20151126 090420 8474
20151126 090420 8474
20151126 090420 8474
20151126 090420 8474
20151126 090421 8472
20151126 090426 8473
20151126 090428 8472
20151126 090429 8474
20151126 090431 8473
20151126 090439 8472
20151126 090439 8473
20151126 090441 8471
20151126 090443 8480
20151126 090445 8471
20151126 090451 8481
20151126 090452 8472
20151126 090500 8476
20151126 090500 8476
20151126 090500 8476
20151126 090500 8476
20151126 090500 8476
20151126 090500 8476
20151126 090500 8477
20151126 090500 8477
20151126 090500 8478
20151126 090500 8478
20151126 090500 8478
20151126 090500 8478
20151126 090500 8478
20151126 090500 8479
20151126 090500 8479
20151126 090500 8479
20151126 090500 8479
20151126 090500 8479
20151126 090500 8480
20151126 090500 8481
20151126 090500 8481
20151126 090500 8481
20151126 090500 8481
20151126 090500 8481
20151126 090500 8481
20151126 090500 8482
20151126 090500 8482
20151126 090500 8482
20151126 090500 8482
20151126 090500 8482
20151126 090500 8484
20151126 090501 8482
20151126 090501 8482
20151126 090501 8483
20151126 090501 8483
20151126 090501 8483
20151126 090501 8483
20151126 090501 8483
20151126 090501 8484
20151126 090501 8484
20151126 090501 8484
20151126 090501 8484
20151126 090501 8485
20151126 090501 8485
20151126 090501 8485
20151126 090501 8486
20151126 090501 8486
20151126 090501 8486
20151126 090501 8486
20151126 090501 8486
20151126 090501 8486
20151126 090501 8486
20151126 090501 8486
20151126 090501 8486
20151126 090501 8486
20151126 090501 8486
20151126 090501 8487
20151126 090501 8488
20151126 090501 8488
20151126 090502 8483
20151126 090502 8484
20151126 090504 8491
20151126 090504 8491
20151126 090504 8491
20151126 090504 8493
20151126 090504 8493
20151126 090504 8493
20151126 090504 8493
20151126 090504 8493
20151126 090504 8494
20151126 090504 8494
20151126 090504 8494
20151126 090504 8494
20151126 090504 8494
20151126 090504 8494
20151126 090504 8494
20151126 090504 8494
20151126 090504 8494
20151126 090504 8494
20151126 090504 8494
20151126 090505 8493
20151126 090505 8495
20151126 090505 8495
20151126 090505 8495
20151126 090505 8496
20151126 090505 8496
20151126 090505 8496
20151126 090505 8496
20151126 090505 8498
20151126 090505 8498
20151126 090505 8498
20151126 090505 8498
20151126 090505 8498
20151126 090505 8498
20151126 090505 8498
20151126 090505 8498
20151126 090505 8498
20151126 090505 8498
20151126 090505 8498
20151126 090505 8498
20151126 090505 8498
20151126 090505 8498
20151126 090505 8498
20151126 090505 8498
20151126 090505 8498
20151126 090505 8498
20151126 090505 8498
20151126 090505 8498
20151126 090505 8498
20151126 090505 8498
20151126 090505 8498
20151126 090505 8498
20151126 090505 8498
20151126 090505 8498
20151126 090505 8498
20151126 090505 8498
20151126 090505 8498
20151126 090505 8498
20151126 090505 8499
20151126 090505 8499
20151126 090505 8499
20151126 090505 8499
20151126 090505 8499
20151126 090505 8499
20151126 090505 8499
20151126 090508 8489
20151126 090510 8489
20151126 090510 8491
20151126 090512 8497
20151126 090513 8494
20151126 090514 8493
20151126 090515 8495
20151126 090516 8492
20151126 090517 8492
20151126 090517 8492
20151126 090519 8494
20151126 090520 8496
20151126 090520 8498
20151126 090521 8495
20151126 090521 8495
20151126 090522 8496
20151126 090522 8496
20151126 090522 8497
20151126 090524 8495
20151126 090524 8495
20151126 090524 8495
20151126 090524 8495
20151126 090524 8496
20151126 090526 8495
20151126 090530 8494
20151126 090530 8495
20151126 090540 8494
20151126 090541 8496
20151126 090543 8495
20151126 090543 8496
20151126 090544 8495
20151126 090545 8494
20151126 090545 8495
20151126 090548 8494
20151126 090550 8493
20151126 090550 8494
20151126 090551 8494
20151126 090551 8494
20151126 090552 8495
20151126 090554 8494
20151126 090600 8494
20151126 090600 8495
20151126 090600 8495
20151126 090602 8495
20151126 090604 8496
20151126 090605 8496
20151126 090611 8493
20151126 090612 8492
20151126 090612 8492
20151126 090612 8492
20151126 090616 8488
20151126 090616 8491
20151126 090618 8490
20151126 090620 8488
20151126 090620 8488
20151126 090622 8489
20151126 090622 8489
20151126 090623 8489
20151126 090625 8489
20151126 090628 8488
20151126 090629 8488
20151126 090630 8488
20151126 090632 8487
20151126 090632 8488
20151126 090635 8486
20151126 090637 8487
20151126 090638 8486
20151126 090638 8486
20151126 090639 8486
20151126 090639 8488
20151126 090641 8485
20151126 090641 8485
20151126 090647 8485
20151126 090648 8484
20151126 090650 8485
20151126 090650 8486
20151126 090654 8486
20151126 090655 8486
20151126 090657 8487
20151126 090659 8486
20151126 090707 8487
20151126 090707 8487
20151126 090710 8486
20151126 090713 8486
20151126 090713 8487
20151126 090725 8487
20151126 090726 8487
20151126 090730 8487
20151126 090732 8487
20151126 090733 8487
20151126 090740 8487
20151126 090754 8482
20151126 090757 8482
20151126 090759 8483
20151126 090802 8485
20151126 090803 8484
20151126 090808 8484
20151126 090819 8486
20151126 090819 8486
20151126 090820 8486
20151126 090820 8486
20151126 090820 8487
20151126 090820 8487
20151126 090821 8487
20151126 090821 8487
20151126 090821 8487
20151126 090821 8487
20151126 090821 8487
20151126 090822 8487
20151126 090822 8487
20151126 090822 8488
20151126 090822 8488
20151126 090823 8486
20151126 090823 8486
20151126 090823 8486
20151126 090826 8487
20151126 090826 8489
20151126 090826 8489
20151126 090827 8487
20151126 090827 8487
20151126 090827 8488
20151126 090828 8489
20151126 090832 8487
20151126 090840 8490
20151126 090843 8490
20151126 090849 8487
20151126 090849 8487
20151126 090901 8490
20151126 090901 8490
20151126 090901 8490
20151126 090901 8491
20151126 090901 8491
20151126 090901 8491
20151126 090901 8491
20151126 090901 8491
20151126 090901 8491
20151126 090902 8492
20151126 090902 8492
20151126 090902 8492
20151126 090902 8492
20151126 090902 8493
20151126 090905 8490
20151126 090905 8490
20151126 090905 8491
20151126 090912 8490
20151126 090919 8491
20151126 090921 8488
20151126 090923 8487
20151126 090923 8487
20151126 090929 8489
20151126 090934 8490
20151126 090934 8490
20151126 090946 8487
20151126 090946 8487
20151126 090948 8488
20151126 090948 8488
20151126 090948 8488
20151126 090959 8488
20151126 091000 8488
20151126 091001 8490
20151126 091008 8486
20151126 091014 8482
20151126 091014 8482
20151126 091020 8483
20151126 091038 8481
20151126 091050 8479
20151126 091050 8479
20151126 091050 8479
20151126 091050 8479
20151126 091050 8479
20151126 091050 8479
20151126 091050 8485
20151126 091051 8484
20151126 091052 8476
20151126 091054 8482
20151126 091100 8478
20151126 091100 8478
20151126 091100 8478
20151126 091112 8481
20151126 091112 8481
20151126 091112 8481
20151126 091112 8481
20151126 091112 8481
20151126 091112 8481
20151126 091112 8482
20151126 091112 8482
20151126 091112 8482
20151126 091112 8482
20151126 091116 8481
20151126 091122 8480
20151126 091122 8481
20151126 091123 8480
20151126 091123 8480
20151126 091125 8481
20151126 091127 8482
20151126 091127 8482
20151126 091141 8482
20151126 091145 8483
20151126 091145 8484
20151126 091145 8484
20151126 091145 8484
20151126 091145 8484
20151126 091152 8481
20151126 091152 8481
20151126 091154 8481
20151126 091155 8481
20151126 091210 8479
20151126 091210 8479
20151126 091211 8479
20151126 091218 8480
20151126 091231 8482
20151126 091242 8479
20151126 091249 8478
20151126 091303 8482
20151126 091319 8478
20151126 091320 8477
20151126 091327 8477
20151126 091329 8475
20151126 091329 8482
20151126 091330 8474
20151126 091330 8474
20151126 091331 8480
20151126 091331 8480
20151126 091336 8476
20151126 091340 8478
20151126 091340 8478
20151126 091340 8478
20151126 091347 8476
20151126 091350 8477
20151126 091351 8478
20151126 091400 8477
20151126 091405 8477
20151126 091406 8477
20151126 091424 8477
20151126 091429 8479
20151126 091429 8479
20151126 091432 8479
20151126 091432 8479
20151126 091432 8479
20151126 091432 8479
20151126 091432 8479
20151126 091432 8480
20151126 091432 8480
20151126 091432 8480
20151126 091433 8479
20151126 091433 8480
20151126 091433 8481
20151126 091433 8481
20151126 091433 8481
20151126 091433 8482
20151126 091433 8482
20151126 091434 8482
20151126 091434 8482
20151126 091438 8482
20151126 091438 8482
20151126 091438 8482
20151126 091438 8482
20151126 091438 8482
20151126 091439 8483
20151126 091439 8483
20151126 091439 8483
20151126 091439 8483
20151126 091439 8483
20151126 091439 8483
20151126 091443 8484
20151126 091443 8484
20151126 091445 8482
20151126 091452 8487
20151126 091454 8486
20151126 091454 8486
20151126 091454 8486
20151126 091454 8486
20151126 091454 8486
20151126 091456 8488
20151126 091456 8488
20151126 091456 8488
20151126 091456 8488
20151126 091456 8490
20151126 091457 8489
20151126 091457 8489
20151126 091457 8489
20151126 091457 8489
20151126 091457 8490
20151126 091457 8490
20151126 091457 8490
20151126 091457 8491
20151126 091457 8491
20151126 091457 8491
20151126 091457 8491
20151126 091457 8491
20151126 091457 8491
20151126 091457 8491
20151126 091457 8492
20151126 091457 8492
20151126 091457 8492
20151126 091457 8492
20151126 091458 8492
20151126 091458 8493
20151126 091458 8494
20151126 091458 8494
20151126 091459 8489
20151126 091500 8492
20151126 091501 8493
20151126 091501 8494
20151126 091501 8494
20151126 091501 8494
20151126 091501 8494
20151126 091501 8494
20151126 091501 8494
20151126 091501 8494
20151126 091501 8494
20151126 091501 8494
20151126 091501 8494
20151126 091501 8494
20151126 091501 8494
20151126 091501 8494
20151126 091501 8494
20151126 091501 8494
20151126 091502 8495
20151126 091502 8495
20151126 091502 8496
20151126 091502 8496
20151126 091502 8496
20151126 091502 8496
20151126 091502 8496
20151126 091502 8496
20151126 091502 8496
20151126 091502 8496
20151126 091502 8496
20151126 091502 8496
20151126 091502 8497
20151126 091502 8498
20151126 091502 8498
20151126 091502 8498
20151126 091502 8498
20151126 091502 8499
20151126 091502 8499
20151126 091502 8499
20151126 091502 8499
20151126 091502 8499
20151126 091502 8499
20151126 091502 8499
20151126 091502 8499
20151126 091502 8499
20151126 091502 8500
20151126 091502 8500
20151126 091502 8500
20151126 091502 8500
20151126 091502 8500
20151126 091502 8500
20151126 091502 8501
20151126 091502 8501
20151126 091502 8501
20151126 091502 8501
20151126 091503 8501
20151126 091503 8501
20151126 091503 8501
20151126 091503 8502
20151126 091503 8502
20151126 091503 8502
20151126 091503 8502
20151126 091503 8502
20151126 091503 8502
20151126 091503 8503
20151126 091503 8504
20151126 091503 8504
20151126 091503 8504
20151126 091503 8504
20151126 091503 8504
20151126 091503 8504
20151126 091503 8504
20151126 091503 8504
20151126 091503 8504
20151126 091503 8504
20151126 091503 8504
20151126 091503 8504
20151126 091503 8504
20151126 091503 8504
20151126 091503 8504
20151126 091503 8504
20151126 091503 8504
20151126 091503 8504
20151126 091503 8504
20151126 091503 8505
20151126 091503 8505
20151126 091503 8505
20151126 091503 8505
20151126 091503 8505
20151126 091503 8506
20151126 091503 8506
20151126 091503 8506
20151126 091503 8506
20151126 091503 8506
20151126 091503 8506
20151126 091503 8506
20151126 091503 8506
20151126 091503 8506
20151126 091503 8506
20151126 091503 8506
20151126 091503 8506
20151126 091503 8506
20151126 091503 8506
20151126 091503 8506
20151126 091503 8506
20151126 091503 8506
20151126 091503 8507
20151126 091503 8507
20151126 091503 8507
20151126 091503 8507
20151126 091503 8507
20151126 091503 8507
20151126 091503 8508
20151126 091503 8509
20151126 091504 8508
20151126 091504 8508
20151126 091504 8509
20151126 091504 8509
20151126 091504 8509
20151126 091504 8510
20151126 091504 8510
20151126 091505 8507
20151126 091505 8508
20151126 091507 8509
20151126 091510 8508
20151126 091511 8511
20151126 091511 8512
20151126 091511 8512
20151126 091511 8512
20151126 091511 8512
20151126 091511 8512
20151126 091511 8512
20151126 091511 8512
20151126 091511 8512
20151126 091511 8512
20151126 091511 8512
20151126 091511 8512
20151126 091511 8512
20151126 091511 8514
20151126 091511 8514
20151126 091511 8514
20151126 091512 8514
20151126 091513 8511
20151126 091514 8512
20151126 091514 8512
20151126 091514 8513
20151126 091515 8514
20151126 091516 8516
20151126 091516 8516
20151126 091516 8516
20151126 091516 8516
20151126 091518 8516
20151126 091518 8516
20151126 091518 8516
20151126 091518 8516
20151126 091519 8517
20151126 091519 8517
20151126 091521 8515
20151126 091523 8515
20151126 091526 8514
20151126 091531 8515
20151126 091532 8513
20151126 091532 8515
20151126 091534 8513
20151126 091535 8514
20151126 091536 8516
20151126 091536 8516
20151126 091536 8516
20151126 091537 8513
20151126 091538 8513
20151126 091549 8511
20151126 091549 8511
20151126 091551 8511
20151126 091552 8511
20151126 091600 8510
20151126 091600 8510
20151126 091600 8510
20151126 091600 8510
20151126 091600 8510
20151126 091600 8510
20151126 091605 8513
20151126 091605 8513
20151126 091605 8513
20151126 091605 8513
20151126 091605 8513
20151126 091605 8514
20151126 091606 8514
20151126 091606 8514
20151126 091614 8515
20151126 091615 8516
20151126 091615 8516
20151126 091615 8516
20151126 091615 8516
20151126 091615 8516
20151126 091615 8516
20151126 091615 8517
20151126 091615 8518
20151126 091616 8518
20151126 091616 8518
20151126 091616 8518
20151126 091616 8518
20151126 091616 8518
20151126 091616 8518
20151126 091616 8519
20151126 091617 8520
20151126 091617 8520
20151126 091617 8520
20151126 091617 8520
20151126 091618 8516
20151126 091626 8515
20151126 091633 8518
20151126 091636 8517
20151126 091639 8515
20151126 091639 8515
20151126 091640 8516
20151126 091644 8517
20151126 091644 8518
20151126 091644 8518
20151126 091644 8518
20151126 091650 8516
20151126 091651 8516
20151126 091656 8516
20151126 091700 8518
20151126 091700 8518
20151126 091701 8519
20151126 091701 8519
20151126 091701 8519
20151126 091701 8519
20151126 091701 8519
20151126 091704 8520
20151126 091704 8520
20151126 091704 8520
20151126 091704 8520
20151126 091704 8520
20151126 091704 8520
20151126 091712 8518
20151126 091714 8514
20151126 091715 8512
20151126 091724 8511
20151126 091727 8514
20151126 091727 8514
20151126 091728 8514
20151126 091728 8514
20151126 091731 8513
20151126 091737 8512
20151126 091739 8513
20151126 091743 8513
20151126 091747 8513
20151126 091753 8513
20151126 091754 8512
20151126 091755 8514
20151126 091757 8515
20151126 091800 8515
20151126 091800 8516
20151126 091800 8516
20151126 091800 8516
20151126 091801 8516
20151126 091801 8516
20151126 091801 8517
20151126 091803 8514
20151126 091803 8515
20151126 091805 8514
20151126 091806 8513
20151126 091810 8513
20151126 091811 8513
20151126 091812 8512
20151126 091814 8511
20151126 091816 8513
20151126 091816 8514
20151126 091822 8514
20151126 091826 8514
20151126 091834 8514
20151126 091836 8513
20151126 091842 8512
20151126 091853 8512
20151126 091856 8511
20151126 091916 8515
20151126 091916 8515
20151126 091916 8515
20151126 091916 8515
20151126 091917 8516
20151126 091918 8515
20151126 091918 8515
20151126 091918 8516
20151126 091918 8516
20151126 091919 8516
20151126 091920 8515
20151126 091925 8516
20151126 091930 8517
20151126 091931 8518
20151126 091931 8518
20151126 091931 8518
20151126 091931 8518
20151126 091932 8519
20151126 091933 8516
20151126 091933 8516
20151126 091933 8516
20151126 091933 8516
20151126 091940 8518
20151126 091944 8517
20151126 092000 8516
20151126 092005 8517
20151126 092008 8516
20151126 092019 8518
20151126 092019 8519
20151126 092019 8519
20151126 092019 8520
20151126 092020 8520
20151126 092020 8520
20151126 092020 8521
20151126 092020 8521
20151126 092020 8521
20151126 092020 8521
20151126 092020 8521
20151126 092020 8522
20151126 092020 8522
20151126 092020 8522
20151126 092020 8523
20151126 092020 8523
20151126 092020 8523
20151126 092020 8523
20151126 092020 8523
20151126 092020 8524
20151126 092020 8525
20151126 092020 8525
20151126 092020 8525
20151126 092021 8523
20151126 092021 8525
20151126 092021 8525
20151126 092021 8525
20151126 092021 8525
20151126 092021 8525
20151126 092030 8519
20151126 092049 8512
20151126 092049 8512
20151126 092050 8511
20151126 092050 8511
20151126 092051 8509
20151126 092051 8510
20151126 092051 8510
20151126 092051 8510
20151126 092052 8509
20151126 092052 8509
20151126 092053 8509
20151126 092055 8510
20151126 092101 8512
20151126 092113 8509
20151126 092116 8508
20151126 092116 8508
20151126 092118 8508
20151126 092118 8508
20151126 092118 8508
20151126 092118 8508
20151126 092120 8509
20151126 092132 8508
20151126 092140 8509
20151126 092142 8510
20151126 092147 8509
20151126 092147 8509
20151126 092154 8511
20151126 092154 8511
20151126 092154 8511
20151126 092155 8510
20151126 092209 8509
20151126 092210 8511
20151126 092211 8510
20151126 092211 8511
20151126 092213 8513
20151126 092213 8514
20151126 092214 8514
20151126 092223 8510
20151126 092235 8512
20151126 092245 8511
20151126 092246 8512
20151126 092246 8512
20151126 092257 8511
20151126 092301 8512
20151126 092302 8511
20151126 092309 8511
20151126 092311 8511
20151126 092312 8511
20151126 092313 8511
20151126 092318 8509
20151126 092323 8508
20151126 092326 8508
20151126 092350 8507
20151126 092359 8510
20151126 092407 8508
20151126 092415 8506
20151126 092436 8505
20151126 092445 8508
20151126 092454 8508
20151126 092501 8509
20151126 092501 8510
20151126 092507 8511
20151126 092507 8511
20151126 092507 8511
20151126 092507 8511
20151126 092511 8510
20151126 092512 8511
20151126 092513 8510
20151126 092530 8508
20151126 092532 8513
20151126 092602 8508
20151126 092607 8510
20151126 092607 8510
20151126 092608 8511
20151126 092608 8511
20151126 092608 8511
20151126 092608 8511
20151126 092644 8510
20151126 092702 8510
20151126 092710 8511
20151126 092710 8511
20151126 092710 8511
20151126 092710 8511
20151126 092746 8509
20151126 092804 8511
20151126 092804 8511
20151126 092808 8511
20151126 092813 8510
20151126 092830 8511
20151126 092831 8512
20151126 092930 8510
20151126 092935 8513
20151126 092935 8513
20151126 092936 8514
20151126 092936 8514
20151126 092936 8514
20151126 092937 8514
20151126 092937 8514
20151126 092937 8514
20151126 092944 8516
20151126 092945 8517
20151126 092945 8517
20151126 092950 8516
20151126 092950 8516
20151126 092951 8518
20151126 092951 8518
20151126 092953 8518
20151126 092953 8518
20151126 092959 8518
20151126 093000 8519
20151126 093001 8518
20151126 093001 8519
20151126 093001 8519
20151126 093001 8519
20151126 093009 8513
20151126 093012 8514
20151126 093015 8510
20151126 093017 8511
20151126 093017 8511
20151126 093017 8511
20151126 093017 8511
20151126 093017 8511
20151126 093018 8510
20151126 093018 8510
20151126 093023 8513
20151126 093023 8513
20151126 093023 8513
20151126 093023 8513
20151126 093038 8512
20151126 093045 8510
20151126 093106 8508
20151126 093107 8508
20151126 093109 8503
20151126 093109 8505
20151126 093109 8506
20151126 093110 8491
20151126 093110 8491
20151126 093110 8491
20151126 093110 8491
20151126 093110 8491
20151126 093110 8492
20151126 093110 8492
20151126 093110 8492
20151126 093110 8493
20151126 093110 8493
20151126 093110 8494
20151126 093110 8497
20151126 093110 8498
20151126 093110 8498
20151126 093110 8499
20151126 093110 8499
20151126 093110 8500
20151126 093110 8501
20151126 093110 8501
20151126 093110 8501
20151126 093110 8501
20151126 093110 8502
20151126 093110 8503
20151126 093110 8503
20151126 093110 8503
20151126 093110 8503
20151126 093110 8503
20151126 093111 8475
20151126 093111 8477
20151126 093111 8479
20151126 093111 8479
20151126 093111 8479
20151126 093111 8479
20151126 093111 8480
20151126 093111 8481
20151126 093111 8481
20151126 093111 8481
20151126 093111 8482
20151126 093111 8483
20151126 093111 8483
20151126 093111 8483
20151126 093111 8483
20151126 093111 8483
20151126 093111 8483
20151126 093111 8484
20151126 093111 8484
20151126 093111 8484
20151126 093111 8484
20151126 093111 8484
20151126 093111 8485
20151126 093111 8486
20151126 093111 8487
20151126 093111 8487
20151126 093111 8487
20151126 093111 8488
20151126 093111 8489
20151126 093111 8489
20151126 093112 8463
20151126 093112 8463
20151126 093112 8463
20151126 093112 8464
20151126 093112 8464
20151126 093112 8466
20151126 093112 8466
20151126 093112 8467
20151126 093112 8467
20151126 093112 8468
20151126 093112 8468
20151126 093112 8468
20151126 093112 8469
20151126 093112 8469
20151126 093112 8469
20151126 093112 8469
20151126 093112 8470
20151126 093112 8470
20151126 093112 8470
20151126 093112 8471
20151126 093112 8471
20151126 093112 8471
20151126 093112 8471
20151126 093112 8472
20151126 093112 8473
20151126 093112 8473
20151126 093112 8473
20151126 093112 8474
20151126 093112 8475
20151126 093113 8465
20151126 093114 8471
20151126 093114 8471
20151126 093114 8471
20151126 093114 8472
20151126 093114 8472
20151126 093114 8472
20151126 093114 8472
20151126 093114 8472
20151126 093114 8472
20151126 093115 8471
20151126 093115 8472
20151126 093116 8472
20151126 093117 8479
20151126 093117 8479
20151126 093117 8479
20151126 093117 8479
20151126 093118 8480
20151126 093120 8479
20151126 093120 8479
20151126 093121 8478
20151126 093125 8483
20151126 093126 8478
20151126 093129 8484
20151126 093130 8483
20151126 093130 8487
20151126 093139 8477
20151126 093142 8480
20151126 093152 8482
20151126 093152 8482
20151126 093201 8481
20151126 093202 8481
20151126 093203 8480
20151126 093212 8483
20151126 093212 8483
20151126 093214 8485
20151126 093230 8484
20151126 093230 8485
20151126 093233 8484
20151126 093236 8484
20151126 093236 8484
20151126 093237 8483
20151126 093241 8483
20151126 093243 8481
20151126 093243 8481
20151126 093243 8483
20151126 093244 8482
20151126 093246 8481
20151126 093250 8482
20151126 093255 8483
20151126 093255 8483
20151126 093300 8483
20151126 093316 8484
20151126 093324 8484
20151126 093324 8484
20151126 093324 8484
20151126 093335 8481
20151126 093335 8481
20151126 093335 8482
20151126 093335 8482
20151126 093335 8482
20151126 093335 8482
20151126 093335 8483
20151126 093338 8480
20151126 093339 8481
20151126 093349 8481
20151126 093352 8480
20151126 093353 8480
20151126 093353 8480
20151126 093357 8481
20151126 093401 8480
20151126 093414 8482
20151126 093415 8482
20151126 093430 8482
20151126 093431 8481
20151126 093443 8482
20151126 093448 8481
20151126 093546 8483
20151126 093547 8482
20151126 093555 8481
20151126 093612 8483
20151126 093634 8479
20151126 093634 8480
20151126 093634 8480
20151126 093634 8481
20151126 093635 8478
20151126 093635 8479
20151126 093636 8478
20151126 093637 8481
20151126 093641 8482
20151126 093642 8477
20151126 093650 8477
20151126 093654 8477
20151126 093659 8473
20151126 093659 8473
20151126 093659 8479
20151126 093700 8472
20151126 093700 8473
20151126 093700 8473
20151126 093700 8473
20151126 093703 8475
20151126 093712 8477
20151126 093713 8478
20151126 093715 8479
20151126 093732 8478
20151126 093732 8478
20151126 093732 8478
20151126 093808 8478
20151126 093808 8478
20151126 093813 8479
20151126 093816 8479
20151126 093832 8476
20151126 093837 8475
20151126 093843 8475
20151126 093852 8475
20151126 093852 8475
20151126 093852 8475
20151126 093852 8475
20151126 093856 8475
20151126 093857 8473
20151126 093901 8476
20151126 093913 8474
20151126 093913 8474
20151126 093915 8474
20151126 093919 8475
20151126 093931 8473
20151126 093934 8472
20151126 093936 8471
20151126 093937 8471
20151126 093946 8468
20151126 093946 8469
20151126 093946 8469
20151126 093947 8468
20151126 093950 8467
20151126 093950 8467
20151126 093952 8468
20151126 093953 8471
20151126 093959 8468
20151126 094000 8469
20151126 094001 8468
20151126 094002 8469
20151126 094003 8469
20151126 094006 8468
20151126 094009 8468
20151126 094009 8468
20151126 094012 8471
20151126 094014 8468
20151126 094026 8469
20151126 094029 8472
20151126 094036 8471
20151126 094037 8471
20151126 094038 8474
20151126 094038 8474
20151126 094038 8474
20151126 094043 8472
20151126 094044 8476
20151126 094048 8477
20151126 094057 8478
20151126 094102 8478
20151126 094103 8475
20151126 094112 8478
20151126 094118 8479
20151126 094120 8478
20151126 094123 8476
20151126 094132 8478
20151126 094147 8481
20151126 094147 8481
20151126 094148 8481
20151126 094148 8481
20151126 094151 8482
20151126 094151 8482
20151126 094152 8479
20151126 094153 8482
20151126 094154 8483
20151126 094154 8483
20151126 094206 8482
20151126 094206 8483
20151126 094206 8483
20151126 094207 8482
20151126 094212 8484
20151126 094300 8480
20151126 094300 8480
20151126 094349 8478
20151126 094354 8478
20151126 094400 8478
20151126 094405 8477
20151126 094406 8476
20151126 094407 8476
20151126 094408 8475
20151126 094421 8477
20151126 094425 8477
20151126 094500 8477
20151126 094501 8481
20151126 094501 8482
20151126 094523 8475
20151126 094524 8474
20151126 094524 8474
20151126 094540 8474
20151126 094540 8474
20151126 094540 8474
20151126 094541 8473
20151126 094541 8473
20151126 094541 8473
20151126 094543 8471
20151126 094543 8471
20151126 094543 8471
20151126 094553 8474
20151126 094619 8472
20151126 094620 8470
20151126 094621 8469
20151126 094621 8469
20151126 094621 8469
20151126 094621 8469
20151126 094621 8470
20151126 094624 8468
20151126 094624 8469
20151126 094646 8472
20151126 094721 8476
20151126 094810 8474
20151126 094810 8474
20151126 094810 8474
20151126 094815 8473
20151126 094815 8473
20151126 094833 8473
20151126 094854 8474
20151126 094901 8473
20151126 094928 8474
20151126 094938 8473
20151126 094958 8471
20151126 095009 8473
20151126 095009 8473
20151126 095020 8473
20151126 095026 8475
20151126 095029 8475
20151126 095055 8473
20151126 095100 8473
20151126 095111 8475
20151126 095136 8474
20151126 095145 8472
20151126 095145 8472
20151126 095204 8475
20151126 095226 8476
20151126 095226 8476
20151126 095226 8477
20151126 095240 8474
20151126 095310 8473
20151126 095318 8472
20151126 095331 8472
20151126 095332 8471
20151126 095332 8472
20151126 095424 8474
20151126 095443 8473
20151126 095444 8472
20151126 095458 8474
20151126 095505 8475
20151126 095511 8476
20151126 095513 8478
20151126 095513 8478
20151126 095522 8481
20151126 095522 8481
20151126 095522 8481
20151126 095522 8481
20151126 095522 8481
20151126 095522 8481
20151126 095525 8483
20151126 095525 8483
20151126 095525 8483
20151126 095525 8483
20151126 095525 8483
20151126 095527 8484
20151126 095527 8484
20151126 095527 8484
20151126 095533 8484
20151126 095539 8485
20151126 095539 8486
20151126 095539 8486
20151126 095540 8486
20151126 095540 8486
20151126 095540 8486
20151126 095544 8487
20151126 095544 8487
20151126 095545 8486
20151126 095549 8488
20151126 095620 8483
20151126 095620 8483
20151126 095632 8481
20151126 095632 8481
20151126 095642 8482
20151126 095701 8482
20151126 095710 8481
20151126 095727 8475
20151126 095727 8476
20151126 095727 8476
20151126 095730 8479
20151126 095740 8479
20151126 095811 8480
20151126 095842 8478
20151126 095849 8477
20151126 095850 8477
20151126 095905 8478
20151126 100113 8476
20151126 100113 8476
20151126 100121 8478
20151126 100134 8480
20151126 100152 8481
20151126 100442 8474
20151126 100442 8475
20151126 100445 8473
20151126 100445 8474
20151126 100446 8472
20151126 100451 8471
20151126 100451 8472
20151126 100501 8471
20151126 100501 8472
20151126 100502 8469
20151126 100502 8469
20151126 100502 8469
20151126 100502 8469
20151126 100502 8470
20151126 100503 8469
20151126 100503 8469
20151126 100504 8470
20151126 100513 8470
20151126 100513 8470
20151126 100514 8470
20151126 100514 8470
20151126 100537 8473
20151126 100553 8471
20151126 100557 8471
20151126 100601 8471
20151126 100641 8471
20151126 100711 8476
20151126 100715 8476
20151126 100750 8476
20151126 100751 8475
20151126 100941 8479
20151126 101012 8479
20151126 101015 8477
20151126 101015 8477
20151126 101035 8480
20151126 101042 8480
20151126 101203 8478
20151126 101356 8477
20151126 101437 8477
20151126 101502 8475
20151126 101627 8478
20151126 102038 8473
20151126 102159 8474
20151126 102218 8475
20151126 102225 8480
20151126 102234 8475
20151126 102237 8481
20151126 102238 8481
20151126 102238 8481
20151126 102239 8481
20151126 102239 8481
20151126 102239 8481
20151126 102240 8481
20151126 102240 8481
20151126 102314 8483
20151126 102314 8483
20151126 102318 8483
20151126 102320 8483
20151126 102322 8484
20151126 102342 8484
20151126 102350 8486
20151126 102350 8486
20151126 102350 8486
20151126 102352 8486
20151126 102352 8486
20151126 102353 8486
20151126 102353 8486
20151126 102403 8486
20151126 102403 8486
20151126 102443 8481
20151126 102444 8481
20151126 102700 8481
20151126 102727 8483
20151126 102727 8484
20151126 102727 8484
20151126 102727 8486
20151126 102727 8486
20151126 102727 8486
20151126 102727 8486
20151126 102727 8486
20151126 102728 8488
20151126 102728 8488
20151126 102728 8488
20151126 102729 8489
20151126 102729 8489
20151126 102729 8489
20151126 102730 8484
20151126 102730 8490
20151126 102730 8490
20151126 102730 8490
20151126 102730 8490
20151126 102732 8489
20151126 102748 8491
20151126 102748 8491
20151126 102748 8491
20151126 102749 8492
20151126 102752 8492
20151126 102752 8493
20151126 102752 8493
20151126 102752 8493
20151126 102753 8493
20151126 102826 8490
20151126 102850 8491
20151126 102850 8492
20151126 102850 8492
20151126 102902 8490
20151126 102905 8490
20151126 102905 8491
20151126 102951 8488
20151126 103033 8489
20151126 103301 8492
20151126 103302 8493
20151126 103305 8493
20151126 103401 8492
20151126 103536 8489
20151126 103551 8486
20151126 103553 8485
20151126 103601 8486
20151126 103628 8486
20151126 103646 8484
20151126 103647 8485
20151126 103648 8483
20151126 103756 8484
20151126 103801 8483
20151126 103906 8485
20151126 103922 8485
20151126 104004 8481
20151126 104006 8479
20151126 104007 8479
20151126 104008 8479
20151126 104008 8479
20151126 104014 8478
20151126 104018 8477
20151126 104210 8478
20151126 104210 8478
20151126 104211 8478
20151126 104510 8482
20151126 104539 8482
20151126 104556 8483
20151126 104702 8483
20151126 104706 8487
20151126 104713 8488
20151126 104713 8488
20151126 104729 8488
20151126 104911 8489
20151126 104921 8484
20151126 104933 8490
20151126 104933 8491
20151126 104933 8491
20151126 104933 8492
20151126 104933 8492
20151126 104933 8493
20151126 104934 8490
20151126 104934 8494
20151126 104934 8494
20151126 104934 8494
20151126 104934 8494
20151126 104934 8494
20151126 104934 8494
20151126 104934 8495
20151126 104934 8495
20151126 104935 8494
20151126 104953 8496
20151126 104953 8496
20151126 104958 8493
20151126 104958 8493
20151126 104958 8493
20151126 104958 8493
20151126 104958 8493
20151126 105058 8493
20151126 105103 8492
20151126 105230 8489
20151126 105247 8489
20151126 105310 8489
20151126 105432 8492
20151126 105432 8492
20151126 105432 8492
20151126 105432 8492
20151126 105433 8492
20151126 105433 8492
20151126 105447 8490
20151126 105500 8490
20151126 105555 8491
20151126 105602 8493
20151126 105603 8493
20151126 105604 8493
20151126 105604 8493
20151126 105607 8494
20151126 105610 8494
20151126 105629 8490
20151126 105703 8496
20151126 105703 8496
20151126 105703 8496
20151126 105703 8496
20151126 105703 8497
20151126 105703 8497
20151126 105704 8498
20151126 105704 8498
20151126 105704 8498
20151126 105704 8498
20151126 105750 8498
20151126 105750 8498
20151126 105750 8498
20151126 105751 8495
20151126 105751 8498
20151126 105751 8500
20151126 105751 8500
20151126 105751 8501
20151126 105751 8501
20151126 105751 8501
20151126 105751 8501
20151126 105751 8501
20151126 105751 8501
20151126 105751 8501
20151126 105751 8502
20151126 105751 8502
20151126 105751 8502
20151126 105751 8502
20151126 105751 8502
20151126 105751 8503
20151126 105751 8503
20151126 105751 8504
20151126 105751 8504
20151126 105751 8504
20151126 105751 8504
20151126 105751 8504
20151126 105759 8502
20151126 105811 8504
20151126 105818 8499
20151126 105822 8505
20151126 105822 8505
20151126 105823 8501
20151126 105823 8506
20151126 105823 8506
20151126 105823 8506
20151126 105823 8506
20151126 105823 8506
20151126 105823 8506
20151126 105823 8506
20151126 105823 8506
20151126 105823 8506
20151126 105823 8506
20151126 105823 8506
20151126 105823 8506
20151126 105823 8506
20151126 105823 8506
20151126 105823 8506
20151126 105823 8506
20151126 105823 8506
20151126 105823 8506
20151126 105823 8506
20151126 105823 8506
20151126 105823 8506
20151126 105823 8506
20151126 105823 8507
20151126 105823 8507
20151126 105834 8507
20151126 105838 8506
20151126 105839 8508
20151126 105839 8508
20151126 105911 8506
20151126 105925 8505
20151126 105943 8505
20151126 105944 8505
20151126 105951 8505
20151126 110007 8505
20151126 110013 8503
20151126 110018 8502
20151126 110028 8502
20151126 110034 8498
20151126 110126 8503
20151126 110150 8499
20151126 110226 8497
20151126 110306 8499
20151126 110324 8500
20151126 110328 8501
20151126 110420 8503
20151126 110509 8500
20151126 110536 8501
20151126 110636 8498
20151126 110706 8499
20151126 110941 8499
20151126 111051 8493
20151126 111224 8496
20151126 111345 8499
20151126 111531 8495
20151126 111612 8496
20151126 111733 8496
20151126 111901 8495
20151126 112024 8497
20151126 112027 8498
20151126 112028 8498
20151126 112031 8498
20151126 112032 8498
20151126 112033 8498
20151126 112034 8497
20151126 112034 8497
20151126 112034 8497
20151126 112057 8499
20151126 112101 8499
20151126 112105 8499
20151126 112111 8499
20151126 112111 8499
20151126 112111 8499
20151126 112111 8499
20151126 112201 8497
20151126 112234 8493
20151126 112239 8493
20151126 112256 8492
20151126 112256 8492
20151126 112256 8492
20151126 112256 8492
20151126 112256 8492
20151126 112256 8492
20151126 112300 8491
20151126 112504 8498
20151126 112557 8498
20151126 112826 8499
20151126 112827 8500
20151126 112856 8502
20151126 112859 8499
20151126 112901 8503
20151126 112902 8503
20151126 112903 8503
20151126 112907 8504
20151126 112933 8502
20151126 113011 8502
20151126 113019 8500
20151126 113019 8500
20151126 113023 8500
20151126 113023 8501
20151126 113048 8499
20151126 113250 8499
20151126 113313 8499
20151126 113343 8500
20151126 113346 8500
20151126 113431 8501
20151126 113431 8501
20151126 113432 8503
20151126 113433 8503
20151126 113442 8503
20151126 113445 8503
20151126 113446 8503
20151126 113446 8503
20151126 113446 8503
20151126 113446 8503
20151126 113509 8501
20151126 113509 8501
20151126 113517 8499
20151126 113523 8500
20151126 113542 8502
20151126 113601 8503
20151126 113610 8503
20151126 113647 8504
20151126 113649 8504
20151126 113653 8504
20151126 113706 8504
20151126 113706 8504
20151126 113706 8504
20151126 113706 8504
20151126 113708 8505
20151126 113709 8506
20151126 113709 8506
20151126 113709 8507
20151126 113709 8507
20151126 113709 8507
20151126 113709 8508
20151126 113709 8508
20151126 113710 8508
20151126 113711 8508
20151126 113711 8509
20151126 113714 8509
20151126 113714 8509
20151126 113714 8509
20151126 113714 8509
20151126 113727 8509
20151126 113727 8509
20151126 113730 8509
20151126 113730 8510
20151126 113730 8510
20151126 113730 8511
20151126 113730 8511
20151126 113730 8511
20151126 113730 8511
20151126 113738 8510
20151126 113801 8512
20151126 113801 8512
20151126 113801 8513
20151126 113801 8513
20151126 113801 8513
20151126 113801 8513
20151126 113813 8510
20151126 113813 8510
20151126 113814 8509
20151126 113816 8509
20151126 113843 8509
20151126 113908 8508
20151126 113952 8508
20151126 114009 8510
20151126 114019 8508
20151126 114028 8509
20151126 114101 8506
20151126 114102 8511
20151126 114107 8511
20151126 114111 8512
20151126 114130 8513
20151126 114135 8513
20151126 114144 8513
20151126 114150 8514
20151126 114254 8507
20151126 114303 8510
20151126 114308 8509
20151126 114309 8509
20151126 114318 8508
20151126 114427 8506
20151126 114445 8506
20151126 114501 8508
20151126 114501 8509
20151126 114501 8509
20151126 114613 8507
20151126 114622 8507
20151126 114634 8505
20151126 114714 8507
20151126 114812 8506
20151126 114812 8506
20151126 114832 8506
20151126 114844 8507
20151126 114848 8509
20151126 114912 8510
20151126 114912 8510
20151126 114915 8511
20151126 114923 8511
20151126 114924 8511
20151126 114924 8511
20151126 115005 8511
20151126 115051 8510
20151126 115053 8510
20151126 115104 8510
20151126 115153 8507
20151126 115300 8510
20151126 115350 8510
20151126 115359 8510
20151126 115402 8510
20151126 115523 8509
20151126 115544 8509
20151126 115616 8509
20151126 115724 8509
20151126 120046 8506
20151126 120126 8509
20151126 120507 8503
20151126 120509 8502
20151126 120514 8502
20151126 120514 8502
20151126 120514 8502
20151126 120605 8500
20151126 120607 8498
20151126 120629 8498
20151126 120630 8498
20151126 120631 8497
20151126 120631 8497
20151126 120631 8497
20151126 120631 8497
20151126 120631 8497
20151126 120631 8497
20151126 120631 8497
20151126 120632 8497
20151126 120640 8496
20151126 120649 8496
20151126 120657 8495
20151126 120657 8496
20151126 120706 8496
20151126 120719 8498
20151126 120719 8498
20151126 120719 8498
20151126 120746 8497
20151126 120801 8496
20151126 120830 8494
20151126 120833 8493
20151126 120833 8493
20151126 120834 8491
20151126 120834 8492
20151126 120834 8492
20151126 120834 8492
20151126 120834 8492
20151126 120834 8492
20151126 120834 8492
20151126 120834 8492
20151126 120835 8489
20151126 120835 8489
20151126 120835 8490
20151126 120835 8490
20151126 120835 8490
20151126 120836 8488
20151126 120842 8489
20151126 120842 8491
20151126 120844 8489
20151126 120845 8487
20151126 120845 8487
20151126 120845 8487
20151126 120845 8488
20151126 120845 8489
20151126 120846 8487
20151126 121116 8487
20151126 121117 8484
20151126 121117 8484
20151126 121117 8484
20151126 121117 8484
20151126 121117 8484
20151126 121117 8485
20151126 121117 8485
20151126 121117 8486
20151126 121117 8486
20151126 121140 8486
20151126 121150 8485
20151126 121201 8487
20151126 121221 8487
20151126 121229 8487
20151126 121239 8488
20151126 121240 8487
20151126 121500 8489
20151126 121501 8489
20151126 121502 8488
20151126 121623 8487
20151126 121653 8491
20151126 122012 8490
20151126 122012 8491
20151126 122056 8487
20151126 122056 8487
20151126 122056 8487
20151126 122102 8486
20151126 122102 8486
20151126 122102 8486
20151126 122102 8486
20151126 122103 8486
20151126 122128 8488
20151126 122249 8488
20151126 122258 8486
20151126 122428 8490
20151126 122429 8490
20151126 122439 8491
20151126 122511 8489
20151126 122539 8488
20151126 122627 8491
20151126 122627 8491
20151126 122642 8491
20151126 122652 8490
20151126 122652 8490
20151126 122715 8490
20151126 122716 8492
20151126 123149 8492
20151126 123233 8495
20151126 123233 8495
20151126 123238 8496
20151126 123531 8495
20151126 123531 8495
20151126 123601 8494
20151126 124035 8497
20151126 124046 8498
20151126 124140 8497
20151126 124208 8500
20151126 124208 8500
20151126 124208 8500
20151126 124209 8501
20151126 124221 8501
20151126 124228 8500
20151126 124237 8499
20151126 124237 8502
20151126 124237 8502
20151126 124334 8499
20151126 124601 8497
20151126 124635 8496
20151126 124656 8495
20151126 124721 8495
20151126 124723 8493
20151126 124724 8493
20151126 124744 8492
20151126 125314 8493
20151126 125545 8495
20151126 125611 8492
20151126 125622 8492
20151126 125631 8492
20151126 125631 8492
20151126 125648 8489
20151126 125648 8489
20151126 125648 8490
20151126 125658 8488
20151126 125702 8488
20151126 125703 8489
20151126 125705 8487
20151126 125706 8486
20151126 125707 8486
20151126 125713 8486
20151126 125715 8486
20151126 125719 8485
20151126 125728 8485
20151126 125728 8485
20151126 125728 8485
20151126 125728 8485
20151126 125729 8485
20151126 125729 8485
20151126 125730 8485
20151126 125731 8485
20151126 125739 8486
20151126 125740 8484
20151126 125740 8484
20151126 125948 8486
20151126 125948 8486
20151126 125948 8486
20151126 125948 8486
20151126 125954 8486
20151126 130200 8489
20151126 130321 8491
20151126 130321 8491
20151126 130345 8490
20151126 130436 8492
20151126 130439 8492
20151126 130557 8490
20151126 130932 8488
20151126 131056 8492
20151126 131307 8491
20151126 131426 8495
20151126 131434 8493
20151126 131435 8493
20151126 131502 8491
20151126 131502 8491
20151126 131502 8492
20151126 131502 8492
20151126 131502 8493
20151126 131502 8493
20151126 131518 8495
20151126 131524 8496
20151126 131544 8499
20151126 131558 8499
20151126 131559 8500
20151126 131559 8500
20151126 131559 8500
20151126 131608 8504
20151126 131608 8504
20151126 131608 8504
20151126 131608 8504
20151126 131609 8504
20151126 131609 8504
20151126 131609 8504
20151126 131609 8504
20151126 131610 8504
20151126 131617 8503
20151126 131617 8503
20151126 131628 8501
20151126 131646 8500
20151126 131650 8501
20151126 131652 8500
20151126 131715 8499
20151126 131718 8499
20151126 131927 8498
20151126 131944 8497
20151126 131953 8497
20151126 131955 8497
20151126 132151 8461
20151126 132151 8499
20151126 132151 8499
20151126 132211 8500
20151126 132211 8500
20151126 132212 8464
20151126 132212 8502
20151126 132233 8501
20151126 132316 8502
20151126 132317 8502
20151126 132318 8502
20151126 132515 8498
20151126 132515 8498
20151126 132516 8498
20151126 132523 8497
20151126 132540 8501
20151126 132812 8500
20151126 132829 8500
20151126 132829 8500
20151126 132933 8502
20151126 132947 8502
20151126 133001 8502
20151126 133009 8502
20151126 133042 8503
20151126 133042 8503
20151126 133042 8503
20151126 133042 8504
20151126 133042 8504
20151126 133044 8503
20151126 133048 8504
20151126 133048 8504
20151126 133049 8504
20151126 133049 8504
20151126 133049 8504
20151126 133112 8502
20151126 133201 8499
20151126 133203 8497
20151126 133206 8496
20151126 133208 8496
20151126 133216 8496
20151126 133220 8496
20151126 133220 8496
20151126 133220 8496
20151126 133221 8496
20151126 133221 8496
20151126 133221 8496
20151126 133221 8496
20151126 133222 8496
20151126 133225 8495
20151126 133225 8495
20151126 133225 8495
20151126 133228 8492
20151126 133301 8492
20151126 133313 8494
20151126 133328 8494
20151126 133346 8495
20151126 133418 8494
20151126 133425 8494
20151126 133425 8494
20151126 133429 8493
20151126 133445 8492
20151126 133448 8492
20151126 133449 8492
20151126 133501 8488
20151126 133501 8489
20151126 133501 8489
20151126 133501 8489
20151126 133501 8490
20151126 133501 8490
20151126 133501 8490
20151126 133501 8491
20151126 133501 8491
20151126 133501 8491
20151126 133501 8491
20151126 133501 8491
20151126 133501 8491
20151126 133501 8491
20151126 133501 8491
20151126 133502 8490
20151126 133529 8489
20151126 133533 8490
20151126 133548 8493
20151126 133549 8493
20151126 133640 8494
20151126 133645 8494
20151126 133705 8494
20151126 133717 8494
20151126 133746 8494
20151126 133747 8495
20151126 133754 8496
20151126 133755 8496
20151126 133755 8496
20151126 133755 8496
20151126 133759 8496
20151126 133815 8496
20151126 133819 8497
20151126 133844 8497
20151126 133900 8497
20151126 133930 8498
20151126 133931 8498
20151126 133934 8498
20151126 133937 8498
20151126 133950 8497
20151126 133954 8497
20151126 133954 8497
20151126 133954 8497
20151126 133958 8497
20151126 134000 8496
20151126 134000 8496
20151126 134000 8496
20151126 134045 8499
20151126 134055 8501
20151126 134055 8501
20151126 134145 8498
20151126 134145 8498
20151126 134145 8498
20151126 134145 8498
20151126 134145 8498
20151126 134201 8496
20151126 134201 8496
20151126 134202 8496
20151126 134202 8496
20151126 134202 8496
20151126 134202 8496
20151126 134203 8496
20151126 134203 8496
20151126 134203 8496
20151126 134207 8497
20151126 134258 8499
20151126 134329 8500
20151126 134329 8501
20151126 134333 8502
20151126 134333 8502
20151126 134333 8502
20151126 134333 8502
20151126 134335 8502
20151126 134343 8500
20151126 134353 8500
20151126 134414 8500
20151126 134415 8500
20151126 134424 8500
20151126 134424 8500
20151126 134427 8501
20151126 134427 8501
20151126 134427 8501
20151126 134429 8500
20151126 134447 8500
