20151023 084500 8741
20151023 084500 8741
20151023 084500 8741
20151023 084500 8742
20151023 084500 8742
20151023 084500 8742
20151023 084500 8742
20151023 084500 8742
20151023 084500 8742
20151023 084500 8743
20151023 084500 8743
20151023 084500 8751
20151023 084501 8745
20151023 084501 8745
20151023 084501 8746
20151023 084501 8746
20151023 084501 8746
20151023 084501 8746
20151023 084501 8747
20151023 084502 8743
20151023 084503 8722
20151023 084503 8744
20151023 084503 8745
20151023 084504 8745
20151023 084506 8745
20151023 084510 8740
20151023 084510 8740
20151023 084510 8741
20151023 084511 8745
20151023 084511 8745
20151023 084513 8744
20151023 084517 8745
20151023 084518 8744
20151023 084524 8742
20151023 084524 8742
20151023 084524 8742
20151023 084524 8742
20151023 084524 8742
20151023 084524 8743
20151023 084524 8743
20151023 084524 8744
20151023 084528 8742
20151023 084532 8742
20151023 084533 8743
20151023 084533 8744
20151023 084536 8745
20151023 084537 8745
20151023 084538 8743
20151023 084538 8743
20151023 084539 8742
20151023 084540 8743
20151023 084540 8743
20151023 084547 8734
20151023 084547 8742
20151023 084547 8742
20151023 084548 8742
20151023 084550 8742
20151023 084551 8740
20151023 084551 8741
20151023 084553 8740
20151023 084554 8740
20151023 084559 8740
20151023 084604 8740
20151023 084604 8740
20151023 084609 8740
20151023 084615 8739
20151023 084617 8740
20151023 084621 8714
20151023 084621 8739
20151023 084625 8739
20151023 084625 8740
20151023 084629 8713
20151023 084630 8738
20151023 084630 8738
20151023 084630 8738
20151023 084630 8740
20151023 084634 8738
20151023 084639 8738
20151023 084640 8731
20151023 084644 8714
20151023 084646 8738
20151023 084649 8714
20151023 084652 8738
20151023 084653 8738
20151023 084658 8736
20151023 084658 8737
20151023 084658 8738
20151023 084701 8740
20151023 084703 8740
20151023 084706 8735
20151023 084708 8735
20151023 084708 8736
20151023 084708 8737
20151023 084714 8743
20151023 084725 8735
20151023 084725 8735
20151023 084726 8734
20151023 084732 8735
20151023 084749 8732
20151023 084749 8733
20151023 084749 8733
20151023 084752 8733
20151023 084755 8733
20151023 084757 8733
20151023 084757 8733
20151023 084812 8729
20151023 084814 8730
20151023 084814 8730
20151023 084819 8729
20151023 084830 8730
20151023 084839 8729
20151023 084839 8735
20151023 084846 8729
20151023 084849 8727
20151023 084903 8726
20151023 084904 8733
20151023 084905 8726
20151023 084906 8720
20151023 084914 8728
20151023 084914 8728
20151023 084917 8728
20151023 084917 8728
20151023 084918 8729
20151023 084923 8729
20151023 084923 8730
20151023 084924 8729
20151023 084937 8729
20151023 084937 8729
20151023 084943 8731
20151023 084950 8705
20151023 085000 8731
20151023 085000 8733
20151023 085000 8733
20151023 085000 8733
20151023 085000 8733
20151023 085000 8733
20151023 085000 8733
20151023 085000 8733
20151023 085000 8733
20151023 085001 8733
20151023 085001 8733
20151023 085004 8733
20151023 085005 8735
20151023 085006 8733
20151023 085007 8734
20151023 085009 8735
20151023 085010 8733
20151023 085012 8733
20151023 085017 8741
20151023 085017 8741
20151023 085025 8740
20151023 085030 8742
20151023 085031 8735
20151023 085031 8735
20151023 085031 8736
20151023 085031 8736
20151023 085031 8736
20151023 085042 8730
20151023 085047 8738
20151023 085056 8736
20151023 085110 8739
20151023 085111 8738
20151023 085111 8738
20151023 085111 8738
20151023 085111 8738
20151023 085111 8738
20151023 085111 8738
20151023 085111 8738
20151023 085111 8738
20151023 085112 8746
20151023 085113 8746
20151023 085114 8746
20151023 085123 8738
20151023 085138 8732
20151023 085146 8738
20151023 085146 8738
20151023 085146 8738
20151023 085146 8746
20151023 085150 8739
20151023 085150 8739
20151023 085151 8738
20151023 085159 8741
20151023 085209 8747
20151023 085216 8747
20151023 085222 8740
20151023 085224 8737
20151023 085224 8746
20151023 085228 8738
20151023 085229 8738
20151023 085234 8741
20151023 085237 8742
20151023 085240 8741
20151023 085243 8742
20151023 085243 8742
20151023 085247 8741
20151023 085309 8738
20151023 085309 8738
20151023 085315 8738
20151023 085318 8740
20151023 085319 8739
20151023 085324 8739
20151023 085328 8746
20151023 085407 8739
20151023 085424 8737
20151023 085444 8737
20151023 085445 8731
20151023 085447 8738
20151023 085453 8736
20151023 085459 8737
20151023 085502 8737
20151023 085510 8715
20151023 085531 8730
20151023 085537 8737
20151023 085549 8737
20151023 085614 8737
20151023 085617 8737
20151023 085626 8730
20151023 085632 8747
20151023 085641 8737
20151023 085654 8746
20151023 085705 8737
20151023 085716 8739
20151023 085736 8738
20151023 085742 8741
20151023 085745 8739
20151023 085753 8741
20151023 085753 8741
20151023 085754 8741
20151023 085755 8741
20151023 085805 8742
20151023 085807 8740
20151023 085807 8742
20151023 085812 8744
20151023 085814 8743
20151023 085814 8743
20151023 085815 8743
20151023 085815 8743
20151023 085819 8737
20151023 085820 8743
20151023 085821 8743
20151023 085823 8744
20151023 085823 8744
20151023 085825 8743
20151023 085828 8743
20151023 085839 8750
20151023 085840 8741
20151023 085840 8741
20151023 085848 8750
20151023 085848 8750
20151023 085915 8743
20151023 085915 8743
20151023 085918 8744
20151023 085918 8744
20151023 085918 8744
20151023 085923 8744
20151023 085929 8743
20151023 085934 8743
20151023 090000 8744
20151023 090001 8741
20151023 090001 8744
20151023 090004 8740
20151023 090004 8740
20151023 090004 8741
20151023 090005 8739
20151023 090005 8739
20151023 090010 8740
20151023 090012 8738
20151023 090013 8737
20151023 090016 8745
20151023 090024 8737
20151023 090026 8745
20151023 090028 8735
20151023 090030 8735
20151023 090030 8735
20151023 090031 8734
20151023 090032 8736
20151023 090033 8737
20151023 090036 8737
20151023 090039 8741
20151023 090041 8743
20151023 090041 8743
20151023 090044 8742
20151023 090047 8744
20151023 090047 8744
20151023 090053 8744
20151023 090055 8745
20151023 090055 8745
20151023 090055 8745
20151023 090055 8745
20151023 090055 8745
20151023 090055 8745
20151023 090055 8746
20151023 090055 8746
20151023 090055 8746
20151023 090055 8747
20151023 090055 8747
20151023 090055 8747
20151023 090055 8747
20151023 090055 8747
20151023 090055 8747
20151023 090055 8747
20151023 090055 8747
20151023 090055 8747
20151023 090055 8747
20151023 090055 8747
20151023 090055 8748
20151023 090055 8748
20151023 090056 8749
20151023 090105 8748
20151023 090106 8749
20151023 090106 8752
20151023 090106 8752
20151023 090106 8752
20151023 090106 8752
20151023 090106 8752
20151023 090106 8753
20151023 090107 8752
20151023 090107 8752
20151023 090107 8752
20151023 090115 8757
20151023 090117 8745
20151023 090118 8741
20151023 090129 8736
20151023 090129 8737
20151023 090133 8734
20151023 090134 8737
20151023 090134 8737
20151023 090135 8737
20151023 090136 8736
20151023 090143 8738
20151023 090144 8737
20151023 090147 8733
20151023 090148 8732
20151023 090148 8732
20151023 090149 8732
20151023 090150 8731
20151023 090150 8732
20151023 090151 8730
20151023 090151 8730
20151023 090151 8730
20151023 090151 8731
20151023 090153 8730
20151023 090200 8734
20151023 090202 8734
20151023 090214 8733
20151023 090214 8734
20151023 090222 8733
20151023 090222 8733
20151023 090239 8731
20151023 090245 8729
20151023 090245 8730
20151023 090246 8728
20151023 090246 8728
20151023 090246 8728
20151023 090246 8728
20151023 090246 8729
20151023 090246 8729
20151023 090246 8729
20151023 090309 8727
20151023 090309 8727
20151023 090309 8727
20151023 090309 8727
20151023 090311 8727
20151023 090315 8726
20151023 090322 8727
20151023 090324 8721
20151023 090324 8724
20151023 090324 8724
20151023 090324 8724
20151023 090324 8725
20151023 090325 8720
20151023 090325 8720
20151023 090330 8724
20151023 090330 8724
20151023 090330 8724
20151023 090330 8724
20151023 090331 8724
20151023 090345 8728
20151023 090348 8727
20151023 090349 8727
20151023 090349 8727
20151023 090349 8727
20151023 090409 8719
20151023 090409 8725
20151023 090409 8725
20151023 090409 8725
20151023 090430 8720
20151023 090430 8720
20151023 090435 8718
20151023 090441 8717
20151023 090441 8717
20151023 090442 8716
20151023 090444 8717
20151023 090458 8716
20151023 090500 8716
20151023 090500 8718
20151023 090503 8719
20151023 090503 8719
20151023 090503 8719
20151023 090503 8719
20151023 090503 8719
20151023 090507 8718
20151023 090522 8718
20151023 090528 8710
20151023 090528 8717
20151023 090530 8719
20151023 090530 8719
20151023 090534 8719
20151023 090545 8715
20151023 090545 8716
20151023 090600 8719
20151023 090600 8719
20151023 090601 8711
20151023 090607 8718
20151023 090608 8721
20151023 090609 8723
20151023 090610 8722
20151023 090612 8723
20151023 090612 8723
20151023 090617 8723
20151023 090617 8723
20151023 090622 8723
20151023 090627 8722
20151023 090627 8722
20151023 090632 8721
20151023 090642 8724
20151023 090654 8724
20151023 090655 8725
20151023 090701 8728
20151023 090701 8728
20151023 090701 8728
20151023 090701 8728
20151023 090701 8728
20151023 090809 8733
20151023 090839 8726
20151023 090858 8723
20151023 090858 8723
20151023 090858 8723
20151023 090926 8726
20151023 090944 8704
20151023 091003 8729
20151023 091003 8731
20151023 091003 8731
20151023 091003 8731
20151023 091011 8733
20151023 091011 8733
20151023 091012 8735
20151023 091014 8735
20151023 091015 8735
20151023 091017 8735
20151023 091017 8735
20151023 091017 8735
20151023 091017 8736
20151023 091019 8735
20151023 091020 8737
20151023 091021 8736
20151023 091023 8736
20151023 091023 8736
20151023 091031 8733
20151023 091034 8733
20151023 091042 8732
20151023 091044 8733
20151023 091048 8732
20151023 091107 8734
20151023 091107 8735
20151023 091109 8735
20151023 091134 8729
20151023 091137 8736
20151023 091137 8736
20151023 091137 8736
20151023 091138 8735
20151023 091145 8734
20151023 091200 8735
20151023 091200 8735
20151023 091228 8730
20151023 091228 8730
20151023 091229 8725
20151023 091229 8725
20151023 091229 8725
20151023 091229 8725
20151023 091229 8726
20151023 091229 8726
20151023 091229 8726
20151023 091229 8727
20151023 091229 8727
20151023 091231 8724
20151023 091231 8724
20151023 091231 8724
20151023 091232 8724
20151023 091232 8724
20151023 091233 8723
20151023 091233 8723
20151023 091234 8722
20151023 091234 8722
20151023 091235 8722
20151023 091235 8722
20151023 091240 8722
20151023 091240 8722
20151023 091241 8719
20151023 091241 8720
20151023 091241 8720
20151023 091241 8720
20151023 091241 8720
20151023 091241 8720
20151023 091241 8720
20151023 091241 8720
20151023 091241 8721
20151023 091241 8721
20151023 091241 8721
20151023 091241 8721
20151023 091241 8721
20151023 091241 8721
20151023 091242 8719
20151023 091243 8721
20151023 091245 8718
20151023 091245 8718
20151023 091245 8718
20151023 091245 8719
20151023 091246 8719
20151023 091247 8717
20151023 091247 8717
20151023 091247 8717
20151023 091249 8717
20151023 091249 8721
20151023 091250 8716
20151023 091250 8716
20151023 091250 8716
20151023 091250 8717
20151023 091252 8720
20151023 091258 8720
20151023 091300 8718
20151023 091305 8720
20151023 091309 8720
20151023 091314 8720
20151023 091315 8718
20151023 091318 8716
20151023 091318 8720
20151023 091319 8715
20151023 091319 8715
20151023 091319 8715
20151023 091319 8716
20151023 091320 8712
20151023 091320 8712
20151023 091320 8712
20151023 091320 8714
20151023 091320 8714
20151023 091324 8710
20151023 091324 8711
20151023 091325 8711
20151023 091325 8712
20151023 091326 8710
20151023 091333 8714
20151023 091342 8714
20151023 091343 8714
20151023 091344 8714
20151023 091349 8715
20151023 091354 8715
20151023 091359 8716
20151023 091404 8716
20151023 091410 8714
20151023 091416 8714
20151023 091417 8716
20151023 091427 8715
20151023 091430 8714
20151023 091430 8714
20151023 091430 8714
20151023 091431 8714
20151023 091431 8714
20151023 091444 8717
20151023 091457 8715
20151023 091513 8715
20151023 091517 8691
20151023 091521 8715
20151023 091527 8715
20151023 091536 8713
20151023 091545 8712
20151023 091547 8713
20151023 091551 8712
20151023 091551 8712
20151023 091557 8712
20151023 091558 8711
20151023 091604 8712
20151023 091610 8718
20151023 091626 8714
20151023 091634 8716
20151023 091634 8716
20151023 091635 8716
20151023 091719 8714
20151023 091721 8716
20151023 091722 8716
20151023 091742 8719
20151023 091748 8718
20151023 091805 8719
20151023 091820 8716
20151023 091823 8714
20151023 091824 8713
20151023 091932 8705
20151023 091937 8709
20151023 091938 8688
20151023 091938 8689
20151023 091938 8707
20151023 091938 8707
20151023 091938 8708
20151023 091938 8708
20151023 091938 8712
20151023 091939 8709
20151023 091940 8709
20151023 092001 8706
20151023 092001 8706
20151023 092001 8710
20151023 092002 8706
20151023 092002 8710
20151023 092023 8710
20151023 092023 8711
20151023 092033 8708
20151023 092034 8708
20151023 092035 8708
20151023 092048 8711
20151023 092052 8711
20151023 092100 8713
20151023 092100 8714
20151023 092101 8712
20151023 092105 8711
20151023 092109 8714
20151023 092110 8714
20151023 092114 8716
20151023 092114 8716
20151023 092115 8715
20151023 092135 8716
20151023 092141 8696
20151023 092141 8715
20151023 092204 8717
20151023 092249 8715
20151023 092256 8714
20151023 092257 8714
20151023 092257 8714
20151023 092408 8716
20151023 092412 8717
20151023 092526 8713
20151023 092538 8713
20151023 092605 8717
20151023 092605 8717
20151023 092605 8717
20151023 092608 8717
20151023 092613 8719
20151023 092614 8722
20151023 092614 8723
20151023 092614 8723
20151023 092616 8724
20151023 092625 8721
20151023 092630 8724
20151023 092632 8724
20151023 092633 8724
20151023 092640 8723
20151023 092646 8727
20151023 092648 8723
20151023 092656 8721
20151023 092656 8726
20151023 092656 8727
20151023 092723 8723
20151023 092727 8724
20151023 092727 8724
20151023 092728 8724
20151023 092729 8724
20151023 092732 8724
20151023 092741 8724
20151023 092744 8724
20151023 092748 8724
20151023 092759 8724
20151023 092826 8722
20151023 092834 8721
20151023 092834 8721
20151023 092834 8721
20151023 092841 8721
20151023 092841 8721
20151023 092903 8723
20151023 092917 8720
20151023 092918 8719
20151023 092918 8719
20151023 092922 8716
20151023 092926 8716
20151023 092927 8715
20151023 092931 8714
20151023 092931 8714
20151023 092931 8714
20151023 092931 8714
20151023 092937 8710
20151023 092938 8709
20151023 092956 8712
20151023 092956 8712
20151023 093051 8713
20151023 093052 8712
20151023 093054 8713
20151023 093056 8711
20151023 093056 8711
20151023 093057 8710
20151023 093057 8710
20151023 093058 8709
20151023 093058 8709
20151023 093058 8709
20151023 093058 8709
20151023 093058 8709
20151023 093058 8710
20151023 093100 8711
20151023 093106 8708
20151023 093106 8708
20151023 093106 8708
20151023 093106 8708
20151023 093107 8707
20151023 093107 8707
20151023 093107 8707
20151023 093107 8707
20151023 093107 8707
20151023 093107 8708
20151023 093148 8713
20151023 093228 8709
20151023 093235 8708
20151023 093327 8710
20151023 093328 8709
20151023 093332 8714
20151023 093335 8713
20151023 093342 8713
20151023 093342 8713
20151023 093357 8710
20151023 093431 8713
20151023 093439 8712
20151023 093455 8710
20151023 093456 8708
20151023 093456 8708
20151023 093457 8704
20151023 093457 8704
20151023 093457 8704
20151023 093457 8704
20151023 093457 8704
20151023 093457 8704
20151023 093457 8704
20151023 093457 8704
20151023 093457 8704
20151023 093457 8704
20151023 093457 8704
20151023 093457 8704
20151023 093457 8704
20151023 093457 8704
20151023 093457 8704
20151023 093457 8704
20151023 093457 8704
20151023 093457 8704
20151023 093457 8705
20151023 093457 8705
20151023 093457 8705
20151023 093457 8705
20151023 093457 8705
20151023 093457 8705
20151023 093457 8705
20151023 093457 8705
20151023 093457 8705
20151023 093457 8706
20151023 093457 8706
20151023 093457 8706
20151023 093457 8707
20151023 093457 8707
20151023 093457 8707
20151023 093457 8707
20151023 093457 8707
20151023 093457 8707
20151023 093458 8703
20151023 093458 8703
20151023 093458 8704
20151023 093458 8704
20151023 093458 8704
20151023 093500 8701
20151023 093500 8702
20151023 093500 8702
20151023 093500 8702
20151023 093500 8702
20151023 093501 8701
20151023 093505 8701
20151023 093507 8702
20151023 093511 8702
20151023 093514 8703
20151023 093546 8705
20151023 093550 8705
20151023 093551 8706
20151023 093609 8704
20151023 093618 8707
20151023 093626 8707
20151023 093700 8705
20151023 093700 8705
20151023 093700 8706
20151023 093725 8704
20151023 093725 8704
20151023 093736 8703
20151023 093803 8698
20151023 093803 8698
20151023 093803 8699
20151023 093803 8703
20151023 093804 8697
20151023 093809 8700
20151023 093815 8697
20151023 093823 8699
20151023 093823 8700
20151023 093823 8700
20151023 093838 8700
20151023 093838 8700
20151023 093838 8701
20151023 093838 8701
20151023 093855 8701
20151023 093855 8701
20151023 093856 8701
20151023 093903 8698
20151023 093920 8698
20151023 093926 8698
20151023 094013 8676
20151023 094027 8677
20151023 094032 8700
20151023 094033 8692
20151023 094033 8692
20151023 094033 8693
20151023 094033 8693
20151023 094033 8700
20151023 094034 8691
20151023 094034 8691
20151023 094042 8690
20151023 094043 8689
20151023 094043 8689
20151023 094043 8689
20151023 094043 8689
20151023 094044 8689
20151023 094044 8689
20151023 094046 8666
20151023 094046 8684
20151023 094046 8684
20151023 094046 8685
20151023 094056 8666
20151023 094100 8686
20151023 094101 8684
20151023 094101 8684
20151023 094101 8684
20151023 094101 8684
20151023 094101 8684
20151023 094101 8685
20151023 094101 8685
20151023 094101 8685
20151023 094101 8686
20151023 094105 8683
20151023 094105 8683
20151023 094109 8683
20151023 094116 8689
20151023 094116 8689
20151023 094117 8681
20151023 094121 8690
20151023 094121 8690
20151023 094121 8690
20151023 094134 8685
20151023 094153 8687
20151023 094153 8687
20151023 094201 8683
20151023 094204 8682
20151023 094204 8682
20151023 094206 8681
20151023 094206 8681
20151023 094206 8681
20151023 094206 8683
20151023 094207 8681
20151023 094213 8683
20151023 094236 8683
20151023 094239 8683
20151023 094301 8691
20151023 094318 8687
20151023 094318 8687
20151023 094329 8688
20151023 094357 8684
20151023 094357 8689
20151023 094357 8689
20151023 094357 8689
20151023 094359 8670
20151023 094449 8689
20151023 094450 8688
20151023 094450 8688
20151023 094452 8687
20151023 094524 8687
20151023 094536 8690
20151023 094553 8684
20151023 094632 8683
20151023 094652 8683
20151023 094652 8684
20151023 094655 8679
20151023 094655 8679
20151023 094655 8679
20151023 094655 8680
20151023 094655 8680
20151023 094655 8681
20151023 094656 8679
20151023 094656 8679
20151023 094658 8680
20151023 094708 8685
20151023 094717 8689
20151023 094740 8688
20151023 094808 8688
20151023 094812 8685
20151023 094815 8684
20151023 094816 8684
20151023 094824 8679
20151023 094824 8679
20151023 094850 8686
20151023 094901 8683
20151023 094901 8683
20151023 094901 8683
20151023 094938 8683
20151023 094943 8682
20151023 094947 8690
20151023 094950 8681
20151023 094950 8681
20151023 094950 8681
20151023 094950 8690
20151023 094952 8680
20151023 094954 8678
20151023 094955 8678
20151023 094955 8678
20151023 094956 8678
20151023 095035 8685
20151023 095103 8696
20151023 095103 8696
20151023 095117 8696
20151023 095140 8685
20151023 095208 8689
20151023 095327 8691
20151023 095357 8693
20151023 095357 8693
20151023 095407 8691
20151023 095407 8691
20151023 095416 8688
20151023 095422 8688
20151023 095429 8691
20151023 095431 8701
20151023 095431 8702
20151023 095434 8692
20151023 095442 8691
20151023 095442 8691
20151023 095443 8692
20151023 095443 8692
20151023 095443 8692
20151023 095443 8692
20151023 095443 8692
20151023 095443 8692
20151023 095443 8692
20151023 095443 8692
20151023 095459 8689
20151023 095501 8691
20151023 095510 8692
20151023 095620 8693
20151023 095626 8696
20151023 095627 8696
20151023 095627 8696
20151023 095656 8694
20151023 095703 8694
20151023 095705 8693
20151023 095706 8693
20151023 095713 8694
20151023 095715 8693
20151023 095716 8690
20151023 095716 8690
20151023 095718 8694
20151023 095718 8694
20151023 095740 8693
20151023 095741 8693
20151023 095741 8702
20151023 095741 8702
20151023 095748 8703
20151023 095754 8694
20151023 095807 8699
20151023 095812 8692
20151023 095812 8692
20151023 095813 8691
20151023 095820 8691
20151023 095822 8690
20151023 095832 8689
20151023 095835 8689
20151023 095837 8688
20151023 095841 8688
20151023 095846 8688
20151023 095850 8688
20151023 095854 8690
20151023 095855 8690
20151023 095858 8699
20151023 095905 8689
20151023 095959 8687
20151023 100000 8686
20151023 100001 8685
20151023 100002 8685
20151023 100002 8685
20151023 100005 8685
20151023 100006 8686
20151023 100011 8695
20151023 100039 8693
20151023 100039 8698
20151023 100046 8694
20151023 100047 8696
20151023 100047 8696
20151023 100049 8697
20151023 100051 8706
20151023 100102 8696
20151023 100107 8697
20151023 100121 8699
20151023 100132 8702
20151023 100132 8702
20151023 100135 8703
20151023 100138 8704
20151023 100139 8704
20151023 100139 8704
20151023 100144 8704
20151023 100210 8701
20151023 100213 8700
20151023 100213 8700
20151023 100213 8700
20151023 100213 8700
20151023 100213 8700
20151023 100214 8699
20151023 100214 8699
20151023 100214 8699
20151023 100214 8699
20151023 100221 8700
20151023 100244 8700
20151023 100300 8705
20151023 100300 8705
20151023 100304 8700
20151023 100323 8698
20151023 100327 8698
20151023 100328 8698
20151023 100333 8699
20151023 100433 8702
20151023 100458 8703
20151023 100459 8703
20151023 100500 8703
20151023 100546 8701
20151023 100622 8707
20151023 100712 8704
20151023 100837 8696
20151023 100840 8695
20151023 100846 8696
20151023 101048 8696
20151023 101103 8695
20151023 101103 8695
20151023 101103 8695
20151023 101114 8700
20151023 101149 8694
20151023 101157 8693
20151023 101157 8693
20151023 101157 8700
20151023 101157 8700
20151023 101158 8691
20151023 101158 8691
20151023 101201 8691
20151023 101330 8698
20151023 101429 8700
20151023 101447 8700
20151023 101704 8698
20151023 101705 8699
20151023 101708 8699
20151023 101708 8699
20151023 101709 8699
20151023 101715 8699
20151023 101715 8699
20151023 101715 8699
20151023 101716 8699
20151023 101741 8701
20151023 101745 8702
20151023 101749 8701
20151023 101752 8706
20151023 101807 8702
20151023 101815 8705
20151023 101847 8703
20151023 101856 8702
20151023 101912 8702
20151023 102023 8707
20151023 102024 8706
20151023 102024 8706
20151023 102024 8706
20151023 102024 8707
20151023 102024 8707
20151023 102024 8707
20151023 102024 8708
20151023 102024 8708
20151023 102024 8708
20151023 102024 8708
20151023 102024 8709
20151023 102024 8709
20151023 102025 8709
20151023 102025 8709
20151023 102025 8709
20151023 102025 8709
20151023 102025 8709
20151023 102025 8709
20151023 102025 8709
20151023 102026 8709
20151023 102026 8709
20151023 102026 8709
20151023 102027 8716
20151023 102055 8707
20151023 102134 8706
20151023 102159 8705
20151023 102327 8699
20151023 102327 8699
20151023 102345 8698
20151023 102400 8695
20151023 102412 8701
20151023 102458 8698
20151023 102459 8698
20151023 102552 8699
20151023 102715 8700
20151023 102736 8699
20151023 102737 8697
20151023 102737 8698
20151023 102742 8695
20151023 102742 8695
20151023 102742 8697
20151023 102742 8697
20151023 102748 8696
20151023 102830 8694
20151023 102835 8693
20151023 102835 8696
20151023 102835 8696
20151023 102837 8693
20151023 102845 8701
20151023 102904 8701
20151023 102920 8695
20151023 102928 8696
20151023 103050 8697
20151023 103115 8696
20151023 103115 8696
20151023 103208 8696
20151023 103313 8695
20151023 103350 8698
20151023 103418 8698
20151023 103501 8696
20151023 103524 8693
20151023 103609 8693
20151023 103941 8696
20151023 104212 8695
20151023 104246 8693
20151023 104248 8693
20151023 104249 8693
20151023 104250 8693
20151023 104255 8693
20151023 104258 8694
20151023 104413 8693
20151023 104427 8693
20151023 104430 8693
20151023 104431 8693
20151023 104547 8699
20151023 104551 8703
20151023 104725 8698
20151023 104806 8694
20151023 104806 8694
20151023 104806 8694
20151023 104806 8694
20151023 104806 8695
20151023 104806 8695
20151023 104806 8696
20151023 104806 8696
20151023 104815 8693
20151023 104815 8693
20151023 104815 8693
20151023 104815 8693
20151023 104815 8693
20151023 104822 8694
20151023 105331 8693
20151023 105347 8695
20151023 105552 8693
20151023 105554 8693
20151023 105554 8694
20151023 105618 8693
20151023 105621 8692
20151023 105622 8692
20151023 105622 8692
20151023 105623 8688
20151023 105623 8688
20151023 105623 8688
20151023 105623 8688
20151023 105623 8688
20151023 105623 8688
20151023 105623 8688
20151023 105623 8688
20151023 105623 8688
20151023 105623 8689
20151023 105623 8689
20151023 105623 8689
20151023 105623 8689
20151023 105623 8689
20151023 105623 8690
20151023 105623 8691
20151023 105623 8691
20151023 105623 8691
20151023 105624 8687
20151023 105624 8687
20151023 105624 8687
20151023 105624 8687
20151023 105704 8666
20151023 105714 8690
20151023 105740 8690
20151023 105740 8690
20151023 105758 8690
20151023 105918 8691
20151023 105946 8689
20151023 105946 8689
20151023 105946 8689
20151023 110008 8689
20151023 110023 8688
20151023 110023 8688
20151023 110031 8688
20151023 110033 8688
20151023 110035 8688
20151023 110036 8688
20151023 110054 8687
20151023 110055 8684
20151023 110055 8685
20151023 110055 8686
20151023 110055 8686
20151023 110055 8686
20151023 110055 8686
20151023 110055 8686
20151023 110055 8686
20151023 110055 8686
20151023 110056 8683
20151023 110056 8683
20151023 110056 8683
20151023 110056 8684
20151023 110059 8683
20151023 110100 8683
20151023 110101 8683
20151023 110102 8683
20151023 110102 8683
20151023 110145 8687
20151023 110214 8685
20151023 110215 8684
20151023 110242 8686
20151023 110257 8684
20151023 110257 8684
20151023 110306 8683
20151023 110313 8683
20151023 110318 8681
20151023 110318 8681
20151023 110326 8683
20151023 110437 8682
20151023 110442 8683
20151023 110457 8679
20151023 110502 8681
20151023 110502 8681
20151023 110502 8681
20151023 110502 8681
20151023 110510 8683
20151023 110510 8683
20151023 110546 8685
20151023 110640 8687
20151023 110640 8687
20151023 110719 8686
20151023 110813 8687
20151023 111107 8689
20151023 111108 8690
20151023 111132 8691
20151023 111301 8689
20151023 111301 8689
20151023 111317 8687
20151023 111318 8687
20151023 111320 8687
20151023 111320 8687
20151023 111349 8694
20151023 111519 8693
20151023 111540 8693
20151023 111553 8693
20151023 111602 8691
20151023 111602 8691
20151023 111609 8689
20151023 111727 8690
20151023 112122 8691
20151023 112124 8691
20151023 112234 8691
20151023 112326 8689
20151023 112329 8689
20151023 112407 8688
20151023 112416 8688
20151023 112418 8688
20151023 112424 8688
20151023 112449 8688
20151023 112628 8695
20151023 112630 8695
20151023 112949 8693
20151023 112950 8693
20151023 113007 8691
20151023 113043 8692
20151023 113101 8692
20151023 113104 8692
20151023 113235 8693
20151023 113349 8691
20151023 113353 8691
20151023 113720 8691
20151023 113727 8691
20151023 113808 8691
20151023 113902 8691
20151023 113941 8690
20151023 113941 8690
20151023 113957 8688
20151023 113959 8688
20151023 114245 8691
20151023 114501 8689
20151023 114506 8686
20151023 114506 8688
20151023 114506 8688
20151023 114506 8694
20151023 114507 8686
20151023 114517 8688
20151023 114558 8686
20151023 114605 8685
20151023 114605 8685
20151023 114605 8686
20151023 114605 8686
20151023 114605 8686
20151023 114605 8693
20151023 114608 8686
20151023 114648 8684
20151023 114648 8684
20151023 114648 8684
20151023 114648 8684
20151023 114648 8687
20151023 114648 8687
20151023 114648 8687
20151023 114648 8687
20151023 114648 8687
20151023 114648 8687
20151023 114648 8688
20151023 114648 8688
20151023 114648 8688
20151023 114648 8688
20151023 114648 8688
20151023 114650 8684
20151023 114651 8684
20151023 114838 8693
20151023 114838 8693
20151023 114838 8693
20151023 114838 8695
20151023 114838 8695
20151023 114838 8696
20151023 114838 8696
20151023 114838 8696
20151023 114915 8686
20151023 115228 8686
20151023 115355 8687
20151023 120146 8684
20151023 120201 8682
20151023 120201 8682
20151023 120201 8683
20151023 120201 8683
20151023 120201 8683
20151023 120201 8683
20151023 120201 8683
20151023 120303 8685
20151023 120304 8682
20151023 120304 8682
20151023 120330 8682
20151023 120508 8680
20151023 120509 8676
20151023 120509 8676
20151023 120509 8676
20151023 120509 8676
20151023 120509 8676
20151023 120509 8677
20151023 120509 8677
20151023 120509 8677
20151023 120509 8677
20151023 120509 8678
20151023 120509 8678
20151023 120509 8678
20151023 120509 8678
20151023 120509 8678
20151023 120509 8678
20151023 120509 8678
20151023 120509 8679
20151023 120509 8679
20151023 120509 8680
20151023 120509 8680
20151023 120509 8685
20151023 120509 8686
20151023 120509 8686
20151023 120510 8673
20151023 120510 8674
20151023 120510 8674
20151023 120510 8674
20151023 120510 8675
20151023 120510 8675
20151023 120510 8675
20151023 120510 8675
20151023 120511 8673
20151023 120511 8673
20151023 120512 8672
20151023 120512 8673
20151023 120512 8673
20151023 120512 8673
20151023 120539 8654
20151023 120543 8675
20151023 120543 8675
20151023 120607 8674
20151023 120611 8673
20151023 120611 8673
20151023 120611 8673
20151023 120611 8673
20151023 120611 8673
20151023 120613 8672
20151023 120628 8673
20151023 120634 8673
20151023 120634 8674
20151023 120634 8674
20151023 120634 8674
20151023 120638 8674
20151023 120652 8676
20151023 120711 8676
20151023 120712 8676
20151023 120734 8686
20151023 120832 8677
20151023 121002 8675
20151023 121303 8680
20151023 121318 8681
20151023 121318 8681
20151023 121411 8690
20151023 121604 8688
20151023 121711 8682
20151023 121836 8682
20151023 121836 8683
20151023 121909 8689
20151023 122114 8679
20151023 122114 8679
20151023 122142 8678
20151023 122142 8678
20151023 122149 8688
20151023 122200 8677
20151023 122201 8677
20151023 122201 8677
20151023 122201 8677
20151023 122201 8677
20151023 122436 8683
20151023 122450 8682
20151023 122617 8682
20151023 122617 8682
20151023 122743 8682
20151023 122743 8682
20151023 123146 8681
20151023 123539 8679
20151023 123550 8679
20151023 123714 8681
20151023 123714 8681
20151023 123720 8681
20151023 123720 8681
20151023 123724 8681
20151023 123724 8681
20151023 123736 8679
20151023 123740 8679
20151023 123740 8679
20151023 123744 8679
20151023 123744 8679
20151023 123744 8679
20151023 123808 8679
20151023 123818 8676
20151023 123818 8676
20151023 123818 8676
20151023 123818 8676
20151023 123818 8677
20151023 123818 8677
20151023 123818 8677
20151023 123820 8676
20151023 123820 8676
20151023 124045 8679
20151023 124227 8678
20151023 124234 8679
20151023 124535 8677
20151023 124603 8676
20151023 124605 8676
20151023 124641 8675
20151023 124649 8674
20151023 124649 8674
20151023 124649 8674
20151023 125142 8682
20151023 125154 8680
20151023 125313 8681
20151023 125409 8681
20151023 125409 8681
20151023 125418 8677
20151023 125420 8680
20151023 125429 8679
20151023 125430 8679
20151023 125431 8679
20151023 125437 8679
20151023 125448 8679
20151023 125548 8687
20151023 125757 8682
20151023 130021 8682
20151023 130036 8681
20151023 130036 8682
20151023 130040 8681
20151023 130050 8681
20151023 130050 8681
20151023 130110 8681
20151023 130143 8680
20151023 130144 8679
20151023 130144 8679
20151023 130145 8679
20151023 130145 8679
20151023 130250 8680
20151023 130357 8679
20151023 130411 8689
20151023 130417 8679
20151023 130427 8679
20151023 130517 8679
20151023 130550 8689
20151023 130641 8679
20151023 130713 8688
20151023 130911 8671
20151023 130931 8675
20151023 131156 8681
20151023 131349 8681
20151023 131521 8673
20151023 131521 8673
20151023 131521 8673
20151023 131521 8673
20151023 131522 8672
20151023 131522 8672
20151023 131522 8672
20151023 131522 8672
20151023 131522 8673
20151023 131522 8673
20151023 131522 8673
20151023 131522 8673
20151023 131523 8671
20151023 131523 8671
20151023 131523 8671
20151023 131647 8670
20151023 131651 8669
20151023 131655 8669
20151023 131656 8670
20151023 131716 8676
20151023 131729 8681
20151023 131739 8677
20151023 131739 8677
20151023 131739 8677
20151023 131739 8677
20151023 131815 8678
20151023 131815 8678
20151023 131817 8678
20151023 131817 8678
20151023 131817 8678
20151023 131900 8678
20151023 131900 8678
20151023 131906 8666
20151023 131943 8671
20151023 132001 8676
20151023 132001 8676
20151023 132013 8674
20151023 132022 8675
20151023 132041 8675
20151023 132113 8676
20151023 132151 8678
20151023 132248 8658
20151023 132335 8678
20151023 132438 8677
20151023 132510 8679
20151023 132620 8678
20151023 132653 8677
20151023 132702 8680
20151023 132736 8680
20151023 132742 8680
20151023 132806 8680
20151023 132827 8680
20151023 132903 8681
20151023 132903 8685
20151023 132904 8682
20151023 132913 8682
20151023 132914 8682
20151023 132920 8683
20151023 132929 8683
20151023 132930 8682
20151023 132959 8683
20151023 133002 8684
20151023 133007 8684
20151023 133055 8681
20151023 133058 8680
20151023 133424 8684
20151023 133502 8684
20151023 133503 8684
20151023 133509 8686
20151023 133606 8684
20151023 133610 8679
20151023 133654 8685
20151023 133658 8686
20151023 133701 8689
20151023 133713 8686
20151023 133718 8686
20151023 133718 8686
20151023 133804 8687
20151023 133839 8688
20151023 133946 8689
20151023 134100 8691
20151023 134108 8691
20151023 134112 8692
20151023 134124 8694
20151023 134125 8692
20151023 134125 8692
20151023 134136 8672
20151023 134140 8690
20151023 134143 8690
20151023 134204 8690
20151023 134210 8690
20151023 134216 8690
20151023 134244 8690
20151023 134318 8691
20151023 134319 8691
20151023 134326 8692
20151023 134327 8692
20151023 134344 8693
20151023 134352 8696
20151023 134355 8693
20151023 134358 8696
20151023 134400 8697
20151023 134401 8694
20151023 134402 8697
20151023 134413 8694
20151023 134429 8693
20151023 134441 8694
20151023 134453 8694
20151023 134459 8693
