20151202 084500 8429
20151202 084500 8429
20151202 084500 8429
20151202 084500 8430
20151202 084500 8430
20151202 084500 8433
20151202 084500 8436
20151202 084500 8439
20151202 084500 8439
20151202 084500 8439
20151202 084500 8444
20151202 084503 8439
20151202 084506 8440
20151202 084506 8441
20151202 084509 8442
20151202 084511 8439
20151202 084516 8441
20151202 084519 8442
20151202 084521 8442
20151202 084522 8440
20151202 084522 8440
20151202 084523 8440
20151202 084523 8441
20151202 084524 8440
20151202 084527 8440
20151202 084530 8441
20151202 084539 8440
20151202 084540 8441
20151202 084541 8441
20151202 084543 8440
20151202 084546 8439
20151202 084547 8439
20151202 084547 8440
20151202 084548 8439
20151202 084548 8439
20151202 084550 8439
20151202 084550 8439
20151202 084553 8439
20151202 084558 8439
20151202 084601 8441
20151202 084601 8441
20151202 084602 8440
20151202 084605 8438
20151202 084606 8437
20151202 084607 8438
20151202 084610 8436
20151202 084610 8436
20151202 084615 8434
20151202 084615 8435
20151202 084619 8434
20151202 084621 8430
20151202 084621 8430
20151202 084621 8430
20151202 084621 8430
20151202 084621 8430
20151202 084621 8431
20151202 084621 8431
20151202 084621 8431
20151202 084621 8432
20151202 084621 8433
20151202 084621 8434
20151202 084622 8428
20151202 084622 8428
20151202 084624 8431
20151202 084624 8431
20151202 084625 8427
20151202 084625 8428
20151202 084625 8428
20151202 084626 8425
20151202 084626 8425
20151202 084626 8425
20151202 084626 8425
20151202 084626 8428
20151202 084626 8428
20151202 084627 8423
20151202 084627 8423
20151202 084627 8424
20151202 084627 8424
20151202 084627 8424
20151202 084627 8425
20151202 084627 8427
20151202 084627 8427
20151202 084627 8427
20151202 084627 8427
20151202 084627 8427
20151202 084627 8427
20151202 084629 8424
20151202 084630 8424
20151202 084631 8423
20151202 084632 8423
20151202 084634 8425
20151202 084634 8426
20151202 084635 8425
20151202 084635 8425
20151202 084636 8424
20151202 084642 8425
20151202 084644 8426
20151202 084647 8424
20151202 084649 8424
20151202 084649 8424
20151202 084654 8424
20151202 084700 8421
20151202 084700 8421
20151202 084700 8421
20151202 084701 8421
20151202 084701 8422
20151202 084702 8421
20151202 084703 8422
20151202 084704 8422
20151202 084706 8422
20151202 084707 8423
20151202 084713 8427
20151202 084714 8428
20151202 084714 8428
20151202 084714 8428
20151202 084715 8429
20151202 084716 8429
20151202 084716 8429
20151202 084717 8427
20151202 084717 8429
20151202 084718 8430
20151202 084719 8427
20151202 084719 8428
20151202 084722 8428
20151202 084731 8426
20151202 084731 8432
20151202 084736 8428
20151202 084736 8428
20151202 084742 8428
20151202 084746 8431
20151202 084752 8432
20151202 084758 8432
20151202 084903 8429
20151202 084908 8430
20151202 084911 8429
20151202 084936 8430
20151202 084954 8429
20151202 085000 8429
20151202 085000 8429
20151202 085001 8429
20151202 085001 8429
20151202 085042 8432
20151202 085119 8435
20151202 085159 8438
20151202 085216 8437
20151202 085220 8439
20151202 085227 8442
20151202 085228 8442
20151202 085233 8443
20151202 085234 8444
20151202 085234 8444
20151202 085239 8445
20151202 085241 8444
20151202 085242 8444
20151202 085246 8447
20151202 085248 8448
20151202 085248 8448
20151202 085251 8446
20151202 085253 8446
20151202 085254 8451
20151202 085257 8446
20151202 085258 8446
20151202 085258 8446
20151202 085258 8450
20151202 085305 8445
20151202 085306 8446
20151202 085313 8444
20151202 085315 8443
20151202 085334 8445
20151202 085339 8444
20151202 085347 8443
20151202 085356 8441
20151202 085402 8443
20151202 085419 8443
20151202 085438 8449
20151202 085502 8446
20151202 085502 8446
20151202 085506 8444
20151202 085516 8447
20151202 085521 8445
20151202 085533 8444
20151202 085533 8445
20151202 085534 8444
20151202 085534 8444
20151202 085536 8443
20151202 085538 8443
20151202 085539 8443
20151202 085540 8442
20151202 085546 8443
20151202 085641 8442
20151202 085647 8442
20151202 085700 8441
20151202 085700 8441
20151202 085711 8441
20151202 085711 8441
20151202 085721 8438
20151202 085728 8439
20151202 085735 8439
20151202 085854 8441
20151202 085854 8441
20151202 085854 8441
20151202 085854 8441
20151202 085859 8442
20151202 085905 8443
20151202 085905 8443
20151202 085905 8443
20151202 085905 8443
20151202 085905 8443
20151202 085905 8443
20151202 085907 8444
20151202 085909 8443
20151202 085912 8444
20151202 085912 8444
20151202 085918 8446
20151202 085918 8447
20151202 085920 8448
20151202 085920 8448
20151202 085922 8448
20151202 085923 8448
20151202 085924 8449
20151202 085931 8447
20151202 085939 8449
20151202 085943 8451
20151202 085943 8451
20151202 085943 8451
20151202 085944 8450
20151202 085950 8452
20151202 085951 8450
20151202 090001 8453
20151202 090001 8453
20151202 090001 8453
20151202 090001 8453
20151202 090001 8453
20151202 090001 8453
20151202 090005 8451
20151202 090005 8451
20151202 090006 8450
20151202 090007 8450
20151202 090011 8454
20151202 090022 8449
20151202 090025 8450
20151202 090026 8443
20151202 090035 8448
20151202 090045 8451
20151202 090051 8451
20151202 090053 8451
20151202 090053 8452
20151202 090054 8452
20151202 090055 8453
20151202 090056 8454
20151202 090101 8453
20151202 090102 8453
20151202 090102 8453
20151202 090106 8455
20151202 090107 8456
20151202 090107 8456
20151202 090108 8457
20151202 090108 8457
20151202 090108 8457
20151202 090108 8457
20151202 090108 8458
20151202 090120 8450
20151202 090148 8462
20151202 090148 8462
20151202 090149 8457
20151202 090149 8457
20151202 090149 8462
20151202 090149 8462
20151202 090149 8462
20151202 090151 8459
20151202 090153 8461
20151202 090153 8461
20151202 090153 8461
20151202 090153 8461
20151202 090153 8462
20151202 090153 8462
20151202 090153 8462
20151202 090154 8463
20151202 090154 8463
20151202 090154 8463
20151202 090154 8463
20151202 090154 8463
20151202 090154 8463
20151202 090154 8463
20151202 090155 8463
20151202 090155 8465
20151202 090155 8465
20151202 090156 8466
20151202 090200 8464
20151202 090201 8466
20151202 090202 8467
20151202 090202 8468
20151202 090202 8468
20151202 090202 8468
20151202 090203 8469
20151202 090203 8469
20151202 090203 8469
20151202 090204 8469
20151202 090204 8471
20151202 090204 8471
20151202 090204 8472
20151202 090204 8472
20151202 090204 8472
20151202 090205 8472
20151202 090205 8473
20151202 090205 8473
20151202 090205 8473
20151202 090205 8473
20151202 090205 8474
20151202 090206 8473
20151202 090206 8474
20151202 090206 8475
20151202 090206 8475
20151202 090206 8475
20151202 090206 8475
20151202 090207 8470
20151202 090207 8472
20151202 090213 8470
20151202 090215 8469
20151202 090216 8468
20151202 090217 8468
20151202 090219 8468
20151202 090219 8469
20151202 090225 8468
20151202 090230 8467
20151202 090231 8468
20151202 090231 8468
20151202 090234 8469
20151202 090238 8470
20151202 090239 8469
20151202 090239 8469
20151202 090239 8470
20151202 090239 8470
20151202 090248 8469
20151202 090251 8466
20151202 090254 8466
20151202 090254 8466
20151202 090254 8466
20151202 090256 8468
20151202 090258 8469
20151202 090259 8470
20151202 090300 8469
20151202 090301 8469
20151202 090302 8468
20151202 090303 8469
20151202 090310 8473
20151202 090314 8468
20151202 090315 8468
20151202 090328 8468
20151202 090328 8469
20151202 090334 8468
20151202 090344 8471
20151202 090344 8472
20151202 090346 8473
20151202 090346 8473
20151202 090347 8473
20151202 090347 8473
20151202 090349 8472
20151202 090351 8471
20151202 090352 8470
20151202 090430 8466
20151202 090430 8466
20151202 090430 8466
20151202 090430 8467
20151202 090430 8467
20151202 090430 8468
20151202 090430 8472
20151202 090431 8465
20151202 090432 8463
20151202 090432 8464
20151202 090432 8464
20151202 090447 8467
20151202 090447 8467
20151202 090450 8470
20151202 090455 8470
20151202 090459 8472
20151202 090504 8468
20151202 090509 8464
20151202 090509 8466
20151202 090515 8471
20151202 090516 8465
20151202 090518 8469
20151202 090518 8469
20151202 090528 8463
20151202 090528 8464
20151202 090528 8464
20151202 090544 8463
20151202 090548 8464
20151202 090604 8466
20151202 090623 8466
20151202 090627 8468
20151202 090627 8468
20151202 090628 8469
20151202 090629 8469
20151202 090632 8470
20151202 090632 8471
20151202 090632 8471
20151202 090634 8473
20151202 090634 8473
20151202 090637 8472
20151202 090637 8472
20151202 090637 8472
20151202 090637 8472
20151202 090640 8470
20151202 090648 8474
20151202 090648 8474
20151202 090648 8474
20151202 090648 8474
20151202 090648 8474
20151202 090649 8475
20151202 090649 8475
20151202 090649 8476
20151202 090649 8476
20151202 090649 8476
20151202 090649 8476
20151202 090649 8476
20151202 090649 8476
20151202 090649 8478
20151202 090649 8478
20151202 090649 8478
20151202 090649 8478
20151202 090649 8479
20151202 090649 8479
20151202 090649 8479
20151202 090649 8479
20151202 090649 8479
20151202 090649 8479
20151202 090649 8479
20151202 090649 8480
20151202 090650 8476
20151202 090657 8477
20151202 090702 8475
20151202 090705 8476
20151202 090708 8480
20151202 090708 8480
20151202 090708 8480
20151202 090708 8480
20151202 090708 8480
20151202 090708 8480
20151202 090708 8480
20151202 090709 8479
20151202 090714 8479
20151202 090715 8482
20151202 090715 8482
20151202 090716 8482
20151202 090717 8484
20151202 090717 8484
20151202 090717 8484
20151202 090717 8484
20151202 090717 8484
20151202 090718 8483
20151202 090718 8484
20151202 090718 8484
20151202 090718 8484
20151202 090718 8484
20151202 090718 8484
20151202 090718 8484
20151202 090723 8484
20151202 090725 8482
20151202 090726 8481
20151202 090726 8481
20151202 090733 8481
20151202 090733 8482
20151202 090733 8483
20151202 090735 8482
20151202 090739 8480
20151202 090741 8479
20151202 090741 8479
20151202 090741 8479
20151202 090741 8479
20151202 090741 8479
20151202 090741 8479
20151202 090742 8479
20151202 090742 8479
20151202 090742 8480
20151202 090749 8477
20151202 090751 8478
20151202 090751 8478
20151202 090752 8477
20151202 090753 8476
20151202 090756 8478
20151202 090802 8481
20151202 090804 8480
20151202 090806 8480
20151202 090810 8478
20151202 090811 8478
20151202 090812 8478
20151202 090814 8478
20151202 090817 8477
20151202 090819 8476
20151202 090821 8473
20151202 090821 8476
20151202 090821 8480
20151202 090824 8471
20151202 090835 8470
20151202 090835 8471
20151202 090835 8471
20151202 090836 8471
20151202 090838 8471
20151202 090842 8471
20151202 090842 8471
20151202 090842 8471
20151202 090842 8472
20151202 090843 8471
20151202 090848 8474
20151202 090900 8474
20151202 090909 8469
20151202 090910 8470
20151202 090914 8468
20151202 090916 8468
20151202 090917 8473
20151202 090918 8467
20151202 090928 8469
20151202 090928 8469
20151202 090928 8470
20151202 091004 8478
20151202 091007 8467
20151202 091008 8466
20151202 091008 8466
20151202 091008 8466
20151202 091012 8464
20151202 091012 8464
20151202 091013 8467
20151202 091014 8461
20151202 091014 8461
20151202 091014 8461
20151202 091014 8461
20151202 091014 8461
20151202 091014 8467
20151202 091021 8457
20151202 091021 8461
20151202 091025 8464
20151202 091026 8461
20151202 091034 8465
20151202 091034 8465
20151202 091034 8465
20151202 091035 8467
20151202 091037 8461
20151202 091037 8461
20151202 091039 8461
20151202 091041 8461
20151202 091044 8465
20151202 091047 8465
20151202 091047 8465
20151202 091048 8466
20151202 091054 8459
20151202 091054 8460
20151202 091056 8466
20151202 091105 8460
20151202 091108 8460
20151202 091110 8461
20151202 091112 8461
20151202 091112 8461
20151202 091113 8461
20151202 091119 8461
20151202 091124 8462
20151202 091139 8464
20151202 091139 8464
20151202 091140 8465
20151202 091141 8464
20151202 091141 8465
20151202 091142 8465
20151202 091152 8466
20151202 091152 8466
20151202 091213 8468
20151202 091225 8471
20151202 091229 8469
20151202 091239 8465
20151202 091242 8463
20151202 091253 8464
20151202 091255 8461
20151202 091255 8462
20151202 091255 8462
20151202 091255 8462
20151202 091256 8461
20151202 091257 8461
20151202 091302 8459
20151202 091302 8459
20151202 091303 8459
20151202 091303 8459
20151202 091305 8458
20151202 091306 8458
20151202 091306 8458
20151202 091306 8463
20151202 091307 8451
20151202 091307 8451
20151202 091307 8452
20151202 091307 8452
20151202 091307 8452
20151202 091307 8452
20151202 091307 8453
20151202 091307 8453
20151202 091307 8453
20151202 091307 8453
20151202 091307 8454
20151202 091307 8455
20151202 091307 8455
20151202 091307 8456
20151202 091307 8457
20151202 091307 8457
20151202 091307 8457
20151202 091307 8459
20151202 091307 8461
20151202 091307 8463
20151202 091308 8451
20151202 091308 8451
20151202 091308 8451
20151202 091311 8454
20151202 091311 8454
20151202 091311 8458
20151202 091311 8458
20151202 091312 8462
20151202 091313 8454
20151202 091313 8454
20151202 091313 8454
20151202 091322 8455
20151202 091332 8454
20151202 091333 8460
20151202 091338 8459
20151202 091339 8452
20151202 091340 8451
20151202 091343 8451
20151202 091345 8447
20151202 091345 8449
20151202 091345 8450
20151202 091345 8450
20151202 091345 8456
20151202 091345 8459
20151202 091346 8446
20151202 091346 8450
20151202 091355 8458
20151202 091410 8454
20151202 091410 8454
20151202 091410 8454
20151202 091411 8453
20151202 091411 8454
20151202 091411 8454
20151202 091411 8454
20151202 091411 8454
20151202 091412 8454
20151202 091412 8454
20151202 091412 8454
20151202 091412 8454
20151202 091417 8455
20151202 091423 8457
20151202 091439 8455
20151202 091445 8458
20151202 091445 8458
20151202 091445 8458
20151202 091447 8458
20151202 091447 8458
20151202 091500 8456
20151202 091500 8456
20151202 091501 8457
20151202 091501 8458
20151202 091509 8458
20151202 091509 8458
20151202 091509 8458
20151202 091513 8464
20151202 091530 8458
20151202 091559 8456
20151202 091607 8454
20151202 091607 8454
20151202 091618 8454
20151202 091620 8453
20151202 091633 8457
20151202 091657 8454
20151202 091657 8454
20151202 091707 8451
20151202 091707 8451
20151202 091707 8451
20151202 091707 8451
20151202 091707 8451
20151202 091707 8451
20151202 091707 8451
20151202 091711 8453
20151202 091724 8453
20151202 091731 8454
20151202 091738 8455
20151202 091739 8457
20151202 091746 8459
20151202 091819 8456
20151202 091829 8456
20151202 091845 8458
20151202 091852 8460
20151202 091853 8461
20151202 091857 8463
20151202 091923 8463
20151202 091923 8463
20151202 091923 8464
20151202 091924 8464
20151202 091924 8464
20151202 091927 8467
20151202 091927 8467
20151202 091946 8469
20151202 092003 8468
20151202 092020 8461
20151202 092037 8456
20151202 092037 8456
20151202 092039 8452
20151202 092039 8453
20151202 092039 8454
20151202 092146 8454
20151202 092147 8453
20151202 092152 8452
20151202 092153 8452
20151202 092154 8451
20151202 092154 8451
20151202 092154 8451
20151202 092154 8451
20151202 092154 8451
20151202 092154 8451
20151202 092154 8451
20151202 092156 8450
20151202 092156 8459
20151202 092157 8450
20151202 092157 8450
20151202 092157 8459
20151202 092158 8449
20151202 092158 8449
20151202 092158 8449
20151202 092159 8448
20151202 092200 8447
20151202 092209 8453
20151202 092235 8451
20151202 092235 8451
20151202 092235 8451
20151202 092235 8460
20151202 092253 8453
20151202 092253 8453
20151202 092253 8453
20151202 092254 8452
20151202 092308 8454
20151202 092308 8455
20151202 092321 8461
20151202 092345 8458
20151202 092416 8463
20151202 092416 8463
20151202 092416 8463
20151202 092416 8463
20151202 092416 8463
20151202 092416 8463
20151202 092416 8463
20151202 092417 8464
20151202 092422 8468
20151202 092422 8468
20151202 092422 8468
20151202 092422 8468
20151202 092422 8470
20151202 092432 8465
20151202 092443 8464
20151202 092443 8464
20151202 092444 8464
20151202 092454 8464
20151202 092500 8463
20151202 092500 8463
20151202 092500 8463
20151202 092500 8463
20151202 092500 8463
20151202 092500 8464
20151202 092502 8464
20151202 092504 8461
20151202 092506 8465
20151202 092511 8464
20151202 092511 8464
20151202 092517 8467
20151202 092517 8467
20151202 092519 8467
20151202 092519 8468
20151202 092519 8468
20151202 092526 8464
20151202 092553 8458
20151202 092603 8460
20151202 092603 8461
20151202 092608 8461
20151202 092620 8459
20151202 092629 8462
20151202 092658 8463
20151202 092658 8465
20151202 092727 8462
20151202 092733 8456
20151202 092733 8459
20151202 092738 8458
20151202 092751 8459
20151202 092806 8460
20151202 092810 8462
20151202 092814 8464
20151202 092814 8464
20151202 092816 8465
20151202 092826 8463
20151202 092830 8462
20151202 092835 8460
20151202 092900 8463
20151202 092904 8460
20151202 092905 8460
20151202 092931 8463
20151202 092959 8464
20151202 093003 8465
20151202 093005 8467
20151202 093005 8467
20151202 093005 8467
20151202 093005 8467
20151202 093005 8467
20151202 093005 8468
20151202 093005 8468
20151202 093005 8470
20151202 093006 8469
20151202 093006 8469
20151202 093007 8469
20151202 093008 8469
20151202 093008 8469
20151202 093008 8469
20151202 093008 8469
20151202 093008 8469
20151202 093008 8469
20151202 093008 8469
20151202 093009 8470
20151202 093009 8470
20151202 093009 8470
20151202 093009 8470
20151202 093009 8470
20151202 093010 8473
20151202 093010 8474
20151202 093010 8474
20151202 093010 8474
20151202 093054 8471
20151202 093101 8471
20151202 093103 8474
20151202 093103 8474
20151202 093103 8474
20151202 093103 8474
20151202 093104 8474
20151202 093105 8475
20151202 093106 8473
20151202 093106 8473
20151202 093106 8474
20151202 093109 8476
20151202 093109 8476
20151202 093109 8476
20151202 093109 8476
20151202 093109 8478
20151202 093109 8478
20151202 093110 8479
20151202 093111 8480
20151202 093111 8480
20151202 093111 8481
20151202 093131 8472
20151202 093135 8470
20151202 093135 8470
20151202 093136 8470
20151202 093138 8475
20151202 093138 8475
20151202 093139 8470
20151202 093147 8469
20151202 093147 8470
20151202 093147 8470
20151202 093208 8467
20151202 093228 8462
20151202 093228 8462
20151202 093230 8461
20151202 093230 8461
20151202 093230 8461
20151202 093241 8463
20151202 093245 8461
20151202 093245 8461
20151202 093302 8462
20151202 093304 8463
20151202 093308 8467
20151202 093317 8466
20151202 093359 8467
20151202 093408 8471
20151202 093408 8471
20151202 093427 8467
20151202 093431 8465
20151202 093431 8466
20151202 093432 8466
20151202 093507 8467
20151202 093507 8467
20151202 093508 8468
20151202 093510 8467
20151202 093523 8467
20151202 093524 8467
20151202 093529 8468
20151202 093532 8468
20151202 093543 8471
20151202 093543 8473
20151202 093543 8473
20151202 093543 8473
20151202 093543 8474
20151202 093544 8476
20151202 093544 8476
20151202 093545 8476
20151202 093547 8478
20151202 093547 8478
20151202 093548 8481
20151202 093548 8481
20151202 093548 8482
20151202 093548 8482
20151202 093548 8483
20151202 093548 8483
20151202 093548 8483
20151202 093548 8483
20151202 093548 8483
20151202 093548 8483
20151202 093548 8483
20151202 093548 8483
20151202 093548 8484
20151202 093548 8484
20151202 093548 8484
20151202 093548 8484
20151202 093548 8485
20151202 093548 8485
20151202 093548 8486
20151202 093548 8486
20151202 093548 8486
20151202 093548 8486
20151202 093548 8486
20151202 093548 8486
20151202 093548 8486
20151202 093548 8486
20151202 093548 8486
20151202 093548 8487
20151202 093548 8487
20151202 093548 8487
20151202 093548 8487
20151202 093548 8487
20151202 093548 8488
20151202 093548 8488
20151202 093548 8488
20151202 093548 8488
20151202 093548 8488
20151202 093548 8489
20151202 093548 8489
20151202 093548 8490
20151202 093548 8490
20151202 093548 8491
20151202 093548 8491
20151202 093548 8491
20151202 093548 8491
20151202 093548 8491
20151202 093548 8491
20151202 093548 8492
20151202 093549 8492
20151202 093549 8492
20151202 093549 8493
20151202 093549 8493
20151202 093549 8493
20151202 093549 8493
20151202 093549 8493
20151202 093549 8493
20151202 093549 8493
20151202 093549 8493
20151202 093549 8493
20151202 093549 8494
20151202 093549 8494
20151202 093550 8488
20151202 093550 8489
20151202 093550 8493
20151202 093550 8495
20151202 093550 8495
20151202 093551 8488
20151202 093553 8489
20151202 093553 8489
20151202 093554 8484
20151202 093554 8485
20151202 093555 8484
20151202 093555 8490
20151202 093557 8490
20151202 093557 8491
20151202 093557 8491
20151202 093558 8491
20151202 093602 8492
20151202 093602 8493
20151202 093604 8491
20151202 093606 8489
20151202 093606 8490
20151202 093611 8486
20151202 093620 8492
20151202 093624 8489
20151202 093627 8492
20151202 093631 8491
20151202 093632 8491
20151202 093638 8488
20151202 093640 8487
20151202 093640 8488
20151202 093649 8486
20151202 093651 8483
20151202 093653 8483
20151202 093659 8486
20151202 093702 8486
20151202 093702 8486
20151202 093708 8489
20151202 093708 8489
20151202 093708 8489
20151202 093708 8489
20151202 093708 8489
20151202 093708 8490
20151202 093708 8490
20151202 093710 8489
20151202 093711 8491
20151202 093713 8492
20151202 093719 8491
20151202 093721 8489
20151202 093721 8489
20151202 093727 8488
20151202 093740 8490
20151202 093747 8491
20151202 093755 8491
20151202 093759 8491
20151202 093801 8491
20151202 093802 8492
20151202 093804 8493
20151202 093806 8487
20151202 093806 8491
20151202 093806 8491
20151202 093806 8491
20151202 093811 8489
20151202 093812 8489
20151202 093813 8484
20151202 093817 8487
20151202 093820 8487
20151202 093826 8487
20151202 093826 8487
20151202 093827 8487
20151202 093827 8487
20151202 093827 8487
20151202 093827 8487
20151202 093827 8487
20151202 093827 8487
20151202 093845 8488
20151202 093845 8488
20151202 093857 8489
20151202 093857 8489
20151202 093857 8489
20151202 093901 8487
20151202 093922 8485
20151202 093922 8485
20151202 093923 8485
20151202 093928 8489
20151202 093932 8488
20151202 093934 8488
20151202 093937 8487
20151202 093939 8488
20151202 093940 8489
20151202 093942 8488
20151202 093953 8487
20151202 093953 8489
20151202 093953 8490
20151202 093954 8491
20151202 093955 8491
20151202 093955 8491
20151202 093955 8491
20151202 093957 8491
20151202 093957 8491
20151202 094001 8493
20151202 094001 8493
20151202 094001 8493
20151202 094001 8493
20151202 094001 8493
20151202 094002 8493
20151202 094005 8491
20151202 094025 8487
20151202 094028 8486
20151202 094034 8488
20151202 094039 8488
20151202 094039 8488
20151202 094049 8495
20151202 094057 8488
20151202 094059 8488
20151202 094101 8489
20151202 094102 8488
20151202 094112 8491
20151202 094115 8491
20151202 094124 8490
20151202 094156 8491
20151202 094157 8492
20151202 094157 8493
20151202 094157 8493
20151202 094157 8493
20151202 094158 8493
20151202 094158 8494
20151202 094158 8494
20151202 094158 8494
20151202 094158 8495
20151202 094158 8496
20151202 094158 8496
20151202 094158 8496
20151202 094158 8496
20151202 094158 8497
20151202 094158 8497
20151202 094158 8498
20151202 094158 8498
20151202 094158 8498
20151202 094158 8498
20151202 094158 8498
20151202 094158 8498
20151202 094158 8498
20151202 094158 8498
20151202 094158 8498
20151202 094158 8498
20151202 094158 8498
20151202 094159 8499
20151202 094159 8499
20151202 094159 8499
20151202 094203 8501
20151202 094216 8493
20151202 094219 8493
20151202 094232 8490
20151202 094240 8493
20151202 094241 8493
20151202 094241 8493
20151202 094254 8495
20151202 094259 8496
20151202 094302 8496
20151202 094319 8496
20151202 094319 8496
20151202 094319 8496
20151202 094319 8496
20151202 094327 8496
20151202 094331 8494
20151202 094331 8495
20151202 094331 8495
20151202 094331 8496
20151202 094337 8496
20151202 094351 8493
20151202 094409 8490
20151202 094411 8490
20151202 094411 8490
20151202 094423 8488
20151202 094424 8487
20151202 094424 8488
20151202 094424 8488
20151202 094424 8488
20151202 094427 8486
20151202 094442 8488
20151202 094501 8493
20151202 094502 8494
20151202 094514 8491
20151202 094521 8492
20151202 094537 8493
20151202 094538 8492
20151202 094549 8489
20151202 094556 8486
20151202 094558 8485
20151202 094602 8485
20151202 094605 8486
20151202 094616 8489
20151202 094622 8489
20151202 094623 8489
20151202 094631 8488
20151202 094638 8488
20151202 094641 8489
20151202 094645 8488
20151202 094648 8488
20151202 094713 8488
20151202 094735 8488
20151202 094836 8488
20151202 094836 8488
20151202 094836 8488
20151202 094843 8488
20151202 094845 8488
20151202 094854 8484
20151202 094854 8484
20151202 094854 8485
20151202 094859 8485
20151202 094901 8486
20151202 094917 8486
20151202 094917 8486
20151202 094928 8488
20151202 094940 8485
20151202 094943 8485
20151202 094946 8484
20151202 094946 8484
20151202 094949 8482
20151202 095003 8488
20151202 095003 8488
20151202 095003 8488
20151202 095003 8488
20151202 095003 8488
20151202 095007 8485
20151202 095123 8485
20151202 095133 8487
20151202 095134 8489
20151202 095134 8489
20151202 095134 8489
20151202 095135 8489
20151202 095210 8489
20151202 095212 8490
20151202 095212 8490
20151202 095213 8491
20151202 095214 8491
20151202 095214 8491
20151202 095215 8491
20151202 095220 8492
20151202 095221 8492
20151202 095221 8492
20151202 095251 8492
20151202 095253 8488
20151202 095254 8489
20151202 095255 8489
20151202 095404 8481
20151202 095404 8481
20151202 095404 8481
20151202 095404 8481
20151202 095404 8482
20151202 095404 8482
20151202 095404 8482
20151202 095404 8482
20151202 095404 8482
20151202 095404 8482
20151202 095404 8482
20151202 095404 8482
20151202 095411 8484
20151202 095418 8486
20151202 095423 8488
20151202 095424 8488
20151202 095425 8488
20151202 095427 8492
20151202 095430 8489
20151202 095430 8489
20151202 095430 8489
20151202 095430 8489
20151202 095432 8488
20151202 095500 8489
20151202 095509 8489
20151202 095510 8489
20151202 095521 8489
20151202 095532 8489
20151202 095539 8490
20151202 095548 8491
20151202 095548 8492
20151202 095548 8492
20151202 095548 8492
20151202 095548 8493
20151202 095548 8493
20151202 095548 8493
20151202 095548 8493
20151202 095549 8493
20151202 095549 8493
20151202 095549 8493
20151202 095549 8493
20151202 095549 8493
20151202 095549 8493
20151202 095549 8493
20151202 095549 8493
20151202 095549 8494
20151202 095549 8494
20151202 095549 8494
20151202 095550 8494
20151202 095550 8495
20151202 095553 8495
20151202 095553 8495
20151202 095553 8495
20151202 095553 8495
20151202 095553 8495
20151202 095554 8496
20151202 095554 8496
20151202 095554 8497
20151202 095554 8497
20151202 095554 8497
20151202 095554 8497
20151202 095554 8498
20151202 095554 8498
20151202 095554 8498
20151202 095554 8498
20151202 095554 8498
20151202 095554 8498
20151202 095554 8499
20151202 095554 8499
20151202 095554 8499
20151202 095554 8500
20151202 095554 8500
20151202 095554 8500
20151202 095554 8501
20151202 095554 8501
20151202 095554 8501
20151202 095554 8501
20151202 095554 8501
20151202 095554 8501
20151202 095554 8501
20151202 095554 8501
20151202 095554 8501
20151202 095554 8501
20151202 095554 8501
20151202 095554 8501
20151202 095554 8501
20151202 095554 8501
20151202 095554 8501
20151202 095554 8502
20151202 095554 8502
20151202 095554 8502
20151202 095554 8502
20151202 095554 8502
20151202 095554 8502
20151202 095554 8502
20151202 095554 8502
20151202 095554 8502
20151202 095555 8502
20151202 095555 8502
20151202 095555 8502
20151202 095555 8502
20151202 095555 8502
20151202 095555 8503
20151202 095555 8503
20151202 095555 8503
20151202 095555 8503
20151202 095555 8503
20151202 095555 8503
20151202 095555 8503
20151202 095555 8503
20151202 095555 8503
20151202 095555 8503
20151202 095555 8503
20151202 095555 8503
20151202 095555 8503
20151202 095555 8503
20151202 095555 8503
20151202 095555 8503
20151202 095555 8503
20151202 095555 8503
20151202 095555 8503
20151202 095555 8503
20151202 095555 8503
20151202 095555 8503
20151202 095555 8504
20151202 095555 8504
20151202 095558 8503
20151202 095605 8503
20151202 095606 8505
20151202 095606 8506
20151202 095606 8506
20151202 095606 8506
20151202 095606 8507
20151202 095606 8507
20151202 095606 8507
20151202 095606 8507
20151202 095606 8507
20151202 095606 8507
20151202 095606 8507
20151202 095606 8508
20151202 095607 8508
20151202 095607 8508
20151202 095607 8508
20151202 095612 8504
20151202 095612 8505
20151202 095616 8504
20151202 095622 8506
20151202 095626 8505
20151202 095630 8504
20151202 095637 8505
20151202 095639 8506
20151202 095643 8505
20151202 095652 8500
20151202 095652 8502
20151202 095654 8500
20151202 095654 8500
20151202 095658 8503
20151202 095659 8503
20151202 095704 8503
20151202 095704 8504
20151202 095704 8505
20151202 095715 8501
20151202 095722 8501
20151202 095729 8497
20151202 095730 8498
20151202 095732 8499
20151202 095846 8498
20151202 095855 8498
20151202 095906 8499
20151202 095916 8499
20151202 095920 8501
20151202 095920 8501
20151202 095920 8501
20151202 095928 8504
20151202 100007 8500
20151202 100013 8500
20151202 100113 8496
20151202 100118 8497
20151202 100130 8499
20151202 100203 8501
20151202 100204 8501
20151202 100204 8501
20151202 100210 8502
20151202 100210 8502
20151202 100210 8502
20151202 100212 8502
20151202 100213 8503
20151202 100213 8503
20151202 100213 8503
20151202 100215 8504
20151202 100215 8504
20151202 100219 8503
20151202 100243 8502
20151202 100257 8503
20151202 100342 8501
20151202 100354 8501
20151202 100358 8501
20151202 100442 8502
20151202 100451 8503
20151202 100451 8503
20151202 100451 8503
20151202 100451 8503
20151202 100451 8503
20151202 100451 8503
20151202 100457 8504
20151202 100459 8505
20151202 100500 8505
20151202 100502 8505
20151202 100502 8505
20151202 100504 8507
20151202 100504 8507
20151202 100504 8507
20151202 100505 8507
20151202 100505 8507
20151202 100506 8508
20151202 100506 8508
20151202 100506 8508
20151202 100506 8508
20151202 100506 8509
20151202 100506 8509
20151202 100506 8509
20151202 100507 8510
20151202 100511 8508
20151202 100511 8510
20151202 100511 8510
20151202 100535 8506
20151202 100535 8506
20151202 100537 8506
20151202 100614 8502
20151202 100622 8499
20151202 100624 8498
20151202 100624 8499
20151202 100624 8499
20151202 100644 8498
20151202 100646 8492
20151202 100646 8493
20151202 100647 8492
20151202 100659 8493
20151202 100702 8495
20151202 100721 8494
20151202 100721 8494
20151202 100723 8494
20151202 100725 8493
20151202 100726 8493
20151202 100744 8494
20151202 100755 8492
20151202 100822 8492
20151202 100836 8492
20151202 100846 8492
20151202 100925 8499
20151202 100943 8493
20151202 100946 8492
20151202 100947 8489
20151202 101004 8488
20151202 101005 8488
20151202 101008 8486
20151202 101010 8487
20151202 101030 8487
20151202 101105 8488
20151202 101153 8491
20151202 101223 8493
20151202 101232 8493
20151202 101313 8491
20151202 101339 8486
20151202 101340 8486
20151202 101343 8485
20151202 101344 8485
20151202 101344 8485
20151202 101344 8485
20151202 101347 8487
20151202 101418 8487
20151202 101451 8488
20151202 101501 8489
20151202 101502 8491
20151202 101502 8491
20151202 101502 8491
20151202 101542 8485
20151202 101551 8483
20151202 101621 8482
20151202 101621 8483
20151202 101640 8484
20151202 101640 8484
20151202 101711 8484
20151202 101711 8484
20151202 101729 8482
20151202 101757 8484
20151202 101801 8480
20151202 101801 8480
20151202 101801 8480
20151202 101801 8480
20151202 101801 8480
20151202 101801 8480
20151202 101801 8481
20151202 101801 8481
20151202 101801 8482
20151202 101802 8475
20151202 101802 8475
20151202 101802 8476
20151202 101802 8478
20151202 101802 8478
20151202 101802 8479
20151202 101802 8479
20151202 101802 8480
20151202 101802 8480
20151202 101802 8480
20151202 101802 8480
20151202 101802 8480
20151202 101802 8482
20151202 101808 8476
20151202 101813 8476
20151202 101815 8479
20151202 101819 8479
20151202 101823 8479
20151202 101825 8479
20151202 101834 8477
20151202 101843 8477
20151202 101848 8479
20151202 101852 8476
20151202 101857 8477
20151202 101901 8477
20151202 101902 8477
20151202 101903 8477
20151202 101923 8479
20151202 101923 8481
20151202 101927 8482
20151202 101928 8481
20151202 101955 8481
20151202 101957 8482
20151202 102000 8482
20151202 102028 8483
20151202 102028 8483
20151202 102039 8484
20151202 102039 8484
20151202 102041 8485
20151202 102043 8483
20151202 102043 8483
20151202 102043 8483
20151202 102046 8485
20151202 102118 8483
20151202 102118 8483
20151202 102137 8484
20151202 102140 8483
20151202 102151 8484
20151202 102152 8483
20151202 102152 8484
20151202 102156 8484
20151202 102220 8484
20151202 102244 8485
20151202 102249 8484
20151202 102250 8484
20151202 102302 8485
20151202 102306 8485
20151202 102312 8486
20151202 102313 8486
20151202 102334 8484
20151202 102334 8484
20151202 102341 8484
20151202 102409 8485
20151202 102447 8487
20151202 102451 8486
20151202 102518 8485
20151202 102531 8485
20151202 102541 8485
20151202 102543 8485
20151202 102612 8487
20151202 102612 8487
20151202 102612 8487
20151202 102612 8487
20151202 102613 8487
20151202 102613 8487
20151202 102613 8487
20151202 102620 8487
20151202 102656 8487
20151202 102730 8487
20151202 102817 8490
20151202 102817 8490
20151202 102937 8485
20151202 103006 8482
20151202 103007 8480
20151202 103007 8480
20151202 103007 8480
20151202 103007 8481
20151202 103007 8481
20151202 103007 8481
20151202 103009 8479
20151202 103009 8479
20151202 103010 8479
20151202 103030 8481
20151202 103057 8478
20151202 103057 8478
20151202 103057 8478
20151202 103058 8483
20151202 103101 8476
20151202 103102 8476
20151202 103104 8478
20151202 103115 8481
20151202 103131 8481
20151202 103138 8481
20151202 103150 8482
20151202 103213 8481
20151202 103236 8482
20151202 103236 8482
20151202 103413 8484
20151202 103413 8484
20151202 103414 8484
20151202 103414 8484
20151202 103414 8484
20151202 103546 8485
20151202 103644 8483
20151202 103652 8482
20151202 103658 8483
20151202 103701 8484
20151202 103724 8480
20151202 103724 8485
20151202 103724 8485
20151202 103745 8484
20151202 103800 8485
20151202 103801 8484
20151202 103808 8487
20151202 103808 8487
20151202 103827 8484
20151202 103938 8488
20151202 103946 8488
20151202 103946 8488
20151202 103955 8489
20151202 103956 8490
20151202 103956 8490
20151202 103957 8491
20151202 103957 8491
20151202 104010 8491
20151202 104100 8482
20151202 104100 8482
20151202 104100 8482
20151202 104100 8482
20151202 104103 8480
20151202 104105 8480
20151202 104110 8484
20151202 104117 8482
20151202 104117 8482
20151202 104134 8483
20151202 104414 8482
20151202 104427 8484
20151202 104430 8484
20151202 104437 8482
20151202 104502 8478
20151202 104502 8479
20151202 104502 8479
20151202 104502 8479
20151202 104502 8480
20151202 104518 8484
20151202 104518 8484
20151202 104555 8483
20151202 104555 8483
20151202 104555 8483
20151202 104646 8481
20151202 104646 8481
20151202 104718 8481
20151202 104741 8477
20151202 104741 8477
20151202 104741 8477
20151202 104750 8478
20151202 104800 8478
20151202 104830 8477
20151202 104831 8472
20151202 104831 8472
20151202 104831 8472
20151202 104831 8473
20151202 104831 8473
20151202 104831 8473
20151202 104831 8473
20151202 104831 8474
20151202 104831 8474
20151202 104831 8474
20151202 104831 8475
20151202 104831 8475
20151202 104831 8475
20151202 104831 8475
20151202 104831 8475
20151202 104831 8475
20151202 104831 8476
20151202 104831 8480
20151202 104832 8464
20151202 104832 8464
20151202 104832 8464
20151202 104832 8464
20151202 104832 8465
20151202 104832 8468
20151202 104832 8469
20151202 104832 8470
20151202 104832 8470
20151202 104832 8470
20151202 104832 8470
20151202 104832 8470
20151202 104832 8470
20151202 104832 8471
20151202 104832 8471
20151202 104832 8471
20151202 104832 8471
20151202 104832 8471
20151202 104832 8471
20151202 104832 8471
20151202 104832 8471
20151202 104832 8471
20151202 104832 8472
20151202 104832 8473
20151202 104832 8475
20151202 104833 8460
20151202 104833 8461
20151202 104833 8462
20151202 104833 8462
20151202 104833 8462
20151202 104833 8462
20151202 104833 8462
20151202 104833 8462
20151202 104833 8463
20151202 104833 8463
20151202 104833 8463
20151202 104833 8471
20151202 104834 8459
20151202 104834 8460
20151202 104834 8460
20151202 104834 8460
20151202 104834 8460
20151202 104834 8460
20151202 104834 8460
20151202 104834 8460
20151202 104834 8460
20151202 104834 8460
20151202 104834 8460
20151202 104834 8460
20151202 104834 8460
20151202 104834 8460
20151202 104834 8460
20151202 104834 8460
20151202 104838 8464
20151202 104841 8468
20151202 104841 8468
20151202 104846 8462
20151202 104850 8463
20151202 104852 8462
20151202 104856 8462
20151202 104901 8469
20151202 104902 8458
20151202 104902 8460
20151202 104902 8467
20151202 104903 8458
20151202 104903 8458
20151202 104904 8458
20151202 104904 8458
20151202 104904 8458
20151202 104917 8461
20151202 104926 8456
20151202 104926 8456
20151202 104926 8457
20151202 104926 8457
20151202 104926 8457
20151202 104926 8457
20151202 104926 8458
20151202 104926 8466
20151202 104927 8458
20151202 104947 8454
20151202 104947 8454
20151202 104947 8454
20151202 104947 8454
20151202 104947 8455
20151202 104947 8455
20151202 104948 8452
20151202 104948 8452
20151202 104948 8452
20151202 104948 8452
20151202 104948 8453
20151202 104948 8462
20151202 104950 8454
20151202 104955 8454
20151202 104957 8455
20151202 105002 8454
20151202 105004 8454
20151202 105006 8450
20151202 105006 8450
20151202 105006 8451
20151202 105006 8451
20151202 105006 8451
20151202 105006 8451
20151202 105006 8451
20151202 105006 8451
20151202 105008 8452
20151202 105012 8452
20151202 105019 8452
20151202 105019 8463
20151202 105021 8454
20151202 105029 8457
20151202 105049 8459
20151202 105058 8455
20151202 105059 8455
20151202 105100 8455
20151202 105107 8458
20151202 105112 8457
20151202 105132 8457
20151202 105132 8457
20151202 105132 8458
20151202 105132 8458
20151202 105132 8458
20151202 105153 8458
20151202 105203 8458
20151202 105216 8456
20151202 105217 8456
20151202 105226 8455
20151202 105226 8455
20151202 105226 8455
20151202 105229 8454
20151202 105229 8454
20151202 105230 8453
20151202 105230 8454
20151202 105243 8454
20151202 105248 8453
20151202 105251 8453
20151202 105252 8448
20151202 105252 8448
20151202 105252 8448
20151202 105252 8448
20151202 105252 8450
20151202 105252 8450
20151202 105252 8450
20151202 105252 8450
20151202 105252 8450
20151202 105252 8450
20151202 105252 8450
20151202 105252 8450
20151202 105252 8451
20151202 105252 8452
20151202 105252 8452
20151202 105252 8461
20151202 105253 8446
20151202 105253 8446
20151202 105253 8448
20151202 105253 8448
20151202 105253 8448
20151202 105253 8448
20151202 105329 8451
20151202 105330 8452
20151202 105334 8452
20151202 105337 8452
20151202 105344 8453
20151202 105344 8453
20151202 105344 8454
20151202 105348 8452
20151202 105401 8452
20151202 105437 8450
20151202 105438 8452
20151202 105441 8450
20151202 105441 8450
20151202 105443 8449
20151202 105501 8449
20151202 105501 8449
20151202 105505 8448
20151202 105507 8448
20151202 105522 8453
20151202 105535 8452
20151202 105545 8453
20151202 105600 8453
20151202 105601 8453
20151202 105637 8454
20151202 105640 8453
20151202 105643 8453
20151202 105705 8453
20151202 105710 8453
20151202 105713 8453
20151202 105714 8453
20151202 105719 8452
20151202 105720 8452
20151202 105723 8451
20151202 105723 8451
20151202 105723 8451
20151202 105723 8451
20151202 105730 8450
20151202 105731 8450
20151202 105733 8450
20151202 105733 8450
20151202 105735 8450
20151202 105817 8452
20151202 105831 8451
20151202 105838 8450
20151202 105838 8450
20151202 105838 8450
20151202 105838 8450
20151202 105839 8450
20151202 105841 8450
20151202 105842 8449
20151202 105858 8448
20151202 105858 8448
20151202 105900 8447
20151202 105900 8449
20151202 105901 8445
20151202 105901 8446
20151202 105901 8446
20151202 105902 8444
20151202 105902 8444
20151202 105902 8444
20151202 105911 8445
20151202 105933 8448
20151202 105934 8448
20151202 105942 8448
20151202 110002 8446
20151202 110016 8449
20151202 110020 8451
20151202 110021 8452
20151202 110021 8452
20151202 110021 8452
20151202 110021 8452
20151202 110022 8451
20151202 110023 8452
20151202 110031 8449
20151202 110057 8452
20151202 110123 8453
20151202 110123 8453
20151202 110124 8452
20151202 110221 8451
20151202 110221 8451
20151202 110229 8450
20151202 110229 8450
20151202 110230 8450
20151202 110230 8450
20151202 110230 8450
20151202 110232 8449
20151202 110239 8448
20151202 110239 8448
20151202 110239 8448
20151202 110239 8448
20151202 110242 8456
20151202 110319 8451
20151202 110350 8450
20151202 110442 8448
20151202 110447 8446
20151202 110447 8447
20151202 110447 8448
20151202 110447 8448
20151202 110453 8445
20151202 110454 8444
20151202 110454 8445
20151202 110455 8444
20151202 110455 8445
20151202 110500 8442
20151202 110500 8442
20151202 110500 8442
20151202 110500 8443
20151202 110501 8438
20151202 110501 8438
20151202 110501 8438
20151202 110501 8438
20151202 110501 8439
20151202 110501 8440
20151202 110501 8440
20151202 110501 8440
20151202 110501 8440
20151202 110501 8440
20151202 110501 8440
20151202 110501 8441
20151202 110501 8441
20151202 110501 8442
20151202 110501 8447
20151202 110501 8455
20151202 110502 8437
20151202 110504 8441
20151202 110505 8440
20151202 110506 8440
20151202 110519 8436
20151202 110519 8438
20151202 110521 8436
20151202 110521 8452
20151202 110521 8453
20151202 110521 8454
20151202 110522 8435
20151202 110522 8435
20151202 110522 8435
20151202 110522 8435
20151202 110522 8435
20151202 110522 8435
20151202 110523 8435
20151202 110523 8435
20151202 110525 8434
20151202 110525 8434
20151202 110525 8434
20151202 110525 8435
20151202 110528 8433
20151202 110530 8453
20151202 110532 8432
20151202 110532 8432
20151202 110534 8442
20151202 110535 8431
20151202 110535 8431
20151202 110536 8431
20151202 110536 8450
20151202 110542 8433
20151202 110545 8433
20151202 110545 8434
20151202 110545 8434
20151202 110600 8433
20151202 110621 8435
20151202 110644 8437
20151202 110644 8437
20151202 110644 8437
20151202 110645 8437
20151202 110645 8437
20151202 110650 8437
20151202 110703 8436
20151202 110710 8437
20151202 110719 8435
20151202 110719 8435
20151202 110719 8435
20151202 110720 8434
20151202 110726 8433
20151202 110726 8433
20151202 110726 8434
20151202 110727 8432
20151202 110729 8432
20151202 110729 8432
20151202 110729 8432
20151202 110729 8432
20151202 110729 8432
20151202 110729 8432
20151202 110729 8432
20151202 110729 8432
20151202 110729 8432
20151202 110729 8432
20151202 110729 8432
20151202 110730 8432
20151202 110730 8433
20151202 110731 8432
20151202 110731 8432
20151202 110731 8432
20151202 110731 8432
20151202 110731 8432
20151202 110748 8430
20151202 110748 8430
20151202 110748 8430
20151202 110748 8430
20151202 110748 8430
20151202 110749 8428
20151202 110749 8428
20151202 110749 8428
20151202 110749 8428
20151202 110749 8428
20151202 110749 8428
20151202 110749 8428
20151202 110749 8429
20151202 110749 8429
20151202 110749 8430
20151202 110749 8430
20151202 110751 8433
20151202 110751 8434
20151202 110751 8434
20151202 110808 8433
20151202 110812 8431
20151202 110814 8431
20151202 110815 8431
20151202 110815 8431
20151202 110825 8430
20151202 110826 8428
20151202 110826 8429
20151202 110827 8430
20151202 110835 8431
20151202 110835 8432
20151202 110835 8432
20151202 110836 8426
20151202 110836 8427
20151202 110836 8428
20151202 110836 8428
20151202 110836 8428
20151202 110836 8428
20151202 110836 8428
20151202 110836 8428
20151202 110836 8428
20151202 110836 8428
20151202 110836 8428
20151202 110836 8428
20151202 110836 8428
20151202 110836 8428
20151202 110836 8428
20151202 110836 8428
20151202 110836 8428
20151202 110836 8428
20151202 110836 8428
20151202 110836 8428
20151202 110836 8428
20151202 110836 8428
20151202 110836 8428
20151202 110836 8428
20151202 110837 8424
20151202 110837 8425
20151202 110837 8425
20151202 110837 8425
20151202 110837 8425
20151202 110837 8425
20151202 110837 8425
20151202 110837 8425
20151202 110837 8425
20151202 110837 8425
20151202 110837 8426
20151202 110841 8427
20151202 110848 8431
20151202 110852 8432
20151202 110903 8428
20151202 110924 8429
20151202 110926 8428
20151202 110926 8428
20151202 110926 8428
20151202 110926 8428
20151202 110932 8426
20151202 110932 8426
20151202 110933 8426
20151202 110933 8426
20151202 110933 8426
20151202 110933 8426
20151202 110933 8426
20151202 110933 8426
20151202 110933 8426
20151202 110933 8426
20151202 110933 8426
20151202 110933 8426
20151202 110933 8426
20151202 110936 8421
20151202 110936 8421
20151202 110936 8421
20151202 110936 8421
20151202 110936 8421
20151202 110936 8421
20151202 110936 8421
20151202 110936 8422
20151202 110936 8423
20151202 110936 8423
20151202 110936 8423
20151202 110936 8423
20151202 110936 8423
20151202 110936 8423
20151202 110936 8423
20151202 110936 8423
20151202 110936 8424
20151202 110936 8424
20151202 110936 8424
20151202 110936 8424
20151202 110936 8425
20151202 110937 8416
20151202 110937 8416
20151202 110937 8416
20151202 110937 8416
20151202 110937 8417
20151202 110937 8417
20151202 110937 8417
20151202 110937 8418
20151202 110937 8418
20151202 110937 8418
20151202 110937 8418
20151202 110937 8419
20151202 110937 8419
20151202 110937 8419
20151202 110937 8419
20151202 110937 8419
20151202 110937 8419
20151202 110937 8419
20151202 110937 8419
20151202 110937 8420
20151202 110937 8439
20151202 110937 8439
20151202 110938 8418
20151202 110938 8421
20151202 110938 8439
20151202 110940 8422
20151202 110945 8421
20151202 110945 8421
20151202 110945 8421
20151202 110945 8421
20151202 110945 8421
20151202 110945 8421
20151202 110945 8421
20151202 110945 8421
20151202 110945 8421
20151202 110945 8421
20151202 110945 8421
20151202 110945 8421
20151202 110946 8418
20151202 110946 8441
20151202 110957 8430
20151202 110957 8431
20151202 111000 8417
20151202 111000 8417
20151202 111000 8417
20151202 111000 8417
20151202 111000 8417
20151202 111000 8417
20151202 111000 8417
20151202 111000 8417
20151202 111000 8417
20151202 111000 8417
20151202 111000 8417
20151202 111000 8417
20151202 111000 8418
20151202 111001 8417
20151202 111001 8417
20151202 111001 8417
20151202 111001 8417
20151202 111001 8417
20151202 111001 8417
20151202 111002 8425
20151202 111002 8425
20151202 111004 8422
20151202 111006 8423
20151202 111015 8424
20151202 111020 8426
20151202 111047 8427
20151202 111047 8427
20151202 111048 8427
20151202 111101 8433
20151202 111101 8433
20151202 111101 8434
20151202 111101 8434
20151202 111104 8431
20151202 111118 8428
20151202 111118 8429
20151202 111123 8427
20151202 111133 8426
20151202 111133 8426
20151202 111136 8426
20151202 111137 8426
20151202 111138 8427
20151202 111139 8426
20151202 111145 8426
20151202 111200 8426
20151202 111200 8426
20151202 111201 8426
20151202 111205 8426
20151202 111224 8429
20151202 111251 8429
20151202 111251 8429
20151202 111254 8449
20151202 111256 8428
20151202 111256 8429
20151202 111301 8426
20151202 111303 8427
20151202 111304 8426
20151202 111313 8427
20151202 111315 8426
20151202 111315 8427
20151202 111316 8426
20151202 111318 8426
20151202 111322 8426
20151202 111323 8426
20151202 111344 8428
20151202 111359 8429
20151202 111406 8428
20151202 111409 8428
20151202 111414 8427
20151202 111416 8428
20151202 111429 8428
20151202 111433 8429
20151202 111456 8429
20151202 111457 8428
20151202 111457 8428
20151202 111510 8431
20151202 111511 8432
20151202 111513 8432
20151202 111514 8432
20151202 111514 8432
20151202 111528 8433
20151202 111533 8432
20151202 111534 8433
20151202 111539 8434
20151202 111545 8433
20151202 111549 8436
20151202 111600 8433
20151202 111601 8433
20151202 111606 8434
20151202 111614 8434
20151202 111622 8434
20151202 111622 8434
20151202 111635 8434
20151202 111636 8434
20151202 111637 8432
20151202 111637 8432
20151202 111637 8432
20151202 111637 8432
20151202 111637 8432
20151202 111637 8432
20151202 111637 8433
20151202 111639 8432
20151202 111639 8432
20151202 111642 8433
20151202 111702 8432
20151202 111704 8432
20151202 111707 8432
20151202 111746 8433
20151202 111752 8433
20151202 111902 8436
20151202 111902 8436
20151202 111912 8436
20151202 111914 8435
20151202 111917 8437
20151202 111919 8437
20151202 111928 8436
20151202 111930 8436
20151202 111930 8436
20151202 111931 8436
20151202 111934 8436
20151202 111941 8436
20151202 111941 8436
20151202 111944 8433
20151202 111944 8433
20151202 111944 8433
20151202 111944 8434
20151202 111956 8435
20151202 112006 8436
20151202 112006 8436
20151202 112010 8436
20151202 112014 8436
20151202 112014 8436
20151202 112019 8436
20151202 112043 8436
20151202 112051 8434
20151202 112051 8434
20151202 112051 8434
20151202 112101 8435
20151202 112102 8433
20151202 112102 8433
20151202 112127 8435
20151202 112205 8436
20151202 112248 8436
20151202 112308 8437
20151202 112308 8437
20151202 112308 8437
20151202 112311 8439
20151202 112317 8439
20151202 112317 8439
20151202 112317 8439
20151202 112317 8439
20151202 112317 8439
20151202 112317 8439
20151202 112317 8439
20151202 112317 8439
20151202 112318 8439
20151202 112336 8441
20151202 112336 8441
20151202 112336 8442
20151202 112336 8445
20151202 112338 8442
20151202 112341 8442
20151202 112342 8442
20151202 112342 8442
20151202 112343 8443
20151202 112345 8443
20151202 112347 8441
20151202 112354 8441
20151202 112359 8441
20151202 112406 8441
20151202 112426 8441
20151202 112430 8439
20151202 112458 8441
20151202 112503 8441
20151202 112503 8441
20151202 112503 8441
20151202 112503 8441
20151202 112503 8441
20151202 112503 8441
20151202 112503 8441
20151202 112503 8441
20151202 112503 8441
20151202 112503 8441
20151202 112504 8442
20151202 112519 8441
20151202 112519 8442
20151202 112519 8442
20151202 112519 8442
20151202 112519 8442
20151202 112519 8443
20151202 112520 8443
20151202 112523 8443
20151202 112525 8443
20151202 112526 8443
20151202 112527 8443
20151202 112527 8443
20151202 112527 8443
20151202 112527 8443
20151202 112527 8443
20151202 112527 8443
20151202 112527 8443
20151202 112527 8443
20151202 112527 8443
20151202 112527 8443
20151202 112527 8443
20151202 112527 8443
20151202 112527 8443
20151202 112527 8443
20151202 112527 8443
20151202 112527 8443
20151202 112527 8443
20151202 112527 8443
20151202 112527 8443
20151202 112527 8443
20151202 112527 8443
20151202 112534 8441
20151202 112600 8443
20151202 112603 8442
20151202 112629 8441
20151202 112631 8441
20151202 112634 8441
20151202 112635 8441
20151202 112640 8443
20151202 112654 8441
20151202 112656 8440
20151202 112656 8440
20151202 112700 8439
20151202 112702 8439
20151202 112753 8440
20151202 112753 8440
20151202 112800 8441
20151202 112800 8441
20151202 112800 8441
20151202 112800 8441
20151202 112800 8442
20151202 112800 8442
20151202 112829 8442
20151202 112839 8442
20151202 112846 8443
20151202 112846 8443
20151202 112846 8443
20151202 112902 8441
20151202 112902 8441
20151202 112910 8442
20151202 112959 8440
20151202 113000 8439
20151202 113000 8439
20151202 113003 8439
20151202 113010 8439
20151202 113013 8442
20151202 113022 8442
20151202 113022 8442
20151202 113022 8442
20151202 113027 8441
20151202 113043 8440
20151202 113043 8440
20151202 113043 8440
20151202 113142 8442
20151202 113142 8442
20151202 113147 8441
20151202 113200 8442
20151202 113208 8443
20151202 113216 8444
20151202 113222 8443
20151202 113226 8442
20151202 113240 8442
20151202 113246 8441
20151202 113301 8439
20151202 113301 8439
20151202 113301 8439
20151202 113303 8439
20151202 113309 8437
20151202 113309 8437
20151202 113310 8436
20151202 113310 8436
20151202 113313 8435
20151202 113315 8443
20151202 113316 8435
20151202 113317 8433
20151202 113330 8435
20151202 113347 8435
20151202 113406 8434
20151202 113426 8434
20151202 113457 8435
20151202 113500 8436
20151202 113504 8435
20151202 113511 8435
20151202 113538 8436
20151202 113603 8437
20151202 113644 8435
20151202 113718 8434
20151202 113728 8433
20151202 113732 8432
20151202 113739 8432
20151202 113739 8432
20151202 113742 8432
20151202 113746 8432
20151202 113747 8432
20151202 113812 8435
20151202 113812 8435
20151202 113831 8435
20151202 113838 8435
20151202 113838 8435
20151202 113847 8436
20151202 113847 8436
20151202 113847 8436
20151202 113848 8437
20151202 113856 8439
20151202 113900 8442
20151202 113902 8442
20151202 113902 8442
20151202 113910 8442
20151202 113935 8439
20151202 114006 8439
20151202 114025 8438
20151202 114027 8436
20151202 114125 8436
20151202 114125 8436
20151202 114208 8435
20151202 114216 8435
20151202 114216 8435
20151202 114218 8435
20151202 114220 8437
20151202 114227 8437
20151202 114258 8438
20151202 114403 8438
20151202 114501 8440
20151202 114502 8440
20151202 114504 8440
20151202 114505 8440
20151202 114506 8440
20151202 114507 8440
20151202 114508 8441
20151202 114517 8442
20151202 114614 8439
20151202 114704 8439
20151202 114713 8439
20151202 114724 8438
20151202 114835 8439
20151202 114838 8438
20151202 115013 8441
20151202 115022 8441
20151202 115024 8441
20151202 115030 8441
20151202 115030 8441
20151202 115044 8442
20151202 115049 8443
20151202 115049 8443
20151202 115050 8444
20151202 115050 8446
20151202 115050 8447
20151202 115050 8447
20151202 115050 8447
20151202 115050 8447
20151202 115051 8447
20151202 115052 8448
20151202 115052 8448
20151202 115052 8448
20151202 115056 8447
20151202 115056 8447
20151202 115111 8443
20151202 115111 8443
20151202 115122 8442
20151202 115157 8441
20151202 115157 8441
20151202 115226 8441
20151202 115234 8439
20151202 115234 8439
20151202 115246 8438
20151202 115247 8438
20151202 115258 8437
20151202 115258 8437
20151202 115301 8436
20151202 115420 8437
20151202 115523 8438
20151202 115529 8438
20151202 115628 8439
20151202 115720 8440
20151202 115735 8441
20151202 115735 8441
20151202 115735 8441
20151202 115735 8441
20151202 115738 8441
20151202 115929 8443
20151202 115948 8443
20151202 120048 8444
20151202 120049 8444
20151202 120051 8445
20151202 120106 8446
20151202 120111 8447
20151202 120231 8446
20151202 120302 8446
20151202 120340 8447
20151202 120347 8448
20151202 120347 8448
20151202 120351 8454
20151202 120404 8450
20151202 120404 8450
20151202 120404 8450
20151202 120424 8449
20151202 120426 8447
20151202 120428 8447
20151202 120431 8447
20151202 120431 8447
20151202 120432 8447
20151202 120500 8447
20151202 120500 8447
20151202 120500 8447
20151202 120500 8447
20151202 120500 8447
20151202 120500 8447
20151202 120500 8447
20151202 120558 8449
20151202 120605 8450
20151202 120606 8450
20151202 120606 8450
20151202 120606 8451
20151202 120606 8451
20151202 120606 8452
20151202 120606 8452
20151202 120606 8452
20151202 120606 8452
20151202 120606 8452
20151202 120606 8452
20151202 120606 8452
20151202 120606 8452
20151202 120606 8452
20151202 120606 8452
20151202 120635 8450
20151202 120635 8450
20151202 120635 8450
20151202 120637 8450
20151202 120655 8450
20151202 120656 8450
20151202 120656 8450
20151202 120711 8448
20151202 120711 8449
20151202 120713 8447
20151202 120713 8447
20151202 120727 8446
20151202 120728 8446
20151202 120739 8446
20151202 120750 8446
20151202 120758 8447
20151202 120807 8447
20151202 120816 8447
20151202 120821 8447
20151202 120833 8447
20151202 120833 8447
20151202 120932 8446
20151202 120940 8445
20151202 120942 8446
20151202 120948 8447
20151202 121028 8446
20151202 121040 8448
20151202 121040 8448
20151202 121043 8448
20151202 121100 8450
20151202 121106 8451
20151202 121114 8450
20151202 121119 8450
20151202 121146 8450
20151202 121147 8449
20151202 121212 8449
20151202 121218 8449
20151202 121218 8449
20151202 121218 8449
20151202 121218 8449
20151202 121224 8448
20151202 121307 8447
20151202 121339 8447
20151202 121345 8448
20151202 121431 8450
20151202 121434 8450
20151202 121435 8450
20151202 121458 8451
20151202 121505 8452
20151202 121506 8451
20151202 121506 8452
20151202 121518 8451
20151202 121533 8452
20151202 121559 8452
20151202 121646 8451
20151202 121813 8452
20151202 121824 8453
20151202 121829 8452
20151202 121847 8452
20151202 121913 8452
20151202 121957 8454
20151202 121957 8454
20151202 122000 8453
20151202 122001 8455
20151202 122001 8455
20151202 122002 8466
20151202 122003 8455
20151202 122055 8452
20151202 122059 8453
20151202 122301 8453
20151202 122302 8452
20151202 122317 8451
20151202 122317 8451
20151202 122319 8451
20151202 122322 8466
20151202 122337 8450
20151202 122338 8449
20151202 122339 8448
20151202 122340 8447
20151202 122345 8449
20151202 122411 8447
20151202 122411 8447
20151202 122415 8445
20151202 122415 8445
20151202 122415 8445
20151202 122415 8454
20151202 122417 8444
20151202 122418 8444
20151202 122420 8445
20151202 122440 8445
20151202 122525 8445
20151202 122532 8445
20151202 122554 8444
20151202 122554 8444
20151202 122559 8443
20151202 122600 8444
20151202 122603 8459
20151202 122605 8444
20151202 122711 8447
20151202 122711 8448
20151202 122804 8454
20151202 122834 8446
20151202 122908 8446
20151202 123022 8447
20151202 123131 8447
20151202 123200 8450
20151202 123212 8452
20151202 123315 8453
20151202 123343 8455
20151202 123343 8455
20151202 123343 8455
20151202 123343 8455
20151202 123343 8455
20151202 123343 8455
20151202 123343 8455
20151202 123343 8455
20151202 123343 8456
20151202 123343 8457
20151202 123344 8457
20151202 123344 8457
20151202 123344 8457
20151202 123344 8457
20151202 123344 8457
20151202 123344 8457
20151202 123344 8457
20151202 123344 8457
20151202 123344 8457
20151202 123344 8462
20151202 123352 8457
20151202 123352 8457
20151202 123356 8459
20151202 123356 8459
20151202 123401 8458
20151202 123402 8458
20151202 123418 8457
20151202 123418 8457
20151202 123431 8457
20151202 123432 8457
20151202 123442 8456
20151202 123453 8455
20151202 123502 8455
20151202 123502 8456
20151202 123517 8456
20151202 123522 8457
20151202 123528 8455
20151202 123630 8453
20151202 123636 8453
20151202 123636 8453
20151202 123705 8453
20151202 123709 8452
20151202 123740 8451
20151202 123744 8449
20151202 123751 8449
20151202 123751 8464
20151202 123935 8452
20151202 123941 8452
20151202 124005 8454
20151202 124006 8454
20151202 124006 8454
20151202 124006 8454
20151202 124007 8455
20151202 124106 8453
20151202 124138 8454
20151202 124220 8452
20151202 124236 8451
20151202 124236 8451
20151202 124236 8451
20151202 124408 8451
20151202 124409 8452
20151202 124411 8452
20151202 124536 8450
20151202 124536 8450
20151202 124536 8450
20151202 124538 8449
20151202 124538 8449
20151202 124543 8449
20151202 124548 8449
20151202 124549 8449
20151202 124549 8449
20151202 124550 8449
20151202 124628 8449
20151202 124657 8449
20151202 124713 8449
20151202 124732 8450
20151202 124745 8450
20151202 124803 8449
20151202 124842 8450
20151202 124918 8454
20151202 124928 8455
20151202 125023 8456
20151202 125027 8455
20151202 125105 8453
20151202 125301 8453
20151202 125308 8453
20151202 125507 8453
20151202 125513 8452
20151202 125513 8452
20151202 125513 8452
20151202 125514 8451
20151202 125537 8451
20151202 125538 8451
20151202 125606 8450
20151202 125611 8450
20151202 125611 8458
20151202 125727 8446
20151202 125727 8446
20151202 125727 8446
20151202 125727 8446
20151202 125728 8446
20151202 125733 8461
20151202 125807 8445
20151202 125815 8444
20151202 125815 8444
20151202 125815 8460
20151202 125816 8443
20151202 125816 8443
20151202 125816 8460
20151202 125817 8442
20151202 125817 8442
20151202 125817 8442
20151202 125817 8443
20151202 125819 8441
20151202 125820 8442
20151202 125824 8444
20151202 125833 8443
20151202 125916 8445
20151202 125921 8445
20151202 125924 8444
20151202 125934 8443
20151202 130002 8443
20151202 130008 8443
20151202 130049 8441
20151202 130108 8445
20151202 130108 8452
20151202 130133 8446
20151202 130308 8447
20151202 130422 8446
20151202 130449 8445
20151202 130626 8450
20151202 130631 8452
20151202 130632 8452
20151202 130633 8452
20151202 130636 8452
20151202 130637 8452
20151202 130646 8451
20151202 130804 8452
20151202 130804 8452
20151202 130820 8455
20151202 130918 8455
20151202 130929 8455
20151202 130931 8455
20151202 130955 8456
20151202 130956 8456
20151202 131029 8453
20151202 131108 8455
20151202 131118 8453
20151202 131126 8453
20151202 131132 8450
20151202 131132 8451
20151202 131132 8451
20151202 131137 8451
20151202 131303 8453
20151202 131351 8455
20151202 131354 8455
20151202 131409 8455
20151202 131409 8457
20151202 131409 8457
20151202 131409 8457
20151202 131416 8458
20151202 131447 8457
20151202 131501 8459
20151202 131501 8459
20151202 131503 8459
20151202 131503 8459
20151202 131509 8459
20151202 131516 8459
20151202 131535 8455
20151202 131555 8456
20151202 131614 8455
20151202 131631 8454
20151202 131635 8453
20151202 131635 8453
20151202 131812 8452
20151202 131812 8452
20151202 131812 8452
20151202 131821 8451
20151202 131828 8450
20151202 131830 8450
20151202 131832 8449
20151202 131944 8454
20151202 131944 8454
20151202 132010 8456
20151202 132019 8455
20151202 132019 8455
20151202 132019 8455
20151202 132144 8453
20151202 132156 8454
20151202 132225 8454
20151202 132339 8451
20151202 132339 8451
20151202 132421 8452
20151202 132423 8452
20151202 132436 8451
20151202 132519 8455
20151202 132529 8454
20151202 132653 8451
20151202 132653 8451
20151202 132659 8450
20151202 132659 8450
20151202 132659 8450
20151202 132703 8449
20151202 132725 8451
20151202 132725 8451
20151202 132725 8452
20151202 132745 8453
20151202 132748 8454
20151202 132748 8454
20151202 132939 8454
20151202 132959 8455
20151202 133001 8456
20151202 133020 8451
20151202 133022 8451
20151202 133138 8451
20151202 133141 8451
20151202 133142 8451
20151202 133155 8452
20151202 133155 8452
20151202 133200 8451
20151202 133205 8455
20151202 133210 8450
20151202 133211 8449
20151202 133211 8449
20151202 133211 8449
20151202 133216 8449
20151202 133217 8449
20151202 133220 8449
20151202 133230 8448
20151202 133230 8448
20151202 133236 8447
20151202 133237 8447
20151202 133240 8447
20151202 133241 8447
20151202 133246 8447
20151202 133247 8447
20151202 133247 8448
20151202 133249 8447
20151202 133255 8448
20151202 133302 8446
20151202 133305 8447
20151202 133306 8446
20151202 133310 8447
20151202 133320 8446
20151202 133323 8445
20151202 133327 8444
20151202 133331 8443
20151202 133332 8445
20151202 133352 8444
20151202 133355 8443
20151202 133417 8446
20151202 133426 8446
20151202 133448 8447
20151202 133448 8447
20151202 133448 8447
20151202 133500 8447
20151202 133501 8447
20151202 133501 8447
20151202 133518 8447
20151202 133533 8447
20151202 133545 8446
20151202 133554 8447
20151202 133554 8447
20151202 133555 8448
20151202 133559 8447
20151202 133601 8447
20151202 133624 8446
20151202 133734 8446
20151202 133735 8446
20151202 133823 8446
20151202 133858 8447
20151202 133900 8447
20151202 133900 8447
20151202 133900 8447
20151202 133901 8447
20151202 133906 8447
20151202 133919 8447
20151202 133937 8446
20151202 134003 8446
20151202 134003 8446
20151202 134003 8447
20151202 134012 8446
20151202 134017 8446
20151202 134030 8445
20151202 134051 8445
20151202 134055 8445
20151202 134140 8449
20151202 134149 8446
20151202 134152 8447
20151202 134152 8447
20151202 134154 8447
20151202 134154 8447
20151202 134154 8447
20151202 134154 8447
20151202 134205 8448
20151202 134206 8447
20151202 134212 8448
20151202 134230 8448
20151202 134232 8447
20151202 134244 8447
20151202 134259 8448
20151202 134317 8447
20151202 134317 8448
20151202 134319 8448
20151202 134320 8448
20151202 134320 8448
20151202 134327 8448
20151202 134412 8451
20151202 134412 8451
20151202 134412 8455
20151202 134413 8450
20151202 134414 8451
20151202 134417 8452
20151202 134417 8452
20151202 134417 8452
20151202 134417 8452
20151202 134417 8452
20151202 134417 8452
20151202 134419 8451
20151202 134424 8451
20151202 134424 8451
20151202 134427 8451
20151202 134432 8452
20151202 134437 8452
20151202 134445 8454
20151202 134445 8454
20151202 134447 8453
20151202 134449 8454
