20151125 084500 8414
20151125 084500 8415
20151125 084500 8416
20151125 084501 8418
20151125 084501 8419
20151125 084505 8416
20151125 084512 8413
20151125 084518 8416
20151125 084519 8416
20151125 084522 8415
20151125 084522 8416
20151125 084525 8419
20151125 084534 8416
20151125 084544 8412
20151125 084550 8411
20151125 084600 8409
20151125 084606 8408
20151125 084608 8407
20151125 084617 8404
20151125 084628 8403
20151125 084628 8403
20151125 084635 8405
20151125 084637 8405
20151125 084639 8406
20151125 084731 8399
20151125 084737 8397
20151125 084737 8397
20151125 084738 8397
20151125 084754 8400
20151125 084754 8400
20151125 084757 8401
20151125 084757 8401
20151125 084758 8400
20151125 084811 8403
20151125 084829 8401
20151125 084831 8401
20151125 084857 8402
20151125 084857 8402
20151125 084913 8402
20151125 084943 8399
20151125 085017 8403
20151125 085022 8404
20151125 085023 8404
20151125 085035 8411
20151125 085046 8408
20151125 085100 8406
20151125 085102 8406
20151125 085122 8407
20151125 085124 8407
20151125 085125 8407
20151125 085126 8407
20151125 085134 8410
20151125 085142 8404
20151125 085149 8403
20151125 085201 8401
20151125 085203 8399
20151125 085204 8399
20151125 085205 8400
20151125 085220 8397
20151125 085224 8400
20151125 085226 8396
20151125 085226 8396
20151125 085234 8396
20151125 085237 8404
20151125 085247 8401
20151125 085248 8398
20151125 085248 8398
20151125 085248 8398
20151125 085253 8398
20151125 085301 8398
20151125 085303 8402
20151125 085309 8402
20151125 085311 8400
20151125 085332 8400
20151125 085402 8393
20151125 085408 8394
20151125 085412 8393
20151125 085413 8393
20151125 085423 8391
20151125 085430 8394
20151125 085430 8396
20151125 085430 8396
20151125 085430 8396
20151125 085430 8396
20151125 085430 8397
20151125 085430 8397
20151125 085430 8401
20151125 085433 8394
20151125 085433 8395
20151125 085434 8394
20151125 085434 8394
20151125 085434 8394
20151125 085438 8396
20151125 085438 8396
20151125 085443 8395
20151125 085444 8396
20151125 085446 8395
20151125 085446 8395
20151125 085446 8395
20151125 085447 8396
20151125 085501 8393
20151125 085501 8393
20151125 085501 8393
20151125 085501 8393
20151125 085517 8397
20151125 085553 8398
20151125 085553 8398
20151125 085600 8399
20151125 085700 8395
20151125 085712 8395
20151125 085726 8393
20151125 085732 8390
20151125 085736 8390
20151125 085746 8397
20151125 085746 8399
20151125 085748 8396
20151125 085751 8395
20151125 085751 8395
20151125 085803 8393
20151125 085814 8392
20151125 085825 8394
20151125 085914 8394
20151125 085920 8396
20151125 085920 8397
20151125 085944 8398
20151125 085946 8398
20151125 085949 8398
20151125 090004 8398
20151125 090020 8401
20151125 090020 8401
20151125 090020 8402
20151125 090021 8404
20151125 090021 8404
20151125 090022 8404
20151125 090022 8404
20151125 090023 8404
20151125 090023 8405
20151125 090023 8405
20151125 090023 8408
20151125 090025 8408
20151125 090029 8404
20151125 090030 8402
20151125 090043 8402
20151125 090050 8400
20151125 090051 8400
20151125 090051 8400
20151125 090052 8400
20151125 090052 8405
20151125 090057 8405
20151125 090059 8402
20151125 090059 8402
20151125 090100 8403
20151125 090103 8405
20151125 090105 8406
20151125 090106 8407
20151125 090106 8407
20151125 090106 8409
20151125 090106 8409
20151125 090118 8403
20151125 090119 8403
20151125 090119 8404
20151125 090119 8404
20151125 090142 8402
20151125 090154 8404
20151125 090201 8404
20151125 090209 8403
20151125 090210 8404
20151125 090213 8410
20151125 090214 8399
20151125 090216 8397
20151125 090217 8394
20151125 090217 8405
20151125 090217 8405
20151125 090217 8405
20151125 090221 8395
20151125 090222 8406
20151125 090227 8393
20151125 090227 8393
20151125 090228 8393
20151125 090228 8404
20151125 090234 8395
20151125 090236 8393
20151125 090237 8391
20151125 090237 8391
20151125 090237 8404
20151125 090237 8404
20151125 090238 8390
20151125 090239 8389
20151125 090239 8404
20151125 090239 8404
20151125 090239 8404
20151125 090240 8388
20151125 090240 8390
20151125 090240 8393
20151125 090245 8388
20151125 090259 8389
20151125 090300 8388
20151125 090301 8388
20151125 090310 8393
20151125 090315 8389
20151125 090322 8389
20151125 090326 8389
20151125 090330 8389
20151125 090330 8389
20151125 090331 8389
20151125 090333 8389
20151125 090336 8386
20151125 090337 8385
20151125 090338 8384
20151125 090345 8384
20151125 090352 8392
20151125 090355 8387
20151125 090403 8384
20151125 090406 8384
20151125 090413 8388
20151125 090414 8388
20151125 090421 8387
20151125 090426 8386
20151125 090433 8387
20151125 090458 8390
20151125 090501 8388
20151125 090501 8388
20151125 090502 8393
20151125 090505 8387
20151125 090518 8391
20151125 090518 8392
20151125 090518 8395
20151125 090521 8393
20151125 090529 8394
20151125 090532 8400
20151125 090532 8404
20151125 090533 8398
20151125 090536 8399
20151125 090536 8399
20151125 090551 8395
20151125 090551 8395
20151125 090552 8395
20151125 090609 8397
20151125 090611 8396
20151125 090616 8398
20151125 090616 8398
20151125 090626 8400
20151125 090628 8413
20151125 090638 8407
20151125 090649 8396
20151125 090702 8398
20151125 090702 8401
20151125 090711 8395
20151125 090718 8393
20151125 090718 8393
20151125 090727 8399
20151125 090741 8393
20151125 090751 8390
20151125 090808 8389
20151125 090811 8390
20151125 090816 8390
20151125 090830 8394
20151125 090830 8399
20151125 090830 8399
20151125 090836 8402
20151125 090857 8399
20151125 090915 8390
20151125 090915 8405
20151125 090918 8390
20151125 090928 8392
20151125 090938 8396
20151125 090938 8396
20151125 091012 8398
20151125 091012 8398
20151125 091014 8397
20151125 091028 8398
20151125 091035 8401
20151125 091036 8402
20151125 091036 8402
20151125 091038 8403
20151125 091039 8409
20151125 091040 8405
20151125 091050 8400
20151125 091054 8400
20151125 091127 8398
20151125 091132 8410
20151125 091201 8393
20151125 091201 8393
20151125 091241 8395
20151125 091248 8391
20151125 091303 8393
20151125 091408 8391
20151125 091415 8387
20151125 091415 8388
20151125 091416 8386
20151125 091416 8386
20151125 091416 8386
20151125 091416 8400
20151125 091433 8381
20151125 091433 8381
20151125 091433 8381
20151125 091433 8381
20151125 091433 8382
20151125 091433 8382
20151125 091433 8390
20151125 091433 8390
20151125 091434 8380
20151125 091434 8380
20151125 091434 8380
20151125 091434 8380
20151125 091434 8390
20151125 091434 8390
20151125 091435 8378
20151125 091435 8378
20151125 091435 8378
20151125 091435 8379
20151125 091451 8377
20151125 091453 8373
20151125 091453 8373
20151125 091453 8373
20151125 091453 8373
20151125 091453 8387
20151125 091453 8390
20151125 091455 8383
20151125 091459 8373
20151125 091500 8373
20151125 091500 8373
20151125 091501 8375
20151125 091501 8381
20151125 091502 8378
20151125 091507 8382
20151125 091525 8381
20151125 091530 8381
20151125 091530 8382
20151125 091532 8382
20151125 091532 8382
20151125 091556 8382
20151125 091601 8381
20151125 091604 8382
20151125 091618 8379
20151125 091621 8380
20151125 091621 8388
20151125 091629 8378
20151125 091629 8379
20151125 091637 8379
20151125 091641 8378
20151125 091642 8388
20151125 091643 8377
20151125 091645 8376
20151125 091647 8376
20151125 091647 8376
20151125 091647 8376
20151125 091654 8373
20151125 091657 8371
20151125 091657 8371
20151125 091657 8371
20151125 091700 8369
20151125 091700 8369
20151125 091700 8369
20151125 091700 8369
20151125 091701 8361
20151125 091701 8361
20151125 091701 8362
20151125 091701 8362
20151125 091701 8362
20151125 091701 8362
20151125 091701 8363
20151125 091701 8363
20151125 091701 8363
20151125 091701 8363
20151125 091701 8363
20151125 091701 8363
20151125 091701 8364
20151125 091701 8364
20151125 091701 8365
20151125 091701 8366
20151125 091701 8366
20151125 091701 8375
20151125 091701 8378
20151125 091701 8379
20151125 091701 8380
20151125 091702 8357
20151125 091702 8360
20151125 091702 8361
20151125 091702 8361
20151125 091702 8373
20151125 091703 8364
20151125 091703 8373
20151125 091706 8362
20151125 091707 8362
20151125 091709 8362
20151125 091709 8364
20151125 091714 8364
20151125 091716 8365
20151125 091716 8366
20151125 091720 8365
20151125 091726 8366
20151125 091750 8368
20151125 091750 8375
20151125 091751 8367
20151125 091751 8367
20151125 091800 8366
20151125 091801 8366
20151125 091801 8366
20151125 091804 8364
20151125 091804 8364
20151125 091804 8364
20151125 091810 8374
20151125 091817 8365
20151125 091837 8364
20151125 091838 8363
20151125 091838 8363
20151125 091839 8362
20151125 091842 8362
20151125 091843 8362
20151125 091843 8362
20151125 091843 8362
20151125 091843 8362
20151125 091844 8362
20151125 091845 8363
20151125 091847 8373
20151125 091853 8363
20151125 091858 8361
20151125 091859 8361
20151125 091859 8361
20151125 091859 8362
20151125 091859 8362
20151125 091900 8361
20151125 091902 8361
20151125 091903 8359
20151125 091903 8359
20151125 091903 8360
20151125 091903 8360
20151125 091903 8360
20151125 091904 8356
20151125 091904 8356
20151125 091904 8358
20151125 091904 8358
20151125 091904 8358
20151125 091904 8358
20151125 091904 8358
20151125 091904 8358
20151125 091904 8358
20151125 091904 8358
20151125 091904 8358
20151125 091904 8359
20151125 091907 8358
20151125 091907 8358
20151125 091908 8358
20151125 091908 8358
20151125 091908 8358
20151125 091908 8358
20151125 091908 8358
20151125 091908 8358
20151125 091911 8370
20151125 091915 8366
20151125 091925 8358
20151125 091928 8352
20151125 091935 8358
20151125 091943 8368
20151125 091945 8367
20151125 091947 8369
20151125 091948 8362
20151125 091948 8362
20151125 091955 8358
20151125 092004 8356
20151125 092005 8354
20151125 092005 8354
20151125 092007 8358
20151125 092016 8362
20151125 092016 8362
20151125 092017 8371
20151125 092017 8371
20151125 092018 8371
20151125 092033 8365
20151125 092034 8366
20151125 092050 8367
20151125 092051 8368
20151125 092104 8366
20151125 092109 8364
20151125 092110 8365
20151125 092114 8366
20151125 092139 8381
20151125 092142 8376
20151125 092142 8377
20151125 092144 8385
20151125 092144 8385
20151125 092151 8368
20151125 092158 8367
20151125 092159 8368
20151125 092159 8383
20151125 092200 8367
20151125 092203 8366
20151125 092204 8385
20151125 092219 8369
20151125 092232 8367
20151125 092232 8367
20151125 092232 8368
20151125 092232 8368
20151125 092232 8369
20151125 092250 8368
20151125 092313 8367
20151125 092335 8365
20151125 092336 8365
20151125 092336 8365
20151125 092336 8365
20151125 092336 8365
20151125 092340 8365
20151125 092340 8365
20151125 092340 8365
20151125 092341 8363
20151125 092341 8363
20151125 092341 8363
20151125 092400 8365
20151125 092400 8365
20151125 092400 8365
20151125 092400 8365
20151125 092410 8365
20151125 092415 8359
20151125 092415 8359
20151125 092415 8361
20151125 092415 8361
20151125 092415 8361
20151125 092415 8361
20151125 092415 8363
20151125 092415 8363
20151125 092415 8374
20151125 092415 8374
20151125 092415 8377
20151125 092416 8356
20151125 092416 8356
20151125 092416 8358
20151125 092416 8377
20151125 092422 8352
20151125 092422 8353
20151125 092422 8353
20151125 092422 8353
20151125 092422 8353
20151125 092422 8353
20151125 092422 8353
20151125 092422 8353
20151125 092422 8353
20151125 092422 8353
20151125 092422 8353
20151125 092422 8353
20151125 092422 8353
20151125 092422 8354
20151125 092427 8355
20151125 092434 8354
20151125 092436 8352
20151125 092437 8351
20151125 092437 8351
20151125 092437 8351
20151125 092438 8351
20151125 092439 8351
20151125 092439 8351
20151125 092440 8351
20151125 092440 8351
20151125 092442 8353
20151125 092448 8347
20151125 092448 8348
20151125 092448 8348
20151125 092448 8349
20151125 092448 8350
20151125 092448 8350
20151125 092448 8360
20151125 092451 8346
20151125 092457 8346
20151125 092501 8343
20151125 092501 8343
20151125 092501 8343
20151125 092501 8344
20151125 092501 8344
20151125 092501 8344
20151125 092501 8345
20151125 092502 8343
20151125 092503 8346
20151125 092504 8344
20151125 092505 8346
20151125 092507 8343
20151125 092507 8344
20151125 092510 8352
20151125 092510 8352
20151125 092510 8353
20151125 092512 8359
20151125 092514 8348
20151125 092515 8349
20151125 092516 8362
20151125 092518 8350
20151125 092521 8349
20151125 092526 8350
20151125 092531 8352
20151125 092536 8352
20151125 092538 8361
20151125 092550 8353
20151125 092558 8359
20151125 092610 8352
20151125 092624 8355
20151125 092627 8355
20151125 092642 8361
20151125 092652 8354
20151125 092700 8353
20151125 092700 8353
20151125 092700 8353
20151125 092701 8351
20151125 092701 8352
20151125 092701 8352
20151125 092702 8349
20151125 092702 8350
20151125 092702 8350
20151125 092704 8348
20151125 092706 8349
20151125 092707 8351
20151125 092714 8351
20151125 092722 8375
20151125 092727 8353
20151125 092738 8352
20151125 092740 8353
20151125 092740 8354
20151125 092747 8349
20151125 092747 8352
20151125 092747 8352
20151125 092751 8348
20151125 092752 8347
20151125 092754 8345
20151125 092754 8346
20151125 092754 8359
20151125 092811 8348
20151125 092812 8348
20151125 092816 8348
20151125 092828 8352
20151125 092828 8359
20151125 092829 8351
20151125 092835 8366
20151125 092852 8349
20151125 092853 8348
20151125 092903 8344
20151125 092909 8345
20151125 092911 8345
20151125 092911 8347
20151125 092912 8347
20151125 092916 8351
20151125 092925 8348
20151125 092929 8349
20151125 092934 8350
20151125 092935 8348
20151125 092936 8348
20151125 092941 8349
20151125 093001 8338
20151125 093001 8338
20151125 093001 8338
20151125 093001 8339
20151125 093001 8340
20151125 093001 8340
20151125 093001 8340
20151125 093001 8340
20151125 093001 8341
20151125 093001 8341
20151125 093001 8341
20151125 093001 8341
20151125 093001 8341
20151125 093001 8342
20151125 093001 8343
20151125 093001 8343
20151125 093001 8343
20151125 093001 8344
20151125 093001 8344
20151125 093001 8352
20151125 093001 8352
20151125 093001 8352
20151125 093001 8360
20151125 093001 8360
20151125 093001 8362
20151125 093001 8362
20151125 093002 8335
20151125 093002 8335
20151125 093002 8335
20151125 093002 8336
20151125 093002 8336
20151125 093002 8336
20151125 093002 8338
20151125 093002 8339
20151125 093002 8350
20151125 093003 8338
20151125 093003 8338
20151125 093003 8338
20151125 093005 8335
20151125 093014 8339
20151125 093022 8339
20151125 093022 8339
20151125 093022 8339
20151125 093022 8339
20151125 093022 8339
20151125 093022 8339
20151125 093024 8340
20151125 093028 8342
20151125 093032 8341
20151125 093032 8341
20151125 093032 8341
20151125 093032 8341
20151125 093035 8340
20151125 093035 8360
20151125 093045 8339
20151125 093048 8338
20151125 093048 8339
20151125 093050 8339
20151125 093051 8338
20151125 093052 8336
20151125 093052 8336
20151125 093052 8350
20151125 093055 8337
20151125 093100 8335
20151125 093100 8336
20151125 093100 8345
20151125 093101 8335
20151125 093101 8335
20151125 093102 8335
20151125 093103 8333
20151125 093103 8333
20151125 093103 8334
20151125 093103 8334
20151125 093103 8335
20151125 093104 8333
20151125 093104 8333
20151125 093104 8333
20151125 093104 8333
20151125 093104 8333
20151125 093104 8333
20151125 093104 8333
20151125 093117 8351
20151125 093117 8352
20151125 093126 8346
20151125 093126 8347
20151125 093133 8335
20151125 093135 8335
20151125 093146 8334
20151125 093148 8333
20151125 093157 8330
20151125 093157 8330
20151125 093157 8331
20151125 093157 8331
20151125 093157 8331
20151125 093157 8331
20151125 093157 8332
20151125 093157 8332
20151125 093200 8330
20151125 093201 8330
20151125 093201 8331
20151125 093202 8329
20151125 093202 8329
20151125 093215 8330
20151125 093217 8332
20151125 093219 8333
20151125 093220 8333
20151125 093221 8333
20151125 093224 8334
20151125 093228 8333
20151125 093229 8343
20151125 093231 8333
20151125 093243 8336
20151125 093243 8337
20151125 093243 8346
20151125 093243 8346
20151125 093243 8352
20151125 093252 8336
20151125 093258 8335
20151125 093259 8335
20151125 093300 8334
20151125 093330 8351
20151125 093346 8338
20151125 093346 8338
20151125 093350 8338
20151125 093350 8338
20151125 093358 8335
20151125 093421 8337
20151125 093427 8337
20151125 093439 8338
20151125 093442 8339
20151125 093447 8338
20151125 093452 8336
20151125 093458 8334
20151125 093501 8334
20151125 093501 8334
20151125 093501 8334
20151125 093502 8333
20151125 093502 8333
20151125 093503 8336
20151125 093510 8335
20151125 093510 8336
20151125 093516 8336
20151125 093517 8335
20151125 093520 8346
20151125 093525 8327
20151125 093525 8328
20151125 093525 8328
20151125 093525 8328
20151125 093525 8328
20151125 093525 8330
20151125 093525 8330
20151125 093525 8330
20151125 093525 8330
20151125 093525 8342
20151125 093525 8350
20151125 093526 8326
20151125 093526 8326
20151125 093526 8326
20151125 093529 8328
20151125 093530 8330
20151125 093534 8329
20151125 093538 8332
20151125 093540 8330
20151125 093545 8331
20151125 093549 8331
20151125 093553 8333
20151125 093620 8336
20151125 093620 8336
20151125 093620 8336
20151125 093621 8334
20151125 093631 8347
20151125 093720 8333
20151125 093720 8334
20151125 093741 8336
20151125 093741 8347
20151125 093755 8339
20151125 093756 8339
20151125 093804 8336
20151125 093838 8353
20151125 093839 8339
20151125 093842 8339
20151125 093842 8339
20151125 093851 8341
20151125 093854 8342
20151125 093857 8340
20151125 093906 8343
20151125 093917 8341
20151125 093924 8340
20151125 093925 8339
20151125 093937 8340
20151125 093937 8340
20151125 094000 8339
20151125 094000 8339
20151125 094000 8360
20151125 094001 8337
20151125 094001 8337
20151125 094001 8338
20151125 094001 8338
20151125 094008 8338
20151125 094042 8340
20151125 094132 8343
20151125 094136 8345
20151125 094156 8346
20151125 094156 8346
20151125 094156 8346
20151125 094156 8346
20151125 094156 8346
20151125 094156 8347
20151125 094156 8347
20151125 094156 8356
20151125 094203 8348
20151125 094211 8348
20151125 094212 8348
20151125 094212 8348
20151125 094212 8349
20151125 094213 8348
20151125 094215 8348
20151125 094218 8348
20151125 094224 8364
20151125 094241 8358
20151125 094254 8349
20151125 094305 8345
20151125 094305 8345
20151125 094305 8359
20151125 094305 8360
20151125 094306 8344
20151125 094343 8351
20151125 094343 8352
20151125 094343 8352
20151125 094343 8353
20151125 094344 8354
20151125 094344 8370
20151125 094354 8347
20151125 094354 8347
20151125 094413 8364
20151125 094420 8352
20151125 094422 8351
20151125 094436 8355
20151125 094436 8355
20151125 094436 8355
20151125 094436 8356
20151125 094436 8356
20151125 094436 8356
20151125 094436 8356
20151125 094436 8356
20151125 094436 8358
20151125 094436 8358
20151125 094436 8358
20151125 094436 8359
20151125 094436 8360
20151125 094436 8376
20151125 094437 8362
20151125 094437 8363
20151125 094437 8364
20151125 094437 8364
20151125 094437 8365
20151125 094437 8366
20151125 094437 8366
20151125 094437 8366
20151125 094437 8366
20151125 094437 8366
20151125 094437 8367
20151125 094437 8367
20151125 094437 8368
20151125 094437 8368
20151125 094437 8368
20151125 094437 8370
20151125 094437 8370
20151125 094437 8374
20151125 094437 8374
20151125 094437 8375
20151125 094437 8377
20151125 094437 8377
20151125 094437 8380
20151125 094437 8381
20151125 094438 8366
20151125 094439 8363
20151125 094458 8358
20151125 094503 8368
20151125 094507 8361
20151125 094507 8362
20151125 094507 8363
20151125 094508 8367
20151125 094508 8375
20151125 094508 8375
20151125 094508 8380
20151125 094513 8360
20151125 094513 8361
20151125 094513 8380
20151125 094514 8360
20151125 094517 8376
20151125 094523 8360
20151125 094523 8361
20151125 094531 8360
20151125 094537 8359
20151125 094538 8359
20151125 094540 8359
20151125 094548 8359
20151125 094551 8358
20151125 094551 8358
20151125 094554 8358
20151125 094554 8358
20151125 094601 8356
20151125 094608 8354
20151125 094610 8368
20151125 094615 8357
20151125 094623 8357
20151125 094625 8358
20151125 094625 8358
20151125 094637 8357
20151125 094708 8356
20151125 094716 8354
20151125 094718 8353
20151125 094719 8353
20151125 094719 8353
20151125 094758 8356
20151125 094806 8355
20151125 094907 8353
20151125 094927 8353
20151125 094927 8353
20151125 094928 8353
20151125 094934 8353
20151125 094936 8355
20151125 094937 8356
20151125 094940 8356
20151125 094953 8350
20151125 094958 8351
20151125 095001 8352
20151125 095006 8353
20151125 095020 8352
20151125 095036 8351
20151125 095036 8351
20151125 095047 8351
20151125 095056 8352
20151125 095114 8355
20151125 095114 8356
20151125 095117 8356
20151125 095120 8356
20151125 095122 8354
20151125 095139 8366
20151125 095143 8359
20151125 095143 8368
20151125 095218 8362
20151125 095218 8362
20151125 095225 8363
20151125 095225 8364
20151125 095228 8364
20151125 095241 8364
20151125 095250 8366
20151125 095250 8366
20151125 095250 8366
20151125 095251 8376
20151125 095253 8368
20151125 095253 8369
20151125 095253 8369
20151125 095254 8371
20151125 095254 8371
20151125 095254 8371
20151125 095254 8371
20151125 095254 8371
20151125 095254 8371
20151125 095254 8371
20151125 095254 8371
20151125 095254 8372
20151125 095254 8372
20151125 095254 8373
20151125 095254 8374
20151125 095254 8374
20151125 095256 8374
20151125 095256 8375
20151125 095256 8376
20151125 095256 8376
20151125 095256 8376
20151125 095256 8376
20151125 095256 8382
20151125 095256 8384
20151125 095257 8376
20151125 095257 8376
20151125 095257 8376
20151125 095257 8377
20151125 095257 8377
20151125 095257 8377
20151125 095257 8377
20151125 095257 8385
20151125 095308 8370
20151125 095313 8369
20151125 095322 8368
20151125 095322 8368
20151125 095323 8370
20151125 095336 8370
20151125 095351 8369
20151125 095352 8367
20151125 095401 8368
20151125 095418 8368
20151125 095418 8368
20151125 095419 8368
20151125 095438 8367
20151125 095448 8370
20151125 095450 8371
20151125 095451 8372
20151125 095458 8374
20151125 095501 8374
20151125 095501 8374
20151125 095501 8374
20151125 095501 8374
20151125 095501 8374
20151125 095502 8375
20151125 095514 8376
20151125 095515 8373
20151125 095523 8374
20151125 095523 8374
20151125 095523 8374
20151125 095532 8371
20151125 095540 8374
20151125 095547 8374
20151125 095547 8376
20151125 095548 8374
20151125 095548 8374
20151125 095548 8374
20151125 095550 8374
20151125 095556 8376
20151125 095557 8376
20151125 095557 8377
20151125 095557 8377
20151125 095557 8377
20151125 095557 8378
20151125 095602 8375
20151125 095606 8376
20151125 095614 8375
20151125 095616 8374
20151125 095618 8374
20151125 095619 8385
20151125 095620 8374
20151125 095630 8374
20151125 095645 8371
20151125 095703 8371
20151125 095724 8388
20151125 095724 8388
20151125 095742 8366
20151125 095742 8366
20151125 095745 8366
20151125 095834 8364
20151125 095834 8364
20151125 095834 8364
20151125 095835 8364
20151125 095841 8364
20151125 095841 8364
20151125 095841 8364
20151125 095849 8362
20151125 095900 8364
20151125 095901 8364
20151125 095901 8364
20151125 095908 8365
20151125 095912 8364
20151125 095912 8364
20151125 095926 8364
20151125 095937 8364
20151125 095941 8365
20151125 095947 8366
20151125 100034 8367
20151125 100034 8368
20151125 100034 8368
20151125 100034 8368
20151125 100044 8369
20151125 100112 8372
20151125 100115 8372
20151125 100146 8372
20151125 100153 8370
20151125 100156 8369
20151125 100156 8369
20151125 100156 8370
20151125 100222 8367
20151125 100223 8367
20151125 100246 8373
20151125 100254 8364
20151125 100256 8362
20151125 100257 8361
20151125 100259 8360
20151125 100310 8359
20151125 100312 8356
20151125 100313 8354
20151125 100313 8354
20151125 100313 8354
20151125 100313 8354
20151125 100313 8355
20151125 100313 8356
20151125 100315 8357
20151125 100347 8355
20151125 100349 8356
20151125 100400 8355
20151125 100415 8356
20151125 100421 8352
20151125 100421 8352
20151125 100421 8352
20151125 100421 8352
20151125 100423 8353
20151125 100433 8355
20151125 100438 8355
20151125 100440 8353
20151125 100443 8353
20151125 100500 8354
20151125 100506 8352
20151125 100506 8353
20151125 100508 8351
20151125 100520 8360
20151125 100523 8354
20151125 100538 8361
20151125 100610 8348
20151125 100610 8348
20151125 100610 8349
20151125 100610 8349
20151125 100610 8349
20151125 100610 8350
20151125 100610 8367
20151125 100629 8348
20151125 100632 8348
20151125 100641 8348
20151125 100656 8348
20151125 100658 8348
20151125 100702 8347
20151125 100721 8349
20151125 100726 8351
20151125 100727 8351
20151125 100728 8364
20151125 100745 8351
20151125 100839 8356
20151125 100853 8354
20151125 100901 8355
20151125 100932 8357
20151125 100932 8358
20151125 100932 8358
20151125 100946 8361
20151125 101015 8360
20151125 101015 8360
20151125 101040 8360
20151125 101040 8360
20151125 101040 8360
20151125 101040 8360
20151125 101043 8358
20151125 101052 8357
20151125 101052 8358
20151125 101102 8355
20151125 101103 8354
20151125 101103 8354
20151125 101115 8355
20151125 101143 8352
20151125 101214 8351
20151125 101221 8361
20151125 101249 8351
20151125 101311 8354
20151125 101451 8355
20151125 101518 8353
20151125 101520 8353
20151125 101520 8353
20151125 101520 8353
20151125 101521 8353
20151125 101538 8353
20151125 101616 8348
20151125 101616 8348
20151125 101616 8349
20151125 101616 8349
20151125 101616 8349
20151125 101616 8349
20151125 101618 8348
20151125 101619 8342
20151125 101619 8342
20151125 101619 8342
20151125 101619 8343
20151125 101619 8344
20151125 101619 8344
20151125 101619 8344
20151125 101619 8344
20151125 101619 8344
20151125 101619 8344
20151125 101619 8344
20151125 101619 8344
20151125 101619 8345
20151125 101619 8345
20151125 101619 8345
20151125 101619 8346
20151125 101619 8357
20151125 101620 8341
20151125 101620 8341
20151125 101620 8341
20151125 101633 8342
20151125 101635 8341
20151125 101637 8342
20151125 101637 8342
20151125 101644 8344
20151125 101647 8342
20151125 101707 8343
20151125 101710 8343
20151125 101713 8344
20151125 101713 8344
20151125 101800 8347
20151125 101809 8344
20151125 101819 8345
20151125 101835 8347
20151125 101904 8347
20151125 101929 8346
20151125 101941 8345
20151125 101941 8357
20151125 101944 8344
20151125 101947 8343
20151125 101949 8338
20151125 101951 8342
20151125 101955 8341
20151125 101955 8349
20151125 101959 8342
20151125 102100 8343
20151125 102205 8347
20151125 102229 8346
20151125 102230 8347
20151125 102239 8346
20151125 102239 8346
20151125 102256 8346
20151125 102308 8340
20151125 102316 8348
20151125 102323 8348
20151125 102325 8349
20151125 102329 8348
20151125 102337 8353
20151125 102338 8360
20151125 102340 8353
20151125 102344 8353
20151125 102352 8352
20151125 102352 8354
20151125 102358 8354
20151125 102412 8354
20151125 102415 8354
20151125 102416 8355
20151125 102423 8355
20151125 102429 8353
20151125 102436 8354
20151125 102448 8355
20151125 102451 8356
20151125 102451 8356
20151125 102451 8356
20151125 102451 8356
20151125 102455 8357
20151125 102501 8356
20151125 102522 8357
20151125 102547 8359
20151125 102552 8360
20151125 102603 8359
20151125 102629 8355
20151125 102629 8357
20151125 102658 8351
20151125 102759 8352
20151125 102839 8355
20151125 102858 8354
20151125 102901 8354
20151125 102919 8354
20151125 102955 8356
20151125 102959 8356
20151125 103000 8356
20151125 103000 8356
20151125 103022 8353
20151125 103031 8356
20151125 103045 8357
20151125 103051 8357
20151125 103105 8356
20151125 103129 8356
20151125 103129 8356
20151125 103245 8352
20151125 103256 8350
20151125 103256 8350
20151125 103256 8350
20151125 103300 8359
20151125 103339 8350
20151125 103402 8347
20151125 103413 8346
20151125 103419 8342
20151125 103429 8344
20151125 103429 8344
20151125 103441 8352
20151125 103445 8343
20151125 103459 8345
20151125 103459 8346
20151125 103502 8345
20151125 103505 8345
20151125 103506 8345
20151125 103521 8345
20151125 103533 8349
20151125 103534 8349
20151125 103534 8349
20151125 103553 8348
20151125 103606 8350
20151125 103613 8351
20151125 103627 8353
20151125 103708 8353
20151125 103746 8355
20151125 103749 8364
20151125 103808 8358
20151125 103815 8358
20151125 103815 8358
20151125 103818 8357
20151125 103906 8356
20151125 103913 8357
20151125 103919 8355
20151125 103949 8353
20151125 104049 8353
20151125 104134 8365
20151125 104135 8355
20151125 104158 8357
20151125 104216 8360
20151125 104217 8361
20151125 104217 8361
20151125 104217 8362
20151125 104217 8362
20151125 104217 8363
20151125 104228 8364
20151125 104251 8363
20151125 104252 8363
20151125 104252 8363
20151125 104253 8363
20151125 104253 8363
20151125 104318 8364
20151125 104324 8363
20151125 104401 8360
20151125 104408 8359
20151125 104424 8356
20151125 104437 8354
20151125 104437 8354
20151125 104444 8354
20151125 104452 8352
20151125 104503 8355
20151125 104601 8356
20151125 104603 8356
20151125 104609 8356
20151125 104609 8356
20151125 104632 8352
20151125 104636 8351
20151125 104637 8349
20151125 104640 8347
20151125 104640 8348
20151125 104716 8352
20151125 104746 8352
20151125 104752 8351
20151125 104812 8346
20151125 104812 8347
20151125 104815 8346
20151125 104819 8344
20151125 104819 8344
20151125 104819 8344
20151125 104827 8342
20151125 104827 8342
20151125 104828 8342
20151125 104829 8339
20151125 104829 8340
20151125 104829 8340
20151125 104830 8336
20151125 104830 8336
20151125 104830 8336
20151125 104830 8337
20151125 104830 8337
20151125 104830 8337
20151125 104830 8348
20151125 104830 8349
20151125 104831 8337
20151125 104836 8338
20151125 104841 8334
20151125 104841 8335
20151125 104841 8335
20151125 104841 8335
20151125 104841 8335
20151125 104841 8336
20151125 104842 8338
20151125 104851 8340
20151125 104928 8343
20151125 104951 8342
20151125 105043 8339
20151125 105044 8339
20151125 105047 8339
20151125 105051 8339
20151125 105101 8336
20151125 105101 8337
20151125 105104 8335
20151125 105107 8332
20151125 105107 8332
20151125 105107 8332
20151125 105107 8333
20151125 105107 8334
20151125 105107 8334
20151125 105112 8335
20151125 105128 8332
20151125 105130 8329
20151125 105130 8329
20151125 105130 8329
20151125 105130 8330
20151125 105130 8346
20151125 105131 8322
20151125 105131 8322
20151125 105131 8322
20151125 105131 8322
20151125 105131 8322
20151125 105131 8322
20151125 105131 8322
20151125 105131 8322
20151125 105131 8323
20151125 105131 8323
20151125 105131 8323
20151125 105131 8323
20151125 105131 8324
20151125 105131 8325
20151125 105131 8325
20151125 105131 8326
20151125 105131 8326
20151125 105131 8326
20151125 105131 8327
20151125 105131 8327
20151125 105131 8328
20151125 105131 8328
20151125 105131 8335
20151125 105131 8336
20151125 105131 8337
20151125 105131 8337
20151125 105131 8338
20151125 105131 8345
20151125 105132 8323
20151125 105132 8323
20151125 105132 8323
20151125 105132 8325
20151125 105133 8323
20151125 105133 8345
20151125 105137 8327
20151125 105138 8348
20151125 105139 8329
20151125 105140 8327
20151125 105140 8349
20151125 105148 8325
20151125 105154 8350
20151125 105159 8326
20151125 105200 8326
20151125 105204 8329
20151125 105204 8329
20151125 105208 8329
20151125 105208 8329
20151125 105218 8332
20151125 105235 8330
20151125 105240 8327
20151125 105240 8328
20151125 105240 8328
20151125 105240 8328
20151125 105242 8330
20151125 105242 8330
20151125 105242 8330
20151125 105256 8329
20151125 105301 8327
20151125 105301 8327
20151125 105301 8327
20151125 105301 8328
20151125 105304 8327
20151125 105307 8327
20151125 105308 8326
20151125 105308 8326
20151125 105308 8326
20151125 105308 8327
20151125 105309 8326
20151125 105312 8327
20151125 105317 8327
20151125 105320 8327
20151125 105323 8327
20151125 105324 8328
20151125 105325 8329
20151125 105326 8327
20151125 105327 8327
20151125 105330 8327
20151125 105332 8328
20151125 105332 8328
20151125 105338 8327
20151125 105338 8327
20151125 105338 8327
20151125 105343 8325
20151125 105343 8325
20151125 105346 8326
20151125 105349 8327
20151125 105358 8329
20151125 105358 8329
20151125 105404 8338
20151125 105423 8333
20151125 105425 8332
20151125 105427 8332
20151125 105432 8331
20151125 105438 8332
20151125 105454 8347
20151125 105455 8332
20151125 105457 8333
20151125 105457 8333
20151125 105459 8334
20151125 105500 8348
20151125 105502 8348
20151125 105508 8332
20151125 105515 8332
20151125 105522 8329
20151125 105523 8330
20151125 105527 8331
20151125 105533 8332
20151125 105541 8339
20151125 105551 8333
20151125 105551 8334
20151125 105610 8333
20151125 105622 8333
20151125 105631 8335
20151125 105631 8335
20151125 105635 8333
20151125 105646 8332
20151125 105649 8332
20151125 105654 8332
20151125 105703 8333
20151125 105711 8332
20151125 105716 8334
20151125 105723 8332
20151125 105731 8333
20151125 105757 8331
20151125 105757 8331
20151125 105757 8331
20151125 105757 8331
20151125 105802 8329
20151125 105802 8330
20151125 105802 8330
20151125 105802 8330
20151125 105802 8330
20151125 105809 8326
20151125 105811 8326
20151125 105811 8326
20151125 105816 8328
20151125 105826 8326
20151125 105828 8324
20151125 105828 8324
20151125 105828 8324
20151125 105828 8324
20151125 105828 8324
20151125 105828 8324
20151125 105828 8324
20151125 105829 8323
20151125 105831 8325
20151125 105835 8326
20151125 105840 8327
20151125 105903 8339
20151125 105904 8328
20151125 105910 8329
20151125 105912 8329
20151125 105923 8330
20151125 105928 8331
20151125 105940 8336
20151125 105940 8336
20151125 105940 8336
20151125 105948 8338
20151125 110002 8336
20151125 110003 8337
20151125 110013 8337
20151125 110017 8336
20151125 110025 8335
20151125 110027 8335
20151125 110028 8336
20151125 110029 8336
20151125 110047 8336
20151125 110110 8335
20151125 110112 8335
20151125 110118 8336
20151125 110127 8336
20151125 110127 8336
20151125 110138 8333
20151125 110140 8332
20151125 110214 8346
20151125 110215 8336
20151125 110215 8336
20151125 110217 8339
20151125 110217 8339
20151125 110217 8339
20151125 110217 8339
20151125 110217 8340
20151125 110217 8341
20151125 110217 8341
20151125 110217 8341
20151125 110218 8342
20151125 110228 8341
20151125 110231 8342
20151125 110232 8343
20151125 110232 8344
20151125 110232 8345
20151125 110235 8345
20151125 110236 8346
20151125 110238 8346
20151125 110249 8343
20151125 110251 8345
20151125 110257 8344
20151125 110257 8344
20151125 110307 8344
20151125 110309 8344
20151125 110322 8348
20151125 110322 8348
20151125 110322 8348
20151125 110322 8348
20151125 110337 8351
20151125 110337 8351
20151125 110337 8352
20151125 110337 8352
20151125 110337 8352
20151125 110337 8353
20151125 110337 8354
20151125 110337 8354
20151125 110337 8354
20151125 110339 8356
20151125 110339 8356
20151125 110339 8356
20151125 110339 8356
20151125 110339 8356
20151125 110340 8357
20151125 110340 8358
20151125 110344 8366
20151125 110344 8366
20151125 110344 8366
20151125 110344 8366
20151125 110344 8366
20151125 110344 8366
20151125 110344 8366
20151125 110345 8366
20151125 110345 8366
20151125 110345 8366
20151125 110346 8353
20151125 110346 8353
20151125 110346 8353
20151125 110346 8353
20151125 110347 8366
20151125 110347 8366
20151125 110347 8366
20151125 110347 8366
20151125 110348 8366
20151125 110348 8366
20151125 110348 8367
20151125 110348 8367
20151125 110348 8367
20151125 110348 8367
20151125 110348 8367
20151125 110348 8367
20151125 110348 8367
20151125 110348 8367
20151125 110349 8353
20151125 110349 8353
20151125 110351 8353
20151125 110352 8367
20151125 110354 8354
20151125 110400 8362
20151125 110519 8351
20151125 110520 8350
20151125 110526 8349
20151125 110526 8350
20151125 110530 8349
20151125 110547 8349
20151125 110548 8349
20151125 110619 8349
20151125 110632 8349
20151125 110650 8351
20151125 110650 8352
20151125 110650 8352
20151125 110650 8362
20151125 110705 8352
20151125 110739 8351
20151125 110805 8351
20151125 110920 8352
20151125 111010 8349
20151125 111011 8348
20151125 111011 8349
20151125 111011 8349
20151125 111013 8348
20151125 111015 8348
20151125 111050 8346
20151125 111057 8346
20151125 111058 8345
20151125 111058 8345
20151125 111100 8344
20151125 111124 8344
20151125 111124 8344
20151125 111128 8346
20151125 111129 8346
20151125 111134 8347
20151125 111139 8348
20151125 111202 8349
20151125 111235 8346
20151125 111237 8346
20151125 111240 8346
20151125 111307 8344
20151125 111359 8344
20151125 111414 8344
20151125 111501 8343
20151125 111505 8339
20151125 111505 8340
20151125 111505 8340
20151125 111508 8336
20151125 111508 8336
20151125 111508 8336
20151125 111511 8336
20151125 111513 8334
20151125 111545 8337
20151125 111613 8339
20151125 111620 8341
20151125 111638 8342
20151125 111638 8342
20151125 111649 8342
20151125 111722 8339
20151125 111754 8343
20151125 111758 8344
20151125 111809 8347
20151125 111809 8348
20151125 111809 8348
20151125 111809 8348
20151125 111809 8348
20151125 111809 8348
20151125 111809 8348
20151125 111809 8348
20151125 111809 8348
20151125 111809 8348
20151125 111829 8347
20151125 111903 8344
20151125 111906 8342
20151125 112005 8354
20151125 112020 8341
20151125 112115 8339
20151125 112149 8338
20151125 112151 8339
20151125 112154 8339
20151125 112225 8336
20151125 112328 8339
20151125 112356 8351
20151125 112400 8342
20151125 112407 8352
20151125 112408 8352
20151125 112409 8344
20151125 112409 8352
20151125 112410 8344
20151125 112418 8352
20151125 112509 8342
20151125 112536 8342
20151125 112645 8344
20151125 112645 8352
20151125 112657 8343
20151125 112736 8346
20151125 112755 8354
20151125 112759 8348
20151125 112846 8348
20151125 112852 8348
20151125 112858 8348
20151125 112902 8349
20151125 112902 8349
20151125 112904 8351
20151125 112905 8351
20151125 112905 8351
20151125 112914 8352
20151125 112914 8352
20151125 112935 8349
20151125 112935 8350
20151125 112938 8349
20151125 112942 8349
20151125 112943 8349
20151125 112956 8349
20151125 113017 8347
20151125 113037 8356
20151125 113050 8344
20151125 113051 8344
20151125 113115 8345
20151125 113130 8345
20151125 113153 8354
20151125 113200 8353
20151125 113206 8352
20151125 113207 8343
20151125 113207 8352
20151125 113207 8352
20151125 113501 8341
20151125 114052 8352
20151125 114057 8352
20151125 114117 8344
20151125 114157 8353
20151125 114216 8343
20151125 114303 8344
20151125 114334 8342
20151125 114428 8341
20151125 114430 8340
20151125 114502 8339
20151125 114548 8343
20151125 114548 8344
20151125 114548 8345
20151125 114548 8346
20151125 114548 8353
20151125 114548 8353
20151125 114615 8349
20151125 114615 8356
20151125 114655 8347
20151125 114904 8342
20151125 114904 8342
20151125 115033 8351
20151125 115033 8351
20151125 115033 8351
20151125 115033 8351
20151125 115033 8351
20151125 115255 8346
20151125 115524 8344
20151125 115635 8344
20151125 115636 8344
20151125 115650 8345
20151125 115738 8347
20151125 115829 8349
20151125 115831 8349
20151125 115854 8349
20151125 115903 8348
20151125 115939 8354
20151125 115958 8347
20151125 120017 8356
20151125 120017 8356
20151125 120017 8356
20151125 120017 8356
20151125 120018 8356
20151125 120051 8350
20151125 120055 8356
20151125 120055 8356
20151125 120056 8356
20151125 120056 8356
20151125 120108 8346
20151125 120111 8346
20151125 120146 8348
20151125 120209 8347
20151125 120231 8346
20151125 120411 8345
20151125 120438 8347
20151125 120612 8347
20151125 120618 8347
20151125 120805 8342
20151125 120805 8342
20151125 120810 8341
20151125 121036 8341
20151125 121342 8348
20151125 121347 8349
20151125 121348 8350
20151125 121348 8351
20151125 121348 8352
20151125 121349 8352
20151125 121349 8353
20151125 121349 8355
20151125 121349 8355
20151125 121349 8356
20151125 121349 8360
20151125 121349 8361
20151125 121349 8362
20151125 121349 8363
20151125 121350 8356
20151125 121357 8355
20151125 121426 8354
20151125 121426 8354
20151125 121436 8360
20151125 121436 8360
20151125 121436 8360
20151125 121436 8360
20151125 121436 8360
20151125 121437 8355
20151125 121437 8356
20151125 121437 8356
20151125 121437 8356
20151125 121437 8356
20151125 121437 8357
20151125 121437 8357
20151125 121444 8358
20151125 121446 8358
20151125 121446 8358
20151125 121446 8358
20151125 121448 8358
20151125 121449 8358
20151125 121452 8360
20151125 121452 8360
20151125 121452 8361
20151125 121452 8361
20151125 121452 8361
20151125 121452 8361
20151125 121452 8362
20151125 121452 8362
20151125 121452 8362
20151125 121452 8363
20151125 121452 8367
20151125 121501 8362
20151125 121501 8362
20151125 121501 8362
20151125 121501 8362
20151125 121508 8360
20151125 121549 8357
20151125 121604 8358
20151125 121629 8355
20151125 121638 8359
20151125 121638 8359
20151125 121638 8359
20151125 121638 8363
20151125 121639 8359
20151125 121639 8360
20151125 121640 8358
20151125 121644 8357
20151125 121649 8360
20151125 121649 8360
20151125 121649 8360
20151125 121701 8360
20151125 121701 8360
20151125 121702 8360
20151125 121714 8360
20151125 121716 8360
20151125 121716 8361
20151125 121716 8361
20151125 121716 8361
20151125 121716 8361
20151125 121718 8361
20151125 121725 8360
20151125 121726 8360
20151125 121733 8361
20151125 121737 8361
20151125 121738 8361
20151125 121740 8362
20151125 121740 8363
20151125 121740 8363
20151125 121740 8364
20151125 121740 8364
20151125 121740 8364
20151125 121740 8364
20151125 121740 8364
20151125 121740 8367
20151125 121740 8367
20151125 121740 8368
20151125 121740 8368
20151125 121740 8368
20151125 121740 8368
20151125 121740 8368
20151125 121741 8364
20151125 121742 8364
20151125 121841 8361
20151125 121843 8362
20151125 121843 8362
20151125 121845 8360
20151125 121845 8360
20151125 121845 8360
20151125 121845 8360
20151125 121845 8360
20151125 121845 8360
20151125 121845 8360
20151125 121845 8360
20151125 121845 8360
20151125 121845 8360
20151125 121845 8360
20151125 121845 8360
20151125 121907 8360
20151125 121920 8359
20151125 121920 8359
20151125 121920 8359
20151125 121924 8358
20151125 121926 8358
20151125 121926 8358
20151125 121926 8358
20151125 121926 8358
20151125 121926 8358
20151125 121926 8358
20151125 121926 8358
20151125 121926 8358
20151125 121926 8358
20151125 121926 8358
20151125 121928 8357
20151125 121928 8357
20151125 121928 8358
20151125 121928 8358
20151125 121928 8358
20151125 121928 8358
20151125 121942 8359
20151125 121947 8359
20151125 122015 8358
20151125 122029 8358
20151125 122035 8359
20151125 122036 8359
20151125 122049 8360
20151125 122119 8360
20151125 122137 8361
20151125 122137 8361
20151125 122240 8362
20151125 122240 8362
20151125 122241 8362
20151125 122426 8358
20151125 122501 8358
20151125 122512 8359
20151125 122513 8359
20151125 122515 8362
20151125 122515 8365
20151125 122515 8365
20151125 122515 8365
20151125 122524 8362
20151125 122527 8362
20151125 122528 8362
20151125 122528 8363
20151125 122528 8363
20151125 122529 8363
20151125 122529 8363
20151125 122529 8364
20151125 122529 8364
20151125 122529 8364
20151125 122529 8364
20151125 122529 8364
20151125 122530 8365
20151125 122530 8365
20151125 122530 8365
20151125 122559 8366
20151125 122600 8366
20151125 122600 8366
20151125 122600 8367
20151125 122601 8365
20151125 122601 8365
20151125 122601 8365
20151125 122601 8365
20151125 122601 8365
20151125 122601 8365
20151125 122601 8366
20151125 122601 8367
20151125 122636 8367
20151125 122645 8365
20151125 122650 8366
20151125 122654 8365
20151125 122658 8366
20151125 122702 8367
20151125 122703 8367
20151125 122756 8363
20151125 122833 8362
20151125 123058 8362
20151125 123131 8360
20151125 123208 8360
20151125 123208 8360
20151125 123208 8361
20151125 123208 8361
20151125 123208 8361
20151125 123208 8361
20151125 123208 8361
20151125 123208 8361
20151125 123208 8361
20151125 123208 8361
20151125 123208 8361
20151125 123243 8361
20151125 123304 8363
20151125 123304 8363
20151125 123306 8363
20151125 123408 8363
20151125 123414 8365
20151125 123418 8365
20151125 123430 8365
20151125 123505 8365
20151125 123507 8366
20151125 123509 8366
20151125 123509 8366
20151125 123616 8362
20151125 123624 8362
20151125 123632 8361
20151125 123641 8365
20151125 124102 8361
20151125 124419 8357
20151125 124427 8358
20151125 124650 8354
20151125 124650 8354
20151125 124650 8354
20151125 124650 8355
20151125 124650 8355
20151125 124650 8355
20151125 124747 8358
20151125 124751 8352
20151125 124752 8352
20151125 124755 8352
20151125 124800 8352
20151125 124801 8352
20151125 124801 8352
20151125 124802 8357
20151125 124802 8357
20151125 124802 8357
20151125 124807 8353
20151125 124815 8353
20151125 124821 8353
20151125 124834 8351
20151125 125003 8349
20151125 125027 8353
20151125 125038 8353
20151125 125045 8358
20151125 125055 8353
20151125 125143 8353
20151125 125246 8353
20151125 125319 8352
20151125 125328 8355
20151125 125328 8369
20151125 125331 8356
20151125 125332 8357
20151125 125332 8357
20151125 125348 8372
20151125 125400 8371
20151125 125458 8363
20151125 125528 8357
20151125 125556 8356
20151125 125642 8355
20151125 125744 8355
20151125 125815 8354
20151125 125830 8374
20151125 125900 8354
20151125 125943 8354
20151125 125944 8354
20151125 125957 8355
20151125 130000 8353
20151125 130056 8351
20151125 130117 8352
20151125 130121 8353
20151125 130134 8352
20151125 130154 8352
20151125 130225 8350
20151125 130230 8350
20151125 130232 8351
20151125 130248 8351
20151125 130427 8355
20151125 130429 8354
20151125 130429 8355
20151125 130430 8357
20151125 130727 8354
20151125 130727 8354
20151125 130727 8354
20151125 130727 8355
20151125 130727 8355
20151125 130853 8358
20151125 130853 8358
20151125 130856 8359
20151125 130857 8361
20151125 130857 8361
20151125 130857 8362
20151125 130857 8366
20151125 130934 8359
20151125 130951 8360
20151125 131033 8358
20151125 131041 8359
20151125 131200 8362
20151125 131201 8362
20151125 131224 8363
20151125 131224 8363
20151125 131225 8364
20151125 131225 8364
20151125 131229 8365
20151125 131251 8363
20151125 131332 8364
20151125 131403 8363
20151125 131403 8363
20151125 131403 8363
20151125 131501 8365
20151125 131511 8359
20151125 131511 8359
20151125 131512 8359
20151125 131519 8359
20151125 131530 8359
20151125 131541 8358
20151125 131541 8358
20151125 131546 8358
20151125 131546 8358
20151125 131546 8358
20151125 131550 8357
20151125 131607 8355
20151125 131613 8355
20151125 131634 8356
20151125 131713 8359
20151125 131715 8360
20151125 131807 8364
20151125 131828 8362
20151125 131915 8361
20151125 131935 8365
20151125 131935 8365
20151125 131936 8365
20151125 131936 8365
20151125 131938 8366
20151125 131938 8366
20151125 131938 8366
20151125 131938 8366
20151125 131938 8366
20151125 131938 8366
20151125 131938 8366
20151125 131938 8366
20151125 131938 8366
20151125 131938 8367
20151125 131940 8366
20151125 131940 8367
20151125 131945 8367
20151125 131945 8367
20151125 131949 8368
20151125 131949 8368
20151125 131949 8368
20151125 131949 8368
20151125 131951 8368
20151125 131953 8368
20151125 131957 8372
20151125 132000 8369
20151125 132001 8369
20151125 132001 8369
20151125 132008 8369
20151125 132008 8370
20151125 132022 8366
20151125 132036 8367
20151125 132101 8368
20151125 132112 8367
20151125 132130 8368
20151125 132130 8368
20151125 132134 8369
20151125 132134 8369
20151125 132159 8369
20151125 132217 8367
20151125 132238 8367
20151125 132239 8364
20151125 132239 8364
20151125 132239 8364
20151125 132239 8364
20151125 132239 8372
20151125 132302 8368
20151125 132302 8368
20151125 132401 8368
20151125 132409 8369
20151125 132409 8369
20151125 132420 8371
20151125 132420 8371
20151125 132420 8371
20151125 132420 8371
20151125 132420 8371
20151125 132420 8371
20151125 132420 8371
20151125 132420 8371
20151125 132420 8372
20151125 132420 8372
20151125 132420 8376
20151125 132422 8370
20151125 132424 8372
20151125 132424 8372
20151125 132425 8372
20151125 132425 8372
20151125 132425 8372
20151125 132425 8372
20151125 132425 8372
20151125 132428 8372
20151125 132431 8376
20151125 132501 8370
20151125 132518 8365
20151125 132519 8364
20151125 132528 8366
20151125 132535 8369
20151125 132535 8371
20151125 132602 8370
20151125 132604 8378
20151125 132604 8379
20151125 132604 8379
20151125 132608 8371
20151125 132608 8372
20151125 132608 8372
20151125 132608 8372
20151125 132608 8372
20151125 132608 8373
20151125 132609 8373
20151125 132609 8373
20151125 132610 8374
20151125 132612 8372
20151125 132612 8374
20151125 132614 8374
20151125 132614 8374
20151125 132615 8374
20151125 132615 8374
20151125 132615 8374
20151125 132617 8374
20151125 132617 8374
20151125 132618 8374
20151125 132618 8374
20151125 132619 8374
20151125 132619 8374
20151125 132619 8374
20151125 132619 8374
20151125 132619 8374
20151125 132639 8371
20151125 132639 8371
20151125 132640 8371
20151125 132641 8371
20151125 132642 8371
20151125 132642 8371
20151125 132805 8373
20151125 132818 8373
20151125 132847 8371
20151125 132853 8372
20151125 132903 8372
20151125 132904 8371
20151125 132953 8372
20151125 133045 8372
20151125 133047 8371
20151125 133047 8371
20151125 133047 8371
20151125 133047 8372
20151125 133048 8372
20151125 133048 8372
20151125 133108 8374
20151125 133109 8380
20151125 133114 8375
20151125 133114 8376
20151125 133114 8376
20151125 133119 8376
20151125 133123 8376
20151125 133123 8376
20151125 133123 8376
20151125 133123 8376
20151125 133124 8376
20151125 133128 8376
20151125 133128 8376
20151125 133128 8376
20151125 133128 8376
20151125 133129 8376
20151125 133129 8376
20151125 133131 8376
20151125 133133 8376
20151125 133133 8376
20151125 133134 8376
20151125 133134 8376
20151125 133139 8377
20151125 133140 8377
20151125 133141 8377
20151125 133142 8377
20151125 133142 8377
20151125 133151 8377
20151125 133200 8377
20151125 133206 8378
20151125 133206 8378
20151125 133206 8378
20151125 133207 8377
20151125 133207 8377
20151125 133207 8377
20151125 133208 8377
20151125 133208 8377
20151125 133217 8378
20151125 133218 8378
20151125 133229 8379
20151125 133230 8379
20151125 133230 8379
20151125 133235 8378
20151125 133235 8378
20151125 133236 8379
20151125 133247 8378
20151125 133344 8385
20151125 133418 8376
20151125 133422 8376
20151125 133423 8376
20151125 133423 8376
20151125 133423 8376
20151125 133434 8385
20151125 133452 8385
20151125 133512 8384
20151125 133516 8377
20151125 133533 8379
20151125 133541 8380
20151125 133541 8381
20151125 133541 8381
20151125 133541 8381
20151125 133541 8381
20151125 133541 8381
20151125 133542 8381
20151125 133542 8381
20151125 133542 8381
20151125 133544 8380
20151125 133544 8381
20151125 133546 8382
20151125 133601 8381
20151125 133614 8379
20151125 133617 8378
20151125 133627 8378
20151125 133631 8378
20151125 133655 8378
20151125 133655 8386
20151125 133701 8378
20151125 133701 8378
20151125 133718 8377
20151125 133746 8379
20151125 133756 8379
20151125 133813 8379
20151125 133843 8381
20151125 133843 8381
20151125 133843 8381
20151125 133843 8381
20151125 133843 8381
20151125 133843 8381
20151125 133843 8381
20151125 133843 8381
20151125 133843 8381
20151125 133845 8380
20151125 133918 8381
20151125 133925 8382
20151125 133937 8383
20151125 133940 8383
20151125 133945 8384
20151125 133946 8384
20151125 133946 8384
20151125 133946 8384
20151125 133946 8384
20151125 133946 8384
20151125 133946 8384
20151125 133946 8384
20151125 133955 8384
20151125 133957 8384
20151125 134000 8385
20151125 134000 8385
20151125 134000 8385
20151125 134001 8385
20151125 134001 8386
20151125 134001 8386
20151125 134001 8386
20151125 134001 8386
20151125 134001 8386
20151125 134001 8386
20151125 134003 8385
20151125 134021 8384
20151125 134022 8384
20151125 134057 8385
20151125 134059 8384
20151125 134100 8385
20151125 134101 8385
20151125 134125 8385
20151125 134137 8386
20151125 134137 8386
20151125 134149 8386
20151125 134149 8386
20151125 134149 8386
20151125 134156 8387
20151125 134251 8386
20151125 134310 8386
20151125 134310 8386
20151125 134312 8386
20151125 134328 8385
20151125 134328 8385
20151125 134329 8385
20151125 134344 8384
20151125 134412 8384
20151125 134433 8384
20151125 134446 8384
20151125 134447 8385
20151125 134449 8386
20151125 134449 8386
20151125 134449 8386
20151125 134450 8386
20151125 134454 8390
20151125 134457 8385
20151125 134458 8386
