20151028 084500 8681
20151028 084500 8681
20151028 084500 8681
20151028 084500 8682
20151028 084500 8685
20151028 084500 8685
20151028 084508 8682
20151028 084510 8682
20151028 084511 8683
20151028 084526 8682
20151028 084530 8678
20151028 084531 8677
20151028 084531 8677
20151028 084531 8677
20151028 084539 8680
20151028 084542 8678
20151028 084549 8677
20151028 084552 8680
20151028 084552 8680
20151028 084605 8678
20151028 084609 8665
20151028 084609 8677
20151028 084609 8677
20151028 084612 8679
20151028 084612 8680
20151028 084621 8678
20151028 084627 8679
20151028 084637 8679
20151028 084640 8678
20151028 084650 8679
20151028 084700 8673
20151028 084702 8673
20151028 084718 8676
20151028 084722 8676
20151028 084829 8675
20151028 084905 8674
20151028 084905 8682
20151028 084908 8675
20151028 084908 8675
20151028 084908 8675
20151028 084908 8675
20151028 084908 8675
20151028 084929 8680
20151028 084930 8685
20151028 084946 8675
20151028 084950 8674
20151028 085016 8674
20151028 085036 8673
20151028 085044 8671
20151028 085132 8672
20151028 085410 8670
20151028 085411 8669
20151028 085605 8681
20151028 085613 8680
20151028 085642 8671
20151028 085710 8671
20151028 085838 8674
20151028 085901 8675
20151028 085905 8680
20151028 090015 8669
20151028 090015 8669
20151028 090016 8669
20151028 090016 8669
20151028 090016 8669
20151028 090018 8667
20151028 090019 8666
20151028 090019 8666
20151028 090038 8672
20151028 090042 8675
20151028 090042 8677
20151028 090100 8670
20151028 090101 8669
20151028 090219 8674
20151028 090219 8675
20151028 090220 8675
20151028 090220 8676
20151028 090220 8676
20151028 090220 8676
20151028 090221 8677
20151028 090325 8683
20151028 090335 8675
20151028 090344 8673
20151028 090404 8685
20151028 090410 8675
20151028 090410 8675
20151028 090442 8676
20151028 090521 8682
20151028 090529 8680
20151028 090530 8680
20151028 090531 8680
20151028 090531 8680
20151028 090531 8680
20151028 090532 8671
20151028 090544 8671
20151028 090549 8673
20151028 090706 8669
20151028 090717 8670
20151028 090718 8672
20151028 090718 8672
20151028 090732 8672
20151028 090741 8679
20151028 090745 8679
20151028 090745 8679
20151028 090746 8679
20151028 090833 8673
20151028 090834 8673
20151028 090835 8673
20151028 090836 8673
20151028 090916 8677
20151028 090916 8677
20151028 090927 8668
20151028 090928 8668
20151028 090929 8667
20151028 090930 8666
20151028 090930 8666
20151028 090930 8667
20151028 090930 8674
20151028 090930 8676
20151028 090930 8676
20151028 090930 8676
20151028 090930 8676
20151028 090930 8676
20151028 090930 8676
20151028 090932 8664
20151028 090932 8664
20151028 090932 8664
20151028 090933 8672
20151028 090935 8668
20151028 090935 8673
20151028 090935 8673
20151028 090946 8665
20151028 090946 8675
20151028 090956 8668
20151028 091005 8667
20151028 091014 8665
20151028 091031 8664
20151028 091043 8664
20151028 091044 8665
20151028 091044 8665
20151028 091044 8674
20151028 091044 8674
20151028 091044 8674
20151028 091044 8674
20151028 091044 8674
20151028 091044 8674
20151028 091044 8674
20151028 091109 8668
20151028 091109 8669
20151028 091112 8668
20151028 091112 8668
20151028 091112 8668
20151028 091128 8668
20151028 091145 8669
20151028 091151 8671
20151028 091227 8670
20151028 091234 8671
20151028 091235 8672
20151028 091235 8672
20151028 091235 8672
20151028 091235 8674
20151028 091237 8673
20151028 091240 8672
20151028 091241 8672
20151028 091249 8674
20151028 091251 8672
20151028 091256 8675
20151028 091300 8676
20151028 091304 8676
20151028 091304 8676
20151028 091304 8677
20151028 091346 8677
20151028 091346 8677
20151028 091346 8678
20151028 091346 8678
20151028 091346 8678
20151028 091346 8678
20151028 091347 8679
20151028 091347 8679
20151028 091347 8679
20151028 091347 8679
20151028 091401 8678
20151028 091401 8678
20151028 091402 8678
20151028 091404 8678
20151028 091412 8680
20151028 091412 8680
20151028 091412 8680
20151028 091412 8681
20151028 091412 8682
20151028 091412 8682
20151028 091412 8682
20151028 091412 8682
20151028 091412 8682
20151028 091412 8682
20151028 091414 8683
20151028 091415 8683
20151028 091416 8682
20151028 091417 8680
20151028 091418 8685
20151028 091443 8678
20151028 091503 8681
20151028 091507 8682
20151028 091514 8683
20151028 091516 8683
20151028 091518 8684
20151028 091518 8684
20151028 091519 8684
20151028 091519 8684
20151028 091519 8684
20151028 091520 8684
20151028 091523 8684
20151028 091523 8685
20151028 091523 8685
20151028 091532 8685
20151028 091533 8685
20151028 091533 8692
20151028 091534 8685
20151028 091534 8692
20151028 091534 8692
20151028 091536 8685
20151028 091540 8686
20151028 091540 8686
20151028 091540 8686
20151028 091541 8686
20151028 091541 8686
20151028 091545 8685
20151028 091546 8694
20151028 091547 8694
20151028 091547 8694
20151028 091548 8694
20151028 091548 8694
20151028 091559 8694
20151028 091559 8694
20151028 091559 8694
20151028 091559 8694
20151028 091559 8694
20151028 091642 8684
20151028 091652 8685
20151028 091652 8685
20151028 091657 8685
20151028 091700 8686
20151028 091700 8686
20151028 091700 8686
20151028 091700 8686
20151028 091701 8687
20151028 091703 8685
20151028 091706 8685
20151028 091721 8686
20151028 091726 8686
20151028 091732 8686
20151028 091834 8694
20151028 091902 8686
20151028 091902 8687
20151028 091902 8687
20151028 091904 8688
20151028 091904 8688
20151028 091907 8688
20151028 091907 8688
20151028 091908 8688
20151028 091909 8690
20151028 091924 8690
20151028 091927 8689
20151028 091928 8690
20151028 091928 8698
20151028 091928 8699
20151028 091928 8700
20151028 091928 8701
20151028 091940 8700
20151028 091958 8696
20151028 091958 8696
20151028 092000 8696
20151028 092000 8696
20151028 092003 8692
20151028 092003 8692
20151028 092011 8691
20151028 092020 8692
20151028 092022 8691
20151028 092024 8692
20151028 092027 8691
20151028 092029 8692
20151028 092045 8690
20151028 092050 8690
20151028 092058 8688
20151028 092109 8688
20151028 092124 8692
20151028 092130 8685
20151028 092131 8685
20151028 092206 8685
20151028 092209 8687
20151028 092209 8687
20151028 092220 8687
20151028 092220 8687
20151028 092220 8687
20151028 092254 8686
20151028 092254 8686
20151028 092254 8686
20151028 092308 8685
20151028 092308 8690
20151028 092320 8688
20151028 092321 8689
20151028 092401 8687
20151028 092421 8688
20151028 092437 8691
20151028 092441 8691
20151028 092451 8692
20151028 092454 8692
20151028 092454 8692
20151028 092456 8692
20151028 092501 8694
20151028 092501 8694
20151028 092502 8694
20151028 092520 8692
20151028 092524 8692
20151028 092525 8692
20151028 092549 8694
20151028 092556 8690
20151028 092607 8689
20151028 092613 8688
20151028 092624 8688
20151028 092627 8689
20151028 092709 8690
20151028 092709 8690
20151028 092717 8691
20151028 092719 8691
20151028 092721 8690
20151028 092731 8689
20151028 092758 8687
20151028 092803 8687
20151028 092859 8687
20151028 092859 8687
20151028 092903 8687
20151028 092909 8687
20151028 092921 8684
20151028 092921 8684
20151028 092944 8682
20151028 092950 8683
20151028 092954 8681
20151028 092954 8681
20151028 092954 8692
20151028 092955 8681
20151028 092955 8681
20151028 093018 8689
20151028 093111 8686
20151028 093111 8686
20151028 093130 8685
20151028 093142 8687
20151028 093146 8687
20151028 093147 8687
20151028 093202 8688
20151028 093202 8689
20151028 093202 8689
20151028 093206 8689
20151028 093209 8688
20151028 093238 8689
20151028 093304 8686
20151028 093304 8686
20151028 093401 8684
20151028 093404 8684
20151028 093406 8684
20151028 093406 8684
20151028 093414 8685
20151028 093427 8683
20151028 093429 8683
20151028 093430 8683
20151028 093430 8683
20151028 093431 8683
20151028 093431 8684
20151028 093503 8695
20151028 093504 8692
20151028 093505 8692
20151028 093505 8693
20151028 093505 8693
20151028 093505 8694
20151028 093505 8695
20151028 093505 8695
20151028 093505 8695
20151028 093505 8696
20151028 093505 8696
20151028 093505 8696
20151028 093505 8696
20151028 093506 8696
20151028 093506 8697
20151028 093506 8697
20151028 093506 8698
20151028 093506 8699
20151028 093506 8701
20151028 093506 8701
20151028 093513 8700
20151028 093513 8700
20151028 093513 8700
20151028 093513 8700
20151028 093513 8701
20151028 093513 8706
20151028 093514 8701
20151028 093514 8701
20151028 093514 8701
20151028 093514 8702
20151028 093514 8702
20151028 093514 8702
20151028 093514 8702
20151028 093514 8702
20151028 093514 8702
20151028 093514 8702
20151028 093514 8702
20151028 093514 8702
20151028 093514 8702
20151028 093514 8702
20151028 093514 8703
20151028 093514 8703
20151028 093514 8704
20151028 093514 8704
20151028 093514 8704
20151028 093514 8704
20151028 093514 8704
20151028 093514 8705
20151028 093515 8702
20151028 093517 8708
20151028 093517 8708
20151028 093517 8709
20151028 093517 8709
20151028 093518 8702
20151028 093519 8706
20151028 093519 8706
20151028 093519 8706
20151028 093520 8703
20151028 093520 8703
20151028 093523 8701
20151028 093523 8701
20151028 093525 8701
20151028 093536 8699
20151028 093537 8701
20151028 093538 8701
20151028 093555 8702
20151028 093600 8703
20151028 093600 8703
20151028 093601 8703
20151028 093601 8703
20151028 093601 8703
20151028 093601 8703
20151028 093602 8703
20151028 093606 8702
20151028 093624 8701
20151028 093624 8701
20151028 093632 8704
20151028 093717 8702
20151028 093755 8704
20151028 093811 8704
20151028 093812 8704
20151028 093812 8705
20151028 093812 8705
20151028 093812 8705
20151028 093812 8705
20151028 093812 8706
20151028 093812 8706
20151028 093813 8706
20151028 093813 8706
20151028 093813 8706
20151028 093813 8706
20151028 093813 8707
20151028 093816 8705
20151028 093835 8703
20151028 093835 8707
20151028 093837 8705
20151028 093839 8705
20151028 093848 8705
20151028 093906 8707
20151028 093906 8708
20151028 093906 8708
20151028 093906 8708
20151028 093906 8708
20151028 093906 8708
20151028 093906 8708
20151028 093906 8709
20151028 093906 8712
20151028 093906 8712
20151028 093906 8712
20151028 093907 8706
20151028 093917 8705
20151028 093959 8707
20151028 094001 8712
20151028 094002 8710
20151028 094002 8710
20151028 094002 8710
20151028 094002 8710
20151028 094002 8710
20151028 094015 8708
20151028 094022 8715
20151028 094022 8715
20151028 094022 8715
20151028 094024 8705
20151028 094025 8705
20151028 094025 8705
20151028 094025 8705
20151028 094026 8706
20151028 094029 8704
20151028 094041 8708
20151028 094046 8703
20151028 094047 8702
20151028 094052 8700
20151028 094052 8700
20151028 094052 8700
20151028 094052 8705
20151028 094103 8701
20151028 094104 8701
20151028 094104 8701
20151028 094148 8702
20151028 094209 8698
20151028 094209 8701
20151028 094227 8696
20151028 094249 8698
20151028 094258 8708
20151028 094302 8699
20151028 094337 8696
20151028 094403 8699
20151028 094403 8699
20151028 094414 8690
20151028 094414 8690
20151028 094414 8690
20151028 094414 8690
20151028 094414 8690
20151028 094414 8691
20151028 094414 8692
20151028 094414 8692
20151028 094414 8693
20151028 094415 8688
20151028 094415 8688
20151028 094415 8688
20151028 094415 8688
20151028 094415 8688
20151028 094415 8688
20151028 094415 8688
20151028 094415 8688
20151028 094415 8688
20151028 094415 8688
20151028 094415 8688
20151028 094415 8689
20151028 094415 8689
20151028 094415 8689
20151028 094415 8689
20151028 094426 8696
20151028 094431 8690
20151028 094437 8689
20151028 094441 8688
20151028 094508 8696
20151028 094520 8695
20151028 094520 8695
20151028 094526 8696
20151028 094607 8695
20151028 094616 8694
20151028 094643 8697
20151028 094723 8703
20151028 094723 8703
20151028 094723 8703
20151028 094724 8693
20151028 094729 8693
20151028 094735 8696
20151028 094750 8701
20151028 094756 8695
20151028 094759 8695
20151028 094839 8695
20151028 094903 8692
20151028 094903 8692
20151028 094903 8693
20151028 094938 8703
20151028 094938 8703
20151028 094938 8703
20151028 094944 8692
20151028 095027 8703
20151028 095116 8699
20151028 095159 8694
20151028 095159 8694
20151028 095206 8694
20151028 095229 8693
20151028 095246 8691
20151028 095343 8694
20151028 095400 8694
20151028 095404 8694
20151028 095436 8694
20151028 095436 8694
20151028 095632 8694
20151028 095633 8702
20151028 095644 8693
20151028 095649 8692
20151028 095656 8692
20151028 095656 8692
20151028 095656 8692
20151028 095656 8692
20151028 095703 8691
20151028 095703 8691
20151028 095703 8691
20151028 095938 8695
20151028 095938 8695
20151028 095946 8695
20151028 095946 8695
20151028 100004 8696
20151028 100007 8697
20151028 100010 8698
20151028 100012 8699
20151028 100012 8699
20151028 100012 8699
20151028 100014 8699
20151028 100015 8699
20151028 100015 8699
20151028 100028 8701
20151028 100046 8700
20151028 100046 8700
20151028 100050 8701
20151028 100050 8701
20151028 100051 8702
20151028 100051 8702
20151028 100051 8702
20151028 100051 8702
20151028 100051 8706
20151028 100052 8703
20151028 100054 8705
20151028 100101 8704
20151028 100115 8702
20151028 100116 8702
20151028 100148 8707
20151028 100203 8698
20151028 100206 8698
20151028 100221 8698
20151028 100236 8697
20151028 100318 8697
20151028 100323 8697
20151028 100331 8696
20151028 100346 8696
20151028 100410 8696
20151028 100422 8694
20151028 100422 8694
20151028 100422 8694
20151028 100422 8695
20151028 100439 8692
20151028 100441 8691
20151028 100441 8691
20151028 100441 8691
20151028 100441 8692
20151028 100441 8692
20151028 100441 8692
20151028 100441 8692
20151028 100442 8691
20151028 100442 8691
20151028 100443 8691
20151028 100444 8699
20151028 100451 8688
20151028 100451 8688
20151028 100451 8688
20151028 100451 8688
20151028 100451 8688
20151028 100451 8688
20151028 100451 8688
20151028 100451 8689
20151028 100451 8690
20151028 100451 8690
20151028 100451 8690
20151028 100451 8690
20151028 100451 8690
20151028 100451 8690
20151028 100451 8690
20151028 100451 8690
20151028 100451 8690
20151028 100451 8690
20151028 100451 8690
20151028 100451 8690
20151028 100451 8690
20151028 100456 8690
20151028 100456 8690
20151028 100541 8686
20151028 100541 8686
20151028 100541 8687
20151028 100541 8687
20151028 100541 8687
20151028 100541 8687
20151028 100546 8686
20151028 100548 8687
20151028 100549 8686
20151028 100555 8686
20151028 100610 8688
20151028 100620 8685
20151028 100620 8685
20151028 100620 8686
20151028 100620 8686
20151028 100620 8686
20151028 100620 8686
20151028 100620 8686
20151028 100630 8686
20151028 100630 8686
20151028 100633 8687
20151028 100641 8687
20151028 100643 8687
20151028 100702 8687
20151028 100705 8687
20151028 100735 8687
20151028 100735 8687
20151028 100752 8687
20151028 100835 8687
20151028 100835 8687
20151028 100838 8686
20151028 100838 8686
20151028 100838 8686
20151028 100840 8683
20151028 100840 8683
20151028 100840 8684
20151028 100841 8685
20151028 100841 8685
20151028 100845 8686
20151028 100901 8683
20151028 100919 8684
20151028 100928 8686
20151028 100929 8684
20151028 101017 8687
20151028 101043 8680
20151028 101043 8680
20151028 101043 8680
20151028 101043 8681
20151028 101043 8681
20151028 101043 8682
20151028 101043 8682
20151028 101043 8682
20151028 101043 8682
20151028 101043 8683
20151028 101043 8683
20151028 101043 8683
20151028 101043 8683
20151028 101043 8683
20151028 101044 8680
20151028 101044 8681
20151028 101045 8680
20151028 101048 8680
20151028 101050 8680
20151028 101050 8680
20151028 101051 8679
20151028 101055 8678
20151028 101107 8679
20151028 101111 8684
20151028 101142 8679
20151028 101157 8679
20151028 101203 8679
20151028 101207 8664
20151028 101207 8678
20151028 101212 8676
20151028 101212 8677
20151028 101212 8677
20151028 101503 8679
20151028 101520 8679
20151028 101544 8681
20151028 101605 8680
20151028 101616 8680
20151028 101631 8682
20151028 101640 8683
20151028 101641 8683
20151028 101720 8679
20151028 101805 8675
20151028 101805 8676
20151028 101805 8676
20151028 101955 8679
20151028 102005 8678
20151028 102120 8678
20151028 102120 8679
20151028 102251 8681
20151028 102310 8685
20151028 102344 8688
20151028 102421 8680
20151028 102421 8680
20151028 102421 8680
20151028 102421 8681
20151028 102421 8681
20151028 102425 8679
20151028 102452 8677
20151028 102455 8677
20151028 102510 8675
20151028 102510 8675
20151028 102510 8675
20151028 102511 8676
20151028 102512 8674
20151028 102512 8674
20151028 102512 8675
20151028 102512 8675
20151028 102527 8674
20151028 102528 8674
20151028 102529 8674
20151028 102544 8684
20151028 102544 8684
20151028 102544 8684
20151028 102546 8684
20151028 102635 8675
20151028 102642 8684
20151028 102646 8674
20151028 102658 8673
20151028 102700 8673
20151028 102701 8671
20151028 102701 8671
20151028 102703 8671
20151028 102703 8673
20151028 102705 8671
20151028 102708 8672
20151028 102714 8672
20151028 102728 8677
20151028 102806 8671
20151028 102806 8671
20151028 102809 8670
20151028 102810 8668
20151028 102810 8669
20151028 102810 8669
20151028 102810 8669
20151028 102810 8669
20151028 102810 8669
20151028 102810 8669
20151028 102810 8669
20151028 102810 8669
20151028 102844 8680
20151028 102936 8671
20151028 102945 8670
20151028 102945 8670
20151028 102946 8679
20151028 102950 8669
20151028 102951 8669
20151028 103000 8669
20151028 103000 8669
20151028 103001 8667
20151028 103001 8667
20151028 103001 8667
20151028 103001 8667
20151028 103001 8667
20151028 103001 8667
20151028 103001 8667
20151028 103001 8667
20151028 103001 8667
20151028 103001 8668
20151028 103001 8668
20151028 103001 8669
20151028 103001 8669
20151028 103002 8666
20151028 103002 8666
20151028 103002 8666
20151028 103002 8666
20151028 103002 8666
20151028 103003 8665
20151028 103006 8668
20151028 103031 8672
20151028 103114 8671
20151028 103117 8674
20151028 103142 8675
20151028 103158 8676
20151028 103204 8676
20151028 103219 8674
20151028 103303 8670
20151028 103303 8670
20151028 103305 8669
20151028 103404 8674
20151028 103407 8666
20151028 103407 8667
20151028 103407 8667
20151028 103407 8674
20151028 103408 8666
20151028 103408 8666
20151028 103413 8660
20151028 103413 8661
20151028 103413 8661
20151028 103413 8661
20151028 103413 8661
20151028 103413 8661
20151028 103413 8662
20151028 103413 8662
20151028 103413 8662
20151028 103413 8662
20151028 103413 8662
20151028 103413 8663
20151028 103413 8663
20151028 103413 8663
20151028 103413 8663
20151028 103413 8664
20151028 103413 8664
20151028 103413 8664
20151028 103413 8664
20151028 103413 8664
20151028 103413 8664
20151028 103413 8665
20151028 103413 8665
20151028 103413 8670
20151028 103414 8656
20151028 103414 8656
20151028 103414 8656
20151028 103414 8658
20151028 103414 8658
20151028 103414 8659
20151028 103414 8659
20151028 103414 8659
20151028 103414 8659
20151028 103414 8659
20151028 103414 8659
20151028 103414 8659
20151028 103414 8660
20151028 103414 8660
20151028 103414 8660
20151028 103414 8660
20151028 103414 8669
20151028 103414 8669
20151028 103414 8669
20151028 103414 8670
20151028 103415 8655
20151028 103415 8655
20151028 103416 8666
20151028 103416 8666
20151028 103416 8666
20151028 103416 8667
20151028 103416 8667
20151028 103416 8667
20151028 103417 8654
20151028 103417 8654
20151028 103417 8654
20151028 103417 8654
20151028 103417 8654
20151028 103417 8654
20151028 103417 8654
20151028 103417 8659
20151028 103418 8659
20151028 103418 8659
20151028 103418 8659
20151028 103427 8656
20151028 103434 8663
20151028 103434 8663
20151028 103434 8663
20151028 103434 8663
20151028 103434 8663
20151028 103434 8663
20151028 103435 8657
20151028 103435 8662
20151028 103441 8670
20151028 103441 8670
20151028 103453 8671
20151028 103454 8660
20151028 103502 8656
20151028 103506 8658
20151028 103509 8665
20151028 103519 8659
20151028 103527 8660
20151028 103530 8658
20151028 103534 8659
20151028 103535 8659
20151028 103537 8659
20151028 103541 8659
20151028 103547 8658
20151028 103548 8657
20151028 103548 8657
20151028 103548 8657
20151028 103553 8656
20151028 103553 8656
20151028 103553 8656
20151028 103556 8655
20151028 103557 8655
20151028 103557 8657
20151028 103600 8653
20151028 103600 8653
20151028 103600 8654
20151028 103601 8652
20151028 103601 8653
20151028 103601 8653
20151028 103601 8653
20151028 103601 8653
20151028 103603 8654
20151028 103608 8655
20151028 103611 8654
20151028 103616 8667
20151028 103616 8667
20151028 103636 8656
20151028 103644 8657
20151028 103649 8669
20151028 103652 8657
20151028 103652 8669
20151028 103720 8658
20151028 103720 8658
20151028 103723 8657
20151028 103730 8656
20151028 103735 8657
20151028 103751 8652
20151028 103751 8654
20151028 103751 8654
20151028 103752 8651
20151028 103752 8651
20151028 103752 8651
20151028 103752 8651
20151028 103752 8651
20151028 103752 8652
20151028 103752 8652
20151028 103752 8652
20151028 103752 8652
20151028 103753 8650
20151028 103753 8650
20151028 103753 8651
20151028 103753 8651
20151028 103805 8652
20151028 103814 8653
20151028 103815 8654
20151028 103850 8652
20151028 103850 8652
20151028 103852 8652
20151028 103854 8651
20151028 103911 8651
20151028 103914 8650
20151028 103914 8650
20151028 103914 8650
20151028 103914 8650
20151028 103914 8650
20151028 103914 8650
20151028 103914 8650
20151028 103914 8650
20151028 103914 8650
20151028 103916 8649
20151028 103916 8649
20151028 103916 8649
20151028 103916 8649
20151028 103916 8649
20151028 103916 8649
20151028 103916 8649
20151028 103916 8649
20151028 103916 8650
20151028 103917 8649
20151028 103917 8649
20151028 103917 8649
20151028 103918 8649
20151028 103923 8650
20151028 103923 8650
20151028 103924 8647
20151028 103925 8646
20151028 103925 8646
20151028 103925 8646
20151028 103925 8646
20151028 103925 8647
20151028 103925 8647
20151028 103925 8649
20151028 103928 8648
20151028 104001 8647
20151028 104008 8645
20151028 104008 8645
20151028 104008 8646
20151028 104009 8644
20151028 104009 8644
20151028 104009 8644
20151028 104009 8645
20151028 104019 8645
20151028 104023 8642
20151028 104023 8643
20151028 104024 8640
20151028 104024 8641
20151028 104024 8648
20151028 104024 8648
20151028 104024 8648
20151028 104027 8640
20151028 104028 8640
20151028 104028 8642
20151028 104032 8650
20151028 104043 8644
20151028 104101 8654
20151028 104114 8645
20151028 104129 8634
20151028 104129 8646
20151028 104131 8647
20151028 104150 8646
20151028 104250 8656
20151028 104255 8644
20151028 104255 8644
20151028 104334 8656
20151028 104437 8645
20151028 104502 8637
20151028 104502 8638
20151028 104502 8638
20151028 104502 8639
20151028 104502 8639
20151028 104502 8639
20151028 104502 8639
20151028 104502 8639
20151028 104502 8639
20151028 104502 8639
20151028 104502 8639
20151028 104502 8639
20151028 104502 8640
20151028 104502 8640
20151028 104502 8640
20151028 104502 8640
20151028 104502 8640
20151028 104502 8640
20151028 104502 8641
20151028 104502 8641
20151028 104502 8641
20151028 104502 8641
20151028 104503 8636
20151028 104506 8642
20151028 104506 8643
20151028 104506 8643
20151028 104506 8654
20151028 104506 8654
20151028 104507 8641
20151028 104513 8640
20151028 104521 8642
20151028 104527 8642
20151028 104535 8641
20151028 104535 8641
20151028 104557 8643
20151028 104612 8642
20151028 104651 8653
20151028 104651 8653
20151028 104653 8647
20151028 104653 8647
20151028 104656 8647
20151028 104723 8736
20151028 104723 8736
20151028 104749 8648
20151028 104833 8647
20151028 104836 8646
20151028 104901 8646
20151028 104904 8645
20151028 104904 8645
20151028 104904 8645
20151028 104906 8645
20151028 104907 8645
20151028 104910 8646
20151028 104911 8645
20151028 104919 8646
20151028 104923 8645
20151028 104929 8645
20151028 104935 8644
20151028 104938 8645
20151028 104947 8648
20151028 104947 8648
20151028 104950 8644
20151028 104959 8646
20151028 105004 8646
20151028 105018 8647
20151028 105027 8648
20151028 105032 8648
20151028 105037 8648
20151028 105045 8648
20151028 105101 8648
20151028 105101 8648
20151028 105103 8648
20151028 105115 8647
20151028 105123 8647
20151028 105125 8648
20151028 105135 8647
20151028 105157 8646
20151028 105244 8660
20151028 105251 8650
20151028 105353 8660
20151028 105421 8650
20151028 105501 8648
20151028 105501 8649
20151028 105600 8650
20151028 105624 8652
20151028 105713 8652
20151028 105716 8652
20151028 105735 8649
20151028 105745 8650
20151028 105758 8648
20151028 105914 8650
20151028 105916 8650
20151028 110009 8649
20151028 110015 8658
20151028 110016 8650
20151028 110023 8650
20151028 110024 8649
20151028 110026 8650
20151028 110054 8649
20151028 110054 8649
20151028 110056 8649
20151028 110141 8647
20151028 110201 8647
20151028 110342 8647
20151028 110407 8647
20151028 110543 8646
20151028 110925 8646
20151028 110932 8644
20151028 110933 8644
20151028 110933 8644
20151028 110933 8644
20151028 111001 8652
20151028 111003 8644
20151028 111004 8644
20151028 111107 8654
20151028 111148 8647
20151028 111207 8648
20151028 111229 8647
20151028 111304 8652
20151028 111310 8642
20151028 111311 8642
20151028 111311 8642
20151028 111329 8630
20151028 111329 8644
20151028 111419 8644
20151028 111725 8641
20151028 111725 8642
20151028 111725 8642
20151028 111726 8640
20151028 111747 8639
20151028 111747 8639
20151028 111747 8639
20151028 111747 8639
20151028 111747 8639
20151028 111747 8639
20151028 111747 8639
20151028 111747 8640
20151028 111747 8650
20151028 111749 8634
20151028 111749 8634
20151028 111749 8634
20151028 111749 8634
20151028 111749 8634
20151028 111749 8634
20151028 111749 8634
20151028 111749 8635
20151028 111749 8635
20151028 111749 8635
20151028 111749 8636
20151028 111749 8636
20151028 111749 8637
20151028 111749 8638
20151028 111749 8638
20151028 111750 8633
20151028 111754 8636
20151028 111804 8635
20151028 111809 8638
20151028 111809 8638
20151028 111814 8635
20151028 111819 8637
20151028 111819 8637
20151028 111819 8638
20151028 111819 8638
20151028 111826 8636
20151028 111826 8636
20151028 111826 8637
20151028 111844 8637
20151028 111900 8635
20151028 111903 8633
20151028 111904 8632
20151028 111904 8632
20151028 111905 8631
20151028 111906 8631
20151028 111906 8631
20151028 111931 8635
20151028 111931 8635
20151028 111931 8636
20151028 111931 8636
20151028 111931 8636
20151028 111952 8634
20151028 111958 8636
20151028 111958 8636
20151028 112003 8634
20151028 112116 8632
20151028 112148 8629
20151028 112148 8629
20151028 112148 8629
20151028 112148 8629
20151028 112148 8629
20151028 112148 8629
20151028 112148 8629
20151028 112148 8629
20151028 112148 8629
20151028 112153 8640
20151028 112251 8630
20151028 112252 8641
20151028 112257 8632
20151028 112323 8635
20151028 112332 8648
20151028 112332 8649
20151028 112345 8644
20151028 112347 8634
20151028 112347 8644
20151028 112347 8644
20151028 112358 8635
20151028 112447 8648
20151028 112551 8635
20151028 112702 8634
20151028 112709 8647
20151028 112719 8634
20151028 112751 8634
20151028 112811 8634
20151028 112812 8635
20151028 112843 8632
20151028 112850 8631
20151028 112850 8631
20151028 112850 8631
20151028 112851 8630
20151028 112851 8630
20151028 112851 8630
20151028 112851 8630
20151028 112851 8630
20151028 112851 8630
20151028 112851 8630
20151028 112851 8640
20151028 112851 8640
20151028 112852 8629
20151028 112852 8631
20151028 112853 8629
20151028 112853 8629
20151028 112853 8629
20151028 112853 8629
20151028 112853 8629
20151028 112854 8640
20151028 112854 8640
20151028 112901 8629
20151028 113000 8630
20151028 113001 8631
20151028 113012 8639
20151028 113022 8629
20151028 113022 8629
20151028 113022 8629
20151028 113022 8629
20151028 113024 8628
20151028 113024 8628
20151028 113025 8627
20151028 113025 8627
20151028 113026 8626
20151028 113026 8627
20151028 113026 8627
20151028 113043 8629
20151028 113109 8614
20151028 113128 8627
20151028 113139 8633
20151028 113143 8627
20151028 113145 8633
20151028 113149 8627
20151028 113308 8623
20151028 113324 8624
20151028 113328 8631
20151028 113402 8621
20151028 113402 8621
20151028 113402 8622
20151028 113403 8620
20151028 113407 8619
20151028 113407 8619
20151028 113407 8619
20151028 113407 8619
20151028 113410 8619
20151028 113423 8619
20151028 113432 8627
20151028 113446 8632
20151028 113446 8632
20151028 113451 8617
20151028 113452 8617
20151028 113452 8617
20151028 113452 8617
20151028 113453 8616
20151028 113455 8604
20151028 113455 8604
20151028 113455 8615
20151028 113455 8615
20151028 113456 8630
20151028 113457 8630
20151028 113500 8614
20151028 113500 8615
20151028 113501 8613
20151028 113501 8613
20151028 113501 8613
20151028 113501 8614
20151028 113517 8616
20151028 113523 8619
20151028 113523 8619
20151028 113553 8619
20151028 113601 8633
20151028 113614 8621
20151028 113631 8622
20151028 113759 8624
20151028 113811 8624
20151028 113812 8623
20151028 113812 8623
20151028 113812 8623
20151028 113821 8622
20151028 113825 8623
20151028 113825 8623
20151028 113839 8623
20151028 113901 8622
20151028 113910 8621
20151028 114036 8621
20151028 114120 8623
20151028 114201 8623
20151028 114415 8622
20151028 114430 8621
20151028 114430 8621
20151028 114430 8621
20151028 114448 8620
20151028 114500 8619
20151028 114500 8619
20151028 114500 8619
20151028 114500 8619
20151028 114500 8619
20151028 114500 8619
20151028 114500 8620
20151028 114501 8617
20151028 114501 8618
20151028 114501 8619
20151028 114502 8617
20151028 114502 8617
20151028 114502 8617
20151028 114502 8617
20151028 114732 8627
20151028 114733 8627
20151028 114749 8625
20151028 114752 8615
20151028 114844 8627
20151028 114931 8629
20151028 114943 8627
20151028 115302 8627
20151028 115403 8628
20151028 115741 8628
20151028 115814 8630
20151028 115814 8630
20151028 115814 8630
20151028 115830 8632
20151028 115842 8621
20151028 115842 8621
20151028 115842 8632
20151028 115842 8632
20151028 115946 8630
20151028 120005 8630
20151028 120344 8629
20151028 120344 8629
20151028 120352 8627
20151028 120402 8626
20151028 120404 8626
20151028 120404 8626
20151028 120409 8626
20151028 120443 8632
20151028 120447 8624
20151028 120447 8624
20151028 120453 8623
20151028 120454 8623
20151028 120503 8625
20151028 120532 8627
20151028 120717 8629
20151028 120739 8629
20151028 120752 8630
20151028 120906 8632
20151028 121018 8630
20151028 121053 8629
20151028 121139 8627
20151028 121149 8627
20151028 121227 8628
20151028 121301 8631
20151028 121519 8629
20151028 121523 8629
20151028 121743 8639
20151028 121749 8631
20151028 122224 8631
20151028 122519 8633
20151028 122744 8631
20151028 122748 8631
20151028 123006 8632
20151028 123015 8631
20151028 123032 8629
20151028 123032 8629
20151028 123032 8629
20151028 123032 8629
20151028 123139 8629
20151028 123139 8629
20151028 123317 8632
20151028 123323 8632
20151028 123326 8633
20151028 123354 8635
20151028 123354 8635
20151028 123407 8634
20151028 123700 8635
20151028 123708 8625
20151028 123708 8636
20151028 123716 8636
20151028 123759 8622
20151028 123759 8633
20151028 124032 8632
20151028 124113 8631
20151028 124113 8631
20151028 124451 8632
20151028 124518 8632
20151028 124617 8631
20151028 124627 8631
20151028 124636 8631
20151028 124643 8631
20151028 124723 8631
20151028 124723 8632
20151028 124834 8632
20151028 124855 8631
20151028 124912 8631
20151028 124915 8630
20151028 125140 8629
20151028 125309 8629
20151028 125310 8627
20151028 130031 8630
20151028 130038 8632
20151028 130038 8632
20151028 130038 8639
20151028 130038 8639
20151028 130038 8639
20151028 130049 8633
20151028 130049 8639
20151028 130049 8639
20151028 130049 8639
20151028 130049 8639
20151028 130110 8632
20151028 130112 8633
20151028 130112 8634
20151028 130112 8634
20151028 130112 8634
20151028 130112 8639
20151028 130112 8639
20151028 130112 8639
20151028 130112 8639
20151028 130115 8635
20151028 130116 8637
20151028 130116 8637
20151028 130116 8637
20151028 130116 8638
20151028 130116 8638
20151028 130116 8639
20151028 130116 8639
20151028 130116 8639
20151028 130116 8640
20151028 130116 8640
20151028 130138 8637
20151028 130149 8634
20151028 130224 8637
20151028 130229 8638
20151028 130249 8640
20151028 130249 8640
20151028 130249 8640
20151028 130254 8641
20151028 130311 8639
20151028 130311 8640
20151028 130330 8641
20151028 130344 8640
20151028 130558 8640
20151028 130640 8637
20151028 130644 8647
20151028 130645 8638
20151028 130711 8638
20151028 130732 8640
20151028 130741 8639
20151028 130806 8641
20151028 130806 8642
20151028 130806 8642
20151028 130806 8642
20151028 130807 8642
20151028 130807 8642
20151028 130807 8642
20151028 130807 8642
20151028 130906 8643
20151028 130938 8638
20151028 130938 8638
20151028 130938 8639
20151028 130938 8639
20151028 130938 8639
20151028 130938 8640
20151028 130938 8640
20151028 130938 8640
20151028 131013 8641
20151028 131047 8639
20151028 131047 8639
20151028 131101 8641
20151028 131113 8639
20151028 131117 8639
20151028 131140 8639
20151028 131339 8637
20151028 131339 8637
20151028 131339 8637
20151028 131339 8637
20151028 131339 8637
20151028 131339 8647
20151028 131339 8647
20151028 131539 8638
20151028 131803 8641
20151028 131803 8641
20151028 131803 8641
20151028 131804 8641
20151028 131804 8641
20151028 131804 8641
20151028 131804 8642
20151028 131805 8642
20151028 131805 8642
20151028 131805 8642
20151028 131805 8642
20151028 131805 8642
20151028 131805 8643
20151028 131805 8643
20151028 131805 8643
20151028 131808 8643
20151028 131811 8643
20151028 131930 8640
20151028 131937 8640
20151028 131937 8640
20151028 131958 8642
20151028 132001 8647
20151028 132001 8649
20151028 132001 8649
20151028 132001 8649
20151028 132001 8649
20151028 132001 8649
20151028 132006 8650
20151028 132007 8650
20151028 132009 8644
20151028 132020 8644
20151028 132042 8644
20151028 132317 8645
20151028 132357 8644
20151028 132534 8647
20151028 132534 8647
20151028 132534 8647
20151028 132534 8647
20151028 132534 8648
20151028 132534 8652
20151028 132534 8653
20151028 132538 8647
20151028 132542 8648
20151028 132542 8648
20151028 132542 8648
20151028 132542 8648
20151028 132542 8648
20151028 132542 8648
20151028 132555 8647
20151028 132655 8645
20151028 132726 8646
20151028 132811 8645
20151028 132859 8645
20151028 132921 8646
20151028 132946 8647
20151028 133013 8647
20151028 133035 8648
20151028 133036 8647
20151028 133054 8647
20151028 133057 8647
20151028 133057 8647
20151028 133106 8649
20151028 133202 8647
20151028 133211 8647
20151028 133212 8647
20151028 133213 8648
20151028 133300 8649
20151028 133302 8649
20151028 133308 8649
20151028 133330 8650
20151028 133330 8650
20151028 133330 8650
20151028 133331 8650
20151028 133331 8650
20151028 133331 8650
20151028 133331 8650
20151028 133331 8650
20151028 133331 8651
20151028 133333 8651
20151028 133333 8651
20151028 133333 8651
20151028 133333 8651
20151028 133333 8651
20151028 133333 8651
20151028 133333 8651
20151028 133333 8651
20151028 133344 8651
20151028 133358 8653
20151028 133358 8653
20151028 133501 8653
20151028 133525 8651
20151028 133603 8651
20151028 133616 8651
20151028 133816 8646
20151028 133817 8645
20151028 133817 8645
20151028 133818 8645
20151028 133822 8646
20151028 133825 8645
20151028 133901 8647
20151028 133901 8648
20151028 133901 8648
20151028 133927 8648
20151028 133944 8648
20151028 133950 8648
20151028 133950 8649
20151028 134000 8649
20151028 134000 8649
20151028 134114 8647
20151028 134116 8647
20151028 134148 8646
20151028 134158 8646
20151028 134158 8656
20151028 134308 8644
20151028 134311 8643
20151028 134314 8643
20151028 134316 8642
20151028 134319 8643
20151028 134322 8641
20151028 134322 8641
20151028 134325 8642
20151028 134326 8642
20151028 134328 8641
20151028 134334 8641
20151028 134335 8641
20151028 134358 8640
20151028 134359 8640
20151028 134414 8640
20151028 134418 8640
20151028 134418 8640
20151028 134423 8639
20151028 134427 8639
20151028 134427 8639
20151028 134429 8638
20151028 134434 8639
20151028 134443 8638
20151028 134448 8648
20151028 134450 8646
20151028 134452 8638
20151028 134457 8636
20151028 134457 8636
20151028 134457 8636
20151028 134457 8638
20151028 134458 8645
