20151130 084500 8291
20151130 084500 8292
20151130 084500 8294
20151130 084500 8297
20151130 084500 8298
20151130 084500 8299
20151130 084500 8299
20151130 084500 8301
20151130 084500 8301
20151130 084500 8301
20151130 084500 8301
20151130 084500 8301
20151130 084500 8301
20151130 084500 8301
20151130 084500 8302
20151130 084500 8302
20151130 084500 8303
20151130 084500 8303
20151130 084500 8304
20151130 084500 8304
20151130 084500 8305
20151130 084500 8305
20151130 084500 8305
20151130 084500 8307
20151130 084500 8307
20151130 084500 8307
20151130 084500 8308
20151130 084500 8309
20151130 084500 8310
20151130 084500 8311
20151130 084500 8311
20151130 084500 8311
20151130 084500 8311
20151130 084500 8312
20151130 084500 8312
20151130 084500 8312
20151130 084500 8313
20151130 084500 8313
20151130 084500 8313
20151130 084500 8314
20151130 084500 8314
20151130 084500 8317
20151130 084500 8317
20151130 084500 8318
20151130 084500 8318
20151130 084500 8318
20151130 084500 8318
20151130 084500 8319
20151130 084500 8319
20151130 084500 8319
20151130 084500 8319
20151130 084500 8319
20151130 084500 8319
20151130 084500 8319
20151130 084500 8320
20151130 084500 8321
20151130 084500 8322
20151130 084500 8324
20151130 084500 8327
20151130 084501 8288
20151130 084501 8289
20151130 084501 8290
20151130 084502 8288
20151130 084502 8288
20151130 084502 8288
20151130 084502 8288
20151130 084502 8288
20151130 084502 8288
20151130 084502 8288
20151130 084502 8288
20151130 084502 8294
20151130 084502 8315
20151130 084503 8286
20151130 084503 8286
20151130 084503 8286
20151130 084503 8286
20151130 084503 8286
20151130 084503 8286
20151130 084503 8292
20151130 084503 8296
20151130 084505 8299
20151130 084505 8311
20151130 084505 8311
20151130 084506 8304
20151130 084508 8289
20151130 084508 8292
20151130 084508 8292
20151130 084508 8292
20151130 084512 8296
20151130 084513 8295
20151130 084513 8297
20151130 084515 8300
20151130 084517 8302
20151130 084518 8303
20151130 084518 8306
20151130 084520 8302
20151130 084520 8304
20151130 084521 8306
20151130 084522 8304
20151130 084526 8306
20151130 084526 8306
20151130 084526 8306
20151130 084528 8306
20151130 084529 8307
20151130 084529 8307
20151130 084531 8303
20151130 084532 8303
20151130 084532 8303
20151130 084532 8304
20151130 084532 8304
20151130 084533 8306
20151130 084537 8301
20151130 084537 8302
20151130 084537 8303
20151130 084539 8300
20151130 084539 8301
20151130 084541 8299
20151130 084541 8300
20151130 084541 8300
20151130 084541 8300
20151130 084544 8297
20151130 084544 8298
20151130 084545 8300
20151130 084546 8300
20151130 084549 8299
20151130 084550 8300
20151130 084550 8309
20151130 084552 8299
20151130 084554 8300
20151130 084556 8300
20151130 084559 8302
20151130 084600 8301
20151130 084600 8301
20151130 084601 8301
20151130 084605 8299
20151130 084605 8299
20151130 084607 8299
20151130 084609 8301
20151130 084618 8302
20151130 084619 8302
20151130 084623 8302
20151130 084628 8303
20151130 084629 8302
20151130 084631 8303
20151130 084633 8303
20151130 084634 8303
20151130 084636 8303
20151130 084638 8304
20151130 084640 8304
20151130 084641 8305
20151130 084641 8305
20151130 084641 8305
20151130 084641 8305
20151130 084642 8305
20151130 084642 8305
20151130 084642 8305
20151130 084642 8305
20151130 084642 8305
20151130 084642 8305
20151130 084642 8305
20151130 084642 8305
20151130 084642 8305
20151130 084642 8305
20151130 084642 8305
20151130 084642 8305
20151130 084642 8305
20151130 084643 8304
20151130 084644 8305
20151130 084644 8305
20151130 084644 8305
20151130 084645 8305
20151130 084654 8303
20151130 084655 8304
20151130 084655 8304
20151130 084657 8303
20151130 084701 8303
20151130 084701 8303
20151130 084703 8304
20151130 084703 8304
20151130 084703 8305
20151130 084704 8303
20151130 084704 8303
20151130 084705 8303
20151130 084705 8303
20151130 084705 8303
20151130 084705 8303
20151130 084706 8303
20151130 084706 8303
20151130 084710 8303
20151130 084711 8303
20151130 084715 8305
20151130 084716 8305
20151130 084718 8305
20151130 084720 8304
20151130 084720 8305
20151130 084721 8306
20151130 084725 8308
20151130 084727 8307
20151130 084727 8307
20151130 084728 8308
20151130 084729 8308
20151130 084731 8308
20151130 084734 8308
20151130 084741 8308
20151130 084741 8308
20151130 084741 8308
20151130 084744 8306
20151130 084746 8304
20151130 084746 8305
20151130 084746 8310
20151130 084747 8303
20151130 084747 8303
20151130 084747 8304
20151130 084747 8304
20151130 084750 8304
20151130 084800 8307
20151130 084800 8308
20151130 084801 8309
20151130 084803 8306
20151130 084803 8306
20151130 084804 8306
20151130 084806 8308
20151130 084811 8306
20151130 084814 8307
20151130 084814 8311
20151130 084818 8319
20151130 084818 8319
20151130 084822 8306
20151130 084830 8319
20151130 084836 8304
20151130 084838 8304
20151130 084838 8304
20151130 084841 8304
20151130 084841 8304
20151130 084843 8302
20151130 084843 8302
20151130 084843 8302
20151130 084843 8302
20151130 084843 8303
20151130 084843 8303
20151130 084843 8303
20151130 084844 8302
20151130 084845 8303
20151130 084846 8304
20151130 084849 8303
20151130 084855 8300
20151130 084855 8300
20151130 084855 8300
20151130 084857 8299
20151130 084857 8300
20151130 084857 8300
20151130 084857 8300
20151130 084858 8297
20151130 084859 8299
20151130 084900 8298
20151130 084906 8299
20151130 084907 8299
20151130 084908 8300
20151130 084908 8300
20151130 084910 8300
20151130 084914 8296
20151130 084914 8296
20151130 084916 8298
20151130 084919 8297
20151130 084919 8297
20151130 084924 8298
20151130 084927 8295
20151130 084927 8297
20151130 084935 8297
20151130 084939 8296
20151130 084948 8298
20151130 084948 8298
20151130 084949 8298
20151130 084949 8299
20151130 084954 8300
20151130 084955 8300
20151130 084956 8299
20151130 084956 8300
20151130 084957 8298
20151130 084958 8298
20151130 085004 8298
20151130 085012 8298
20151130 085020 8316
20151130 085026 8301
20151130 085026 8301
20151130 085026 8301
20151130 085044 8300
20151130 085047 8299
20151130 085049 8300
20151130 085051 8300
20151130 085103 8301
20151130 085103 8301
20151130 085115 8302
20151130 085115 8303
20151130 085119 8304
20151130 085128 8302
20151130 085132 8301
20151130 085137 8300
20151130 085140 8298
20151130 085140 8299
20151130 085140 8299
20151130 085140 8299
20151130 085140 8300
20151130 085140 8300
20151130 085141 8297
20151130 085141 8297
20151130 085141 8298
20151130 085142 8297
20151130 085142 8297
20151130 085148 8298
20151130 085149 8298
20151130 085151 8294
20151130 085151 8295
20151130 085151 8295
20151130 085151 8296
20151130 085151 8296
20151130 085151 8296
20151130 085156 8296
20151130 085202 8295
20151130 085205 8293
20151130 085205 8293
20151130 085205 8293
20151130 085206 8293
20151130 085206 8293
20151130 085206 8293
20151130 085206 8293
20151130 085206 8293
20151130 085207 8293
20151130 085207 8294
20151130 085210 8292
20151130 085211 8292
20151130 085211 8292
20151130 085212 8292
20151130 085213 8292
20151130 085214 8292
20151130 085222 8298
20151130 085222 8298
20151130 085238 8290
20151130 085238 8291
20151130 085240 8292
20151130 085253 8289
20151130 085253 8289
20151130 085255 8289
20151130 085256 8288
20151130 085257 8289
20151130 085258 8288
20151130 085258 8288
20151130 085258 8288
20151130 085259 8286
20151130 085300 8282
20151130 085300 8283
20151130 085300 8283
20151130 085300 8283
20151130 085300 8283
20151130 085300 8283
20151130 085300 8284
20151130 085300 8284
20151130 085300 8285
20151130 085300 8285
20151130 085300 8285
20151130 085300 8285
20151130 085300 8286
20151130 085300 8286
20151130 085302 8280
20151130 085302 8280
20151130 085302 8281
20151130 085303 8279
20151130 085303 8280
20151130 085303 8282
20151130 085307 8282
20151130 085308 8283
20151130 085308 8283
20151130 085310 8283
20151130 085310 8285
20151130 085312 8283
20151130 085314 8281
20151130 085316 8281
20151130 085319 8281
20151130 085321 8280
20151130 085322 8280
20151130 085325 8280
20151130 085326 8280
20151130 085327 8278
20151130 085329 8278
20151130 085329 8280
20151130 085331 8269
20151130 085331 8269
20151130 085331 8269
20151130 085331 8269
20151130 085331 8269
20151130 085331 8269
20151130 085331 8271
20151130 085331 8271
20151130 085331 8272
20151130 085331 8273
20151130 085331 8274
20151130 085331 8274
20151130 085331 8274
20151130 085331 8274
20151130 085331 8274
20151130 085331 8274
20151130 085331 8274
20151130 085331 8275
20151130 085331 8275
20151130 085331 8276
20151130 085331 8276
20151130 085331 8276
20151130 085331 8277
20151130 085332 8265
20151130 085332 8266
20151130 085332 8268
20151130 085332 8268
20151130 085332 8268
20151130 085332 8268
20151130 085332 8272
20151130 085332 8278
20151130 085333 8273
20151130 085333 8274
20151130 085334 8275
20151130 085340 8272
20151130 085343 8271
20151130 085344 8270
20151130 085345 8270
20151130 085349 8267
20151130 085349 8269
20151130 085351 8269
20151130 085353 8269
20151130 085359 8269
20151130 085400 8269
20151130 085405 8273
20151130 085405 8273
20151130 085406 8280
20151130 085445 8274
20151130 085509 8278
20151130 085513 8277
20151130 085513 8278
20151130 085545 8280
20151130 085545 8280
20151130 085549 8281
20151130 085600 8281
20151130 085621 8279
20151130 085621 8279
20151130 085621 8279
20151130 085621 8280
20151130 085621 8281
20151130 085621 8281
20151130 085625 8290
20151130 085627 8279
20151130 085627 8279
20151130 085630 8277
20151130 085630 8277
20151130 085630 8277
20151130 085637 8276
20151130 085640 8277
20151130 085642 8278
20151130 085654 8286
20151130 085655 8274
20151130 085657 8274
20151130 085657 8275
20151130 085658 8272
20151130 085659 8272
20151130 085659 8272
20151130 085702 8273
20151130 085707 8271
20151130 085708 8271
20151130 085708 8271
20151130 085709 8270
20151130 085709 8271
20151130 085710 8265
20151130 085710 8266
20151130 085710 8266
20151130 085710 8267
20151130 085710 8267
20151130 085710 8267
20151130 085710 8267
20151130 085710 8267
20151130 085710 8268
20151130 085710 8269
20151130 085710 8269
20151130 085710 8269
20151130 085710 8269
20151130 085710 8270
20151130 085710 8274
20151130 085713 8268
20151130 085714 8263
20151130 085714 8263
20151130 085714 8263
20151130 085714 8263
20151130 085714 8264
20151130 085714 8264
20151130 085714 8264
20151130 085714 8265
20151130 085715 8259
20151130 085715 8260
20151130 085715 8262
20151130 085715 8262
20151130 085715 8263
20151130 085715 8263
20151130 085715 8263
20151130 085715 8263
20151130 085715 8263
20151130 085716 8258
20151130 085716 8258
20151130 085721 8270
20151130 085727 8268
20151130 085730 8270
20151130 085730 8272
20151130 085734 8271
20151130 085738 8271
20151130 085800 8272
20151130 085810 8275
20151130 085812 8277
20151130 085812 8277
20151130 085821 8287
20151130 085821 8287
20151130 085826 8272
20151130 085826 8272
20151130 085828 8272
20151130 085829 8272
20151130 085832 8270
20151130 085835 8270
20151130 085836 8267
20151130 085836 8267
20151130 085836 8267
20151130 085836 8268
20151130 085836 8268
20151130 085836 8268
20151130 085836 8269
20151130 085840 8281
20151130 085847 8266
20151130 085849 8265
20151130 085849 8267
20151130 085852 8265
20151130 085857 8271
20151130 085859 8268
20151130 085906 8267
20151130 085927 8266
20151130 085929 8266
20151130 085931 8265
20151130 085931 8266
20151130 085931 8266
20151130 085932 8265
20151130 085940 8270
20151130 085958 8268
20151130 085959 8267
20151130 085959 8280
20151130 090000 8262
20151130 090000 8263
20151130 090000 8263
20151130 090000 8264
20151130 090000 8264
20151130 090000 8264
20151130 090000 8264
20151130 090000 8265
20151130 090000 8265
20151130 090000 8265
20151130 090001 8262
20151130 090005 8268
20151130 090009 8260
20151130 090009 8260
20151130 090009 8260
20151130 090009 8260
20151130 090009 8265
20151130 090010 8255
20151130 090010 8255
20151130 090010 8256
20151130 090010 8256
20151130 090010 8257
20151130 090010 8257
20151130 090010 8257
20151130 090010 8257
20151130 090010 8257
20151130 090010 8257
20151130 090010 8257
20151130 090010 8257
20151130 090010 8257
20151130 090010 8257
20151130 090010 8258
20151130 090010 8258
20151130 090010 8258
20151130 090010 8258
20151130 090010 8259
20151130 090010 8259
20151130 090011 8255
20151130 090011 8257
20151130 090011 8257
20151130 090011 8257
20151130 090011 8257
20151130 090011 8257
20151130 090011 8257
20151130 090011 8257
20151130 090013 8260
20151130 090015 8266
20151130 090021 8266
20151130 090022 8266
20151130 090028 8269
20151130 090028 8270
20151130 090030 8271
20151130 090037 8263
20151130 090037 8266
20151130 090038 8258
20151130 090038 8262
20151130 090039 8257
20151130 090040 8257
20151130 090040 8265
20151130 090049 8254
20151130 090053 8251
20151130 090053 8252
20151130 090053 8252
20151130 090053 8252
20151130 090053 8252
20151130 090053 8252
20151130 090053 8252
20151130 090053 8252
20151130 090053 8252
20151130 090053 8252
20151130 090053 8252
20151130 090053 8252
20151130 090053 8252
20151130 090053 8252
20151130 090053 8252
20151130 090053 8252
20151130 090053 8252
20151130 090053 8252
20151130 090053 8252
20151130 090053 8252
20151130 090053 8252
20151130 090053 8253
20151130 090053 8253
20151130 090053 8253
20151130 090053 8253
20151130 090053 8253
20151130 090055 8255
20151130 090055 8265
20151130 090056 8265
20151130 090058 8249
20151130 090058 8249
20151130 090058 8249
20151130 090058 8250
20151130 090101 8244
20151130 090101 8246
20151130 090101 8247
20151130 090101 8247
20151130 090101 8248
20151130 090101 8261
20151130 090102 8242
20151130 090102 8243
20151130 090102 8243
20151130 090102 8243
20151130 090102 8245
20151130 090102 8258
20151130 090103 8241
20151130 090104 8239
20151130 090104 8240
20151130 090104 8241
20151130 090107 8245
20151130 090107 8246
20151130 090107 8247
20151130 090110 8240
20151130 090111 8241
20151130 090120 8244
20151130 090120 8244
20151130 090124 8245
20151130 090125 8245
20151130 090129 8245
20151130 090130 8246
20151130 090132 8246
20151130 090132 8246
20151130 090135 8260
20151130 090139 8248
20151130 090139 8268
20151130 090139 8269
20151130 090139 8272
20151130 090139 8273
20151130 090140 8250
20151130 090146 8255
20151130 090146 8255
20151130 090146 8256
20151130 090147 8256
20151130 090149 8259
20151130 090150 8258
20151130 090151 8258
20151130 090157 8256
20151130 090157 8256
20151130 090158 8259
20151130 090203 8259
20151130 090210 8259
20151130 090213 8259
20151130 090217 8261
20151130 090218 8265
20151130 090218 8266
20151130 090220 8265
20151130 090221 8265
20151130 090229 8265
20151130 090229 8265
20151130 090245 8257
20151130 090246 8257
20151130 090247 8255
20151130 090247 8255
20151130 090247 8256
20151130 090247 8256
20151130 090247 8256
20151130 090247 8256
20151130 090248 8254
20151130 090248 8254
20151130 090248 8254
20151130 090256 8259
20151130 090301 8253
20151130 090301 8255
20151130 090302 8252
20151130 090303 8250
20151130 090304 8257
20151130 090305 8256
20151130 090307 8255
20151130 090312 8255
20151130 090316 8255
20151130 090326 8252
20151130 090331 8256
20151130 090335 8254
20151130 090344 8259
20151130 090353 8259
20151130 090358 8261
20151130 090402 8285
20151130 090407 8262
20151130 090407 8262
20151130 090409 8264
20151130 090420 8262
20151130 090427 8258
20151130 090428 8257
20151130 090429 8255
20151130 090429 8255
20151130 090434 8257
20151130 090436 8259
20151130 090437 8257
20151130 090439 8255
20151130 090439 8258
20151130 090440 8281
20151130 090440 8282
20151130 090440 8282
20151130 090444 8281
20151130 090448 8260
20151130 090449 8259
20151130 090449 8259
20151130 090458 8259
20151130 090500 8259
20151130 090501 8252
20151130 090501 8252
20151130 090501 8252
20151130 090501 8254
20151130 090501 8255
20151130 090502 8252
20151130 090502 8252
20151130 090502 8252
20151130 090502 8252
20151130 090502 8252
20151130 090502 8252
20151130 090502 8252
20151130 090502 8252
20151130 090502 8252
20151130 090502 8254
20151130 090503 8259
20151130 090503 8279
20151130 090503 8279
20151130 090503 8282
20151130 090503 8282
20151130 090503 8283
20151130 090503 8283
20151130 090503 8283
20151130 090506 8284
20151130 090506 8284
20151130 090508 8283
20151130 090510 8255
20151130 090524 8283
20151130 090524 8283
20151130 090532 8265
20151130 090532 8265
20151130 090533 8267
20151130 090533 8267
20151130 090533 8268
20151130 090533 8268
20151130 090533 8268
20151130 090533 8268
20151130 090533 8268
20151130 090535 8270
20151130 090535 8271
20151130 090535 8271
20151130 090535 8271
20151130 090535 8272
20151130 090535 8293
20151130 090535 8293
20151130 090537 8271
20151130 090537 8271
20151130 090537 8273
20151130 090537 8273
20151130 090537 8273
20151130 090540 8271
20151130 090541 8270
20151130 090544 8271
20151130 090545 8272
20151130 090545 8272
20151130 090546 8269
20151130 090546 8270
20151130 090546 8270
20151130 090546 8271
20151130 090547 8269
20151130 090548 8269
20151130 090550 8269
20151130 090550 8269
20151130 090551 8269
20151130 090552 8268
20151130 090552 8269
20151130 090552 8269
20151130 090553 8269
20151130 090553 8269
20151130 090554 8268
20151130 090554 8269
20151130 090556 8269
20151130 090557 8269
20151130 090558 8269
20151130 090616 8266
20151130 090621 8265
20151130 090623 8266
20151130 090623 8267
20151130 090623 8267
20151130 090623 8267
20151130 090630 8266
20151130 090642 8264
20151130 090643 8262
20151130 090644 8262
20151130 090644 8262
20151130 090652 8264
20151130 090652 8264
20151130 090702 8265
20151130 090709 8263
20151130 090713 8265
20151130 090713 8265
20151130 090713 8265
20151130 090713 8266
20151130 090722 8263
20151130 090722 8264
20151130 090725 8262
20151130 090725 8262
20151130 090725 8262
20151130 090727 8263
20151130 090729 8260
20151130 090729 8260
20151130 090734 8257
20151130 090734 8257
20151130 090734 8257
20151130 090734 8257
20151130 090734 8257
20151130 090734 8257
20151130 090734 8257
20151130 090737 8254
20151130 090738 8256
20151130 090738 8257
20151130 090742 8253
20151130 090742 8253
20151130 090743 8253
20151130 090751 8257
20151130 090753 8257
20151130 090754 8256
20151130 090758 8253
20151130 090758 8255
20151130 090759 8254
20151130 090803 8252
20151130 090804 8251
20151130 090804 8251
20151130 090806 8249
20151130 090806 8249
20151130 090806 8250
20151130 090807 8250
20151130 090817 8237
20151130 090817 8237
20151130 090817 8237
20151130 090817 8237
20151130 090817 8237
20151130 090817 8238
20151130 090817 8238
20151130 090817 8238
20151130 090817 8238
20151130 090817 8239
20151130 090817 8239
20151130 090817 8239
20151130 090817 8240
20151130 090817 8241
20151130 090817 8241
20151130 090817 8241
20151130 090817 8241
20151130 090817 8241
20151130 090817 8241
20151130 090817 8242
20151130 090817 8242
20151130 090817 8242
20151130 090817 8242
20151130 090817 8242
20151130 090817 8243
20151130 090817 8244
20151130 090817 8245
20151130 090817 8245
20151130 090817 8264
20151130 090817 8265
20151130 090818 8230
20151130 090818 8230
20151130 090818 8230
20151130 090818 8230
20151130 090818 8230
20151130 090818 8230
20151130 090818 8230
20151130 090818 8231
20151130 090818 8231
20151130 090818 8231
20151130 090818 8232
20151130 090818 8232
20151130 090818 8232
20151130 090818 8233
20151130 090818 8233
20151130 090818 8233
20151130 090818 8233
20151130 090818 8234
20151130 090818 8234
20151130 090818 8234
20151130 090818 8234
20151130 090818 8235
20151130 090818 8235
20151130 090818 8236
20151130 090818 8237
20151130 090818 8253
20151130 090818 8261
20151130 090818 8261
20151130 090818 8263
20151130 090819 8229
20151130 090819 8229
20151130 090819 8230
20151130 090819 8233
20151130 090827 8234
20151130 090829 8231
20151130 090830 8233
20151130 090832 8230
20151130 090832 8233
20151130 090834 8233
20151130 090835 8232
20151130 090837 8233
20151130 090837 8233
20151130 090842 8234
20151130 090846 8234
20151130 090859 8233
20151130 090859 8233
20151130 090900 8230
20151130 090900 8230
20151130 090900 8231
20151130 090900 8231
20151130 090900 8231
20151130 090900 8231
20151130 090900 8233
20151130 090900 8233
20151130 090900 8233
20151130 090900 8233
20151130 090900 8233
20151130 090900 8233
20151130 090901 8229
20151130 090901 8229
20151130 090901 8230
20151130 090901 8230
20151130 090901 8230
20151130 090901 8230
20151130 090901 8230
20151130 090901 8230
20151130 090902 8224
20151130 090902 8224
20151130 090902 8224
20151130 090902 8224
20151130 090902 8224
20151130 090902 8225
20151130 090902 8227
20151130 090902 8227
20151130 090902 8251
20151130 090903 8222
20151130 090903 8222
20151130 090903 8222
20151130 090903 8222
20151130 090903 8222
20151130 090903 8222
20151130 090903 8222
20151130 090903 8223
20151130 090903 8223
20151130 090903 8223
20151130 090903 8223
20151130 090903 8223
20151130 090904 8224
20151130 090905 8226
20151130 090905 8226
20151130 090910 8225
20151130 090910 8246
20151130 090912 8224
20151130 090913 8227
20151130 090914 8227
20151130 090916 8245
20151130 090917 8225
20151130 090920 8228
20151130 090923 8231
20151130 090923 8231
20151130 090927 8226
20151130 090929 8228
20151130 090929 8228
20151130 090934 8227
20151130 090934 8227
20151130 090934 8229
20151130 090934 8229
20151130 090935 8230
20151130 090935 8231
20151130 090936 8228
20151130 090936 8229
20151130 090937 8230
20151130 090937 8230
20151130 090945 8231
20151130 090945 8232
20151130 090945 8233
20151130 090947 8232
20151130 090949 8231
20151130 090949 8231
20151130 090951 8230
20151130 090955 8228
20151130 090957 8231
20151130 090958 8230
20151130 091000 8229
20151130 091002 8227
20151130 091002 8229
20151130 091002 8229
20151130 091003 8230
20151130 091006 8235
20151130 091007 8236
20151130 091016 8233
20151130 091016 8233
20151130 091016 8233
20151130 091016 8233
20151130 091023 8236
20151130 091030 8263
20151130 091033 8237
20151130 091033 8238
20151130 091034 8237
20151130 091036 8238
20151130 091038 8240
20151130 091041 8239
20151130 091050 8238
20151130 091055 8239
20151130 091059 8240
20151130 091102 8239
20151130 091102 8239
20151130 091109 8245
20151130 091109 8245
20151130 091109 8245
20151130 091111 8247
20151130 091112 8246
20151130 091113 8246
20151130 091118 8243
20151130 091118 8243
20151130 091119 8243
20151130 091123 8243
20151130 091125 8244
20151130 091126 8243
20151130 091133 8243
20151130 091133 8244
20151130 091133 8244
20151130 091139 8244
20151130 091141 8243
20151130 091144 8244
20151130 091149 8246
20151130 091151 8250
20151130 091151 8250
20151130 091203 8247
20151130 091207 8248
20151130 091207 8248
20151130 091214 8247
20151130 091224 8246
20151130 091230 8242
20151130 091230 8242
20151130 091230 8243
20151130 091230 8243
20151130 091230 8243
20151130 091231 8240
20151130 091231 8240
20151130 091231 8241
20151130 091231 8241
20151130 091232 8243
20151130 091232 8244
20151130 091234 8243
20151130 091240 8239
20151130 091241 8238
20151130 091241 8238
20151130 091246 8240
20151130 091247 8240
20151130 091250 8240
20151130 091250 8240
20151130 091255 8235
20151130 091255 8235
20151130 091255 8235
20151130 091258 8238
20151130 091302 8240
20151130 091308 8237
20151130 091315 8239
20151130 091315 8240
20151130 091315 8240
20151130 091315 8240
20151130 091318 8244
20151130 091320 8256
20151130 091325 8240
20151130 091326 8238
20151130 091326 8238
20151130 091330 8239
20151130 091335 8232
20151130 091335 8232
20151130 091335 8232
20151130 091335 8232
20151130 091335 8233
20151130 091335 8233
20151130 091336 8231
20151130 091336 8232
20151130 091336 8232
20151130 091337 8230
20151130 091337 8230
20151130 091338 8232
20151130 091341 8234
20151130 091344 8232
20151130 091400 8235
20151130 091403 8235
20151130 091403 8238
20151130 091403 8239
20151130 091405 8256
20151130 091406 8257
20151130 091408 8242
20151130 091415 8245
20151130 091416 8245
20151130 091420 8242
20151130 091425 8242
20151130 091512 8245
20151130 091512 8245
20151130 091516 8239
20151130 091523 8243
20151130 091525 8241
20151130 091527 8239
20151130 091529 8238
20151130 091530 8240
20151130 091533 8241
20151130 091535 8239
20151130 091535 8241
20151130 091536 8240
20151130 091538 8239
20151130 091556 8236
20151130 091556 8237
20151130 091556 8237
20151130 091556 8238
20151130 091557 8234
20151130 091557 8234
20151130 091557 8235
20151130 091557 8237
20151130 091602 8237
20151130 091605 8240
20151130 091606 8237
20151130 091608 8238
20151130 091608 8239
20151130 091617 8241
20151130 091627 8243
20151130 091632 8242
20151130 091633 8243
20151130 091644 8241
20151130 091645 8246
20151130 091645 8247
20151130 091646 8248
20151130 091649 8249
20151130 091650 8249
20151130 091651 8249
20151130 091653 8262
20151130 091702 8248
20151130 091709 8248
20151130 091714 8247
20151130 091714 8247
20151130 091716 8247
20151130 091725 8248
20151130 091731 8248
20151130 091733 8250
20151130 091733 8250
20151130 091733 8252
20151130 091734 8254
20151130 091734 8254
20151130 091737 8255
20151130 091752 8254
20151130 091759 8260
20151130 091759 8260
20151130 091759 8262
20151130 091759 8263
20151130 091759 8263
20151130 091759 8263
20151130 091759 8263
20151130 091759 8264
20151130 091759 8264
20151130 091801 8259
20151130 091808 8260
20151130 091809 8259
20151130 091811 8259
20151130 091812 8261
20151130 091832 8265
20151130 091832 8266
20151130 091832 8266
20151130 091832 8266
20151130 091832 8267
20151130 091832 8267
20151130 091834 8266
20151130 091841 8269
20151130 091842 8272
20151130 091842 8273
20151130 091842 8273
20151130 091842 8274
20151130 091842 8274
20151130 091842 8275
20151130 091842 8275
20151130 091842 8275
20151130 091842 8275
20151130 091842 8275
20151130 091842 8276
20151130 091842 8277
20151130 091842 8277
20151130 091843 8278
20151130 091843 8279
20151130 091843 8279
20151130 091843 8293
20151130 091845 8273
20151130 091853 8270
20151130 091854 8271
20151130 091855 8270
20151130 091859 8271
20151130 091913 8268
20151130 091914 8266
20151130 091915 8267
20151130 091927 8267
20151130 091928 8268
20151130 091936 8266
20151130 091943 8264
20151130 091952 8266
20151130 091958 8286
20151130 092000 8263
20151130 092000 8285
20151130 092002 8262
20151130 092011 8265
20151130 092011 8265
20151130 092011 8266
20151130 092020 8268
20151130 092024 8267
20151130 092024 8267
20151130 092055 8260
20151130 092057 8259
20151130 092059 8258
20151130 092100 8258
20151130 092104 8256
20151130 092111 8260
20151130 092139 8259
20151130 092139 8259
20151130 092139 8259
20151130 092141 8260
20151130 092147 8260
20151130 092151 8259
20151130 092203 8257
20151130 092207 8257
20151130 092222 8253
20151130 092222 8254
20151130 092222 8254
20151130 092226 8253
20151130 092226 8255
20151130 092237 8255
20151130 092243 8255
20151130 092351 8256
20151130 092356 8260
20151130 092356 8260
20151130 092356 8260
20151130 092356 8260
20151130 092356 8260
20151130 092358 8262
20151130 092401 8263
20151130 092403 8264
20151130 092403 8264
20151130 092403 8264
20151130 092404 8264
20151130 092404 8264
20151130 092413 8261
20151130 092422 8257
20151130 092448 8258
20151130 092504 8260
20151130 092523 8262
20151130 092524 8258
20151130 092524 8259
20151130 092524 8260
20151130 092524 8260
20151130 092525 8257
20151130 092525 8257
20151130 092531 8252
20151130 092532 8249
20151130 092532 8251
20151130 092533 8247
20151130 092534 8247
20151130 092534 8247
20151130 092549 8250
20151130 092552 8247
20151130 092559 8247
20151130 092600 8246
20151130 092602 8244
20151130 092602 8244
20151130 092603 8243
20151130 092603 8243
20151130 092603 8244
20151130 092608 8247
20151130 092612 8248
20151130 092620 8249
20151130 092627 8246
20151130 092653 8252
20151130 092659 8253
20151130 092703 8254
20151130 092704 8255
20151130 092710 8250
20151130 092720 8250
20151130 092739 8255
20151130 092759 8253
20151130 092825 8253
20151130 092835 8252
20151130 092837 8255
20151130 092838 8257
20151130 092859 8255
20151130 092859 8256
20151130 092909 8255
20151130 092915 8252
20151130 092916 8249
20151130 092922 8259
20151130 092942 8262
20151130 092942 8263
20151130 092944 8265
20151130 092948 8262
20151130 092949 8263
20151130 092949 8263
20151130 093000 8260
20151130 093020 8260
20151130 093025 8256
20151130 093033 8259
20151130 093034 8260
20151130 093034 8276
20151130 093035 8276
20151130 093036 8262
20151130 093036 8262
20151130 093041 8260
20151130 093046 8261
20151130 093049 8258
20151130 093102 8259
20151130 093107 8262
20151130 093107 8265
20151130 093119 8263
20151130 093129 8264
20151130 093147 8262
20151130 093150 8261
20151130 093154 8260
20151130 093202 8262
20151130 093224 8260
20151130 093225 8261
20151130 093231 8260
20151130 093231 8260
20151130 093256 8257
20151130 093256 8257
20151130 093256 8257
20151130 093257 8257
20151130 093257 8257
20151130 093257 8257
20151130 093300 8254
20151130 093301 8252
20151130 093302 8252
20151130 093302 8252
20151130 093302 8254
20151130 093310 8250
20151130 093310 8251
20151130 093310 8251
20151130 093310 8251
20151130 093310 8252
20151130 093311 8246
20151130 093311 8247
20151130 093311 8247
20151130 093311 8247
20151130 093317 8248
20151130 093401 8251
20151130 093414 8251
20151130 093432 8249
20151130 093447 8248
20151130 093447 8248
20151130 093448 8246
20151130 093451 8246
20151130 093455 8242
20151130 093455 8243
20151130 093455 8243
20151130 093455 8243
20151130 093455 8244
20151130 093455 8245
20151130 093455 8245
20151130 093455 8245
20151130 093456 8242
20151130 093456 8242
20151130 093456 8242
20151130 093456 8242
20151130 093456 8261
20151130 093457 8240
20151130 093457 8240
20151130 093457 8240
20151130 093457 8240
20151130 093457 8240
20151130 093457 8240
20151130 093457 8240
20151130 093502 8243
20151130 093519 8238
20151130 093519 8240
20151130 093519 8240
20151130 093519 8240
20151130 093520 8238
20151130 093520 8238
20151130 093521 8237
20151130 093521 8237
20151130 093524 8237
20151130 093527 8237
20151130 093528 8237
20151130 093531 8237
20151130 093532 8239
20151130 093532 8239
20151130 093538 8240
20151130 093601 8247
20151130 093601 8247
20151130 093619 8242
20151130 093646 8242
20151130 093701 8242
20151130 093702 8261
20151130 093705 8240
20151130 093710 8239
20151130 093710 8240
20151130 093711 8240
20151130 093737 8240
20151130 093737 8240
20151130 093744 8237
20151130 093744 8237
20151130 093744 8238
20151130 093745 8236
20151130 093745 8237
20151130 093746 8236
20151130 093747 8235
20151130 093747 8235
20151130 093747 8235
20151130 093747 8255
20151130 093750 8234
20151130 093752 8233
20151130 093752 8234
20151130 093752 8234
20151130 093753 8233
20151130 093753 8233
20151130 093755 8232
20151130 093755 8232
20151130 093755 8232
20151130 093755 8232
20151130 093755 8232
20151130 093755 8232
20151130 093755 8232
20151130 093756 8231
20151130 093810 8234
20151130 093844 8240
20151130 093844 8240
20151130 093844 8240
20151130 093844 8240
20151130 093900 8238
20151130 093903 8238
20151130 093914 8233
20151130 093915 8233
20151130 093929 8237
20151130 093931 8241
20151130 093953 8234
20151130 093954 8233
20151130 093955 8231
20151130 093955 8232
20151130 093955 8232
20151130 093955 8232
20151130 093956 8231
20151130 093959 8231
20151130 094000 8225
20151130 094000 8225
20151130 094000 8227
20151130 094000 8227
20151130 094000 8227
20151130 094000 8228
20151130 094000 8228
20151130 094000 8229
20151130 094000 8229
20151130 094000 8229
20151130 094000 8229
20151130 094000 8229
20151130 094000 8230
20151130 094000 8230
20151130 094000 8230
20151130 094000 8230
20151130 094001 8212
20151130 094001 8212
20151130 094001 8212
20151130 094001 8212
20151130 094001 8212
20151130 094001 8212
20151130 094001 8212
20151130 094001 8212
20151130 094001 8213
20151130 094001 8213
20151130 094001 8213
20151130 094001 8213
20151130 094001 8213
20151130 094001 8214
20151130 094001 8214
20151130 094001 8214
20151130 094001 8214
20151130 094001 8214
20151130 094001 8214
20151130 094001 8214
20151130 094001 8214
20151130 094001 8214
20151130 094001 8214
20151130 094001 8214
20151130 094001 8216
20151130 094001 8217
20151130 094001 8217
20151130 094001 8217
20151130 094001 8217
20151130 094001 8217
20151130 094001 8217
20151130 094001 8219
20151130 094001 8219
20151130 094001 8219
20151130 094001 8221
20151130 094001 8221
20151130 094001 8222
20151130 094001 8222
20151130 094001 8222
20151130 094001 8222
20151130 094001 8222
20151130 094001 8222
20151130 094001 8222
20151130 094001 8222
20151130 094001 8222
20151130 094001 8222
20151130 094001 8222
20151130 094001 8222
20151130 094001 8222
20151130 094001 8222
20151130 094001 8222
20151130 094001 8222
20151130 094001 8222
20151130 094001 8222
20151130 094001 8223
20151130 094001 8224
20151130 094001 8224
20151130 094001 8224
20151130 094001 8224
20151130 094001 8224
20151130 094001 8224
20151130 094001 8224
20151130 094001 8224
20151130 094001 8224
20151130 094001 8224
20151130 094001 8225
20151130 094001 8231
20151130 094001 8233
20151130 094001 8236
20151130 094001 8239
20151130 094001 8241
20151130 094001 8241
20151130 094002 8204
20151130 094002 8204
20151130 094002 8204
20151130 094002 8206
20151130 094002 8206
20151130 094002 8206
20151130 094002 8207
20151130 094002 8207
20151130 094002 8207
20151130 094002 8207
20151130 094002 8207
20151130 094002 8208
20151130 094002 8209
20151130 094002 8209
20151130 094002 8209
20151130 094002 8209
20151130 094002 8209
20151130 094002 8209
20151130 094002 8210
20151130 094004 8203
20151130 094004 8203
20151130 094004 8206
20151130 094004 8207
20151130 094004 8207
20151130 094005 8207
20151130 094006 8211
20151130 094007 8211
20151130 094011 8211
20151130 094011 8212
20151130 094012 8214
20151130 094012 8214
20151130 094014 8215
20151130 094016 8218
20151130 094017 8216
20151130 094018 8217
20151130 094019 8217
20151130 094021 8214
20151130 094021 8215
20151130 094025 8212
20151130 094028 8233
20151130 094028 8234
20151130 094028 8234
20151130 094029 8212
20151130 094029 8212
20151130 094029 8235
20151130 094029 8235
20151130 094029 8235
20151130 094029 8235
20151130 094029 8235
20151130 094030 8235
20151130 094030 8235
20151130 094030 8235
20151130 094030 8235
20151130 094030 8235
20151130 094031 8235
20151130 094032 8235
20151130 094034 8212
20151130 094034 8212
20151130 094036 8212
20151130 094038 8212
20151130 094043 8212
20151130 094047 8212
20151130 094048 8212
20151130 094048 8212
20151130 094103 8214
20151130 094104 8214
20151130 094107 8214
20151130 094109 8213
20151130 094111 8214
20151130 094112 8215
20151130 094115 8215
20151130 094137 8217
20151130 094140 8218
20151130 094147 8217
20151130 094147 8217
20151130 094147 8217
20151130 094147 8217
20151130 094149 8220
20151130 094150 8219
20151130 094209 8222
20151130 094209 8222
20151130 094210 8222
20151130 094211 8221
20151130 094215 8224
20151130 094215 8224
20151130 094216 8224
20151130 094217 8223
20151130 094221 8224
20151130 094222 8224
20151130 094226 8223
20151130 094230 8224
20151130 094249 8224
20151130 094252 8222
20151130 094300 8221
20151130 094300 8221
20151130 094300 8221
20151130 094313 8223
20151130 094313 8223
20151130 094314 8222
20151130 094318 8223
20151130 094333 8220
20151130 094333 8220
20151130 094333 8220
20151130 094339 8220
20151130 094347 8218
20151130 094347 8219
20151130 094351 8219
20151130 094400 8219
20151130 094400 8219
20151130 094400 8219
20151130 094403 8220
20151130 094412 8220
20151130 094418 8218
20151130 094419 8217
20151130 094422 8217
20151130 094422 8217
20151130 094428 8216
20151130 094431 8218
20151130 094439 8217
20151130 094440 8217
20151130 094442 8215
20151130 094442 8216
20151130 094443 8214
20151130 094452 8219
20151130 094452 8220
20151130 094452 8220
20151130 094453 8235
20151130 094458 8217
20151130 094500 8213
20151130 094500 8213
20151130 094500 8213
20151130 094500 8217
20151130 094501 8213
20151130 094502 8222
20151130 094502 8222
20151130 094503 8220
20151130 094504 8219
20151130 094504 8220
20151130 094513 8219
20151130 094516 8222
20151130 094520 8222
20151130 094524 8224
20151130 094524 8224
20151130 094524 8224
20151130 094525 8225
20151130 094525 8225
20151130 094526 8226
20151130 094528 8227
20151130 094534 8225
20151130 094534 8225
20151130 094536 8225
20151130 094541 8229
20151130 094541 8229
20151130 094541 8229
20151130 094541 8229
20151130 094541 8229
20151130 094541 8229
20151130 094541 8232
20151130 094541 8232
20151130 094541 8232
20151130 094541 8232
20151130 094541 8232
20151130 094541 8232
20151130 094541 8233
20151130 094541 8234
20151130 094541 8234
20151130 094541 8234
20151130 094541 8250
20151130 094542 8233
20151130 094542 8236
20151130 094542 8238
20151130 094542 8240
20151130 094542 8240
20151130 094542 8240
20151130 094542 8241
20151130 094542 8241
20151130 094542 8241
20151130 094542 8242
20151130 094542 8242
20151130 094542 8242
20151130 094542 8244
20151130 094542 8244
20151130 094542 8245
20151130 094542 8260
20151130 094542 8260
20151130 094542 8260
20151130 094545 8238
20151130 094548 8236
20151130 094549 8237
20151130 094554 8254
20151130 094559 8236
20151130 094559 8238
20151130 094603 8236
20151130 094604 8262
20151130 094608 8236
20151130 094612 8237
20151130 094626 8237
20151130 094629 8239
20151130 094636 8241
20151130 094643 8239
20151130 094644 8238
20151130 094649 8238
20151130 094702 8238
20151130 094702 8238
20151130 094702 8238
20151130 094724 8234
20151130 094732 8237
20151130 094733 8235
20151130 094748 8237
20151130 094809 8239
20151130 094809 8240
20151130 094810 8240
20151130 094810 8241
20151130 094815 8239
20151130 094815 8239
20151130 094828 8241
20151130 094836 8257
20151130 094847 8240
20151130 094852 8239
20151130 094852 8239
20151130 094855 8238
20151130 094855 8240
20151130 094857 8239
20151130 094905 8236
20151130 094909 8234
20151130 094909 8234
20151130 094909 8234
20151130 094909 8234
20151130 094909 8234
20151130 094909 8234
20151130 094909 8235
20151130 094911 8236
20151130 094927 8237
20151130 094927 8237
20151130 094937 8239
20151130 095001 8239
20151130 095001 8254
20151130 095006 8239
20151130 095009 8242
20151130 095010 8242
20151130 095024 8240
20151130 095034 8242
20151130 095036 8242
20151130 095048 8242
20151130 095052 8242
20151130 095055 8241
20151130 095101 8244
20151130 095101 8245
20151130 095104 8243
20151130 095113 8241
20151130 095121 8242
20151130 095123 8242
20151130 095131 8243
20151130 095148 8245
20151130 095148 8246
20151130 095149 8246
20151130 095149 8247
20151130 095149 8247
20151130 095149 8247
20151130 095200 8247
20151130 095220 8246
20151130 095221 8247
20151130 095221 8247
20151130 095222 8249
20151130 095222 8250
20151130 095222 8251
20151130 095222 8252
20151130 095222 8252
20151130 095222 8252
20151130 095222 8253
20151130 095222 8254
20151130 095222 8254
20151130 095222 8254
20151130 095222 8254
20151130 095222 8254
20151130 095222 8254
20151130 095222 8256
20151130 095222 8256
20151130 095222 8266
20151130 095223 8257
20151130 095223 8257
20151130 095223 8257
20151130 095223 8257
20151130 095223 8257
20151130 095223 8257
20151130 095234 8250
20151130 095259 8247
20151130 095326 8247
20151130 095329 8246
20151130 095329 8246
20151130 095330 8246
20151130 095332 8246
20151130 095412 8249
20151130 095412 8250
20151130 095412 8250
20151130 095431 8244
20151130 095433 8245
20151130 095433 8246
20151130 095514 8245
20151130 095529 8244
20151130 095529 8245
20151130 095607 8244
20151130 095635 8245
20151130 095723 8249
20151130 095723 8266
20151130 095730 8249
20151130 095746 8250
20151130 095746 8250
20151130 095805 8252
20151130 095809 8254
20151130 095812 8254
20151130 095812 8254
20151130 095847 8253
20151130 095850 8254
20151130 095850 8254
20151130 095900 8258
20151130 095900 8259
20151130 095900 8259
20151130 095900 8259
20151130 095900 8259
20151130 095900 8259
20151130 095900 8275
20151130 095908 8259
20151130 095908 8262
20151130 095909 8262
20151130 095909 8262
20151130 095909 8263
20151130 095909 8264
20151130 095909 8264
20151130 095909 8264
20151130 095909 8281
20151130 095921 8261
20151130 095939 8260
20151130 095939 8260
20151130 095939 8261
20151130 095955 8256
20151130 095956 8278
20151130 100007 8261
20151130 100023 8263
20151130 100038 8258
20151130 100053 8263
20151130 100053 8263
20151130 100053 8264
20151130 100053 8264
20151130 100053 8265
20151130 100053 8265
20151130 100053 8265
20151130 100053 8265
20151130 100053 8266
20151130 100053 8266
20151130 100053 8266
20151130 100053 8266
20151130 100053 8267
20151130 100053 8267
20151130 100053 8268
20151130 100053 8268
20151130 100053 8269
20151130 100053 8269
20151130 100053 8269
20151130 100053 8269
20151130 100053 8269
20151130 100053 8269
20151130 100053 8269
20151130 100053 8269
20151130 100053 8281
20151130 100054 8270
20151130 100054 8270
20151130 100054 8271
20151130 100105 8281
20151130 100112 8269
20151130 100118 8266
20151130 100129 8265
20151130 100200 8266
20151130 100200 8266
20151130 100200 8266
20151130 100202 8267
20151130 100202 8267
20151130 100203 8267
20151130 100300 8268
20151130 100301 8269
20151130 100301 8270
20151130 100302 8271
20151130 100302 8272
20151130 100302 8272
20151130 100302 8272
20151130 100302 8272
20151130 100302 8272
20151130 100302 8272
20151130 100303 8273
20151130 100303 8273
20151130 100303 8273
20151130 100303 8273
20151130 100318 8267
20151130 100328 8281
20151130 100341 8261
20151130 100344 8262
20151130 100402 8260
20151130 100403 8259
20151130 100405 8260
20151130 100410 8264
20151130 100441 8262
20151130 100448 8262
20151130 100511 8261
20151130 100514 8274
20151130 100519 8258
20151130 100559 8254
20151130 100616 8256
20151130 100625 8259
20151130 100625 8259
20151130 100625 8259
20151130 100625 8259
20151130 100625 8259
20151130 100638 8260
20151130 100646 8260
20151130 100713 8263
20151130 100716 8264
20151130 100716 8264
20151130 100718 8263
20151130 100831 8257
20151130 100832 8256
20151130 100832 8256
20151130 100832 8256
20151130 100835 8255
20151130 100920 8259
20151130 100930 8259
20151130 101006 8253
20151130 101006 8254
20151130 101006 8254
20151130 101006 8254
20151130 101007 8252
20151130 101008 8251
20151130 101105 8255
20151130 101111 8255
20151130 101112 8254
20151130 101124 8254
20151130 101252 8252
20151130 101314 8253
20151130 101321 8251
20151130 101321 8251
20151130 101321 8252
20151130 101321 8270
20151130 101334 8249
20151130 101352 8254
20151130 101459 8256
20151130 101500 8256
20151130 101500 8256
20151130 101500 8257
20151130 101501 8257
20151130 101501 8257
20151130 101501 8257
20151130 101504 8258
20151130 101509 8262
20151130 101511 8262
20151130 101518 8263
20151130 101518 8263
20151130 101607 8266
20151130 101607 8267
20151130 101607 8267
20151130 101608 8269
20151130 101608 8269
20151130 101608 8269
20151130 101608 8269
20151130 101608 8269
20151130 101608 8269
20151130 101608 8270
20151130 101608 8270
20151130 101608 8270
20151130 101617 8265
20151130 101646 8264
20151130 101718 8262
20151130 101720 8262
20151130 101722 8262
20151130 101722 8262
20151130 101724 8262
20151130 101724 8262
20151130 101725 8262
20151130 101739 8259
20151130 101739 8259
20151130 101740 8258
20151130 101746 8257
20151130 101929 8267
20151130 101937 8262
20151130 101945 8262
20151130 102002 8266
20151130 102007 8266
20151130 102028 8270
20151130 102028 8270
20151130 102028 8272
20151130 102028 8272
20151130 102029 8286
20151130 102037 8272
20151130 102037 8273
20151130 102037 8274
20151130 102037 8274
20151130 102037 8274
20151130 102037 8274
20151130 102037 8274
20151130 102038 8275
20151130 102038 8275
20151130 102038 8275
20151130 102040 8273
20151130 102153 8258
20151130 102158 8257
20151130 102158 8258
20151130 102159 8256
20151130 102202 8256
20151130 102210 8254
20151130 102212 8253
20151130 102214 8267
20151130 102230 8251
20151130 102302 8250
20151130 102302 8251
20151130 102303 8249
20151130 102303 8249
20151130 102303 8249
20151130 102304 8248
20151130 102305 8247
20151130 102317 8247
20151130 102317 8247
20151130 102318 8246
20151130 102318 8265
20151130 102331 8248
20151130 102334 8248
20151130 102408 8271
20151130 102409 8251
20151130 102425 8271
20151130 102508 8249
20151130 102521 8249
20151130 102526 8247
20151130 102527 8247
20151130 102528 8247
20151130 102529 8246
20151130 102530 8246
20151130 102530 8246
20151130 102530 8246
20151130 102531 8245
20151130 102531 8245
20151130 102531 8245
20151130 102531 8245
20151130 102532 8244
20151130 102538 8244
20151130 102547 8244
20151130 102610 8244
20151130 102626 8244
20151130 102638 8247
20151130 102649 8247
20151130 102649 8247
20151130 102649 8247
20151130 102649 8247
20151130 102658 8266
20151130 102730 8249
20151130 102741 8249
20151130 102752 8248
20151130 102804 8248
20151130 102820 8249
20151130 102833 8249
20151130 102847 8247
20151130 102900 8247
20151130 102908 8247
20151130 102931 8253
20151130 102932 8253
20151130 102945 8253
20151130 103034 8271
20151130 103137 8252
20151130 103143 8252
20151130 103219 8251
20151130 103225 8250
20151130 103225 8250
20151130 103231 8248
20151130 103413 8252
20151130 103427 8254
20151130 103518 8258
20151130 103529 8255
20151130 103531 8254
20151130 103531 8254
20151130 103531 8254
20151130 103531 8254
20151130 103531 8254
20151130 103554 8254
20151130 103612 8252
20151130 103612 8252
20151130 103644 8250
20151130 103644 8250
20151130 103644 8250
20151130 103646 8249
20151130 103721 8249
20151130 103743 8252
20151130 103821 8250
20151130 103821 8250
20151130 103949 8252
20151130 103952 8252
20151130 104032 8246
20151130 104032 8246
20151130 104032 8246
20151130 104033 8244
20151130 104033 8244
20151130 104033 8244
20151130 104034 8243
20151130 104244 8244
20151130 104249 8244
20151130 104255 8244
20151130 104259 8244
20151130 104313 8244
20151130 104336 8249
20151130 104336 8249
20151130 104350 8247
20151130 104353 8245
20151130 104353 8245
20151130 104353 8247
20151130 104400 8243
20151130 104401 8236
20151130 104401 8236
20151130 104401 8236
20151130 104401 8237
20151130 104401 8237
20151130 104401 8239
20151130 104401 8239
20151130 104401 8241
20151130 104401 8241
20151130 104401 8241
20151130 104401 8241
20151130 104401 8241
20151130 104401 8241
20151130 104401 8241
20151130 104401 8242
20151130 104401 8242
20151130 104401 8242
20151130 104401 8242
20151130 104401 8242
20151130 104401 8260
20151130 104402 8232
20151130 104402 8232
20151130 104402 8234
20151130 104407 8237
20151130 104413 8239
20151130 104413 8239
20151130 104427 8240
20151130 104606 8244
20151130 104606 8244
20151130 104614 8245
20151130 104616 8263
20151130 104640 8245
20151130 104640 8246
20151130 104641 8245
20151130 104709 8245
20151130 104727 8245
20151130 104727 8245
20151130 104802 8246
20151130 104836 8243
20151130 104859 8242
20151130 104955 8242
20151130 105132 8245
20151130 105209 8246
20151130 105244 8245
20151130 105303 8247
20151130 105339 8249
20151130 105355 8250
20151130 105356 8250
20151130 105408 8250
20151130 105430 8254
20151130 105500 8253
20151130 105517 8252
20151130 105548 8248
20151130 105549 8248
20151130 105553 8248
20151130 105555 8248
20151130 105722 8251
20151130 105817 8250
20151130 105817 8250
20151130 105817 8250
20151130 105834 8245
20151130 105838 8245
20151130 105850 8247
20151130 105900 8246
20151130 105900 8246
20151130 105918 8248
20151130 110005 8245
20151130 110006 8245
20151130 110006 8246
20151130 110036 8246
20151130 110055 8244
20151130 110105 8245
20151130 110111 8243
20151130 110112 8241
20151130 110112 8242
20151130 110144 8236
20151130 110144 8237
20151130 110144 8237
20151130 110144 8237
20151130 110210 8259
20151130 110233 8238
20151130 110302 8239
20151130 110341 8234
20151130 110341 8236
20151130 110341 8236
20151130 110342 8232
20151130 110342 8232
20151130 110342 8232
20151130 110349 8235
20151130 110355 8232
20151130 110355 8233
20151130 110442 8235
20151130 110459 8231
20151130 110459 8231
20151130 110459 8231
20151130 110459 8231
20151130 110459 8231
20151130 110459 8231
20151130 110459 8231
20151130 110500 8231
20151130 110501 8231
20151130 110501 8231
20151130 110501 8231
20151130 110501 8231
20151130 110501 8231
20151130 110501 8231
20151130 110501 8231
20151130 110501 8231
20151130 110501 8231
20151130 110501 8231
20151130 110501 8231
20151130 110501 8231
20151130 110501 8231
20151130 110501 8231
20151130 110502 8229
20151130 110502 8229
20151130 110502 8229
20151130 110502 8229
20151130 110503 8229
20151130 110503 8229
20151130 110503 8229
20151130 110506 8230
20151130 110532 8228
20151130 110538 8226
20151130 110545 8227
20151130 110547 8227
20151130 110552 8228
20151130 110607 8243
20151130 110655 8228
20151130 110657 8242
20151130 110703 8227
20151130 110718 8231
20151130 110718 8232
20151130 110718 8232
20151130 110722 8234
20151130 110723 8234
20151130 110725 8234
20151130 110726 8234
20151130 110727 8234
20151130 110744 8231
20151130 110805 8228
20151130 110805 8228
20151130 110826 8241
20151130 110826 8241
20151130 110828 8226
20151130 110829 8226
20151130 110836 8228
20151130 110904 8229
20151130 110919 8226
20151130 110920 8226
20151130 110920 8226
20151130 110920 8226
20151130 110920 8226
20151130 110920 8226
20151130 110922 8224
20151130 110922 8224
20151130 110922 8225
20151130 110922 8225
20151130 110922 8225
20151130 110922 8225
20151130 110922 8225
20151130 110922 8225
20151130 110922 8225
20151130 110923 8224
20151130 110949 8224
20151130 110953 8223
20151130 110953 8223
20151130 110953 8223
20151130 110953 8223
20151130 110954 8223
20151130 110955 8222
20151130 110956 8222
20151130 110958 8222
20151130 111000 8222
20151130 111000 8222
20151130 111000 8223
20151130 111002 8222
20151130 111005 8221
20151130 111005 8221
20151130 111007 8221
20151130 111041 8229
20151130 111106 8235
20151130 111155 8230
20151130 111248 8230
20151130 111315 8234
20151130 111355 8236
20151130 111402 8237
20151130 111402 8237
20151130 111407 8237
20151130 111408 8239
20151130 111409 8239
20151130 111416 8255
20151130 111417 8238
20151130 111417 8255
20151130 111430 8235
20151130 111603 8238
20151130 111642 8238
20151130 111710 8237
20151130 111803 8239
20151130 111803 8239
20151130 111803 8240
20151130 111803 8240
20151130 111803 8240
20151130 111806 8240
20151130 111854 8240
20151130 111857 8240
20151130 111932 8241
20151130 111938 8239
20151130 111941 8238
20151130 111944 8238
20151130 111944 8238
20151130 111946 8236
20151130 112223 8241
20151130 112226 8240
20151130 112227 8239
20151130 112240 8242
20151130 112352 8242
20151130 112426 8239
20151130 112426 8239
20151130 112426 8239
20151130 112433 8237
20151130 112433 8237
20151130 112434 8237
20151130 112434 8237
20151130 112451 8239
20151130 112454 8240
20151130 112456 8240
20151130 112459 8240
20151130 112529 8239
20151130 112601 8239
20151130 112645 8240
20151130 112645 8240
20151130 112645 8240
20151130 112645 8240
20151130 112645 8240
20151130 112657 8240
20151130 112659 8241
20151130 112754 8240
20151130 112921 8236
20151130 112921 8236
20151130 112922 8236
20151130 112924 8236
20151130 112924 8237
20151130 112926 8236
20151130 112936 8235
20151130 112940 8235
20151130 113011 8234
20151130 113045 8235
20151130 113116 8233
20151130 113121 8232
20151130 113133 8235
20151130 113201 8232
20151130 113201 8232
20151130 113201 8232
20151130 113218 8235
20151130 113257 8234
20151130 113257 8234
20151130 113306 8234
20151130 113341 8235
20151130 113435 8237
20151130 113516 8234
20151130 113629 8230
20151130 113647 8232
20151130 113647 8232
20151130 113647 8232
20151130 113910 8229
20151130 113910 8229
20151130 113926 8228
20151130 113939 8229
20151130 114003 8232
20151130 114040 8231
20151130 114118 8249
20151130 114122 8249
20151130 114136 8229
20151130 114140 8230
20151130 114208 8230
20151130 114316 8231
20151130 114319 8232
20151130 114439 8229
20151130 114500 8227
20151130 114500 8227
20151130 114500 8228
20151130 114501 8226
20151130 114552 8234
20151130 114635 8249
20151130 114751 8234
20151130 114810 8234
20151130 114810 8234
20151130 114941 8232
20151130 114959 8233
20151130 114959 8251
20151130 115013 8232
20151130 115146 8231
20151130 115146 8231
20151130 115148 8228
20151130 115148 8228
20151130 115148 8228
20151130 115148 8229
20151130 115149 8226
20151130 115149 8226
20151130 115149 8226
20151130 115149 8227
20151130 115228 8225
20151130 115348 8229
20151130 115503 8228
20151130 115503 8229
20151130 115503 8229
20151130 115540 8229
20151130 115629 8199
20151130 115629 8231
20151130 115654 8232
20151130 115655 8234
20151130 115655 8234
20151130 115658 8232
20151130 115658 8232
20151130 115659 8232
20151130 115709 8234
20151130 115813 8233
20151130 115919 8237
20151130 115939 8234
20151130 115959 8233
20151130 120000 8232
20151130 120001 8232
20151130 120002 8232
20151130 120038 8231
20151130 120038 8231
20151130 120236 8236
20151130 120243 8237
20151130 120329 8251
20151130 120417 8238
20151130 120418 8237
20151130 120418 8237
20151130 120441 8236
20151130 120736 8237
20151130 120903 8235
20151130 120903 8235
20151130 120903 8235
20151130 121005 8231
20151130 121005 8231
20151130 121021 8230
20151130 121050 8233
20151130 121050 8233
20151130 121128 8229
20151130 121129 8229
20151130 121129 8229
20151130 121141 8227
20151130 121143 8227
20151130 121143 8227
20151130 121143 8227
20151130 121143 8227
20151130 121205 8226
20151130 121205 8226
20151130 121206 8223
20151130 121206 8223
20151130 121206 8224
20151130 121206 8225
20151130 121211 8225
20151130 121215 8225
20151130 121227 8225
20151130 121303 8224
20151130 121308 8225
20151130 121321 8227
20151130 121322 8228
20151130 121444 8227
20151130 121453 8226
20151130 121549 8227
20151130 121600 8229
20151130 121617 8231
20151130 121645 8230
20151130 121833 8231
20151130 121833 8232
20151130 121833 8233
20151130 121834 8233
20151130 121912 8234
20151130 121912 8234
20151130 121915 8236
20151130 121915 8236
20151130 121916 8236
20151130 121916 8236
20151130 122117 8236
20151130 122117 8236
20151130 122117 8236
20151130 122243 8235
20151130 122619 8233
20151130 122800 8234
20151130 122908 8235
20151130 122910 8235
20151130 122911 8235
20151130 122911 8236
20151130 123030 8233
20151130 123054 8230
20151130 123107 8228
20151130 123120 8225
20151130 123120 8225
20151130 123120 8225
20151130 123120 8225
20151130 123124 8224
20151130 123125 8223
20151130 123126 8222
20151130 123126 8222
20151130 123128 8222
20151130 123130 8221
20151130 123130 8221
20151130 123131 8221
20151130 123157 8227
20151130 123306 8227
20151130 123308 8227
20151130 123308 8227
20151130 123408 8226
20151130 123428 8226
20151130 123430 8226
20151130 123436 8241
20151130 123437 8226
20151130 123438 8226
20151130 123444 8226
20151130 123451 8227
20151130 123453 8228
20151130 123455 8227
20151130 123711 8225
20151130 123732 8228
20151130 123732 8228
20151130 123838 8228
20151130 123852 8243
20151130 123935 8228
20151130 123952 8227
20151130 124006 8227
20151130 124024 8227
20151130 124050 8232
20151130 124051 8232
20151130 124103 8234
20151130 124103 8234
20151130 124125 8234
20151130 124140 8234
20151130 124200 8232
20151130 124205 8230
20151130 124237 8234
20151130 124237 8234
20151130 124237 8236
20151130 124238 8236
20151130 124238 8237
20151130 124238 8238
20151130 124238 8239
20151130 124239 8240
20151130 124239 8241
20151130 124239 8242
20151130 124250 8242
20151130 124250 8243
20151130 124250 8244
20151130 124250 8244
20151130 124250 8244
20151130 124250 8244
20151130 124250 8244
20151130 124259 8243
20151130 124301 8244
20151130 124337 8241
20151130 124339 8242
20151130 124416 8242
20151130 124519 8242
20151130 124524 8239
20151130 124529 8240
20151130 124556 8238
20151130 124657 8240
20151130 124730 8252
20151130 124730 8252
20151130 124831 8239
20151130 124859 8239
20151130 125001 8241
20151130 125008 8240
20151130 125024 8241
20151130 125027 8241
20151130 125034 8242
20151130 125039 8241
20151130 125042 8242
20151130 125045 8242
20151130 125045 8242
20151130 125045 8242
20151130 125100 8243
20151130 125113 8243
20151130 125113 8243
20151130 125113 8244
20151130 125113 8244
20151130 125113 8244
20151130 125117 8246
20151130 125138 8244
20151130 125147 8247
20151130 125211 8263
20151130 125332 8244
20151130 125332 8244
20151130 125332 8244
20151130 125500 8247
20151130 125500 8247
20151130 125501 8248
20151130 125501 8248
20151130 125501 8248
20151130 125502 8248
20151130 125502 8249
20151130 125503 8249
20151130 125524 8246
20151130 125524 8246
20151130 125701 8244
20151130 125701 8246
20151130 125714 8245
20151130 125748 8249
20151130 125750 8249
20151130 125756 8251
20151130 125756 8251
20151130 125756 8251
20151130 125756 8252
20151130 125756 8252
20151130 125756 8252
20151130 125756 8252
20151130 125757 8252
20151130 125757 8252
20151130 125757 8252
20151130 125758 8252
20151130 125758 8253
20151130 125758 8253
20151130 125758 8253
20151130 125759 8254
20151130 125759 8254
20151130 125759 8254
20151130 125759 8254
20151130 125759 8254
20151130 125759 8254
20151130 125759 8254
20151130 125759 8254
20151130 125759 8254
20151130 125759 8254
20151130 125759 8254
20151130 125759 8254
20151130 125759 8254
20151130 125759 8254
20151130 125759 8254
20151130 125759 8254
20151130 125802 8252
20151130 125843 8252
20151130 125844 8252
20151130 125902 8254
20151130 125903 8255
20151130 125903 8255
20151130 125903 8255
20151130 125903 8256
20151130 125903 8256
20151130 125903 8256
20151130 125903 8256
20151130 125903 8257
20151130 125903 8257
20151130 125903 8257
20151130 125916 8257
20151130 125931 8254
20151130 125943 8255
20151130 130001 8254
20151130 130001 8255
20151130 130005 8255
20151130 130017 8252
20151130 130019 8253
20151130 130029 8255
20151130 130042 8252
20151130 130052 8252
20151130 130052 8253
20151130 130128 8257
20151130 130146 8258
20151130 130146 8258
20151130 130146 8258
20151130 130146 8259
20151130 130146 8259
20151130 130146 8259
20151130 130146 8259
20151130 130146 8259
20151130 130147 8260
20151130 130200 8259
20151130 130241 8260
20151130 130241 8260
20151130 130241 8261
20151130 130241 8262
20151130 130242 8262
20151130 130242 8262
20151130 130242 8262
20151130 130242 8263
20151130 130242 8263
20151130 130242 8263
20151130 130242 8263
20151130 130242 8264
20151130 130242 8264
20151130 130242 8276
20151130 130307 8257
20151130 130342 8275
20151130 130503 8260
20151130 130503 8261
20151130 130540 8257
20151130 130540 8258
20151130 130633 8258
20151130 130655 8256
20151130 130657 8254
20151130 130738 8251
20151130 130741 8252
20151130 130742 8252
20151130 130812 8253
20151130 130920 8251
20151130 130920 8251
20151130 130921 8250
20151130 131010 8248
20151130 131113 8253
20151130 131114 8253
20151130 131152 8254
20151130 131152 8254
20151130 131241 8249
20151130 131244 8248
20151130 131247 8249
20151130 131300 8249
20151130 131354 8251
20151130 131414 8252
20151130 131414 8252
20151130 131446 8254
20151130 131455 8254
20151130 131455 8254
20151130 131455 8254
20151130 131500 8254
20151130 131512 8252
20151130 131714 8249
20151130 131714 8249
20151130 131722 8247
20151130 131723 8247
20151130 131810 8252
20151130 131917 8267
20151130 132000 8267
20151130 132023 8252
20151130 132101 8252
20151130 132101 8253
20151130 132101 8253
20151130 132101 8253
20151130 132101 8254
20151130 132101 8254
20151130 132101 8254
20151130 132101 8254
20151130 132102 8269
20151130 132141 8254
20151130 132147 8255
20151130 132214 8252
20151130 132445 8253
20151130 132501 8256
20151130 132502 8256
20151130 132502 8256
20151130 132502 8256
20151130 132502 8257
20151130 132502 8257
20151130 132505 8257
20151130 132506 8257
20151130 132507 8258
20151130 132507 8258
20151130 132507 8259
20151130 132507 8259
20151130 132507 8260
20151130 132507 8262
20151130 132507 8262
20151130 132507 8262
20151130 132507 8262
20151130 132507 8264
20151130 132507 8264
20151130 132507 8264
20151130 132507 8264
20151130 132507 8264
20151130 132507 8264
20151130 132507 8264
20151130 132508 8265
20151130 132508 8266
20151130 132508 8266
20151130 132508 8266
20151130 132508 8266
20151130 132508 8266
20151130 132508 8267
20151130 132508 8267
20151130 132508 8267
20151130 132508 8268
20151130 132508 8269
20151130 132508 8269
20151130 132508 8269
20151130 132508 8269
20151130 132509 8268
20151130 132510 8268
20151130 132510 8270
20151130 132510 8270
20151130 132510 8270
20151130 132510 8271
20151130 132510 8272
20151130 132510 8272
20151130 132510 8272
20151130 132511 8273
20151130 132511 8274
20151130 132511 8274
20151130 132511 8274
20151130 132511 8274
20151130 132511 8274
20151130 132511 8274
20151130 132511 8274
20151130 132511 8274
20151130 132511 8274
20151130 132512 8274
20151130 132512 8274
20151130 132512 8274
20151130 132512 8274
20151130 132512 8274
20151130 132512 8274
20151130 132512 8275
20151130 132512 8275
20151130 132512 8275
20151130 132512 8275
20151130 132512 8275
20151130 132512 8276
20151130 132512 8276
20151130 132512 8276
20151130 132512 8276
20151130 132512 8276
20151130 132512 8276
20151130 132512 8276
20151130 132512 8276
20151130 132512 8276
20151130 132512 8276
20151130 132512 8277
20151130 132512 8277
20151130 132512 8278
20151130 132513 8276
20151130 132513 8278
20151130 132513 8278
20151130 132513 8279
20151130 132513 8279
20151130 132515 8276
20151130 132515 8279
20151130 132515 8279
20151130 132516 8280
20151130 132516 8280
20151130 132516 8280
20151130 132516 8281
20151130 132516 8281
20151130 132517 8282
20151130 132517 8282
20151130 132517 8282
20151130 132517 8282
20151130 132517 8282
20151130 132517 8282
20151130 132517 8282
20151130 132517 8282
20151130 132517 8283
20151130 132517 8284
20151130 132517 8284
20151130 132517 8284
20151130 132517 8284
20151130 132517 8298
20151130 132518 8282
20151130 132518 8284
20151130 132518 8284
20151130 132518 8284
20151130 132518 8284
20151130 132518 8284
20151130 132518 8284
20151130 132518 8284
20151130 132522 8281
20151130 132525 8284
20151130 132525 8285
20151130 132525 8285
20151130 132525 8285
20151130 132525 8285
20151130 132525 8286
20151130 132525 8286
20151130 132525 8286
20151130 132525 8286
20151130 132526 8284
20151130 132528 8286
20151130 132529 8286
20151130 132531 8287
20151130 132533 8287
20151130 132534 8288
20151130 132534 8288
20151130 132535 8288
20151130 132535 8288
20151130 132536 8289
20151130 132536 8289
20151130 132537 8289
20151130 132537 8289
20151130 132537 8290
20151130 132537 8290
20151130 132537 8291
20151130 132537 8291
20151130 132537 8292
20151130 132537 8292
20151130 132537 8292
20151130 132537 8292
20151130 132537 8292
20151130 132537 8305
20151130 132538 8293
20151130 132538 8293
20151130 132538 8293
20151130 132538 8293
20151130 132539 8294
20151130 132539 8294
20151130 132539 8294
20151130 132539 8294
20151130 132539 8294
20151130 132540 8294
20151130 132541 8292
20151130 132542 8293
20151130 132543 8297
20151130 132544 8296
20151130 132545 8295
20151130 132545 8298
20151130 132546 8297
20151130 132546 8299
20151130 132546 8299
20151130 132546 8299
20151130 132548 8300
20151130 132548 8300
20151130 132548 8301
20151130 132550 8314
20151130 132550 8314
20151130 132554 8294
20151130 132554 8295
20151130 132557 8293
20151130 132558 8293
20151130 132559 8291
20151130 132600 8291
20151130 132603 8296
20151130 132604 8296
20151130 132605 8296
20151130 132606 8296
20151130 132608 8297
20151130 132610 8299
20151130 132610 8300
20151130 132613 8298
20151130 132613 8298
20151130 132615 8299
20151130 132615 8299
20151130 132616 8299
20151130 132618 8302
20151130 132618 8302
20151130 132618 8302
20151130 132618 8304
20151130 132618 8304
20151130 132618 8304
20151130 132618 8304
20151130 132618 8304
20151130 132618 8304
20151130 132618 8304
20151130 132618 8304
20151130 132618 8304
20151130 132618 8304
20151130 132618 8304
20151130 132618 8304
20151130 132618 8304
20151130 132618 8304
20151130 132618 8304
20151130 132618 8304
20151130 132618 8304
20151130 132618 8304
20151130 132618 8304
20151130 132619 8304
20151130 132619 8304
20151130 132619 8304
20151130 132622 8304
20151130 132628 8299
20151130 132629 8299
20151130 132633 8302
20151130 132637 8301
20151130 132640 8300
20151130 132641 8300
20151130 132643 8304
20151130 132643 8304
20151130 132643 8304
20151130 132643 8304
20151130 132643 8304
20151130 132643 8304
20151130 132643 8304
20151130 132644 8303
20151130 132644 8305
20151130 132644 8305
20151130 132644 8305
20151130 132644 8305
20151130 132644 8306
20151130 132644 8306
20151130 132644 8306
20151130 132644 8306
20151130 132644 8306
20151130 132644 8307
20151130 132645 8308
20151130 132645 8308
20151130 132647 8310
20151130 132648 8305
20151130 132652 8305
20151130 132652 8305
20151130 132652 8306
20151130 132656 8306
20151130 132659 8310
20151130 132659 8310
20151130 132659 8310
20151130 132659 8310
20151130 132659 8311
20151130 132659 8312
20151130 132659 8313
20151130 132659 8313
20151130 132659 8314
20151130 132659 8314
20151130 132659 8314
20151130 132659 8314
20151130 132659 8315
20151130 132659 8324
20151130 132700 8317
20151130 132700 8317
20151130 132700 8319
20151130 132700 8319
20151130 132700 8319
20151130 132700 8319
20151130 132700 8320
20151130 132700 8321
20151130 132700 8322
20151130 132700 8322
20151130 132700 8322
20151130 132700 8322
20151130 132700 8323
20151130 132700 8324
20151130 132700 8324
20151130 132700 8324
20151130 132700 8324
20151130 132700 8325
20151130 132700 8326
20151130 132700 8326
20151130 132700 8327
20151130 132700 8329
20151130 132700 8330
20151130 132700 8332
20151130 132700 8334
20151130 132700 8334
20151130 132700 8334
20151130 132700 8334
20151130 132700 8334
20151130 132700 8335
20151130 132700 8335
20151130 132700 8335
20151130 132700 8336
20151130 132700 8336
20151130 132700 8336
20151130 132700 8338
20151130 132700 8338
20151130 132700 8339
20151130 132700 8339
20151130 132700 8341
20151130 132700 8341
20151130 132700 8342
20151130 132700 8342
20151130 132700 8342
20151130 132700 8342
20151130 132700 8342
20151130 132700 8342
20151130 132700 8342
20151130 132700 8342
20151130 132700 8342
20151130 132700 8342
20151130 132700 8343
20151130 132700 8343
20151130 132700 8345
20151130 132701 8328
20151130 132701 8344
20151130 132701 8344
20151130 132701 8344
20151130 132701 8345
20151130 132701 8345
20151130 132702 8324
20151130 132704 8323
20151130 132704 8323
20151130 132704 8327
20151130 132705 8324
20151130 132705 8340
20151130 132705 8340
20151130 132705 8340
20151130 132705 8340
20151130 132705 8340
20151130 132708 8314
20151130 132708 8316
20151130 132708 8317
20151130 132709 8311
20151130 132711 8313
20151130 132714 8311
20151130 132714 8314
20151130 132718 8314
20151130 132718 8314
20151130 132718 8314
20151130 132720 8315
20151130 132731 8308
20151130 132733 8307
20151130 132733 8307
20151130 132733 8309
20151130 132737 8309
20151130 132742 8309
20151130 132742 8310
20151130 132743 8311
20151130 132743 8311
20151130 132743 8312
20151130 132746 8310
20151130 132746 8310
20151130 132747 8311
20151130 132751 8309
20151130 132752 8307
20151130 132757 8304
20151130 132759 8299
20151130 132759 8300
20151130 132759 8300
20151130 132800 8297
20151130 132800 8298
20151130 132813 8295
20151130 132814 8293
20151130 132814 8293
20151130 132816 8291
20151130 132817 8289
20151130 132817 8289
20151130 132817 8289
20151130 132821 8291
20151130 132821 8291
20151130 132823 8286
20151130 132823 8288
20151130 132826 8283
20151130 132827 8282
20151130 132828 8278
20151130 132829 8280
20151130 132843 8287
20151130 132844 8288
20151130 132844 8288
20151130 132845 8287
20151130 132853 8288
20151130 132858 8289
20151130 132901 8287
20151130 132902 8284
20151130 132902 8285
20151130 132902 8286
20151130 132907 8282
20151130 132912 8287
20151130 132913 8289
20151130 132919 8283
20151130 132938 8291
20151130 132938 8291
20151130 132941 8293
20151130 132942 8294
20151130 132942 8294
20151130 132946 8295
20151130 132947 8295
20151130 132959 8291
20151130 133000 8282
20151130 133000 8282
20151130 133000 8284
20151130 133000 8284
20151130 133000 8285
20151130 133000 8289
20151130 133002 8282
20151130 133003 8281
20151130 133003 8281
20151130 133003 8281
20151130 133009 8305
20151130 133009 8306
20151130 133012 8285
20151130 133015 8281
20151130 133015 8281
20151130 133016 8272
20151130 133016 8274
20151130 133016 8274
20151130 133016 8276
20151130 133016 8276
20151130 133016 8277
20151130 133016 8277
20151130 133016 8292
20151130 133016 8292
20151130 133016 8292
20151130 133016 8292
20151130 133017 8273
20151130 133017 8274
20151130 133019 8275
20151130 133020 8278
20151130 133023 8282
20151130 133024 8284
20151130 133027 8284
20151130 133033 8283
20151130 133033 8284
20151130 133037 8281
20151130 133048 8281
20151130 133055 8284
20151130 133057 8285
20151130 133059 8285
20151130 133112 8289
20151130 133115 8288
20151130 133116 8288
20151130 133119 8285
20151130 133132 8288
20151130 133134 8288
20151130 133135 8288
20151130 133143 8289
20151130 133148 8287
20151130 133156 8289
20151130 133210 8288
20151130 133210 8288
20151130 133221 8291
20151130 133224 8292
20151130 133224 8292
20151130 133241 8296
20151130 133245 8296
20151130 133245 8297
20151130 133245 8297
20151130 133314 8310
20151130 133315 8295
20151130 133323 8295
20151130 133323 8295
20151130 133328 8297
20151130 133328 8297
20151130 133329 8297
20151130 133335 8300
20151130 133335 8300
20151130 133336 8299
20151130 133341 8302
20151130 133341 8302
20151130 133343 8303
20151130 133343 8303
20151130 133343 8303
20151130 133345 8316
20151130 133346 8304
20151130 133348 8304
20151130 133349 8304
20151130 133349 8304
20151130 133350 8304
20151130 133350 8304
20151130 133350 8304
20151130 133351 8303
20151130 133351 8304
20151130 133354 8301
20151130 133401 8304
20151130 133411 8304
20151130 133417 8305
20151130 133418 8306
20151130 133423 8307
20151130 133424 8308
20151130 133424 8309
20151130 133424 8309
20151130 133424 8309
20151130 133429 8308
20151130 133429 8310
20151130 133431 8309
20151130 133431 8310
20151130 133431 8310
20151130 133434 8308
20151130 133435 8307
20151130 133436 8307
20151130 133437 8306
20151130 133444 8309
20151130 133447 8310
20151130 133448 8309
20151130 133457 8309
20151130 133507 8320
20151130 133507 8320
20151130 133510 8310
20151130 133510 8311
20151130 133510 8311
20151130 133510 8311
20151130 133510 8311
20151130 133512 8310
20151130 133514 8322
20151130 133515 8312
20151130 133515 8312
20151130 133515 8312
20151130 133515 8312
20151130 133518 8312
20151130 133522 8314
20151130 133523 8313
20151130 133525 8315
20151130 133533 8315
20151130 133534 8317
20151130 133534 8317
20151130 133534 8317
20151130 133536 8317
20151130 133542 8315
20151130 133549 8314
20151130 133551 8314
20151130 133552 8313
20151130 133552 8314
20151130 133554 8313
20151130 133554 8314
20151130 133555 8315
20151130 133604 8312
20151130 133610 8324
20151130 133618 8322
20151130 133622 8312
20151130 133622 8313
20151130 133622 8313
20151130 133622 8313
20151130 133634 8314
20151130 133641 8314
20151130 133641 8314
20151130 133645 8315
20151130 133709 8312
20151130 133728 8310
20151130 133801 8325
20151130 133805 8309
20151130 133806 8309
20151130 133812 8322
20151130 133816 8306
20151130 133816 8306
20151130 133816 8306
20151130 133816 8306
20151130 133826 8305
20151130 133826 8305
20151130 133836 8305
20151130 133848 8308
20151130 133848 8308
20151130 133901 8307
20151130 133903 8309
20151130 133905 8309
20151130 133910 8309
20151130 133910 8309
20151130 133913 8310
20151130 133913 8310
20151130 133939 8310
20151130 134007 8305
20151130 134007 8305
20151130 134008 8305
20151130 134017 8306
20151130 134017 8306
20151130 134025 8307
20151130 134031 8308
20151130 134036 8309
20151130 134037 8309
20151130 134038 8309
20151130 134043 8309
20151130 134044 8308
20151130 134047 8309
20151130 134049 8309
20151130 134051 8310
20151130 134055 8311
20151130 134055 8311
20151130 134057 8309
20151130 134111 8311
20151130 134112 8312
20151130 134112 8312
20151130 134112 8312
20151130 134112 8312
20151130 134112 8313
20151130 134113 8312
20151130 134114 8313
20151130 134114 8314
20151130 134115 8313
20151130 134115 8313
20151130 134115 8313
20151130 134115 8314
20151130 134115 8314
20151130 134115 8314
20151130 134115 8314
20151130 134115 8314
20151130 134115 8314
20151130 134115 8314
20151130 134122 8312
20151130 134133 8312
20151130 134137 8310
20151130 134137 8310
20151130 134137 8310
20151130 134142 8310
20151130 134143 8309
20151130 134143 8310
20151130 134143 8310
20151130 134144 8322
20151130 134148 8309
20151130 134149 8307
20151130 134151 8323
20151130 134152 8308
20151130 134159 8308
20151130 134202 8308
20151130 134205 8307
20151130 134216 8307
20151130 134222 8306
20151130 134228 8306
20151130 134228 8306
20151130 134232 8306
20151130 134242 8305
20151130 134313 8303
20151130 134313 8303
20151130 134313 8303
20151130 134313 8304
20151130 134315 8303
20151130 134317 8302
20151130 134317 8302
20151130 134317 8316
20151130 134320 8301
20151130 134321 8301
20151130 134321 8301
20151130 134325 8300
20151130 134325 8315
20151130 134326 8300
20151130 134326 8314
20151130 134328 8300
20151130 134331 8298
20151130 134331 8298
20151130 134331 8298
20151130 134337 8299
20151130 134346 8301
20151130 134354 8298
20151130 134416 8299
20151130 134417 8298
20151130 134417 8298
20151130 134417 8298
20151130 134424 8297
20151130 134427 8298
20151130 134434 8297
20151130 134434 8297
20151130 134436 8296
20151130 134436 8296
20151130 134436 8296
20151130 134436 8296
20151130 134438 8295
20151130 134441 8295
20151130 134443 8297
20151130 134445 8297
20151130 134447 8297
