20151029 084500 8680
20151029 084500 8680
20151029 084500 8682
20151029 084500 8682
20151029 084500 8682
20151029 084500 8682
20151029 084500 8683
20151029 084500 8683
20151029 084500 8683
20151029 084500 8683
20151029 084500 8683
20151029 084500 8686
20151029 084500 8686
20151029 084500 8686
20151029 084500 8686
20151029 084500 8688
20151029 084502 8681
20151029 084502 8682
20151029 084502 8688
20151029 084506 8680
20151029 084512 8683
20151029 084516 8681
20151029 084517 8681
20151029 084520 8682
20151029 084526 8681
20151029 084528 8681
20151029 084534 8683
20151029 084537 8666
20151029 084537 8678
20151029 084538 8678
20151029 084543 8677
20151029 084547 8676
20151029 084547 8679
20151029 084549 8676
20151029 084549 8678
20151029 084551 8676
20151029 084604 8676
20151029 084609 8674
20151029 084609 8674
20151029 084621 8674
20151029 084622 8674
20151029 084627 8673
20151029 084630 8673
20151029 084630 8673
20151029 084630 8673
20151029 084631 8673
20151029 084631 8674
20151029 084635 8676
20151029 084635 8676
20151029 084636 8674
20151029 084649 8673
20151029 084654 8671
20151029 084700 8671
20151029 084702 8672
20151029 084714 8673
20151029 084716 8673
20151029 084718 8678
20151029 084721 8671
20151029 084727 8674
20151029 084727 8674
20151029 084738 8675
20151029 084738 8675
20151029 084750 8675
20151029 084756 8674
20151029 084756 8674
20151029 084756 8674
20151029 084800 8675
20151029 084811 8674
20151029 084922 8672
20151029 085012 8659
20151029 085012 8674
20151029 085039 8674
20151029 085104 8672
20151029 085119 8672
20151029 085119 8673
20151029 085126 8671
20151029 085208 8671
20151029 085217 8671
20151029 085225 8671
20151029 085318 8674
20151029 085345 8681
20151029 085345 8681
20151029 085345 8681
20151029 085407 8677
20151029 085503 8677
20151029 085504 8677
20151029 085504 8677
20151029 085504 8677
20151029 085505 8678
20151029 085508 8677
20151029 085516 8678
20151029 085516 8678
20151029 085516 8678
20151029 085516 8678
20151029 085516 8678
20151029 085518 8679
20151029 085521 8679
20151029 085521 8679
20151029 085549 8680
20151029 085601 8680
20151029 085607 8680
20151029 085647 8680
20151029 085657 8680
20151029 085659 8680
20151029 085659 8680
20151029 085733 8680
20151029 085733 8680
20151029 085733 8689
20151029 085733 8690
20151029 085733 8690
20151029 085751 8679
20151029 085753 8679
20151029 085753 8679
20151029 085753 8679
20151029 085804 8678
20151029 085825 8688
20151029 085833 8679
20151029 090012 8678
20151029 090012 8678
20151029 090019 8677
20151029 090023 8681
20151029 090029 8680
20151029 090029 8680
20151029 090049 8681
20151029 090116 8682
20151029 090116 8682
20151029 090122 8685
20151029 090122 8685
20151029 090204 8677
20151029 090220 8673
20151029 090225 8681
20151029 090226 8681
20151029 090229 8674
20151029 090231 8673
20151029 090251 8675
20151029 090255 8677
20151029 090257 8678
20151029 090258 8677
20151029 090259 8677
20151029 090302 8678
20151029 090302 8679
20151029 090302 8679
20151029 090303 8680
20151029 090303 8680
20151029 090303 8680
20151029 090307 8682
20151029 090336 8677
20151029 090357 8683
20151029 090411 8675
20151029 090418 8681
20151029 090419 8672
20151029 090420 8672
20151029 090425 8671
20151029 090425 8671
20151029 090425 8671
20151029 090425 8671
20151029 090427 8671
20151029 090436 8671
20151029 090439 8670
20151029 090439 8680
20151029 090458 8669
20151029 090459 8668
20151029 090459 8668
20151029 090459 8678
20151029 090500 8666
20151029 090500 8666
20151029 090500 8667
20151029 090500 8667
20151029 090500 8667
20151029 090500 8667
20151029 090500 8667
20151029 090512 8667
20151029 090514 8666
20151029 090516 8665
20151029 090524 8665
20151029 090525 8665
20151029 090533 8664
20151029 090541 8675
20151029 090550 8663
20151029 090550 8674
20151029 090551 8664
20151029 090554 8665
20151029 090558 8664
20151029 090607 8665
20151029 090622 8665
20151029 090628 8674
20151029 090634 8664
20151029 090648 8661
20151029 090648 8661
20151029 090648 8672
20151029 090648 8673
20151029 090700 8659
20151029 090700 8659
20151029 090700 8659
20151029 090712 8657
20151029 090712 8657
20151029 090713 8668
20151029 090726 8659
20151029 090726 8666
20151029 090726 8666
20151029 090728 8660
20151029 090738 8659
20151029 090747 8659
20151029 090818 8657
20151029 090827 8656
20151029 090851 8657
20151029 090855 8657
20151029 090859 8657
20151029 090910 8666
20151029 090918 8654
20151029 090919 8652
20151029 090919 8652
20151029 090919 8653
20151029 090931 8651
20151029 090931 8662
20151029 090937 8652
20151029 090939 8650
20151029 090939 8650
20151029 090939 8650
20151029 090939 8650
20151029 090939 8650
20151029 090939 8650
20151029 090939 8651
20151029 090939 8651
20151029 090939 8651
20151029 090940 8648
20151029 090940 8648
20151029 090946 8647
20151029 090949 8648
20151029 090955 8655
20151029 090955 8655
20151029 090959 8646
20151029 090959 8646
20151029 091000 8645
20151029 091001 8647
20151029 091003 8646
20151029 091013 8650
20151029 091013 8650
20151029 091014 8651
20151029 091014 8651
20151029 091015 8651
20151029 091015 8651
20151029 091015 8651
20151029 091017 8652
20151029 091018 8653
20151029 091028 8650
20151029 091054 8655
20151029 091054 8656
20151029 091104 8656
20151029 091111 8655
20151029 091134 8653
20151029 091137 8653
20151029 091200 8653
20151029 091204 8652
20151029 091211 8652
20151029 091215 8652
20151029 091218 8651
20151029 091228 8650
20151029 091229 8650
20151029 091314 8650
20151029 091316 8653
20151029 091321 8654
20151029 091321 8654
20151029 091323 8654
20151029 091326 8654
20151029 091330 8655
20151029 091341 8654
20151029 091350 8654
20151029 091413 8652
20151029 091413 8652
20151029 091417 8652
20151029 091426 8646
20151029 091437 8647
20151029 091440 8646
20151029 091452 8649
20151029 091453 8649
20151029 091456 8658
20151029 091459 8645
20151029 091503 8651
20151029 091509 8652
20151029 091511 8654
20151029 091513 8655
20151029 091513 8655
20151029 091513 8655
20151029 091514 8655
20151029 091516 8657
20151029 091530 8652
20151029 091541 8655
20151029 091556 8665
20151029 091618 8653
20151029 091622 8665
20151029 091644 8649
20151029 091644 8650
20151029 091644 8650
20151029 091645 8649
20151029 091652 8658
20151029 091656 8658
20151029 091658 8646
20151029 091658 8646
20151029 091712 8653
20151029 091712 8653
20151029 091712 8653
20151029 091727 8655
20151029 091727 8655
20151029 091731 8658
20151029 091732 8658
20151029 091734 8659
20151029 091738 8658
20151029 091818 8657
20151029 091820 8657
20151029 091848 8658
20151029 091906 8656
20151029 091906 8656
20151029 091906 8656
20151029 091911 8655
20151029 091911 8655
20151029 091911 8668
20151029 091917 8655
20151029 091925 8655
20151029 092000 8652
20151029 092017 8651
20151029 092018 8650
20151029 092025 8648
20151029 092026 8648
20151029 092027 8648
20151029 092028 8646
20151029 092028 8659
20151029 092137 8664
20151029 092207 8662
20151029 092216 8645
20151029 092216 8645
20151029 092216 8645
20151029 092216 8645
20151029 092216 8645
20151029 092217 8641
20151029 092217 8642
20151029 092217 8645
20151029 092217 8645
20151029 092217 8645
20151029 092217 8654
20151029 092218 8640
20151029 092218 8640
20151029 092219 8640
20151029 092219 8640
20151029 092245 8638
20151029 092245 8638
20151029 092245 8638
20151029 092245 8639
20151029 092245 8650
20151029 092245 8650
20151029 092246 8636
20151029 092252 8637
20151029 092255 8638
20151029 092258 8637
20151029 092300 8636
20151029 092317 8639
20151029 092319 8649
20151029 092334 8635
20151029 092334 8635
20151029 092343 8635
20151029 092347 8632
20151029 092348 8631
20151029 092352 8628
20151029 092352 8629
20151029 092352 8629
20151029 092352 8629
20151029 092352 8630
20151029 092352 8630
20151029 092352 8630
20151029 092352 8630
20151029 092352 8641
20151029 092353 8624
20151029 092353 8625
20151029 092353 8626
20151029 092353 8627
20151029 092353 8627
20151029 092354 8625
20151029 092354 8634
20151029 092356 8636
20151029 092358 8626
20151029 092400 8625
20151029 092406 8622
20151029 092406 8622
20151029 092407 8622
20151029 092410 8624
20151029 092426 8630
20151029 092426 8630
20151029 092445 8632
20151029 092511 8632
20151029 092521 8632
20151029 092546 8632
20151029 092546 8632
20151029 092547 8632
20151029 092556 8631
20151029 092626 8628
20151029 092631 8627
20151029 092643 8626
20151029 092710 8626
20151029 092720 8629
20151029 092742 8629
20151029 092743 8626
20151029 092810 8628
20151029 092813 8628
20151029 092814 8627
20151029 092824 8624
20151029 092824 8624
20151029 092824 8624
20151029 092824 8624
20151029 092824 8625
20151029 092824 8636
20151029 092825 8620
20151029 092825 8620
20151029 092825 8620
20151029 092825 8620
20151029 092825 8621
20151029 092825 8621
20151029 092825 8621
20151029 092825 8622
20151029 092825 8622
20151029 092835 8618
20151029 092836 8612
20151029 092836 8612
20151029 092836 8613
20151029 092836 8614
20151029 092836 8614
20151029 092836 8614
20151029 092836 8615
20151029 092836 8615
20151029 092836 8617
20151029 092836 8617
20151029 092836 8617
20151029 092836 8617
20151029 092836 8625
20151029 092836 8625
20151029 092837 8610
20151029 092837 8610
20151029 092837 8610
20151029 092837 8610
20151029 092837 8610
20151029 092837 8610
20151029 092837 8610
20151029 092837 8611
20151029 092837 8624
20151029 092838 8612
20151029 092838 8613
20151029 092842 8611
20151029 092843 8612
20151029 092844 8612
20151029 092845 8610
20151029 092847 8609
20151029 092851 8605
20151029 092851 8605
20151029 092852 8605
20151029 092852 8605
20151029 092852 8605
20151029 092857 8607
20151029 092857 8608
20151029 092904 8609
20151029 092905 8612
20151029 092910 8613
20151029 092911 8612
20151029 092912 8612
20151029 092925 8612
20151029 092938 8609
20151029 092948 8609
20151029 092958 8611
20151029 093000 8609
20151029 093000 8609
20151029 093000 8609
20151029 093000 8609
20151029 093000 8609
20151029 093000 8609
20151029 093000 8623
20151029 093003 8614
20151029 093005 8615
20151029 093005 8616
20151029 093007 8616
20151029 093113 8614
20151029 093124 8612
20151029 093147 8615
20151029 093148 8614
20151029 093153 8613
20151029 093156 8614
20151029 093224 8615
20151029 093226 8615
20151029 093245 8619
20151029 093250 8619
20151029 093255 8619
20151029 093255 8619
20151029 093302 8616
20151029 093306 8615
20151029 093315 8614
20151029 093315 8629
20151029 093315 8629
20151029 093325 8614
20151029 093331 8629
20151029 093341 8615
20151029 093346 8615
20151029 093346 8615
20151029 093432 8613
20151029 093433 8612
20151029 093433 8612
20151029 093434 8609
20151029 093434 8609
20151029 093434 8609
20151029 093434 8609
20151029 093434 8609
20151029 093434 8609
20151029 093434 8609
20151029 093434 8610
20151029 093434 8610
20151029 093434 8610
20151029 093434 8610
20151029 093434 8610
20151029 093434 8610
20151029 093434 8611
20151029 093434 8612
20151029 093435 8608
20151029 093435 8623
20151029 093439 8607
20151029 093439 8608
20151029 093518 8615
20151029 093530 8615
20151029 093532 8615
20151029 093538 8615
20151029 093556 8613
20151029 093605 8626
20151029 093612 8613
20151029 093623 8616
20151029 093624 8616
20151029 093636 8619
20151029 093636 8619
20151029 093639 8619
20151029 093640 8618
20151029 093713 8619
20151029 093737 8617
20151029 093825 8627
20151029 093923 8618
20151029 093952 8615
20151029 093952 8615
20151029 093952 8615
20151029 094006 8613
20151029 094018 8612
20151029 094027 8611
20151029 094031 8610
20151029 094031 8610
20151029 094031 8610
20151029 094031 8610
20151029 094031 8610
20151029 094031 8610
20151029 094031 8611
20151029 094033 8609
20151029 094033 8609
20151029 094104 8609
20151029 094106 8607
20151029 094106 8609
20151029 094111 8606
20151029 094111 8606
20151029 094111 8606
20151029 094111 8606
20151029 094111 8606
20151029 094111 8606
20151029 094112 8598
20151029 094112 8598
20151029 094112 8600
20151029 094112 8600
20151029 094112 8600
20151029 094112 8600
20151029 094112 8600
20151029 094112 8600
20151029 094112 8601
20151029 094112 8601
20151029 094112 8601
20151029 094112 8601
20151029 094112 8601
20151029 094112 8602
20151029 094112 8602
20151029 094112 8604
20151029 094112 8604
20151029 094112 8604
20151029 094112 8604
20151029 094112 8604
20151029 094112 8605
20151029 094112 8605
20151029 094113 8596
20151029 094113 8597
20151029 094121 8614
20151029 094121 8614
20151029 094121 8614
20151029 094124 8601
20151029 094124 8615
20151029 094126 8617
20151029 094129 8614
20151029 094129 8614
20151029 094134 8601
20151029 094134 8601
20151029 094146 8604
20151029 094148 8604
20151029 094148 8604
20151029 094152 8603
20151029 094153 8603
20151029 094158 8604
20151029 094215 8603
20151029 094215 8603
20151029 094216 8603
20151029 094231 8599
20151029 094238 8599
20151029 094242 8598
20151029 094243 8598
20151029 094259 8593
20151029 094301 8595
20151029 094302 8593
20151029 094302 8595
20151029 094312 8596
20151029 094316 8593
20151029 094317 8590
20151029 094317 8590
20151029 094317 8591
20151029 094317 8592
20151029 094317 8592
20151029 094317 8592
20151029 094317 8592
20151029 094317 8592
20151029 094317 8593
20151029 094317 8607
20151029 094317 8607
20151029 094321 8591
20151029 094329 8592
20151029 094352 8590
20151029 094352 8590
20151029 094352 8591
20151029 094409 8588
20151029 094416 8602
20151029 094416 8602
20151029 094417 8585
20151029 094420 8584
20151029 094431 8584
20151029 094433 8584
20151029 094436 8580
20151029 094436 8580
20151029 094436 8581
20151029 094436 8581
20151029 094436 8581
20151029 094436 8581
20151029 094436 8581
20151029 094442 8580
20151029 094445 8578
20151029 094445 8579
20151029 094448 8577
20151029 094451 8578
20151029 094455 8577
20151029 094456 8576
20151029 094457 8572
20151029 094457 8572
20151029 094457 8573
20151029 094457 8573
20151029 094458 8572
20151029 094459 8570
20151029 094459 8571
20151029 094459 8571
20151029 094459 8588
20151029 094500 8568
20151029 094500 8568
20151029 094500 8568
20151029 094500 8569
20151029 094500 8570
20151029 094500 8570
20151029 094500 8570
20151029 094500 8587
20151029 094500 8587
20151029 094500 8587
20151029 094500 8587
20151029 094501 8567
20151029 094501 8567
20151029 094502 8574
20151029 094502 8575
20151029 094503 8571
20151029 094503 8571
20151029 094508 8575
20151029 094513 8575
20151029 094514 8576
20151029 094516 8577
20151029 094526 8576
20151029 094530 8576
20151029 094531 8577
20151029 094535 8577
20151029 094535 8578
20151029 094540 8574
20151029 094608 8579
20151029 094608 8579
20151029 094611 8578
20151029 094620 8577
20151029 094628 8595
20151029 094642 8582
20151029 094643 8582
20151029 094652 8581
20151029 094656 8577
20151029 094656 8578
20151029 094700 8578
20151029 094700 8578
20151029 094700 8578
20151029 094700 8578
20151029 094702 8596
20151029 094753 8582
20151029 094753 8582
20151029 094753 8582
20151029 094753 8582
20151029 094753 8582
20151029 094753 8582
20151029 094759 8581
20151029 094802 8581
20151029 094826 8578
20151029 094826 8578
20151029 094830 8577
20151029 094832 8577
20151029 094832 8577
20151029 094844 8577
20151029 094846 8563
20151029 094849 8577
20151029 094849 8577
20151029 094902 8575
20151029 094902 8575
20151029 094902 8576
20151029 094903 8574
20151029 094903 8575
20151029 094903 8575
20151029 094909 8578
20151029 094948 8582
20151029 094948 8582
20151029 094948 8582
20151029 094948 8582
20151029 094948 8582
20151029 094948 8582
20151029 094948 8582
20151029 094948 8582
20151029 094948 8582
20151029 094949 8583
20151029 094952 8582
20151029 095000 8580
20151029 095028 8580
20151029 095035 8580
20151029 095047 8578
20151029 095053 8595
20151029 095053 8596
20151029 095103 8577
20151029 095104 8563
20151029 095104 8577
20151029 095114 8577
20151029 095114 8593
20151029 095143 8579
20151029 095150 8580
20151029 095156 8581
20151029 095157 8581
20151029 095159 8581
20151029 095207 8581
20151029 095207 8581
20151029 095223 8579
20151029 095223 8579
20151029 095223 8580
20151029 095223 8580
20151029 095223 8583
20151029 095223 8583
20151029 095223 8583
20151029 095223 8584
20151029 095223 8584
20151029 095225 8583
20151029 095227 8582
20151029 095227 8582
20151029 095229 8582
20151029 095232 8583
20151029 095234 8583
20151029 095301 8582
20151029 095301 8583
20151029 095301 8583
20151029 095303 8580
20151029 095331 8582
20151029 095341 8582
20151029 095411 8583
20151029 095419 8569
20151029 095425 8585
20151029 095425 8586
20151029 095426 8589
20151029 095427 8585
20151029 095434 8588
20151029 095443 8588
20151029 095502 8587
20151029 095505 8603
20151029 095526 8591
20151029 095543 8577
20151029 095543 8588
20151029 095546 8605
20151029 095546 8605
20151029 095553 8604
20151029 095554 8592
20151029 095628 8589
20151029 095648 8589
20151029 095701 8591
20151029 095704 8589
20151029 095828 8593
20151029 095828 8593
20151029 095828 8593
20151029 095829 8594
20151029 095829 8595
20151029 095829 8595
20151029 095829 8595
20151029 095902 8591
20151029 095904 8591
20151029 095905 8590
20151029 095905 8590
20151029 095905 8590
20151029 095917 8591
20151029 095922 8588
20151029 095930 8590
20151029 095934 8590
20151029 095937 8590
20151029 095937 8590
20151029 095939 8590
20151029 095941 8590
20151029 095945 8590
20151029 100002 8589
20151029 100003 8588
20151029 100003 8590
20151029 100057 8592
20151029 100058 8592
20151029 100059 8592
20151029 100106 8591
20151029 100108 8592
20151029 100117 8590
20151029 100117 8590
20151029 100117 8590
20151029 100118 8610
20151029 100141 8596
20151029 100141 8597
20151029 100144 8596
20151029 100144 8596
20151029 100144 8596
20151029 100144 8596
20151029 100145 8596
20151029 100213 8596
20151029 100318 8590
20151029 100415 8590
20151029 100420 8592
20151029 100501 8596
20151029 100501 8596
20151029 100506 8597
20151029 100507 8598
20151029 100528 8602
20151029 100538 8602
20151029 100552 8599
20151029 100553 8605
20151029 100553 8605
20151029 100553 8605
20151029 100553 8605
20151029 100553 8605
20151029 100553 8605
20151029 100554 8605
20151029 100554 8605
20151029 100554 8605
20151029 100554 8605
20151029 100554 8605
20151029 100558 8602
20151029 100559 8605
20151029 100600 8607
20151029 100600 8607
20151029 100600 8619
20151029 100601 8608
20151029 100601 8610
20151029 100602 8610
20151029 100602 8612
20151029 100602 8612
20151029 100602 8622
20151029 100614 8608
20151029 100614 8609
20151029 100614 8609
20151029 100614 8609
20151029 100639 8605
20151029 100639 8605
20151029 100639 8605
20151029 100646 8609
20151029 100655 8594
20151029 100655 8605
20151029 100740 8608
20151029 100756 8606
20151029 100817 8620
20151029 100817 8620
20151029 100829 8592
20151029 100829 8608
20151029 100859 8594
20151029 100859 8610
20151029 100859 8611
20151029 100859 8611
20151029 100859 8611
20151029 100859 8611
20151029 100859 8611
20151029 100859 8611
20151029 100859 8611
20151029 100904 8594
20151029 100904 8610
20151029 100907 8613
20151029 100907 8613
20151029 100907 8613
20151029 100909 8615
20151029 100909 8615
20151029 100931 8611
20151029 101031 8608
20151029 101031 8608
20151029 101041 8609
20151029 101043 8608
20151029 101044 8609
20151029 101223 8619
20151029 101313 8609
20151029 101419 8603
20151029 101421 8603
20151029 101421 8603
20151029 101426 8604
20151029 101448 8604
20151029 101526 8609
20151029 101534 8609
20151029 101636 8603
20151029 101636 8603
20151029 101636 8603
20151029 101636 8603
20151029 101636 8604
20151029 101637 8601
20151029 101637 8601
20151029 101637 8602
20151029 101638 8603
20151029 101650 8604
20151029 101713 8604
20151029 101730 8604
20151029 101830 8607
20151029 102033 8605
20151029 102203 8605
20151029 102203 8605
20151029 102203 8605
20151029 102347 8604
20151029 102402 8604
20151029 102441 8604
20151029 102507 8606
20151029 102507 8607
20151029 102507 8619
20151029 102508 8609
20151029 102508 8609
20151029 102511 8610
20151029 102513 8619
20151029 102513 8619
20151029 102513 8619
20151029 102513 8619
20151029 102522 8611
20151029 102522 8619
20151029 102522 8619
20151029 102522 8619
20151029 102522 8619
20151029 102522 8619
20151029 102523 8611
20151029 102523 8611
20151029 102523 8611
20151029 102557 8610
20151029 102712 8610
20151029 103126 8603
20151029 103305 8605
20151029 103306 8604
20151029 103306 8604
20151029 103314 8612
20151029 103318 8604
20151029 103344 8602
20151029 103406 8602
20151029 103449 8601
20151029 103453 8600
20151029 103523 8596
20151029 103523 8596
20151029 103531 8593
20151029 103532 8592
20151029 103534 8591
20151029 103535 8592
20151029 103549 8588
20151029 103551 8588
20151029 103552 8590
20151029 103703 8586
20151029 103703 8587
20151029 103705 8585
20151029 103709 8584
20151029 103711 8584
20151029 103718 8585
20151029 103722 8582
20151029 103731 8583
20151029 103800 8582
20151029 103826 8596
20151029 103850 8579
20151029 103852 8597
20151029 103940 8582
20151029 103959 8582
20151029 104004 8581
20151029 104011 8581
20151029 104014 8580
20151029 104017 8581
20151029 104021 8580
20151029 104031 8581
20151029 104034 8581
20151029 104035 8581
20151029 104045 8582
20151029 104057 8582
20151029 104106 8583
20151029 104107 8583
20151029 104109 8582
20151029 104113 8581
20151029 104159 8580
20151029 104159 8580
20151029 104159 8580
20151029 104159 8580
20151029 104159 8580
20151029 104200 8578
20151029 104200 8578
20151029 104200 8578
20151029 104200 8579
20151029 104200 8579
20151029 104200 8579
20151029 104213 8581
20151029 104214 8583
20151029 104330 8583
20151029 104330 8583
20151029 104337 8584
20151029 104341 8583
20151029 104343 8582
20151029 104343 8582
20151029 104404 8579
20151029 104404 8579
20151029 104405 8578
20151029 104406 8578
20151029 104410 8577
20151029 104410 8577
20151029 104410 8577
20151029 104424 8576
20151029 104437 8575
20151029 104445 8576
20151029 104453 8574
20151029 104453 8574
20151029 104453 8574
20151029 104456 8573
20151029 104456 8573
20151029 104456 8573
20151029 104456 8574
20151029 104456 8574
20151029 104458 8573
20151029 104458 8573
20151029 104458 8573
20151029 104542 8580
20151029 104635 8577
20151029 104635 8577
20151029 104636 8577
20151029 104646 8575
20151029 104646 8575
20151029 104649 8575
20151029 104708 8574
20151029 104709 8574
20151029 104710 8572
20151029 104710 8572
20151029 104710 8573
20151029 104711 8572
20151029 104711 8572
20151029 104711 8572
20151029 104711 8572
20151029 104711 8572
20151029 104711 8572
20151029 104711 8572
20151029 104711 8573
20151029 104712 8571
20151029 104712 8571
20151029 104712 8571
20151029 104712 8571
20151029 104713 8570
20151029 104713 8570
20151029 104714 8569
20151029 104714 8569
20151029 104714 8569
20151029 104714 8569
20151029 104714 8570
20151029 104715 8568
20151029 104715 8568
20151029 104715 8568
20151029 104715 8568
20151029 104715 8568
20151029 104715 8568
20151029 104715 8568
20151029 104715 8568
20151029 104715 8569
20151029 104716 8568
20151029 104725 8561
20151029 104725 8561
20151029 104725 8562
20151029 104725 8562
20151029 104725 8562
20151029 104725 8562
20151029 104725 8562
20151029 104725 8562
20151029 104725 8562
20151029 104725 8562
20151029 104725 8562
20151029 104725 8562
20151029 104725 8562
20151029 104725 8562
20151029 104725 8563
20151029 104725 8563
20151029 104725 8563
20151029 104725 8563
20151029 104725 8563
20151029 104725 8563
20151029 104725 8563
20151029 104725 8564
20151029 104725 8564
20151029 104725 8565
20151029 104725 8566
20151029 104725 8567
20151029 104725 8567
20151029 104725 8579
20151029 104727 8561
20151029 104728 8563
20151029 104729 8563
20151029 104730 8563
20151029 104732 8562
20151029 104734 8562
20151029 104742 8561
20151029 104744 8562
20151029 104749 8562
20151029 104756 8558
20151029 104756 8558
20151029 104756 8558
20151029 104756 8560
20151029 104756 8561
20151029 104757 8557
20151029 104757 8557
20151029 104757 8557
20151029 104757 8557
20151029 104757 8557
20151029 104757 8557
20151029 104800 8569
20151029 104801 8552
20151029 104801 8552
20151029 104801 8552
20151029 104801 8552
20151029 104801 8552
20151029 104801 8552
20151029 104801 8552
20151029 104801 8552
20151029 104801 8552
20151029 104801 8552
20151029 104801 8552
20151029 104801 8552
20151029 104801 8553
20151029 104801 8553
20151029 104801 8553
20151029 104801 8553
20151029 104801 8565
20151029 104809 8551
20151029 104824 8554
20151029 104839 8553
20151029 104847 8552
20151029 104858 8557
20151029 104909 8570
20151029 104921 8555
20151029 104923 8556
20151029 104925 8556
20151029 104925 8557
20151029 104928 8557
20151029 104928 8557
20151029 104931 8558
20151029 104933 8557
20151029 104945 8558
20151029 104950 8559
20151029 104951 8559
20151029 104957 8561
20151029 105002 8560
20151029 105003 8560
20151029 105006 8560
20151029 105030 8560
20151029 105044 8561
20151029 105050 8572
20151029 105059 8562
20151029 105121 8559
20151029 105121 8559
20151029 105122 8560
20151029 105233 8560
20151029 105325 8562
20151029 105325 8562
20151029 105326 8574
20151029 105331 8565
20151029 105403 8563
20151029 105407 8563
20151029 105409 8563
20151029 105409 8563
20151029 105454 8562
20151029 105458 8561
20151029 105458 8561
20151029 105458 8561
20151029 105458 8561
20151029 105458 8561
20151029 105502 8560
20151029 105503 8560
20151029 105523 8560
20151029 105524 8560
20151029 105534 8560
20151029 105535 8559
20151029 105555 8574
20151029 105555 8574
20151029 105627 8562
20151029 105705 8561
20151029 105705 8561
20151029 105705 8561
20151029 105724 8562
20151029 105725 8563
20151029 105735 8563
20151029 105744 8577
20151029 105748 8562
20151029 105855 8566
20151029 105948 8568
20151029 105952 8566
20151029 105953 8566
20151029 105955 8565
20151029 110018 8566
20151029 110028 8569
20151029 110029 8569
20151029 110042 8569
20151029 110049 8570
20151029 110049 8570
20151029 110058 8570
20151029 110101 8570
20151029 110102 8570
20151029 110102 8570
20151029 110112 8569
20151029 110112 8569
20151029 110112 8570
20151029 110124 8566
20151029 110124 8569
20151029 110144 8569
20151029 110215 8580
20151029 110326 8567
20151029 110326 8567
20151029 110326 8567
20151029 110331 8567
20151029 110333 8565
20151029 110333 8565
20151029 110333 8565
20151029 110333 8565
20151029 110333 8565
20151029 110334 8564
20151029 110334 8564
20151029 110334 8564
20151029 110340 8566
20151029 110416 8559
20151029 110426 8564
20151029 110433 8564
20151029 110439 8564
20151029 110516 8563
20151029 110523 8563
20151029 110524 8564
20151029 110552 8567
20151029 110606 8567
20151029 110612 8567
20151029 110617 8568
20151029 110619 8568
20151029 110630 8568
20151029 110644 8569
20151029 110702 8578
20151029 110715 8571
20151029 110724 8572
20151029 110726 8574
20151029 110733 8574
20151029 110734 8574
20151029 110741 8574
20151029 110747 8573
20151029 110816 8574
20151029 110830 8572
20151029 110840 8570
20151029 110847 8572
20151029 110849 8572
20151029 110855 8572
20151029 110915 8569
20151029 110916 8573
20151029 111000 8574
20151029 111015 8574
20151029 111019 8574
20151029 111019 8574
20151029 111019 8574
20151029 111918 8574
20151029 111918 8574
20151029 111919 8573
20151029 111926 8573
20151029 112030 8574
20151029 112030 8574
20151029 112041 8574
20151029 112043 8574
20151029 112107 8575
20151029 112119 8576
20151029 112125 8578
20151029 112125 8578
20151029 112126 8579
20151029 112133 8589
20151029 112213 8580
20151029 112213 8580
20151029 112213 8580
20151029 112213 8581
20151029 112213 8581
20151029 112213 8582
20151029 112214 8583
20151029 112225 8584
20151029 112225 8584
20151029 112225 8584
20151029 112225 8584
20151029 112225 8584
20151029 112225 8584
20151029 112225 8584
20151029 112225 8584
20151029 112225 8584
20151029 112225 8584
20151029 112225 8584
20151029 112225 8584
20151029 112225 8584
20151029 112241 8586
20151029 112242 8587
20151029 112249 8597
20151029 112304 8597
20151029 112331 8588
20151029 112435 8587
20151029 112446 8588
20151029 112446 8589
20151029 112446 8589
20151029 112446 8589
20151029 112446 8589
20151029 112447 8590
20151029 112447 8590
20151029 112447 8590
20151029 112447 8590
20151029 112447 8591
20151029 112447 8592
20151029 112447 8592
20151029 112447 8592
20151029 112449 8593
20151029 112450 8593
20151029 112501 8594
20151029 112501 8594
20151029 112501 8594
20151029 112501 8595
20151029 112501 8595
20151029 112501 8595
20151029 112501 8596
20151029 112501 8596
20151029 112501 8596
20151029 112501 8596
20151029 112502 8597
20151029 112502 8597
20151029 112502 8606
20151029 112510 8596
20151029 112534 8597
20151029 112535 8597
20151029 112547 8597
20151029 112600 8597
20151029 112605 8596
20151029 112612 8605
20151029 112632 8595
20151029 112645 8594
20151029 112645 8594
20151029 112648 8594
20151029 112654 8603
20151029 112704 8595
20151029 112704 8596
20151029 112704 8596
20151029 112704 8596
20151029 112704 8596
20151029 112849 8591
20151029 112853 8598
20151029 112858 8591
20151029 112955 8592
20151029 112956 8593
20151029 113005 8594
20151029 113005 8594
20151029 113023 8593
20151029 113043 8591
20151029 113043 8591
20151029 113043 8591
20151029 113112 8595
20151029 113122 8594
20151029 113123 8594
20151029 113128 8593
20151029 113128 8593
20151029 113128 8593
20151029 113132 8593
20151029 113222 8591
20151029 113257 8587
20151029 113303 8586
20151029 113354 8598
20151029 113432 8587
20151029 113432 8587
20151029 113519 8588
20151029 113519 8588
20151029 113521 8589
20151029 113531 8589
20151029 113722 8587
20151029 113807 8588
20151029 113815 8589
20151029 113815 8589
20151029 113816 8589
20151029 113819 8590
20151029 113821 8591
20151029 113825 8590
20151029 113825 8591
20151029 113837 8592
20151029 114101 8588
20151029 114105 8587
20151029 114108 8587
20151029 114122 8585
20151029 114122 8587
20151029 114122 8587
20151029 114122 8587
20151029 114122 8587
20151029 114122 8588
20151029 114122 8588
20151029 114122 8588
20151029 114140 8581
20151029 114140 8581
20151029 114145 8581
20151029 114147 8580
20151029 114148 8579
20151029 114155 8578
20151029 114200 8576
20151029 114214 8578
20151029 114224 8580
20151029 114309 8582
20151029 114323 8583
20151029 114450 8582
20151029 114450 8582
20151029 114546 8576
20151029 114546 8576
20151029 114552 8574
20151029 114553 8573
20151029 114553 8573
20151029 114557 8574
20151029 114817 8578
20151029 114819 8578
20151029 114924 8579
20151029 114924 8579
20151029 114951 8580
20151029 115046 8579
20151029 115049 8579
20151029 115115 8579
20151029 115151 8582
20151029 115151 8583
20151029 115157 8583
20151029 115158 8583
20151029 115930 8575
20151029 115935 8576
20151029 120036 8578
20151029 120036 8578
20151029 120046 8579
20151029 120046 8579
20151029 120109 8579
20151029 120207 8581
20151029 120207 8581
20151029 120211 8582
20151029 120213 8591
20151029 120217 8591
20151029 120217 8591
20151029 120231 8592
20151029 120250 8583
20151029 120303 8584
20151029 120329 8584
20151029 120339 8585
20151029 120339 8586
20151029 120447 8591
20151029 120556 8590
20151029 120557 8578
20151029 120606 8576
20151029 120625 8573
20151029 120636 8572
20151029 120731 8566
20151029 120731 8567
20151029 120731 8568
20151029 120731 8568
20151029 120731 8568
20151029 120734 8565
20151029 120739 8570
20151029 120804 8565
20151029 120833 8569
20151029 120853 8569
20151029 120916 8569
20151029 121011 8568
20151029 121036 8569
20151029 121046 8565
20151029 121103 8569
20151029 121135 8571
20151029 121135 8571
20151029 121158 8573
20151029 121654 8573
20151029 121717 8572
20151029 121726 8573
20151029 121741 8574
20151029 121742 8574
20151029 121745 8573
20151029 121745 8573
20151029 121745 8573
20151029 121752 8575
20151029 121758 8575
20151029 121802 8577
20151029 121802 8577
20151029 121806 8578
20151029 121811 8580
20151029 121811 8580
20151029 121814 8588
20151029 121822 8587
20151029 121822 8587
20151029 121822 8588
20151029 121822 8588
20151029 121822 8588
20151029 121822 8588
20151029 121822 8588
20151029 121822 8588
20151029 121901 8580
20151029 121905 8580
20151029 121905 8580
20151029 121906 8580
20151029 121950 8580
20151029 121950 8580
20151029 122107 8576
20151029 122213 8578
20151029 122213 8578
20151029 122221 8577
20151029 122349 8578
20151029 122502 8576
20151029 122530 8576
20151029 122532 8576
20151029 122532 8576
20151029 122757 8568
20151029 122908 8567
20151029 122908 8567
20151029 122908 8567
20151029 122908 8567
20151029 122951 8572
20151029 123028 8569
20151029 123219 8572
20151029 123334 8576
20151029 123425 8575
20151029 123458 8575
20151029 123928 8573
20151029 123928 8574
20151029 123933 8571
20151029 124108 8572
20151029 124119 8571
20151029 124219 8570
20151029 124447 8572
20151029 124449 8573
20151029 124449 8573
20151029 124449 8573
20151029 124456 8574
20151029 124456 8574
20151029 124545 8572
20151029 124618 8572
20151029 124644 8572
20151029 124717 8572
20151029 124827 8572
20151029 124833 8571
20151029 124909 8571
20151029 125001 8572
20151029 125015 8571
20151029 125126 8570
20151029 125152 8569
20151029 125230 8570
20151029 125311 8570
20151029 125437 8569
20151029 125559 8555
20151029 125603 8572
20151029 125606 8573
20151029 125606 8573
20151029 125607 8574
20151029 125608 8575
20151029 125650 8574
20151029 125702 8576
20151029 125702 8577
20151029 125702 8577
20151029 125702 8577
20151029 125710 8577
20151029 125752 8578
20151029 125803 8578
20151029 125900 8587
20151029 125900 8587
20151029 125940 8583
20151029 130000 8584
20151029 130000 8584
20151029 130000 8584
20151029 130001 8584
20151029 130100 8582
20151029 130101 8579
20151029 130109 8584
20151029 130111 8586
20151029 130112 8586
20151029 130112 8586
20151029 130112 8586
20151029 130112 8586
20151029 130112 8587
20151029 130117 8587
20151029 130119 8588
20151029 130119 8588
20151029 130121 8588
20151029 130255 8581
20151029 130316 8587
20151029 130316 8587
20151029 130316 8587
20151029 130317 8588
20151029 130321 8588
20151029 130322 8589
20151029 130322 8589
20151029 130322 8589
20151029 130343 8586
20151029 130522 8582
20151029 130717 8584
20151029 130807 8581
20151029 130954 8588
20151029 130954 8588
20151029 130956 8582
20151029 130956 8582
20151029 130956 8582
20151029 130956 8582
20151029 131012 8590
20151029 131012 8590
20151029 131012 8590
20151029 131055 8581
20151029 131055 8584
20151029 131055 8584
20151029 131055 8584
20151029 131055 8584
20151029 131154 8587
20151029 131154 8587
20151029 131457 8589
20151029 131457 8590
20151029 131501 8582
20151029 131501 8582
20151029 131502 8583
20151029 131502 8584
20151029 131502 8584
20151029 131503 8584
20151029 131512 8584
20151029 131636 8582
20151029 131640 8582
20151029 131833 8583
20151029 131835 8583
20151029 131847 8587
20151029 131905 8582
20151029 131909 8583
20151029 132006 8585
20151029 132006 8585
20151029 132006 8585
20151029 132006 8585
20151029 132007 8586
20151029 132007 8586
20151029 132007 8586
20151029 132010 8584
20151029 132017 8584
20151029 132034 8584
20151029 132043 8589
20151029 132059 8587
20151029 132059 8587
20151029 132059 8587
20151029 132059 8587
20151029 132100 8586
20151029 132100 8586
20151029 132100 8587
20151029 132103 8587
20151029 132104 8588
20151029 132152 8586
20151029 132206 8592
20151029 132206 8592
20151029 132212 8588
20151029 132301 8589
20151029 132303 8590
20151029 132305 8590
20151029 132306 8594
20151029 132335 8587
20151029 132335 8587
20151029 132454 8587
20151029 132514 8584
20151029 132715 8581
20151029 132720 8580
20151029 132727 8579
20151029 132727 8579
20151029 132728 8579
20151029 132728 8579
20151029 132732 8579
20151029 132733 8578
20151029 132733 8578
20151029 132733 8578
20151029 132733 8578
20151029 132734 8577
20151029 132736 8577
20151029 132844 8577
20151029 132854 8578
20151029 132904 8577
20151029 132905 8576
20151029 132905 8576
20151029 132907 8576
20151029 132907 8576
20151029 132911 8575
20151029 132911 8575
20151029 132911 8583
20151029 132912 8574
20151029 132917 8573
20151029 132921 8573
20151029 132945 8574
20151029 133000 8570
20151029 133014 8571
20151029 133031 8570
20151029 133037 8569
20151029 133037 8569
20151029 133037 8569
20151029 133040 8568
20151029 133040 8568
20151029 133043 8569
20151029 133047 8567
20151029 133049 8565
20151029 133049 8566
20151029 133049 8566
20151029 133049 8566
20151029 133049 8566
20151029 133049 8566
20151029 133049 8574
20151029 133050 8565
20151029 133050 8565
20151029 133052 8565
20151029 133052 8565
20151029 133052 8574
20151029 133052 8574
20151029 133057 8563
20151029 133057 8563
20151029 133100 8565
20151029 133106 8550
20151029 133112 8563
20151029 133112 8563
20151029 133112 8564
20151029 133158 8563
20151029 133159 8564
20151029 133159 8564
20151029 133159 8564
20151029 133202 8563
20151029 133212 8561
20151029 133212 8562
20151029 133212 8562
20151029 133215 8561
20151029 133215 8561
20151029 133215 8561
20151029 133216 8561
20151029 133216 8562
20151029 133227 8563
20151029 133231 8570
20151029 133238 8570
20151029 133243 8563
20151029 133247 8564
20151029 133247 8564
20151029 133247 8564
20151029 133257 8563
20151029 133312 8566
20151029 133343 8563
20151029 133343 8563
20151029 133401 8562
20151029 133411 8563
20151029 133417 8560
20151029 133417 8563
20151029 133430 8562
20151029 133434 8561
20151029 133448 8561
20151029 133451 8560
20151029 133456 8559
20151029 133506 8556
20151029 133506 8558
20151029 133511 8558
20151029 133519 8557
20151029 133532 8557
20151029 133535 8558
20151029 133542 8556
20151029 133550 8554
20151029 133550 8555
20151029 133550 8555
20151029 133557 8553
20151029 133557 8554
20151029 133620 8556
20151029 133624 8557
20151029 133627 8557
20151029 133645 8553
20151029 133648 8553
20151029 133648 8553
20151029 133648 8553
20151029 133648 8553
20151029 133652 8551
20151029 133652 8551
20151029 133652 8551
20151029 133653 8551
20151029 133653 8551
20151029 133653 8551
20151029 133653 8551
20151029 133653 8551
20151029 133653 8551
20151029 133722 8554
20151029 133722 8554
20151029 133736 8552
20151029 133753 8553
20151029 133757 8552
20151029 133800 8551
20151029 133837 8548
20151029 133837 8548
20151029 133837 8549
20151029 133837 8549
20151029 133837 8549
20151029 133837 8549
20151029 133837 8549
20151029 133837 8549
20151029 133837 8549
20151029 133837 8549
20151029 133837 8549
20151029 133842 8549
20151029 133900 8555
20151029 133900 8556
20151029 133900 8556
20151029 133901 8555
20151029 133909 8554
20151029 133911 8559
20151029 133920 8553
20151029 133928 8553
20151029 133930 8539
20151029 133930 8549
20151029 133931 8553
20151029 133934 8558
20151029 133934 8558
20151029 133943 8553
20151029 133945 8553
20151029 133957 8556
20151029 134010 8553
20151029 134012 8559
20151029 134026 8553
20151029 134027 8553
20151029 134037 8551
20151029 134038 8551
20151029 134121 8548
20151029 134126 8548
20151029 134126 8548
20151029 134129 8547
20151029 134133 8546
20151029 134133 8546
20151029 134133 8547
20151029 134133 8547
20151029 134134 8546
20151029 134139 8549
20151029 134146 8549
20151029 134201 8549
20151029 134203 8549
20151029 134205 8549
20151029 134210 8551
20151029 134211 8551
20151029 134212 8551
20151029 134212 8552
20151029 134219 8552
20151029 134222 8553
20151029 134249 8550
20151029 134255 8559
20151029 134310 8551
20151029 134318 8551
20151029 134325 8550
20151029 134330 8548
20151029 134335 8547
20151029 134336 8547
20151029 134336 8547
20151029 134337 8547
20151029 134339 8548
20151029 134340 8548
20151029 134342 8546
20151029 134345 8546
20151029 134348 8549
20151029 134349 8548
20151029 134409 8547
20151029 134409 8547
20151029 134410 8547
20151029 134411 8546
20151029 134412 8546
20151029 134412 8546
20151029 134419 8541
20151029 134422 8546
20151029 134422 8547
20151029 134427 8546
20151029 134432 8546
20151029 134434 8557
20151029 134434 8557
20151029 134440 8546
20151029 134448 8547
20151029 134450 8547
20151029 134451 8547
20151029 134451 8547
20151029 134451 8547
20151029 134451 8548
20151029 134454 8548
20151029 134459 8547
