20151015 084500 8556
20151015 084500 8557
20151015 084500 8557
20151015 084500 8558
20151015 084500 8558
20151015 084500 8558
20151015 084500 8558
20151015 084500 8560
20151015 084500 8560
20151015 084500 8560
20151015 084500 8560
20151015 084500 8560
20151015 084500 8560
20151015 084500 8560
20151015 084500 8561
20151015 084500 8563
20151015 084500 8563
20151015 084500 8563
20151015 084500 8563
20151015 084500 8564
20151015 084500 8564
20151015 084500 8564
20151015 084500 8565
20151015 084500 8565
20151015 084500 8565
20151015 084500 8565
20151015 084500 8565
20151015 084500 8565
20151015 084500 8565
20151015 084500 8565
20151015 084500 8565
20151015 084501 8566
20151015 084501 8567
20151015 084501 8567
20151015 084501 8568
20151015 084501 8568
20151015 084501 8568
20151015 084501 8569
20151015 084502 8570
20151015 084502 8570
20151015 084502 8570
20151015 084502 8570
20151015 084503 8572
20151015 084503 8572
20151015 084503 8573
20151015 084503 8573
20151015 084503 8573
20151015 084503 8573
20151015 084503 8574
20151015 084503 8574
20151015 084503 8574
20151015 084503 8575
20151015 084503 8575
20151015 084503 8575
20151015 084503 8575
20151015 084503 8575
20151015 084503 8575
20151015 084503 8575
20151015 084504 8577
20151015 084504 8578
20151015 084504 8579
20151015 084504 8580
20151015 084504 8580
20151015 084504 8580
20151015 084504 8581
20151015 084504 8581
20151015 084504 8581
20151015 084505 8582
20151015 084505 8582
20151015 084505 8583
20151015 084505 8583
20151015 084505 8583
20151015 084505 8584
20151015 084505 8584
20151015 084505 8584
20151015 084505 8584
20151015 084506 8585
20151015 084506 8587
20151015 084506 8587
20151015 084507 8587
20151015 084507 8587
20151015 084507 8588
20151015 084507 8589
20151015 084507 8589
20151015 084507 8590
20151015 084507 8590
20151015 084507 8590
20151015 084508 8582
20151015 084508 8586
20151015 084508 8587
20151015 084510 8580
20151015 084513 8578
20151015 084513 8580
20151015 084513 8581
20151015 084513 8581
20151015 084513 8581
20151015 084513 8581
20151015 084514 8582
20151015 084514 8582
20151015 084515 8581
20151015 084517 8580
20151015 084519 8581
20151015 084519 8581
20151015 084519 8581
20151015 084519 8581
20151015 084519 8581
20151015 084519 8581
20151015 084521 8579
20151015 084524 8579
20151015 084524 8579
20151015 084524 8580
20151015 084524 8580
20151015 084524 8580
20151015 084524 8580
20151015 084524 8580
20151015 084524 8580
20151015 084524 8580
20151015 084524 8580
20151015 084524 8580
20151015 084526 8579
20151015 084526 8579
20151015 084526 8580
20151015 084526 8580
20151015 084528 8580
20151015 084529 8565
20151015 084530 8577
20151015 084530 8577
20151015 084530 8577
20151015 084534 8577
20151015 084534 8577
20151015 084535 8562
20151015 084536 8577
20151015 084538 8577
20151015 084538 8577
20151015 084538 8577
20151015 084540 8576
20151015 084540 8576
20151015 084541 8575
20151015 084541 8577
20151015 084542 8576
20151015 084543 8575
20151015 084543 8575
20151015 084543 8575
20151015 084543 8577
20151015 084545 8575
20151015 084545 8575
20151015 084545 8575
20151015 084546 8575
20151015 084549 8576
20151015 084549 8576
20151015 084550 8574
20151015 084550 8574
20151015 084550 8574
20151015 084550 8574
20151015 084550 8574
20151015 084550 8576
20151015 084551 8564
20151015 084552 8576
20151015 084553 8564
20151015 084553 8564
20151015 084556 8577
20151015 084557 8577
20151015 084557 8578
20151015 084557 8578
20151015 084558 8578
20151015 084600 8578
20151015 084600 8578
20151015 084601 8578
20151015 084602 8577
20151015 084602 8578
20151015 084602 8578
20151015 084603 8577
20151015 084604 8577
20151015 084606 8577
20151015 084606 8578
20151015 084607 8578
20151015 084607 8578
20151015 084608 8578
20151015 084608 8578
20151015 084609 8577
20151015 084621 8576
20151015 084621 8576
20151015 084625 8576
20151015 084626 8575
20151015 084626 8575
20151015 084626 8575
20151015 084626 8576
20151015 084626 8576
20151015 084628 8564
20151015 084628 8564
20151015 084628 8576
20151015 084632 8578
20151015 084633 8577
20151015 084641 8562
20151015 084644 8562
20151015 084646 8562
20151015 084647 8578
20151015 084648 8577
20151015 084648 8578
20151015 084649 8564
20151015 084649 8564
20151015 084649 8564
20151015 084649 8577
20151015 084650 8578
20151015 084650 8579
20151015 084651 8579
20151015 084651 8579
20151015 084651 8579
20151015 084651 8580
20151015 084651 8580
20151015 084651 8580
20151015 084651 8580
20151015 084652 8579
20151015 084652 8579
20151015 084652 8579
20151015 084652 8579
20151015 084652 8579
20151015 084652 8579
20151015 084652 8579
20151015 084652 8579
20151015 084652 8579
20151015 084653 8579
20151015 084653 8580
20151015 084655 8580
20151015 084655 8580
20151015 084655 8580
20151015 084655 8580
20151015 084655 8580
20151015 084655 8580
20151015 084655 8580
20151015 084655 8580
20151015 084655 8580
20151015 084655 8580
20151015 084655 8580
20151015 084655 8580
20151015 084655 8580
20151015 084655 8580
20151015 084655 8580
20151015 084656 8580
20151015 084656 8581
20151015 084656 8581
20151015 084657 8580
20151015 084657 8580
20151015 084657 8581
20151015 084658 8580
20151015 084658 8580
20151015 084658 8581
20151015 084659 8580
20151015 084700 8580
20151015 084701 8582
20151015 084702 8581
20151015 084702 8581
20151015 084703 8580
20151015 084703 8580
20151015 084703 8580
20151015 084705 8580
20151015 084705 8582
20151015 084705 8582
20151015 084706 8580
20151015 084708 8582
20151015 084708 8583
20151015 084708 8583
20151015 084708 8583
20151015 084708 8583
20151015 084711 8581
20151015 084711 8581
20151015 084711 8581
20151015 084711 8583
20151015 084712 8582
20151015 084712 8583
20151015 084712 8584
20151015 084712 8584
20151015 084712 8584
20151015 084713 8584
20151015 084713 8584
20151015 084714 8582
20151015 084714 8584
20151015 084715 8572
20151015 084715 8583
20151015 084715 8584
20151015 084715 8585
20151015 084715 8585
20151015 084716 8583
20151015 084717 8584
20151015 084717 8585
20151015 084717 8585
20151015 084718 8584
20151015 084719 8585
20151015 084719 8585
20151015 084722 8586
20151015 084722 8586
20151015 084724 8585
20151015 084724 8586
20151015 084726 8585
20151015 084726 8585
20151015 084726 8585
20151015 084726 8585
20151015 084726 8585
20151015 084726 8585
20151015 084729 8586
20151015 084730 8585
20151015 084731 8588
20151015 084732 8586
20151015 084736 8588
20151015 084737 8588
20151015 084737 8589
20151015 084737 8589
20151015 084737 8589
20151015 084737 8590
20151015 084738 8588
20151015 084738 8588
20151015 084738 8590
20151015 084739 8589
20151015 084739 8590
20151015 084740 8588
20151015 084740 8589
20151015 084740 8590
20151015 084741 8590
20151015 084741 8590
20151015 084741 8590
20151015 084741 8590
20151015 084741 8590
20151015 084741 8590
20151015 084741 8591
20151015 084741 8591
20151015 084743 8592
20151015 084743 8592
20151015 084743 8592
20151015 084744 8590
20151015 084745 8575
20151015 084745 8590
20151015 084745 8590
20151015 084745 8590
20151015 084746 8589
20151015 084746 8589
20151015 084746 8590
20151015 084747 8590
20151015 084748 8589
20151015 084748 8589
20151015 084748 8589
20151015 084751 8589
20151015 084751 8589
20151015 084752 8588
20151015 084752 8588
20151015 084753 8590
20151015 084753 8590
20151015 084754 8589
20151015 084754 8590
20151015 084755 8590
20151015 084755 8590
20151015 084756 8588
20151015 084758 8589
20151015 084759 8589
20151015 084800 8588
20151015 084800 8590
20151015 084800 8590
20151015 084803 8588
20151015 084803 8589
20151015 084804 8587
20151015 084804 8589
20151015 084806 8588
20151015 084812 8586
20151015 084815 8587
20151015 084824 8587
20151015 084832 8586
20151015 084845 8571
20151015 084856 8585
20151015 084856 8587
20151015 084856 8588
20151015 084856 8588
20151015 084900 8588
20151015 084901 8587
20151015 084901 8589
20151015 084901 8589
20151015 084901 8589
20151015 084901 8589
20151015 084901 8589
20151015 084903 8589
20151015 084904 8590
20151015 084904 8590
20151015 084905 8589
20151015 084906 8590
20151015 084906 8590
20151015 084906 8590
20151015 084906 8590
20151015 084906 8590
20151015 084907 8590
20151015 084907 8590
20151015 084907 8591
20151015 084907 8591
20151015 084907 8591
20151015 084907 8591
20151015 084907 8591
20151015 084907 8591
20151015 084907 8591
20151015 084907 8591
20151015 084909 8590
20151015 084910 8592
20151015 084910 8592
20151015 084910 8592
20151015 084911 8590
20151015 084911 8592
20151015 084912 8591
20151015 084912 8591
20151015 084912 8592
20151015 084912 8592
20151015 084912 8592
20151015 084912 8593
20151015 084912 8593
20151015 084913 8593
20151015 084913 8593
20151015 084913 8593
20151015 084913 8593
20151015 084913 8593
20151015 084913 8593
20151015 084914 8592
20151015 084915 8591
20151015 084921 8575
20151015 084928 8575
20151015 084933 8589
20151015 084946 8591
20151015 084946 8592
20151015 084947 8592
20151015 084947 8593
20151015 084947 8593
20151015 084948 8593
20151015 084948 8593
20151015 084948 8593
20151015 084948 8593
20151015 084948 8593
20151015 084948 8593
20151015 084948 8593
20151015 084948 8593
20151015 084950 8593
20151015 084950 8594
20151015 084950 8594
20151015 084950 8594
20151015 084950 8594
20151015 084950 8594
20151015 084950 8594
20151015 084950 8594
20151015 084951 8593
20151015 084951 8594
20151015 084953 8593
20151015 084953 8595
20151015 084953 8595
20151015 084953 8595
20151015 084954 8595
20151015 084956 8594
20151015 084958 8595
20151015 084958 8596
20151015 084958 8596
20151015 084958 8596
20151015 084958 8596
20151015 084958 8596
20151015 084958 8596
20151015 084958 8596
20151015 084959 8595
20151015 084959 8596
20151015 084959 8596
20151015 084959 8596
20151015 084959 8596
20151015 084959 8596
20151015 084959 8596
20151015 084959 8596
20151015 084959 8596
20151015 084959 8596
20151015 084959 8596
20151015 084959 8596
20151015 085000 8596
20151015 085000 8596
20151015 085000 8596
20151015 085000 8596
20151015 085000 8596
20151015 085000 8596
20151015 085000 8596
20151015 085000 8597
20151015 085000 8597
20151015 085000 8598
20151015 085000 8599
20151015 085000 8599
20151015 085000 8600
20151015 085001 8596
20151015 085001 8597
20151015 085001 8597
20151015 085001 8598
20151015 085001 8598
20151015 085001 8598
20151015 085003 8597
20151015 085003 8599
20151015 085004 8598
20151015 085007 8598
20151015 085011 8596
20151015 085011 8596
20151015 085011 8596
20151015 085015 8596
20151015 085016 8595
20151015 085018 8597
20151015 085019 8595
20151015 085022 8594
20151015 085022 8595
20151015 085023 8595
20151015 085024 8594
20151015 085026 8579
20151015 085028 8596
20151015 085031 8595
20151015 085034 8596
20151015 085034 8596
20151015 085035 8595
20151015 085038 8593
20151015 085043 8594
20151015 085050 8595
20151015 085054 8592
20151015 085104 8595
20151015 085108 8581
20151015 085109 8582
20151015 085114 8580
20151015 085114 8593
20151015 085115 8591
20151015 085115 8591
20151015 085115 8591
20151015 085115 8591
20151015 085115 8592
20151015 085115 8592
20151015 085115 8592
20151015 085115 8592
20151015 085117 8592
20151015 085118 8592
20151015 085118 8592
20151015 085119 8577
20151015 085119 8592
20151015 085122 8592
20151015 085126 8592
20151015 085127 8591
20151015 085138 8591
20151015 085138 8591
20151015 085142 8590
20151015 085142 8590
20151015 085142 8591
20151015 085145 8589
20151015 085145 8589
20151015 085145 8589
20151015 085145 8589
20151015 085145 8589
20151015 085147 8590
20151015 085201 8592
20151015 085229 8574
20151015 085229 8574
20151015 085229 8590
20151015 085229 8590
20151015 085230 8590
20151015 085232 8576
20151015 085234 8590
20151015 085244 8591
20151015 085245 8590
20151015 085247 8591
20151015 085247 8591
20151015 085247 8591
20151015 085247 8591
20151015 085300 8593
20151015 085300 8593
20151015 085300 8593
20151015 085300 8593
20151015 085300 8593
20151015 085302 8593
20151015 085304 8594
20151015 085304 8594
20151015 085305 8594
20151015 085305 8594
20151015 085305 8594
20151015 085317 8591
20151015 085318 8591
20151015 085325 8592
20151015 085329 8591
20151015 085337 8590
20151015 085357 8590
20151015 085401 8591
20151015 085404 8592
20151015 085415 8590
20151015 085415 8590
20151015 085415 8591
20151015 085415 8591
20151015 085415 8591
20151015 085415 8591
20151015 085415 8591
20151015 085415 8591
20151015 085422 8590
20151015 085422 8590
20151015 085427 8590
20151015 085431 8590
20151015 085431 8591
20151015 085433 8590
20151015 085500 8589
20151015 085500 8590
20151015 085514 8590
20151015 085527 8590
20151015 085530 8591
20151015 085530 8592
20151015 085530 8592
20151015 085534 8592
20151015 085538 8592
20151015 085543 8592
20151015 085548 8592
20151015 085553 8592
20151015 085553 8592
20151015 085553 8592
20151015 085553 8592
20151015 085553 8592
20151015 085555 8592
20151015 085556 8592
20151015 085556 8592
20151015 085602 8592
20151015 085602 8592
20151015 085602 8592
20151015 085610 8592
20151015 085611 8592
20151015 085612 8593
20151015 085613 8593
20151015 085614 8594
20151015 085614 8594
20151015 085614 8594
20151015 085614 8594
20151015 085616 8593
20151015 085616 8595
20151015 085616 8595
20151015 085617 8595
20151015 085618 8593
20151015 085618 8593
20151015 085618 8594
20151015 085620 8595
20151015 085621 8595
20151015 085621 8595
20151015 085621 8595
20151015 085621 8595
20151015 085621 8595
20151015 085621 8595
20151015 085621 8595
20151015 085628 8595
20151015 085629 8595
20151015 085629 8595
20151015 085629 8595
20151015 085629 8595
20151015 085629 8595
20151015 085629 8595
20151015 085630 8594
20151015 085630 8595
20151015 085631 8594
20151015 085631 8595
20151015 085632 8595
20151015 085632 8595
20151015 085633 8595
20151015 085634 8595
20151015 085634 8595
20151015 085634 8595
20151015 085635 8595
20151015 085643 8597
20151015 085646 8597
20151015 085648 8597
20151015 085649 8596
20151015 085649 8596
20151015 085650 8596
20151015 085652 8597
20151015 085654 8598
20151015 085654 8598
20151015 085655 8597
20151015 085655 8598
20151015 085701 8599
20151015 085701 8599
20151015 085704 8599
20151015 085705 8598
20151015 085705 8599
20151015 085705 8599
20151015 085706 8600
20151015 085706 8600
20151015 085706 8600
20151015 085706 8600
20151015 085706 8600
20151015 085706 8600
20151015 085706 8600
20151015 085706 8600
20151015 085707 8600
20151015 085707 8600
20151015 085719 8582
20151015 085731 8595
20151015 085734 8595
20151015 085735 8593
20151015 085756 8597
20151015 085759 8596
20151015 085800 8596
20151015 085802 8596
20151015 085820 8596
20151015 085904 8595
20151015 085905 8595
20151015 085923 8597
20151015 085923 8597
20151015 085926 8597
20151015 085929 8598
20151015 085930 8598
20151015 085930 8598
20151015 085930 8599
20151015 085931 8599
20151015 085931 8599
20151015 085931 8599
20151015 085931 8599
20151015 085931 8599
20151015 085931 8599
20151015 085931 8600
20151015 085931 8600
20151015 085931 8600
20151015 085931 8600
20151015 085931 8600
20151015 085931 8600
20151015 085931 8600
20151015 085931 8600
20151015 085931 8600
20151015 085931 8600
20151015 085932 8600
20151015 085932 8600
20151015 085932 8601
20151015 085932 8601
20151015 085932 8601
20151015 085932 8601
20151015 085932 8602
20151015 085933 8602
20151015 085935 8603
20151015 085936 8600
20151015 085949 8597
20151015 085953 8597
20151015 085955 8598
20151015 085956 8595
20151015 090000 8599
20151015 090003 8595
20151015 090003 8595
20151015 090005 8594
20151015 090006 8593
20151015 090006 8593
20151015 090006 8594
20151015 090007 8593
20151015 090007 8593
20151015 090007 8593
20151015 090007 8593
20151015 090007 8593
20151015 090007 8593
20151015 090008 8593
20151015 090008 8593
20151015 090009 8595
20151015 090010 8596
20151015 090010 8596
20151015 090010 8596
20151015 090010 8596
20151015 090013 8598
20151015 090015 8601
20151015 090016 8601
20151015 090016 8602
20151015 090017 8602
20151015 090017 8602
20151015 090018 8603
20151015 090018 8603
20151015 090018 8603
20151015 090018 8603
20151015 090018 8603
20151015 090018 8603
20151015 090018 8603
20151015 090018 8603
20151015 090018 8603
20151015 090018 8604
20151015 090018 8604
20151015 090018 8604
20151015 090018 8604
20151015 090018 8605
20151015 090018 8605
20151015 090018 8605
20151015 090018 8605
20151015 090018 8605
20151015 090018 8605
20151015 090018 8605
20151015 090019 8605
20151015 090019 8605
20151015 090019 8605
20151015 090019 8605
20151015 090019 8605
20151015 090019 8605
20151015 090027 8603
20151015 090033 8604
20151015 090033 8604
20151015 090033 8604
20151015 090033 8604
20151015 090033 8604
20151015 090035 8603
20151015 090035 8604
20151015 090036 8605
20151015 090037 8604
20151015 090037 8606
20151015 090038 8606
20151015 090038 8607
20151015 090038 8607
20151015 090038 8607
20151015 090038 8608
20151015 090039 8606
20151015 090039 8607
20151015 090039 8608
20151015 090039 8608
20151015 090042 8607
20151015 090046 8604
20151015 090046 8605
20151015 090058 8606
20151015 090100 8606
20151015 090100 8607
20151015 090100 8607
20151015 090101 8607
20151015 090101 8607
20151015 090101 8607
20151015 090101 8607
20151015 090101 8607
20151015 090103 8608
20151015 090103 8609
20151015 090103 8609
20151015 090103 8609
20151015 090103 8609
20151015 090103 8609
20151015 090103 8610
20151015 090103 8610
20151015 090103 8610
20151015 090103 8610
20151015 090103 8610
20151015 090103 8610
20151015 090103 8610
20151015 090103 8610
20151015 090103 8610
20151015 090103 8610
20151015 090103 8610
20151015 090103 8610
20151015 090103 8610
20151015 090103 8610
20151015 090103 8611
20151015 090103 8611
20151015 090103 8612
20151015 090103 8612
20151015 090104 8609
20151015 090104 8609
20151015 090112 8609
20151015 090113 8608
20151015 090119 8608
20151015 090121 8608
20151015 090127 8607
20151015 090135 8608
20151015 090146 8609
20151015 090151 8607
20151015 090152 8604
20151015 090152 8604
20151015 090152 8605
20151015 090152 8605
20151015 090153 8603
20151015 090153 8603
20151015 090154 8602
20151015 090155 8602
20151015 090158 8603
20151015 090219 8604
20151015 090228 8607
20151015 090231 8608
20151015 090231 8608
20151015 090231 8609
20151015 090231 8609
20151015 090231 8609
20151015 090231 8609
20151015 090231 8610
20151015 090231 8610
20151015 090231 8610
20151015 090231 8610
20151015 090231 8610
20151015 090232 8609
20151015 090232 8610
20151015 090237 8611
20151015 090237 8611
20151015 090237 8611
20151015 090237 8611
20151015 090237 8611
20151015 090237 8611
20151015 090238 8612
20151015 090238 8612
20151015 090238 8612
20151015 090238 8612
20151015 090238 8612
20151015 090238 8612
20151015 090239 8612
20151015 090239 8612
20151015 090239 8612
20151015 090239 8613
20151015 090239 8613
20151015 090239 8613
20151015 090239 8613
20151015 090239 8613
20151015 090239 8614
20151015 090239 8614
20151015 090239 8614
20151015 090239 8614
20151015 090239 8614
20151015 090240 8614
20151015 090243 8611
20151015 090243 8611
20151015 090243 8611
20151015 090243 8611
20151015 090243 8612
20151015 090243 8612
20151015 090243 8614
20151015 090243 8614
20151015 090243 8614
20151015 090245 8614
20151015 090245 8614
20151015 090245 8614
20151015 090246 8613
20151015 090248 8614
20151015 090257 8614
20151015 090257 8614
20151015 090258 8615
20151015 090258 8615
20151015 090258 8615
20151015 090258 8615
20151015 090259 8615
20151015 090300 8615
20151015 090300 8615
20151015 090300 8615
20151015 090301 8616
20151015 090301 8616
20151015 090301 8616
20151015 090301 8616
20151015 090301 8616
20151015 090301 8616
20151015 090301 8616
20151015 090301 8616
20151015 090301 8616
20151015 090301 8616
20151015 090301 8616
20151015 090301 8616
20151015 090301 8616
20151015 090301 8616
20151015 090301 8616
20151015 090301 8616
20151015 090301 8616
20151015 090301 8616
20151015 090301 8616
20151015 090301 8616
20151015 090301 8616
20151015 090301 8616
20151015 090301 8616
20151015 090301 8616
20151015 090301 8616
20151015 090301 8616
20151015 090301 8616
20151015 090301 8616
20151015 090301 8616
20151015 090301 8616
20151015 090301 8616
20151015 090301 8616
20151015 090301 8616
20151015 090301 8616
20151015 090301 8616
20151015 090301 8616
20151015 090301 8616
20151015 090301 8616
20151015 090301 8617
20151015 090301 8617
20151015 090301 8617
20151015 090301 8617
20151015 090301 8617
20151015 090301 8617
20151015 090301 8618
20151015 090303 8616
20151015 090303 8618
20151015 090303 8618
20151015 090303 8618
20151015 090303 8618
20151015 090303 8618
20151015 090303 8619
20151015 090303 8619
20151015 090303 8619
20151015 090303 8619
20151015 090304 8617
20151015 090308 8618
20151015 090308 8618
20151015 090312 8616
20151015 090312 8616
20151015 090322 8616
20151015 090327 8614
20151015 090342 8613
20151015 090349 8612
20151015 090400 8609
20151015 090409 8597
20151015 090417 8613
20151015 090422 8597
20151015 090424 8608
20151015 090424 8608
20151015 090426 8608
20151015 090431 8610
20151015 090431 8610
20151015 090432 8609
20151015 090432 8609
20151015 090432 8609
20151015 090438 8608
20151015 090439 8607
20151015 090442 8594
20151015 090442 8608
20151015 090447 8610
20151015 090447 8610
20151015 090449 8609
20151015 090450 8608
20151015 090457 8610
20151015 090500 8613
20151015 090500 8613
20151015 090500 8614
20151015 090500 8614
20151015 090500 8614
20151015 090501 8614
20151015 090501 8615
20151015 090501 8615
20151015 090501 8615
20151015 090501 8615
20151015 090501 8615
20151015 090501 8615
20151015 090501 8615
20151015 090501 8616
20151015 090501 8616
20151015 090501 8616
20151015 090501 8616
20151015 090501 8616
20151015 090501 8616
20151015 090501 8616
20151015 090501 8616
20151015 090501 8616
20151015 090501 8616
20151015 090501 8616
20151015 090501 8616
20151015 090501 8616
20151015 090501 8616
20151015 090501 8616
20151015 090501 8616
20151015 090501 8616
20151015 090501 8616
20151015 090501 8616
20151015 090501 8616
20151015 090503 8613
20151015 090504 8612
20151015 090504 8612
20151015 090504 8613
20151015 090506 8614
20151015 090507 8613
20151015 090511 8613
20151015 090512 8613
20151015 090516 8612
20151015 090518 8612
20151015 090521 8611
20151015 090522 8610
20151015 090524 8607
20151015 090524 8607
20151015 090524 8607
20151015 090524 8608
20151015 090533 8608
20151015 090535 8608
20151015 090537 8608
20151015 090549 8606
20151015 090550 8606
20151015 090556 8604
20151015 090601 8608
20151015 090604 8607
20151015 090604 8607
20151015 090612 8605
20151015 090618 8601
20151015 090618 8602
20151015 090618 8602
20151015 090618 8602
20151015 090618 8603
20151015 090618 8603
20151015 090618 8603
20151015 090618 8603
20151015 090619 8599
20151015 090619 8600
20151015 090619 8600
20151015 090619 8600
20151015 090619 8601
20151015 090619 8601
20151015 090619 8601
20151015 090619 8601
20151015 090620 8596
20151015 090620 8597
20151015 090620 8598
20151015 090620 8598
20151015 090620 8598
20151015 090620 8598
20151015 090620 8598
20151015 090622 8601
20151015 090628 8601
20151015 090634 8601
20151015 090636 8603
20151015 090638 8603
20151015 090639 8604
20151015 090639 8604
20151015 090643 8602
20151015 090646 8603
20151015 090646 8603
20151015 090650 8602
20151015 090651 8601
20151015 090706 8603
20151015 090739 8598
20151015 090740 8597
20151015 090740 8597
20151015 090742 8599
20151015 090751 8594
20151015 090751 8595
20151015 090751 8595
20151015 090801 8597
20151015 090802 8598
20151015 090802 8598
20151015 090802 8598
20151015 090802 8598
20151015 090802 8598
20151015 090809 8597
20151015 090809 8597
20151015 090809 8597
20151015 090809 8597
20151015 090810 8597
20151015 090812 8597
20151015 090816 8597
20151015 090816 8598
20151015 090816 8598
20151015 090820 8598
20151015 090825 8598
20151015 090840 8601
20151015 090841 8601
20151015 090841 8601
20151015 090841 8601
20151015 090842 8600
20151015 090842 8601
20151015 090842 8601
20151015 090901 8602
20151015 090902 8601
20151015 090903 8602
20151015 090903 8603
20151015 090915 8584
20151015 090915 8584
20151015 090922 8598
20151015 090927 8595
20151015 090928 8593
20151015 090928 8593
20151015 090928 8593
20151015 090928 8593
20151015 090928 8593
20151015 090928 8593
20151015 090928 8594
20151015 090934 8593
20151015 090936 8593
20151015 090936 8593
20151015 090937 8593
20151015 090938 8593
20151015 090941 8596
20151015 090948 8597
20151015 090951 8597
20151015 091023 8599
20151015 091035 8600
20151015 091035 8600
20151015 091037 8602
20151015 091040 8603
20151015 091040 8603
20151015 091040 8603
20151015 091040 8603
20151015 091041 8603
20151015 091054 8600
20151015 091055 8601
20151015 091058 8599
20151015 091058 8600
20151015 091100 8601
20151015 091129 8604
20151015 091131 8604
20151015 091134 8606
20151015 091136 8605
20151015 091136 8606
20151015 091136 8606
20151015 091136 8606
20151015 091136 8606
20151015 091137 8606
20151015 091143 8606
20151015 091144 8605
20151015 091150 8605
20151015 091150 8606
20151015 091156 8603
20151015 091204 8603
20151015 091208 8602
20151015 091217 8601
20151015 091225 8603
20151015 091230 8604
20151015 091230 8604
20151015 091233 8606
20151015 091233 8606
20151015 091233 8606
20151015 091238 8607
20151015 091238 8607
20151015 091238 8607
20151015 091242 8608
20151015 091243 8607
20151015 091246 8609
20151015 091246 8609
20151015 091246 8609
20151015 091246 8610
20151015 091246 8610
20151015 091246 8610
20151015 091250 8608
20151015 091252 8608
20151015 091258 8609
20151015 091306 8602
20151015 091306 8602
20151015 091306 8602
20151015 091306 8602
20151015 091306 8602
20151015 091306 8602
20151015 091306 8603
20151015 091306 8603
20151015 091306 8603
20151015 091306 8603
20151015 091306 8603
20151015 091306 8603
20151015 091306 8603
20151015 091306 8603
20151015 091306 8603
20151015 091306 8605
20151015 091309 8603
20151015 091312 8604
20151015 091313 8604
20151015 091318 8604
20151015 091323 8603
20151015 091325 8603
20151015 091325 8603
20151015 091332 8601
20151015 091333 8600
20151015 091337 8598
20151015 091341 8598
20151015 091343 8596
20151015 091345 8595
20151015 091345 8596
20151015 091352 8599
20151015 091400 8599
20151015 091402 8601
20151015 091402 8601
20151015 091402 8601
20151015 091403 8602
20151015 091403 8602
20151015 091404 8603
20151015 091406 8603
20151015 091406 8603
20151015 091406 8603
20151015 091407 8603
20151015 091407 8603
20151015 091407 8603
20151015 091407 8603
20151015 091410 8604
20151015 091410 8604
20151015 091410 8604
20151015 091410 8604
20151015 091410 8605
20151015 091410 8605
20151015 091410 8605
20151015 091410 8605
20151015 091410 8605
20151015 091417 8608
20151015 091418 8608
20151015 091419 8608
20151015 091421 8605
20151015 091421 8605
20151015 091422 8604
20151015 091422 8604
20151015 091422 8604
20151015 091423 8605
20151015 091426 8607
20151015 091429 8610
20151015 091429 8610
20151015 091429 8610
20151015 091429 8610
20151015 091429 8610
20151015 091429 8610
20151015 091430 8611
20151015 091430 8611
20151015 091430 8611
20151015 091430 8612
20151015 091430 8612
20151015 091430 8613
20151015 091430 8613
20151015 091430 8613
20151015 091430 8614
20151015 091430 8614
20151015 091430 8614
20151015 091430 8614
20151015 091430 8615
20151015 091430 8615
20151015 091430 8615
20151015 091430 8615
20151015 091430 8615
20151015 091430 8615
20151015 091430 8615
20151015 091430 8615
20151015 091430 8615
20151015 091430 8615
20151015 091430 8615
20151015 091430 8615
20151015 091430 8615
20151015 091430 8615
20151015 091430 8615
20151015 091430 8615
20151015 091430 8615
20151015 091430 8615
20151015 091430 8615
20151015 091430 8616
20151015 091430 8616
20151015 091430 8616
20151015 091431 8617
20151015 091431 8617
20151015 091431 8617
20151015 091431 8617
20151015 091431 8617
20151015 091431 8617
20151015 091431 8617
20151015 091431 8617
20151015 091431 8618
20151015 091431 8618
20151015 091431 8618
20151015 091431 8618
20151015 091431 8618
20151015 091431 8618
20151015 091431 8618
20151015 091431 8619
20151015 091431 8619
20151015 091431 8619
20151015 091431 8619
20151015 091431 8619
20151015 091431 8620
20151015 091431 8620
20151015 091431 8620
20151015 091431 8620
20151015 091431 8620
20151015 091431 8620
20151015 091431 8620
20151015 091431 8621
20151015 091431 8621
20151015 091431 8621
20151015 091431 8621
20151015 091431 8621
20151015 091431 8621
20151015 091431 8621
20151015 091431 8622
20151015 091431 8622
20151015 091431 8622
20151015 091431 8622
20151015 091431 8623
20151015 091431 8623
20151015 091431 8623
20151015 091431 8623
20151015 091431 8623
20151015 091431 8623
20151015 091431 8623
20151015 091431 8623
20151015 091431 8623
20151015 091431 8623
20151015 091431 8623
20151015 091431 8623
20151015 091431 8623
20151015 091431 8623
20151015 091431 8623
20151015 091431 8624
20151015 091431 8624
20151015 091431 8624
20151015 091431 8624
20151015 091431 8624
20151015 091431 8624
20151015 091431 8624
20151015 091431 8624
20151015 091431 8625
20151015 091431 8625
20151015 091431 8625
20151015 091431 8625
20151015 091431 8625
20151015 091431 8625
20151015 091431 8625
20151015 091431 8625
20151015 091431 8625
20151015 091431 8625
20151015 091431 8625
20151015 091431 8625
20151015 091431 8625
20151015 091431 8625
20151015 091431 8625
20151015 091431 8625
20151015 091431 8625
20151015 091431 8625
20151015 091431 8625
20151015 091431 8625
20151015 091431 8625
20151015 091431 8625
20151015 091431 8625
20151015 091431 8625
20151015 091431 8625
20151015 091431 8625
20151015 091431 8625
20151015 091431 8625
20151015 091431 8625
20151015 091431 8625
20151015 091431 8626
20151015 091431 8626
20151015 091431 8626
20151015 091431 8626
20151015 091431 8626
20151015 091431 8626
20151015 091431 8626
20151015 091431 8626
20151015 091431 8626
20151015 091431 8626
20151015 091431 8626
20151015 091431 8626
20151015 091431 8626
20151015 091431 8626
20151015 091431 8626
20151015 091431 8626
20151015 091431 8627
20151015 091431 8627
20151015 091431 8627
20151015 091431 8627
20151015 091431 8627
20151015 091431 8627
20151015 091431 8627
20151015 091431 8627
20151015 091432 8627
20151015 091432 8627
20151015 091432 8628
20151015 091432 8628
20151015 091432 8629
20151015 091432 8629
20151015 091432 8629
20151015 091432 8629
20151015 091432 8629
20151015 091433 8630
20151015 091433 8630
20151015 091433 8630
20151015 091433 8631
20151015 091433 8631
20151015 091433 8631
20151015 091433 8632
20151015 091433 8632
20151015 091433 8632
20151015 091434 8628
20151015 091434 8628
20151015 091434 8629
20151015 091434 8629
20151015 091434 8629
20151015 091434 8629
20151015 091434 8631
20151015 091434 8631
20151015 091434 8631
20151015 091434 8633
20151015 091434 8633
20151015 091434 8633
20151015 091434 8633
20151015 091434 8633
20151015 091434 8633
20151015 091434 8633
20151015 091434 8633
20151015 091434 8633
20151015 091434 8633
20151015 091435 8633
20151015 091435 8634
20151015 091435 8634
20151015 091435 8634
20151015 091435 8634
20151015 091435 8634
20151015 091436 8631
20151015 091436 8631
20151015 091436 8631
20151015 091436 8631
20151015 091436 8632
20151015 091436 8632
20151015 091436 8632
20151015 091436 8632
20151015 091436 8632
20151015 091436 8635
20151015 091437 8627
20151015 091437 8629
20151015 091437 8629
20151015 091439 8628
20151015 091439 8628
20151015 091439 8628
20151015 091439 8629
20151015 091439 8629
20151015 091439 8629
20151015 091439 8629
20151015 091439 8629
20151015 091439 8629
20151015 091440 8628
20151015 091440 8628
20151015 091440 8628
20151015 091440 8628
20151015 091440 8628
20151015 091440 8628
20151015 091440 8628
20151015 091440 8628
20151015 091440 8628
20151015 091441 8630
20151015 091441 8630
20151015 091443 8629
20151015 091443 8630
20151015 091443 8630
20151015 091443 8630
20151015 091444 8629
20151015 091444 8629
20151015 091444 8629
20151015 091444 8629
20151015 091446 8632
20151015 091449 8628
20151015 091449 8629
20151015 091450 8629
20151015 091450 8629
20151015 091451 8629
20151015 091453 8629
20151015 091454 8629
20151015 091500 8630
20151015 091502 8622
20151015 091502 8622
20151015 091502 8624
20151015 091502 8624
20151015 091502 8626
20151015 091503 8626
20151015 091504 8624
20151015 091510 8624
20151015 091510 8624
20151015 091510 8625
20151015 091521 8625
20151015 091524 8622
20151015 091524 8622
20151015 091527 8624
20151015 091532 8620
20151015 091532 8621
20151015 091533 8619
20151015 091534 8620
20151015 091536 8619
20151015 091541 8621
20151015 091541 8622
20151015 091542 8623
20151015 091542 8623
20151015 091542 8623
20151015 091544 8621
20151015 091544 8622
20151015 091544 8622
20151015 091544 8622
20151015 091545 8624
20151015 091545 8624
20151015 091545 8624
20151015 091546 8624
20151015 091550 8624
20151015 091552 8624
20151015 091552 8624
20151015 091552 8624
20151015 091553 8625
20151015 091554 8625
20151015 091554 8625
20151015 091554 8625
20151015 091558 8610
20151015 091558 8626
20151015 091601 8626
20151015 091601 8626
20151015 091601 8626
20151015 091602 8625
20151015 091602 8626
20151015 091605 8625
20151015 091607 8625
20151015 091611 8624
20151015 091612 8610
20151015 091612 8624
20151015 091613 8625
20151015 091613 8625
20151015 091614 8625
20151015 091614 8625
20151015 091631 8624
20151015 091645 8624
20151015 091645 8624
20151015 091651 8622
20151015 091651 8622
20151015 091654 8622
20151015 091656 8622
20151015 091707 8625
20151015 091709 8625
20151015 091709 8625
20151015 091709 8625
20151015 091709 8625
20151015 091709 8625
20151015 091709 8625
20151015 091709 8625
20151015 091710 8626
20151015 091710 8626
20151015 091710 8626
20151015 091710 8626
20151015 091710 8626
20151015 091710 8626
20151015 091710 8626
20151015 091710 8626
20151015 091710 8627
20151015 091710 8627
20151015 091713 8624
20151015 091714 8627
20151015 091714 8627
20151015 091715 8627
20151015 091715 8627
20151015 091715 8627
20151015 091715 8627
20151015 091716 8627
20151015 091716 8627
20151015 091718 8626
20151015 091720 8627
20151015 091720 8627
20151015 091722 8626
20151015 091723 8626
20151015 091723 8626
20151015 091732 8626
20151015 091732 8626
20151015 091745 8623
20151015 091755 8624
20151015 091802 8623
20151015 091802 8623
20151015 091822 8622
20151015 091826 8620
20151015 091826 8621
20151015 091826 8621
20151015 091826 8621
20151015 091827 8620
20151015 091836 8624
20151015 091836 8624
20151015 091836 8624
20151015 091836 8624
20151015 091839 8624
20151015 091847 8624
20151015 091853 8624
20151015 091857 8624
20151015 091857 8624
20151015 091859 8624
20151015 091900 8624
20151015 091902 8624
20151015 091902 8624
20151015 091904 8624
20151015 091911 8622
20151015 091915 8623
20151015 091924 8623
20151015 091924 8623
20151015 092005 8623
20151015 092006 8623
20151015 092020 8622
20151015 092026 8621
20151015 092038 8621
20151015 092038 8622
20151015 092041 8623
20151015 092058 8621
20151015 092102 8621
20151015 092106 8621
20151015 092135 8622
20151015 092139 8622
20151015 092145 8622
20151015 092146 8623
20151015 092146 8625
20151015 092146 8625
20151015 092146 8625
20151015 092146 8625
20151015 092146 8625
20151015 092146 8625
20151015 092147 8624
20151015 092147 8625
20151015 092147 8625
20151015 092147 8625
20151015 092148 8625
20151015 092149 8625
20151015 092149 8625
20151015 092149 8625
20151015 092149 8625
20151015 092149 8626
20151015 092149 8626
20151015 092149 8626
20151015 092149 8626
20151015 092149 8626
20151015 092149 8626
20151015 092150 8626
20151015 092150 8626
20151015 092150 8626
20151015 092150 8626
20151015 092150 8626
20151015 092151 8626
20151015 092151 8627
20151015 092153 8626
20151015 092153 8627
20151015 092153 8627
20151015 092153 8627
20151015 092153 8627
20151015 092153 8627
20151015 092154 8627
20151015 092154 8627
20151015 092154 8627
20151015 092154 8627
20151015 092154 8627
20151015 092158 8628
20151015 092158 8628
20151015 092158 8628
20151015 092158 8628
20151015 092158 8628
20151015 092158 8629
20151015 092159 8629
20151015 092159 8629
20151015 092215 8625
20151015 092216 8624
20151015 092234 8626
20151015 092237 8626
20151015 092238 8628
20151015 092238 8628
20151015 092238 8629
20151015 092238 8629
20151015 092238 8629
20151015 092238 8630
20151015 092240 8630
20151015 092241 8630
20151015 092243 8630
20151015 092300 8628
20151015 092305 8626
20151015 092306 8626
20151015 092308 8626
20151015 092309 8625
20151015 092333 8626
20151015 092333 8626
20151015 092333 8626
20151015 092333 8626
20151015 092333 8626
20151015 092333 8626
20151015 092333 8626
20151015 092333 8627
20151015 092333 8627
20151015 092333 8627
20151015 092333 8627
20151015 092333 8627
20151015 092333 8627
20151015 092333 8627
20151015 092333 8627
20151015 092333 8627
20151015 092333 8627
20151015 092333 8627
20151015 092333 8627
20151015 092333 8627
20151015 092333 8627
20151015 092333 8627
20151015 092333 8627
20151015 092334 8627
20151015 092334 8628
20151015 092334 8628
20151015 092334 8628
20151015 092334 8628
20151015 092334 8628
20151015 092334 8628
20151015 092334 8628
20151015 092334 8628
20151015 092334 8628
20151015 092337 8628
20151015 092344 8627
20151015 092350 8629
20151015 092353 8629
20151015 092353 8630
20151015 092356 8630
20151015 092356 8630
20151015 092356 8630
20151015 092356 8630
20151015 092356 8631
20151015 092356 8631
20151015 092356 8631
20151015 092356 8631
20151015 092356 8632
20151015 092356 8632
20151015 092356 8632
20151015 092356 8632
20151015 092356 8632
20151015 092356 8632
20151015 092356 8632
20151015 092356 8632
20151015 092356 8632
20151015 092356 8632
20151015 092357 8632
20151015 092357 8632
20151015 092357 8632
20151015 092357 8633
20151015 092357 8633
20151015 092357 8633
20151015 092357 8633
20151015 092357 8633
20151015 092357 8633
20151015 092357 8633
20151015 092357 8633
20151015 092357 8634
20151015 092357 8634
20151015 092357 8634
20151015 092357 8634
20151015 092357 8634
20151015 092357 8635
20151015 092357 8635
20151015 092357 8635
20151015 092357 8635
20151015 092357 8635
20151015 092357 8635
20151015 092357 8635
20151015 092357 8635
20151015 092357 8635
20151015 092357 8635
20151015 092357 8635
20151015 092357 8635
20151015 092357 8635
20151015 092357 8635
20151015 092357 8636
20151015 092357 8636
20151015 092357 8636
20151015 092357 8636
20151015 092357 8636
20151015 092357 8636
20151015 092357 8636
20151015 092357 8636
20151015 092357 8636
20151015 092357 8636
20151015 092357 8636
20151015 092357 8636
20151015 092358 8636
20151015 092358 8636
20151015 092358 8636
20151015 092358 8636
20151015 092358 8636
20151015 092358 8637
20151015 092358 8637
20151015 092358 8637
20151015 092358 8637
20151015 092358 8637
20151015 092358 8638
20151015 092358 8638
20151015 092358 8638
20151015 092358 8638
20151015 092358 8638
20151015 092358 8638
20151015 092358 8638
20151015 092358 8638
20151015 092358 8639
20151015 092358 8639
20151015 092358 8639
20151015 092358 8639
20151015 092359 8637
20151015 092359 8637
20151015 092400 8637
20151015 092400 8640
20151015 092400 8640
20151015 092400 8640
20151015 092400 8640
20151015 092400 8640
20151015 092400 8640
20151015 092400 8640
20151015 092400 8641
20151015 092401 8641
20151015 092401 8641
20151015 092401 8641
20151015 092401 8642
20151015 092401 8642
20151015 092402 8640
20151015 092402 8640
20151015 092402 8642
20151015 092402 8642
20151015 092402 8642
20151015 092402 8642
20151015 092407 8636
20151015 092408 8636
20151015 092411 8636
20151015 092412 8638
20151015 092425 8636
20151015 092425 8637
20151015 092425 8637
20151015 092425 8637
20151015 092425 8637
20151015 092425 8637
20151015 092425 8637
20151015 092425 8637
20151015 092425 8637
20151015 092427 8638
20151015 092427 8638
20151015 092427 8638
20151015 092427 8638
20151015 092427 8638
20151015 092427 8638
20151015 092427 8638
20151015 092427 8638
20151015 092427 8638
20151015 092427 8638
20151015 092427 8639
20151015 092427 8639
20151015 092427 8639
20151015 092427 8639
20151015 092427 8639
20151015 092428 8613
20151015 092428 8639
20151015 092428 8639
20151015 092428 8639
20151015 092428 8639
20151015 092428 8639
20151015 092428 8639
20151015 092428 8639
20151015 092428 8639
20151015 092428 8639
20151015 092428 8639
20151015 092429 8639
20151015 092430 8640
20151015 092431 8638
20151015 092431 8640
20151015 092443 8636
20151015 092443 8636
20151015 092443 8636
20151015 092443 8636
20151015 092443 8636
20151015 092444 8637
20151015 092445 8636
20151015 092449 8639
20151015 092449 8639
20151015 092449 8640
20151015 092452 8639
20151015 092454 8638
20151015 092456 8639
20151015 092458 8638
20151015 092458 8639
20151015 092458 8640
20151015 092458 8640
20151015 092459 8640
20151015 092501 8639
20151015 092501 8639
20151015 092501 8640
20151015 092501 8640
20151015 092501 8640
20151015 092501 8640
20151015 092501 8640
20151015 092501 8640
20151015 092501 8640
20151015 092501 8640
20151015 092501 8640
20151015 092502 8639
20151015 092502 8641
20151015 092502 8641
20151015 092503 8639
20151015 092507 8638
20151015 092509 8624
20151015 092511 8640
20151015 092512 8641
20151015 092512 8641
20151015 092513 8640
20151015 092513 8641
20151015 092513 8641
20151015 092514 8641
20151015 092515 8641
20151015 092515 8641
20151015 092515 8641
20151015 092515 8641
20151015 092515 8641
20151015 092515 8642
20151015 092515 8642
20151015 092515 8642
20151015 092516 8640
20151015 092517 8640
20151015 092517 8643
20151015 092517 8643
20151015 092517 8643
20151015 092517 8643
20151015 092519 8641
20151015 092520 8643
20151015 092520 8643
20151015 092520 8643
20151015 092520 8643
20151015 092520 8643
20151015 092520 8643
20151015 092521 8644
20151015 092521 8644
20151015 092521 8644
20151015 092521 8644
20151015 092522 8644
20151015 092522 8644
20151015 092522 8644
20151015 092522 8645
20151015 092522 8645
20151015 092522 8645
20151015 092522 8645
20151015 092522 8645
20151015 092522 8645
20151015 092522 8645
20151015 092522 8645
20151015 092523 8643
20151015 092523 8644
20151015 092525 8643
20151015 092539 8644
20151015 092539 8644
20151015 092539 8644
20151015 092539 8644
20151015 092540 8644
20151015 092540 8644
20151015 092541 8644
20151015 092541 8644
20151015 092541 8645
20151015 092541 8645
20151015 092541 8645
20151015 092541 8645
20151015 092541 8645
20151015 092543 8644
20151015 092543 8644
20151015 092543 8644
20151015 092543 8644
20151015 092543 8644
20151015 092543 8644
20151015 092543 8644
20151015 092543 8645
20151015 092544 8643
20151015 092544 8644
20151015 092544 8644
20151015 092544 8644
20151015 092544 8644
20151015 092544 8644
20151015 092544 8644
20151015 092544 8644
20151015 092544 8644
20151015 092544 8644
20151015 092545 8642
20151015 092545 8642
20151015 092545 8642
20151015 092545 8642
20151015 092545 8642
20151015 092545 8643
20151015 092545 8643
20151015 092545 8643
20151015 092545 8643
20151015 092545 8643
20151015 092545 8643
20151015 092545 8643
20151015 092545 8643
20151015 092545 8643
20151015 092545 8643
20151015 092545 8643
20151015 092545 8643
20151015 092545 8643
20151015 092545 8643
20151015 092545 8643
20151015 092545 8643
20151015 092545 8643
20151015 092545 8643
20151015 092545 8643
20151015 092545 8643
20151015 092545 8643
20151015 092545 8643
20151015 092545 8643
20151015 092545 8644
20151015 092545 8644
20151015 092545 8644
20151015 092546 8643
20151015 092546 8643
20151015 092546 8644
20151015 092546 8644
20151015 092546 8644
20151015 092546 8644
20151015 092546 8644
20151015 092546 8644
20151015 092546 8644
20151015 092546 8644
20151015 092546 8645
20151015 092546 8645
20151015 092547 8644
20151015 092547 8644
20151015 092547 8644
20151015 092547 8644
20151015 092547 8644
20151015 092547 8644
20151015 092547 8644
20151015 092547 8644
20151015 092547 8644
20151015 092547 8645
20151015 092547 8645
20151015 092547 8645
20151015 092547 8645
20151015 092547 8645
20151015 092547 8645
20151015 092549 8645
20151015 092549 8645
20151015 092551 8646
20151015 092551 8647
20151015 092552 8647
20151015 092552 8647
20151015 092552 8647
20151015 092552 8647
20151015 092553 8647
20151015 092553 8647
20151015 092553 8647
20151015 092554 8646
20151015 092554 8647
20151015 092601 8647
20151015 092601 8647
20151015 092613 8643
20151015 092613 8643
20151015 092614 8643
20151015 092614 8643
20151015 092615 8642
20151015 092615 8642
20151015 092616 8642
20151015 092616 8642
20151015 092616 8642
20151015 092616 8642
20151015 092616 8642
20151015 092616 8642
20151015 092616 8643
20151015 092616 8643
20151015 092616 8643
20151015 092617 8643
20151015 092618 8643
20151015 092618 8643
20151015 092618 8643
20151015 092628 8641
20151015 092628 8641
20151015 092628 8641
20151015 092628 8641
20151015 092628 8641
20151015 092628 8641
20151015 092628 8641
20151015 092628 8641
20151015 092628 8641
20151015 092628 8641
20151015 092628 8641
20151015 092628 8641
20151015 092628 8641
20151015 092628 8641
20151015 092628 8641
20151015 092628 8641
20151015 092628 8641
20151015 092628 8642
20151015 092628 8642
20151015 092629 8640
20151015 092629 8641
20151015 092629 8641
20151015 092629 8641
20151015 092629 8641
20151015 092629 8641
20151015 092629 8641
20151015 092629 8641
20151015 092629 8641
20151015 092629 8641
20151015 092629 8641
20151015 092629 8641
20151015 092629 8641
20151015 092629 8641
20151015 092629 8642
20151015 092629 8642
20151015 092629 8642
20151015 092629 8642
20151015 092629 8642
20151015 092629 8642
20151015 092629 8642
20151015 092630 8642
20151015 092630 8643
20151015 092630 8643
20151015 092630 8643
20151015 092630 8643
20151015 092631 8642
20151015 092634 8643
20151015 092634 8644
20151015 092634 8644
20151015 092635 8645
20151015 092635 8645
20151015 092635 8645
20151015 092635 8645
20151015 092635 8645
20151015 092635 8645
20151015 092635 8645
20151015 092635 8645
20151015 092635 8645
20151015 092635 8645
20151015 092635 8645
20151015 092635 8645
20151015 092638 8644
20151015 092644 8642
20151015 092648 8643
20151015 092702 8644
20151015 092702 8644
20151015 092702 8644
20151015 092702 8644
20151015 092714 8642
20151015 092758 8645
20151015 092758 8646
20151015 092758 8646
20151015 092801 8647
20151015 092801 8647
20151015 092801 8647
20151015 092801 8647
20151015 092801 8647
20151015 092801 8648
20151015 092802 8648
20151015 092802 8648
20151015 092802 8648
20151015 092802 8648
20151015 092802 8648
20151015 092802 8648
20151015 092802 8648
20151015 092802 8649
20151015 092802 8649
20151015 092802 8649
20151015 092802 8649
20151015 092802 8649
20151015 092802 8649
20151015 092802 8649
20151015 092803 8647
20151015 092808 8646
20151015 092814 8646
20151015 092831 8645
20151015 092834 8644
20151015 092849 8638
20151015 092849 8638
20151015 092849 8639
20151015 092849 8639
20151015 092849 8639
20151015 092849 8639
20151015 092849 8640
20151015 092849 8640
20151015 092849 8640
20151015 092849 8640
20151015 092849 8640
20151015 092849 8641
20151015 092849 8641
20151015 092849 8641
20151015 092849 8641
20151015 092849 8641
20151015 092850 8636
20151015 092850 8637
20151015 092850 8637
20151015 092850 8638
20151015 092850 8638
20151015 092850 8638
20151015 092850 8638
20151015 092850 8638
20151015 092850 8638
20151015 092856 8637
20151015 092858 8623
20151015 092901 8639
20151015 092906 8639
20151015 092908 8638
20151015 092908 8639
20151015 092909 8638
20151015 092915 8639
20151015 092921 8638
20151015 092921 8638
20151015 092927 8638
20151015 092936 8642
20151015 092936 8642
20151015 092936 8642
20151015 092936 8642
20151015 092936 8642
20151015 092936 8642
20151015 092936 8642
20151015 092936 8643
20151015 092936 8644
20151015 092936 8644
20151015 092941 8641
20151015 092944 8642
20151015 093002 8637
20151015 093002 8637
20151015 093004 8637
20151015 093010 8637
20151015 093014 8635
20151015 093028 8639
20151015 093028 8639
20151015 093030 8640
20151015 093030 8640
20151015 093041 8641
20151015 093100 8635
20151015 093100 8635
20151015 093128 8638
20151015 093129 8639
20151015 093129 8639
20151015 093129 8639
20151015 093129 8639
20151015 093129 8639
20151015 093130 8638
20151015 093158 8637
20151015 093239 8635
20151015 093244 8633
20151015 093245 8633
20151015 093249 8633
20151015 093300 8636
20151015 093302 8637
20151015 093302 8638
20151015 093302 8638
20151015 093302 8638
20151015 093302 8638
20151015 093302 8638
20151015 093302 8638
20151015 093302 8638
20151015 093302 8638
20151015 093302 8638
20151015 093302 8638
20151015 093302 8639
20151015 093302 8639
20151015 093303 8640
20151015 093303 8640
20151015 093304 8638
20151015 093317 8636
20151015 093318 8636
20151015 093322 8636
20151015 093326 8636
20151015 093328 8637
20151015 093337 8636
20151015 093337 8636
20151015 093401 8637
20151015 093411 8636
20151015 093416 8636
20151015 093417 8638
20151015 093419 8637
20151015 093422 8637
20151015 093422 8638
20151015 093438 8638
20151015 093440 8640
20151015 093440 8640
20151015 093440 8640
20151015 093440 8640
20151015 093440 8641
20151015 093440 8641
20151015 093440 8641
20151015 093440 8641
20151015 093440 8641
20151015 093440 8641
20151015 093440 8641
20151015 093440 8641
20151015 093440 8641
20151015 093441 8641
20151015 093441 8641
20151015 093441 8642
20151015 093441 8642
20151015 093441 8642
20151015 093441 8643
20151015 093441 8643
20151015 093441 8643
20151015 093441 8643
20151015 093442 8640
20151015 093446 8641
20151015 093454 8643
20151015 093455 8643
20151015 093455 8643
20151015 093456 8644
20151015 093456 8644
20151015 093456 8644
20151015 093456 8644
20151015 093456 8644
20151015 093501 8645
20151015 093501 8646
20151015 093501 8646
20151015 093501 8646
20151015 093501 8646
20151015 093501 8646
20151015 093501 8646
20151015 093501 8646
20151015 093501 8646
20151015 093501 8646
20151015 093501 8646
20151015 093501 8647
20151015 093501 8647
20151015 093501 8647
20151015 093501 8647
20151015 093501 8647
20151015 093502 8646
20151015 093502 8647
20151015 093502 8647
20151015 093502 8647
20151015 093502 8648
20151015 093502 8648
20151015 093502 8648
20151015 093502 8648
20151015 093502 8648
20151015 093502 8648
20151015 093505 8645
20151015 093505 8646
20151015 093510 8643
20151015 093514 8644
20151015 093537 8625
20151015 093634 8639
20151015 093635 8639
20151015 093649 8639
20151015 093654 8639
20151015 093654 8639
20151015 093654 8640
20151015 093654 8641
20151015 093654 8641
20151015 093654 8641
20151015 093654 8641
20151015 093654 8641
20151015 093655 8642
20151015 093657 8643
20151015 093657 8643
20151015 093657 8643
20151015 093657 8643
20151015 093657 8643
20151015 093703 8642
20151015 093705 8644
20151015 093705 8644
20151015 093706 8644
20151015 093706 8644
20151015 093706 8644
20151015 093706 8645
20151015 093706 8645
20151015 093706 8645
20151015 093706 8645
20151015 093706 8645
20151015 093706 8646
20151015 093706 8646
20151015 093706 8646
20151015 093706 8646
20151015 093706 8646
20151015 093706 8646
20151015 093706 8646
20151015 093706 8646
20151015 093706 8646
20151015 093706 8647
20151015 093706 8647
20151015 093707 8648
20151015 093707 8648
20151015 093707 8648
20151015 093707 8649
20151015 093707 8649
20151015 093707 8649
20151015 093707 8649
20151015 093707 8649
20151015 093707 8649
20151015 093707 8649
20151015 093707 8649
20151015 093707 8649
20151015 093707 8649
20151015 093707 8650
20151015 093707 8650
20151015 093707 8650
20151015 093707 8650
20151015 093707 8650
20151015 093707 8650
20151015 093707 8650
20151015 093707 8651
20151015 093707 8651
20151015 093707 8651
20151015 093707 8651
20151015 093707 8651
20151015 093707 8651
20151015 093707 8651
20151015 093708 8651
20151015 093708 8651
20151015 093708 8651
20151015 093708 8651
20151015 093708 8651
20151015 093708 8651
20151015 093708 8651
20151015 093708 8652
20151015 093708 8652
20151015 093711 8649
20151015 093713 8648
20151015 093714 8652
20151015 093718 8649
20151015 093722 8649
20151015 093732 8648
20151015 093732 8648
20151015 093749 8649
20151015 093749 8649
20151015 093753 8648
20151015 093757 8649
20151015 093757 8649
20151015 093757 8649
20151015 093806 8651
20151015 093806 8651
20151015 093806 8651
20151015 093806 8651
20151015 093806 8651
20151015 093808 8651
20151015 093811 8648
20151015 093812 8647
20151015 093813 8648
20151015 093813 8648
20151015 093851 8649
20151015 093859 8651
20151015 093900 8652
20151015 093900 8652
20151015 093900 8652
20151015 093900 8652
20151015 093900 8652
20151015 093900 8652
20151015 093900 8652
20151015 093900 8652
20151015 093901 8653
20151015 093901 8653
20151015 093901 8653
20151015 093901 8653
20151015 093901 8653
20151015 093901 8653
20151015 093901 8654
20151015 093901 8654
20151015 093901 8654
20151015 093901 8654
20151015 093901 8654
20151015 093901 8654
20151015 093901 8654
20151015 093901 8654
20151015 093901 8654
20151015 093901 8655
20151015 093901 8655
20151015 093901 8655
20151015 093901 8655
20151015 093901 8655
20151015 093901 8655
20151015 093901 8655
20151015 093901 8655
20151015 093901 8655
20151015 093901 8655
20151015 093901 8655
20151015 093901 8655
20151015 093901 8655
20151015 093901 8655
20151015 093901 8655
20151015 093901 8655
20151015 093901 8655
20151015 093901 8655
20151015 093902 8652
20151015 093902 8652
20151015 093903 8655
20151015 093903 8655
20151015 093904 8655
20151015 093904 8655
20151015 093905 8655
20151015 093905 8655
20151015 093905 8656
20151015 093907 8656
20151015 093951 8655
20151015 093951 8655
20151015 093952 8655
20151015 093952 8655
20151015 093953 8656
20151015 093954 8657
20151015 093954 8657
20151015 093954 8657
20151015 093955 8657
20151015 093955 8657
20151015 093956 8640
20151015 093956 8657
20151015 093956 8657
20151015 093956 8657
20151015 093958 8657
20151015 094001 8642
20151015 094001 8659
20151015 094001 8659
20151015 094001 8659
20151015 094001 8659
20151015 094001 8659
20151015 094001 8660
20151015 094001 8660
20151015 094001 8660
20151015 094001 8660
20151015 094001 8660
20151015 094001 8660
20151015 094001 8660
20151015 094001 8660
20151015 094001 8661
20151015 094001 8661
20151015 094001 8661
20151015 094001 8661
20151015 094001 8661
20151015 094001 8661
20151015 094001 8661
20151015 094001 8661
20151015 094001 8661
20151015 094001 8661
20151015 094001 8661
20151015 094001 8661
20151015 094001 8661
20151015 094002 8644
20151015 094002 8659
20151015 094005 8661
20151015 094005 8661
20151015 094006 8662
20151015 094006 8662
20151015 094006 8662
20151015 094006 8662
20151015 094006 8662
20151015 094006 8662
20151015 094006 8662
20151015 094007 8660
20151015 094009 8660
20151015 094010 8661
20151015 094010 8661
20151015 094011 8661
20151015 094012 8662
20151015 094012 8662
20151015 094016 8646
20151015 094040 8658
20151015 094040 8659
20151015 094040 8659
20151015 094043 8659
20151015 094044 8660
20151015 094106 8659
20151015 094109 8664
20151015 094121 8664
20151015 094121 8664
20151015 094121 8664
20151015 094121 8664
20151015 094121 8664
20151015 094121 8664
20151015 094121 8664
20151015 094121 8665
20151015 094121 8665
20151015 094121 8665
20151015 094121 8665
20151015 094121 8665
20151015 094121 8665
20151015 094121 8665
20151015 094121 8665
20151015 094121 8665
20151015 094121 8665
20151015 094121 8665
20151015 094121 8665
20151015 094121 8665
20151015 094121 8665
20151015 094121 8665
20151015 094121 8666
20151015 094121 8666
20151015 094121 8667
20151015 094121 8667
20151015 094121 8667
20151015 094121 8667
20151015 094121 8667
20151015 094121 8667
20151015 094121 8667
20151015 094121 8667
20151015 094121 8667
20151015 094121 8667
20151015 094121 8667
20151015 094121 8667
20151015 094121 8667
20151015 094121 8667
20151015 094121 8667
20151015 094121 8667
20151015 094121 8667
20151015 094121 8667
20151015 094121 8667
20151015 094121 8667
20151015 094123 8663
20151015 094130 8661
20151015 094141 8661
20151015 094143 8659
20151015 094143 8659
20151015 094143 8659
20151015 094143 8659
20151015 094144 8659
20151015 094144 8661
20151015 094149 8662
20151015 094202 8664
20151015 094210 8662
20151015 094211 8662
20151015 094221 8662
20151015 094228 8648
20151015 094231 8648
20151015 094243 8661
20151015 094246 8659
20151015 094246 8659
20151015 094246 8659
20151015 094246 8659
20151015 094246 8659
20151015 094249 8657
20151015 094252 8658
20151015 094254 8657
20151015 094254 8658
20151015 094255 8657
20151015 094256 8658
20151015 094311 8658
20151015 094312 8658
20151015 094330 8658
20151015 094353 8654
20151015 094353 8655
20151015 094353 8655
20151015 094354 8654
20151015 094354 8654
20151015 094354 8654
20151015 094355 8655
20151015 094400 8655
20151015 094412 8652
20151015 094413 8652
20151015 094423 8657
20151015 094426 8658
20151015 094426 8658
20151015 094431 8660
20151015 094431 8660
20151015 094431 8661
20151015 094435 8658
20151015 094444 8661
20151015 094451 8663
20151015 094452 8664
20151015 094501 8665
20151015 094501 8665
20151015 094501 8665
20151015 094501 8666
20151015 094501 8666
20151015 094501 8666
20151015 094502 8663
20151015 094502 8666
20151015 094502 8666
20151015 094502 8666
20151015 094502 8667
20151015 094502 8667
20151015 094502 8667
20151015 094502 8667
20151015 094502 8667
20151015 094502 8667
20151015 094502 8667
20151015 094502 8667
20151015 094502 8667
20151015 094502 8667
20151015 094502 8667
20151015 094502 8667
20151015 094502 8667
20151015 094502 8667
20151015 094502 8667
20151015 094502 8667
20151015 094502 8667
20151015 094502 8667
20151015 094502 8667
20151015 094502 8667
20151015 094502 8667
20151015 094502 8667
20151015 094502 8667
20151015 094502 8667
20151015 094502 8667
20151015 094502 8667
20151015 094502 8667
20151015 094502 8667
20151015 094502 8667
20151015 094502 8667
20151015 094510 8661
20151015 094519 8656
20151015 094520 8658
20151015 094523 8660
20151015 094525 8660
20151015 094531 8661
20151015 094532 8660
20151015 094535 8658
20151015 094535 8658
20151015 094536 8658
20151015 094536 8658
20151015 094551 8658
20151015 094557 8657
20151015 094607 8657
20151015 094626 8659
20151015 094626 8659
20151015 094628 8659
20151015 094628 8659
20151015 094651 8659
20151015 094703 8658
20151015 094705 8657
20151015 094705 8657
20151015 094705 8657
20151015 094705 8657
20151015 094706 8655
20151015 094706 8655
20151015 094706 8656
20151015 094706 8656
20151015 094706 8656
20151015 094725 8654
20151015 094725 8654
20151015 094725 8654
20151015 094816 8655
20151015 094904 8655
20151015 094909 8653
20151015 094909 8653
20151015 094910 8652
20151015 094910 8652
20151015 094910 8652
20151015 094910 8652
20151015 094910 8652
20151015 094910 8652
20151015 094910 8652
20151015 094910 8652
20151015 094910 8652
20151015 094910 8652
20151015 094910 8652
20151015 094913 8636
20151015 094931 8656
20151015 094931 8656
20151015 094931 8657
20151015 094931 8657
20151015 094931 8657
20151015 095002 8657
20151015 095002 8657
20151015 095004 8657
20151015 095008 8658
20151015 095008 8658
20151015 095008 8659
20151015 095008 8659
20151015 095008 8659
20151015 095008 8659
20151015 095008 8659
20151015 095008 8659
20151015 095008 8659
20151015 095008 8659
20151015 095008 8659
20151015 095008 8659
20151015 095009 8659
20151015 095010 8660
20151015 095010 8660
20151015 095010 8660
20151015 095012 8661
20151015 095021 8659
20151015 095028 8659
20151015 095044 8659
20151015 095051 8660
20151015 095101 8658
20151015 095107 8658
20151015 095107 8658
20151015 095206 8659
20151015 095215 8660
20151015 095226 8659
20151015 095226 8659
20151015 095324 8645
20151015 095334 8662
20151015 095334 8662
20151015 095334 8662
20151015 095334 8662
20151015 095334 8662
20151015 095335 8663
20151015 095335 8663
20151015 095335 8663
20151015 095335 8663
20151015 095335 8663
20151015 095336 8663
20151015 095336 8664
20151015 095337 8664
20151015 095337 8664
20151015 095337 8664
20151015 095338 8663
20151015 095338 8664
20151015 095409 8659
20151015 095409 8659
20151015 095413 8657
20151015 095414 8655
20151015 095414 8655
20151015 095415 8655
20151015 095415 8655
20151015 095415 8655
20151015 095415 8655
20151015 095415 8655
20151015 095415 8655
20151015 095415 8655
20151015 095415 8655
20151015 095415 8655
20151015 095416 8655
20151015 095416 8655
20151015 095416 8655
20151015 095416 8655
20151015 095417 8655
20151015 095425 8654
20151015 095425 8654
20151015 095426 8653
20151015 095426 8653
20151015 095427 8653
20151015 095428 8653
20151015 095430 8653
20151015 095433 8651
20151015 095433 8651
20151015 095434 8646
20151015 095434 8647
20151015 095434 8649
20151015 095434 8649
20151015 095434 8649
20151015 095434 8649
20151015 095434 8649
20151015 095434 8649
20151015 095434 8650
20151015 095435 8643
20151015 095435 8643
20151015 095435 8643
20151015 095435 8644
20151015 095435 8644
20151015 095435 8644
20151015 095435 8644
20151015 095435 8644
20151015 095435 8644
20151015 095435 8644
20151015 095435 8644
20151015 095435 8644
20151015 095435 8644
20151015 095435 8645
20151015 095435 8645
20151015 095435 8646
20151015 095436 8646
20151015 095436 8647
20151015 095437 8645
20151015 095437 8645
20151015 095437 8645
20151015 095438 8645
20151015 095438 8645
20151015 095440 8647
20151015 095440 8647
20151015 095451 8647
20151015 095452 8648
20151015 095452 8648
20151015 095453 8648
20151015 095501 8649
20151015 095501 8649
20151015 095501 8649
20151015 095522 8650
20151015 095529 8648
20151015 095614 8650
20151015 095614 8651
20151015 095614 8651
20151015 095642 8646
20151015 095642 8646
20151015 095642 8646
20151015 095642 8646
20151015 095642 8647
20151015 095642 8647
20151015 095643 8644
20151015 095643 8644
20151015 095643 8644
20151015 095643 8645
20151015 095656 8643
20151015 095656 8643
20151015 095656 8643
20151015 095656 8643
20151015 095658 8645
20151015 095658 8645
20151015 095659 8645
20151015 095727 8645
20151015 095727 8645
20151015 095728 8645
20151015 095729 8645
20151015 095734 8646
20151015 095735 8647
20151015 095735 8647
20151015 095740 8647
20151015 095750 8649
20151015 095754 8646
20151015 095802 8646
20151015 095813 8646
20151015 095919 8643
20151015 095919 8643
20151015 095919 8643
20151015 095919 8643
20151015 095919 8643
20151015 095919 8643
20151015 095919 8643
20151015 095919 8643
20151015 095919 8643
20151015 095919 8643
20151015 095919 8643
20151015 095919 8643
20151015 095919 8643
20151015 095919 8643
20151015 095919 8643
20151015 095919 8643
20151015 095919 8643
20151015 095919 8643
20151015 095919 8643
20151015 095919 8644
20151015 095919 8644
20151015 095919 8644
20151015 095919 8644
20151015 095919 8644
20151015 095919 8644
20151015 095919 8644
20151015 095919 8644
20151015 095919 8644
20151015 095919 8644
20151015 095919 8644
20151015 095919 8644
20151015 095919 8644
20151015 095919 8644
20151015 095919 8644
20151015 095919 8644
20151015 095919 8644
20151015 095919 8644
20151015 095920 8643
20151015 095920 8643
20151015 095920 8643
20151015 095920 8643
20151015 095920 8643
20151015 095920 8643
20151015 095945 8644
20151015 095949 8647
20151015 095949 8647
20151015 095949 8647
20151015 095949 8647
20151015 095949 8647
20151015 095949 8647
20151015 095949 8647
20151015 095949 8647
20151015 095949 8647
20151015 095949 8647
20151015 095949 8647
20151015 095949 8647
20151015 095949 8647
20151015 095949 8647
20151015 100108 8647
20151015 100109 8648
20151015 100113 8651
20151015 100113 8651
20151015 100113 8651
20151015 100114 8652
20151015 100114 8652
20151015 100114 8652
20151015 100114 8652
20151015 100131 8649
20151015 100152 8635
20151015 100217 8648
20151015 100339 8650
20151015 100410 8630
20151015 100454 8628
20151015 100454 8644
20151015 100454 8644
20151015 100454 8644
20151015 100454 8644
20151015 100454 8644
20151015 100454 8644
20151015 100454 8644
20151015 100454 8644
20151015 100454 8644
20151015 100454 8644
20151015 100454 8644
20151015 100454 8644
20151015 100454 8644
20151015 100454 8644
20151015 100454 8644
20151015 100454 8644
20151015 100541 8645
20151015 100541 8645
20151015 100542 8646
20151015 100542 8646
20151015 100542 8646
20151015 100542 8646
20151015 100544 8647
20151015 100544 8647
20151015 100600 8649
20151015 100606 8650
20151015 100609 8650
20151015 100613 8651
20151015 100614 8652
20151015 100614 8652
20151015 100614 8652
20151015 100614 8652
20151015 100614 8653
20151015 100614 8653
20151015 100614 8653
20151015 100614 8653
20151015 100614 8653
20151015 100614 8653
20151015 100615 8653
20151015 100615 8654
20151015 100615 8654
20151015 100615 8654
20151015 100615 8654
20151015 100615 8655
20151015 100616 8656
20151015 100616 8656
20151015 100618 8656
20151015 100713 8653
20151015 100726 8653
20151015 100726 8653
20151015 100726 8653
20151015 100726 8653
20151015 100726 8653
20151015 100726 8653
20151015 100726 8653
20151015 100726 8653
20151015 100726 8653
20151015 100726 8653
20151015 100726 8653
20151015 100726 8653
20151015 100728 8638
20151015 100729 8636
20151015 100729 8653
20151015 100730 8653
20151015 100736 8648
20151015 100736 8648
20151015 100736 8648
20151015 100736 8648
20151015 100736 8648
20151015 100736 8649
20151015 100736 8649
20151015 100736 8649
20151015 100736 8649
20151015 100736 8649
20151015 100736 8649
20151015 100736 8649
20151015 100736 8649
20151015 100737 8648
20151015 100737 8648
20151015 100737 8648
20151015 100737 8648
20151015 100737 8648
20151015 100737 8648
20151015 100737 8648
20151015 100746 8651
20151015 100816 8649
20151015 100816 8649
20151015 100906 8648
20151015 101002 8652
20151015 101010 8653
20151015 101012 8652
20151015 101016 8635
20151015 101016 8635
20151015 101024 8651
20151015 101031 8653
20151015 101040 8653
20151015 101048 8653
20151015 101054 8651
20151015 101054 8651
20151015 101055 8651
20151015 101106 8652
20151015 101156 8654
20151015 101156 8654
20151015 101158 8654
20151015 101212 8649
20151015 101213 8648
20151015 101213 8648
20151015 101231 8648
20151015 101246 8648
20151015 101246 8648
20151015 101246 8648
20151015 101246 8648
20151015 101246 8648
20151015 101348 8633
20151015 101352 8649
20151015 101359 8650
20151015 101422 8632
20151015 101434 8649
20151015 101435 8630
20151015 101435 8648
20151015 101441 8649
20151015 101444 8648
20151015 101444 8649
20151015 101450 8649
20151015 101453 8649
20151015 101518 8650
20151015 101518 8650
20151015 101532 8649
20151015 101544 8650
20151015 101635 8651
20151015 101722 8649
20151015 101804 8651
20151015 101806 8651
20151015 101818 8652
20151015 101820 8653
20151015 101820 8653
20151015 101820 8654
20151015 101820 8655
20151015 101820 8655
20151015 101820 8655
20151015 101820 8655
20151015 101820 8656
20151015 101820 8656
20151015 101820 8656
20151015 101820 8656
20151015 101820 8656
20151015 101820 8657
20151015 101820 8657
20151015 101820 8657
20151015 101820 8657
20151015 101820 8657
20151015 101820 8657
20151015 101820 8657
20151015 101820 8657
20151015 101820 8657
20151015 101821 8657
20151015 101821 8657
20151015 101821 8657
20151015 101821 8657
20151015 101821 8658
20151015 101821 8659
20151015 101821 8659
20151015 101821 8659
20151015 101823 8655
20151015 101823 8655
20151015 101823 8655
20151015 101823 8656
20151015 101823 8656
20151015 101823 8656
20151015 101823 8656
20151015 101841 8656
20151015 101844 8640
20151015 101844 8657
20151015 101857 8656
20151015 101912 8656
20151015 101918 8655
20151015 101945 8655
20151015 101945 8655
20151015 101945 8655
20151015 101945 8655
20151015 101945 8655
20151015 101945 8655
20151015 101945 8655
20151015 101945 8655
20151015 101945 8655
20151015 101945 8655
20151015 101945 8655
20151015 101945 8655
20151015 101945 8655
20151015 101959 8655
20151015 101959 8655
20151015 101959 8655
20151015 101959 8655
20151015 101959 8655
20151015 101959 8655
20151015 101959 8655
20151015 101959 8655
20151015 101959 8655
20151015 101959 8655
20151015 101959 8655
20151015 101959 8655
20151015 101959 8655
20151015 101959 8655
20151015 101959 8655
20151015 101959 8655
20151015 101959 8655
20151015 101959 8656
20151015 101959 8656
20151015 101959 8656
20151015 101959 8656
20151015 101959 8656
20151015 101959 8656
20151015 101959 8656
20151015 101959 8656
20151015 101959 8656
20151015 101959 8656
20151015 101959 8656
20151015 101959 8656
20151015 101959 8656
20151015 101959 8656
20151015 102000 8657
20151015 102012 8656
20151015 102033 8657
20151015 102130 8652
20151015 102237 8648
20151015 102240 8647
20151015 102434 8648
20151015 102513 8644
20151015 102513 8644
20151015 102513 8644
20151015 102513 8644
20151015 102513 8644
20151015 102513 8644
20151015 102513 8644
20151015 102513 8644
20151015 102513 8644
20151015 102513 8645
20151015 102521 8642
20151015 102522 8641
20151015 102522 8641
20151015 102522 8641
20151015 102522 8641
20151015 102522 8641
20151015 102523 8632
20151015 102523 8632
20151015 102523 8632
20151015 102523 8633
20151015 102523 8633
20151015 102523 8633
20151015 102523 8633
20151015 102523 8633
20151015 102523 8633
20151015 102523 8634
20151015 102523 8634
20151015 102523 8634
20151015 102523 8634
20151015 102523 8634
20151015 102523 8634
20151015 102523 8634
20151015 102523 8634
20151015 102523 8634
20151015 102523 8634
20151015 102523 8634
20151015 102523 8634
20151015 102523 8634
20151015 102523 8634
20151015 102523 8634
20151015 102523 8634
20151015 102523 8634
20151015 102523 8634
20151015 102523 8634
20151015 102523 8635
20151015 102523 8635
20151015 102523 8635
20151015 102523 8635
20151015 102523 8636
20151015 102523 8636
20151015 102523 8636
20151015 102523 8636
20151015 102523 8637
20151015 102523 8637
20151015 102523 8638
20151015 102523 8638
20151015 102523 8639
20151015 102523 8639
20151015 102523 8639
20151015 102523 8639
20151015 102523 8639
20151015 102523 8639
20151015 102523 8639
20151015 102524 8621
20151015 102524 8621
20151015 102524 8622
20151015 102524 8623
20151015 102524 8623
20151015 102524 8624
20151015 102524 8624
20151015 102524 8624
20151015 102524 8624
20151015 102524 8624
20151015 102524 8624
20151015 102524 8624
20151015 102524 8624
20151015 102524 8624
20151015 102524 8624
20151015 102524 8624
20151015 102524 8624
20151015 102524 8624
20151015 102524 8624
20151015 102524 8624
20151015 102524 8624
20151015 102524 8624
20151015 102524 8625
20151015 102524 8625
20151015 102524 8625
20151015 102524 8625
20151015 102524 8625
20151015 102524 8625
20151015 102524 8625
20151015 102524 8625
20151015 102524 8625
20151015 102524 8626
20151015 102524 8626
20151015 102524 8626
20151015 102524 8626
20151015 102524 8627
20151015 102524 8627
20151015 102524 8627
20151015 102524 8627
20151015 102524 8628
20151015 102524 8628
20151015 102524 8629
20151015 102524 8629
20151015 102524 8629
20151015 102524 8629
20151015 102524 8630
20151015 102524 8630
20151015 102524 8630
20151015 102524 8630
20151015 102524 8630
20151015 102524 8630
20151015 102524 8631
20151015 102524 8631
20151015 102524 8631
20151015 102524 8631
20151015 102524 8631
20151015 102524 8631
20151015 102524 8632
20151015 102525 8617
20151015 102525 8617
20151015 102525 8617
20151015 102525 8617
20151015 102525 8617
20151015 102525 8617
20151015 102525 8617
20151015 102525 8618
20151015 102525 8618
20151015 102525 8618
20151015 102525 8619
20151015 102525 8619
20151015 102525 8619
20151015 102525 8619
20151015 102525 8619
20151015 102525 8620
20151015 102525 8620
20151015 102525 8620
20151015 102525 8620
20151015 102526 8614
20151015 102526 8614
20151015 102526 8614
20151015 102526 8614
20151015 102526 8614
20151015 102526 8614
20151015 102526 8614
20151015 102526 8614
20151015 102526 8614
20151015 102526 8614
20151015 102526 8614
20151015 102526 8614
20151015 102526 8614
20151015 102526 8614
20151015 102526 8614
20151015 102526 8614
20151015 102526 8614
20151015 102526 8614
20151015 102526 8614
20151015 102526 8614
20151015 102526 8614
20151015 102526 8614
20151015 102526 8614
20151015 102526 8614
20151015 102526 8614
20151015 102526 8614
20151015 102526 8614
20151015 102526 8614
20151015 102526 8615
20151015 102526 8615
20151015 102526 8615
20151015 102526 8615
20151015 102526 8615
20151015 102526 8615
20151015 102526 8615
20151015 102526 8615
20151015 102526 8615
20151015 102526 8616
20151015 102526 8616
20151015 102527 8607
20151015 102527 8607
20151015 102527 8607
20151015 102527 8607
20151015 102527 8607
20151015 102527 8608
20151015 102527 8609
20151015 102527 8609
20151015 102527 8609
20151015 102527 8609
20151015 102527 8610
20151015 102527 8610
20151015 102527 8610
20151015 102527 8610
20151015 102527 8611
20151015 102527 8612
20151015 102527 8612
20151015 102527 8612
20151015 102527 8612
20151015 102527 8612
20151015 102527 8612
20151015 102528 8602
20151015 102528 8602
20151015 102528 8602
20151015 102528 8602
20151015 102528 8602
20151015 102528 8602
20151015 102528 8603
20151015 102528 8604
20151015 102528 8604
20151015 102528 8604
20151015 102528 8604
20151015 102528 8604
20151015 102528 8604
20151015 102528 8604
20151015 102528 8604
20151015 102528 8604
20151015 102528 8604
20151015 102528 8604
20151015 102528 8604
20151015 102528 8604
20151015 102528 8604
20151015 102528 8604
20151015 102528 8604
20151015 102528 8604
20151015 102528 8605
20151015 102528 8605
20151015 102528 8606
20151015 102528 8606
20151015 102528 8607
20151015 102529 8593
20151015 102529 8593
20151015 102529 8593
20151015 102529 8593
20151015 102529 8593
20151015 102529 8593
20151015 102529 8593
20151015 102529 8594
20151015 102529 8594
20151015 102529 8594
20151015 102529 8594
20151015 102529 8594
20151015 102529 8594
20151015 102529 8594
20151015 102529 8594
20151015 102529 8594
20151015 102529 8594
20151015 102529 8594
20151015 102529 8595
20151015 102529 8595
20151015 102529 8595
20151015 102529 8595
20151015 102529 8595
20151015 102529 8595
20151015 102529 8596
20151015 102529 8596
20151015 102529 8596
20151015 102529 8596
20151015 102529 8596
20151015 102529 8597
20151015 102529 8597
20151015 102529 8598
20151015 102529 8598
20151015 102529 8598
20151015 102529 8598
20151015 102529 8598
20151015 102529 8599
20151015 102529 8599
20151015 102529 8599
20151015 102529 8599
20151015 102529 8599
20151015 102529 8599
20151015 102529 8599
20151015 102529 8599
20151015 102529 8599
20151015 102529 8599
20151015 102529 8600
20151015 102529 8600
20151015 102529 8600
20151015 102529 8600
20151015 102529 8600
20151015 102530 8592
20151015 102530 8592
20151015 102530 8592
20151015 102530 8592
20151015 102530 8594
20151015 102531 8593
20151015 102531 8593
20151015 102531 8593
20151015 102531 8593
20151015 102531 8593
20151015 102531 8593
20151015 102531 8593
20151015 102531 8593
20151015 102532 8586
20151015 102532 8597
20151015 102535 8606
20151015 102537 8603
20151015 102537 8604
20151015 102539 8605
20151015 102540 8604
20151015 102540 8607
20151015 102543 8603
20151015 102544 8603
20151015 102544 8605
20151015 102545 8601
20151015 102545 8601
20151015 102545 8602
20151015 102548 8601
20151015 102549 8602
20151015 102550 8604
20151015 102552 8604
20151015 102552 8605
20151015 102553 8603
20151015 102553 8603
20151015 102553 8603
20151015 102553 8604
20151015 102555 8606
20151015 102558 8607
20151015 102558 8607
20151015 102558 8609
20151015 102602 8607
20151015 102602 8608
20151015 102602 8608
20151015 102605 8610
20151015 102607 8608
20151015 102607 8609
20151015 102608 8611
20151015 102612 8609
20151015 102612 8611
20151015 102613 8611
20151015 102613 8611
20151015 102615 8609
20151015 102617 8611
20151015 102622 8614
20151015 102623 8612
20151015 102632 8612
20151015 102632 8615
20151015 102632 8615
20151015 102642 8615
20151015 102645 8599
20151015 102653 8614
20151015 102654 8614
20151015 102655 8613
20151015 102656 8613
20151015 102701 8613
20151015 102701 8613
20151015 102704 8613
20151015 102704 8613
20151015 102729 8613
20151015 102729 8613
20151015 102730 8613
20151015 102730 8613
20151015 102731 8611
20151015 102731 8611
20151015 102731 8611
20151015 102731 8611
20151015 102731 8612
20151015 102731 8612
20151015 102731 8612
20151015 102731 8612
20151015 102731 8612
20151015 102731 8612
20151015 102740 8612
20151015 102749 8613
20151015 102755 8612
20151015 102809 8610
20151015 102809 8610
20151015 102810 8609
20151015 102810 8609
20151015 102811 8609
20151015 102811 8609
20151015 102811 8609
20151015 102811 8611
20151015 102812 8609
20151015 102813 8609
20151015 102813 8609
20151015 102813 8609
20151015 102814 8609
20151015 102816 8609
20151015 102817 8609
20151015 102817 8609
20151015 102832 8607
20151015 102832 8607
20151015 102832 8608
20151015 102832 8609
20151015 102833 8606
20151015 102833 8606
20151015 102833 8606
20151015 102833 8606
20151015 102833 8606
20151015 102833 8609
20151015 102839 8608
20151015 102847 8607
20151015 102942 8612
20151015 102943 8612
20151015 102951 8610
20151015 102959 8607
20151015 102959 8607
20151015 103000 8606
20151015 103001 8605
20151015 103017 8610
20151015 103031 8614
20151015 103055 8615
20151015 103114 8615
20151015 103124 8617
20151015 103134 8617
20151015 103154 8615
20151015 103156 8615
20151015 103217 8614
20151015 103217 8614
20151015 103217 8614
20151015 103217 8614
20151015 103217 8614
20151015 103217 8614
20151015 103219 8615
20151015 103232 8614
20151015 103240 8617
20151015 103259 8617
20151015 103259 8617
20151015 103316 8614
20151015 103317 8616
20151015 103317 8616
20151015 103319 8614
20151015 103319 8614
20151015 103319 8616
20151015 103320 8614
20151015 103321 8614
20151015 103321 8614
20151015 103321 8615
20151015 103321 8615
20151015 103328 8615
20151015 103329 8614
20151015 103332 8614
20151015 103333 8614
20151015 103336 8614
20151015 103336 8614
20151015 103337 8614
20151015 103342 8614
20151015 103343 8613
20151015 103343 8613
20151015 103343 8613
20151015 103343 8613
20151015 103347 8612
20151015 103347 8612
20151015 103347 8612
20151015 103347 8612
20151015 103347 8612
20151015 103347 8612
20151015 103347 8612
20151015 103347 8612
20151015 103347 8613
20151015 103349 8612
20151015 103413 8614
20151015 103425 8615
20151015 103428 8615
20151015 103442 8615
20151015 103502 8611
20151015 103502 8611
20151015 103502 8612
20151015 103502 8612
20151015 103502 8612
20151015 103502 8613
20151015 103555 8614
20151015 103606 8612
20151015 103606 8612
20151015 103612 8609
20151015 103612 8609
20151015 103612 8609
20151015 103612 8609
20151015 103612 8609
20151015 103612 8609
20151015 103612 8609
20151015 103612 8610
20151015 103612 8610
20151015 103612 8611
20151015 103613 8608
20151015 103700 8611
20151015 103700 8611
20151015 103700 8611
20151015 103700 8611
20151015 103700 8611
20151015 103715 8614
20151015 103715 8614
20151015 103715 8615
20151015 103715 8616
20151015 103715 8616
20151015 103715 8616
20151015 103715 8616
20151015 103715 8616
20151015 103715 8616
20151015 103715 8616
20151015 103715 8616
20151015 103715 8617
20151015 103715 8618
20151015 103716 8620
20151015 103716 8620
20151015 103716 8620
20151015 103716 8620
20151015 103716 8621
20151015 103716 8621
20151015 103716 8621
20151015 103716 8621
20151015 103716 8622
20151015 103716 8622
20151015 103716 8622
20151015 103716 8622
20151015 103716 8622
20151015 103717 8620
20151015 103722 8617
20151015 103730 8619
20151015 103731 8619
20151015 103753 8619
20151015 103811 8623
20151015 103811 8623
20151015 103814 8623
20151015 103817 8623
20151015 103822 8624
20151015 103822 8624
20151015 103826 8624
20151015 103853 8620
20151015 103859 8620
20151015 103923 8621
20151015 104020 8621
20151015 104035 8619
20151015 104035 8619
20151015 104035 8619
20151015 104035 8619
20151015 104043 8618
20151015 104045 8619
20151015 104048 8617
20151015 104121 8618
20151015 104216 8621
20151015 104218 8620
20151015 104218 8621
20151015 104313 8619
20151015 104441 8620
20151015 104456 8620
20151015 104553 8622
20151015 104553 8622
20151015 104556 8623
20151015 104556 8623
20151015 104558 8624
20151015 104558 8624
20151015 104558 8624
20151015 104558 8624
20151015 104633 8622
20151015 104655 8620
20151015 104726 8619
20151015 104726 8619
20151015 104751 8619
20151015 104751 8619
20151015 104826 8618
20151015 104835 8618
20151015 104842 8618
20151015 104843 8619
20151015 105009 8617
20151015 105009 8617
20151015 105017 8617
20151015 105017 8617
20151015 105017 8617
20151015 105018 8615
20151015 105018 8615
20151015 105018 8615
20151015 105018 8616
20151015 105018 8616
20151015 105019 8615
20151015 105019 8615
20151015 105024 8616
20151015 105030 8616
20151015 105135 8617
20151015 105202 8617
20151015 105306 8617
20151015 105306 8617
20151015 105325 8619
20151015 105330 8619
20151015 105337 8621
20151015 105338 8621
20151015 105348 8621
20151015 105352 8621
20151015 105512 8617
20151015 105547 8618
20151015 105631 8620
20151015 105631 8620
20151015 105631 8620
20151015 105633 8621
20151015 105633 8621
20151015 105633 8621
20151015 105633 8621
20151015 105634 8622
20151015 105634 8622
20151015 105634 8622
20151015 105634 8622
20151015 105634 8622
20151015 105703 8621
20151015 105746 8617
20151015 105746 8617
20151015 105829 8617
20151015 105830 8617
20151015 105830 8617
20151015 105933 8615
20151015 105935 8614
20151015 105935 8614
20151015 105935 8614
20151015 105935 8614
20151015 105936 8614
20151015 105936 8614
20151015 105936 8614
20151015 105936 8614
20151015 105936 8614
20151015 105936 8614
20151015 105936 8614
20151015 105936 8614
20151015 105936 8614
20151015 105943 8614
20151015 110001 8614
20151015 110019 8614
20151015 110047 8612
20151015 110047 8612
20151015 110047 8612
20151015 110047 8612
20151015 110047 8612
20151015 110047 8613
20151015 110048 8612
20151015 110051 8611
20151015 110051 8611
20151015 110051 8611
20151015 110051 8611
20151015 110216 8612
20151015 110240 8614
20151015 110240 8614
20151015 110353 8616
20151015 110353 8616
20151015 110353 8616
20151015 110353 8616
20151015 110353 8616
20151015 110353 8616
20151015 110512 8599
20151015 110534 8600
20151015 110655 8616
20151015 110655 8616
20151015 110658 8617
20151015 110658 8617
20151015 110658 8617
20151015 110658 8618
20151015 110659 8618
20151015 110659 8618
20151015 110659 8618
20151015 110659 8619
20151015 110659 8619
20151015 110702 8617
20151015 110723 8617
20151015 110730 8619
20151015 110948 8621
20151015 110954 8621
20151015 110955 8621
20151015 110955 8621
20151015 111033 8619
20151015 111055 8618
20151015 111117 8618
20151015 111120 8616
20151015 111120 8616
20151015 111120 8616
20151015 111120 8616
20151015 111120 8616
20151015 111120 8617
20151015 111120 8617
20151015 111121 8616
20151015 111301 8619
20151015 111321 8618
20151015 111357 8620
20151015 111358 8621
20151015 111358 8621
20151015 111402 8621
20151015 111415 8622
20151015 111415 8622
20151015 111415 8622
20151015 111415 8622
20151015 111416 8622
20151015 111424 8620
20151015 111440 8618
20151015 111440 8618
20151015 111440 8618
20151015 111440 8619
20151015 111516 8619
20151015 111518 8620
20151015 111546 8619
20151015 111708 8621
20151015 111747 8620
20151015 111813 8618
20151015 111825 8618
20151015 111956 8618
20151015 111956 8618
20151015 111956 8618
20151015 111956 8618
20151015 111956 8618
20151015 111958 8618
20151015 112059 8619
20151015 112215 8620
20151015 112259 8619
20151015 112319 8616
20151015 112319 8616
20151015 112319 8617
20151015 112319 8617
20151015 112319 8617
20151015 112322 8616
20151015 112323 8616
20151015 112323 8616
20151015 112323 8616
20151015 112323 8616
20151015 112455 8620
20151015 112455 8620
20151015 112455 8620
20151015 112709 8622
20151015 112717 8622
20151015 112752 8622
20151015 112758 8622
20151015 112800 8622
20151015 112800 8622
20151015 112800 8622
20151015 112800 8622
20151015 112800 8622
20151015 112800 8622
20151015 112801 8622
20151015 112818 8623
20151015 112818 8623
20151015 112818 8623
20151015 112818 8623
20151015 112818 8623
20151015 112818 8624
20151015 112819 8624
20151015 112819 8624
20151015 112819 8624
20151015 112819 8624
20151015 112820 8624
20151015 112821 8624
20151015 112824 8623
20151015 112832 8624
20151015 112835 8625
20151015 112835 8625
20151015 112835 8625
20151015 112835 8625
20151015 112835 8626
20151015 112835 8626
20151015 112835 8626
20151015 112835 8626
20151015 112835 8626
20151015 112835 8626
20151015 112835 8626
20151015 112835 8626
20151015 112835 8626
20151015 112835 8626
20151015 112835 8626
20151015 112835 8626
20151015 112835 8626
20151015 112835 8626
20151015 112836 8627
20151015 112836 8627
20151015 112837 8627
20151015 112837 8627
20151015 112837 8627
20151015 112837 8627
20151015 112840 8626
20151015 112855 8626
20151015 112855 8626
20151015 112909 8630
20151015 112909 8630
20151015 112910 8630
20151015 112910 8630
20151015 112910 8631
20151015 112910 8631
20151015 112910 8631
20151015 112910 8631
20151015 112910 8631
20151015 112910 8631
20151015 112911 8629
20151015 112912 8629
20151015 112913 8629
20151015 112920 8629
20151015 112924 8629
20151015 112924 8630
20151015 112959 8628
20151015 112959 8628
20151015 112959 8628
20151015 113003 8628
20151015 113003 8628
20151015 113005 8629
20151015 113010 8629
20151015 113010 8629
20151015 113010 8629
20151015 113010 8629
20151015 113058 8630
20151015 113059 8631
20151015 113119 8630
20151015 113127 8631
20151015 113158 8630
20151015 113158 8630
20151015 113203 8631
20151015 113203 8631
20151015 113207 8631
20151015 113207 8631
20151015 113225 8629
20151015 113313 8630
20151015 113315 8631
20151015 113315 8631
20151015 113315 8631
20151015 113346 8632
20151015 113346 8632
20151015 113352 8632
20151015 113352 8633
20151015 113352 8633
20151015 113352 8633
20151015 113352 8633
20151015 113353 8634
20151015 113353 8634
20151015 113412 8634
20151015 113456 8617
20151015 113514 8634
20151015 113543 8632
20151015 113543 8632
20151015 113747 8630
20151015 113747 8631
20151015 113747 8631
20151015 113747 8631
20151015 113747 8631
20151015 113755 8629
20151015 113806 8630
20151015 113901 8628
20151015 113901 8628
20151015 113901 8628
20151015 114006 8629
20151015 114113 8629
20151015 114223 8629
20151015 114223 8629
20151015 114319 8630
20151015 114329 8630
20151015 114333 8630
20151015 114430 8630
20151015 114449 8630
20151015 114456 8631
20151015 114504 8631
20151015 114506 8631
20151015 114512 8630
20151015 114545 8633
20151015 114559 8634
20151015 114600 8634
20151015 114606 8634
20151015 114610 8633
20151015 114610 8634
20151015 114741 8630
20151015 114952 8632
20151015 115040 8636
20151015 115040 8636
20151015 115040 8637
20151015 115041 8637
20151015 115041 8637
20151015 115041 8637
20151015 115041 8637
20151015 115041 8637
20151015 115041 8637
20151015 115041 8637
20151015 115041 8637
20151015 115041 8637
20151015 115041 8637
20151015 115041 8637
20151015 115041 8637
20151015 115041 8637
20151015 115110 8636
20151015 115424 8638
20151015 115428 8638
20151015 115428 8638
20151015 115444 8638
20151015 115444 8638
20151015 115456 8638
20151015 115456 8638
20151015 115457 8639
20151015 115501 8639
20151015 115501 8639
20151015 115501 8639
20151015 115501 8639
20151015 115502 8638
20151015 115505 8638
20151015 115507 8638
20151015 115528 8639
20151015 115528 8639
20151015 115528 8640
20151015 115528 8640
20151015 115528 8640
20151015 115528 8640
20151015 115528 8641
20151015 115529 8641
20151015 115529 8641
20151015 115529 8641
20151015 115529 8641
20151015 115529 8641
20151015 115529 8641
20151015 115529 8641
20151015 115529 8641
20151015 115529 8641
20151015 115529 8641
20151015 115529 8641
20151015 115529 8641
20151015 115558 8639
20151015 115609 8639
20151015 115634 8638
20151015 115642 8637
20151015 115735 8637
20151015 120047 8641
20151015 120103 8640
20151015 120103 8640
20151015 120103 8641
20151015 120138 8643
20151015 120148 8642
20151015 120204 8643
20151015 120239 8641
20151015 120239 8641
20151015 120239 8641
20151015 120239 8641
20151015 120408 8639
20151015 120408 8639
20151015 120408 8639
20151015 120408 8639
20151015 120408 8639
20151015 120408 8639
20151015 120408 8639
20151015 120408 8639
20151015 120408 8639
20151015 120408 8639
20151015 120408 8639
20151015 120408 8639
20151015 120408 8639
20151015 120408 8639
20151015 120427 8638
20151015 120427 8638
20151015 120429 8638
20151015 120429 8638
20151015 120443 8637
20151015 120504 8638
20151015 120504 8638
20151015 120610 8622
20151015 120634 8635
20151015 120642 8634
20151015 120642 8634
20151015 120643 8634
20151015 120643 8634
20151015 120707 8636
20151015 120707 8636
20151015 120708 8636
20151015 120729 8637
20151015 120729 8637
20151015 120749 8634
20151015 120750 8633
20151015 120750 8633
20151015 120801 8632
20151015 120802 8632
20151015 120817 8633
20151015 120909 8631
20151015 121018 8632
20151015 121018 8632
20151015 121047 8633
20151015 121137 8633
20151015 121137 8633
20151015 121137 8633
20151015 121343 8634
20151015 122321 8629
20151015 122501 8623
20151015 122501 8623
20151015 122501 8623
20151015 122501 8624
20151015 122501 8624
20151015 122501 8624
20151015 122501 8624
20151015 122501 8625
20151015 122501 8625
20151015 122501 8625
20151015 122501 8625
20151015 122501 8626
20151015 122501 8626
20151015 122501 8626
20151015 122501 8626
20151015 122501 8626
20151015 122501 8626
20151015 122501 8626
20151015 122501 8626
20151015 122501 8626
20151015 122501 8627
20151015 122501 8627
20151015 122501 8627
20151015 122501 8627
20151015 122501 8627
20151015 122501 8627
20151015 122501 8627
20151015 122502 8623
20151015 122502 8623
20151015 122502 8623
20151015 122502 8623
20151015 122653 8626
20151015 122901 8627
20151015 123000 8625
20151015 123001 8622
20151015 123001 8622
20151015 123001 8622
20151015 123001 8622
20151015 123001 8623
20151015 123001 8623
20151015 123001 8623
20151015 123001 8623
20151015 123001 8623
20151015 123001 8623
20151015 123157 8630
20151015 123213 8628
20151015 123230 8629
20151015 123319 8629
20151015 123319 8629
20151015 123543 8626
20151015 123543 8626
20151015 123543 8626
20151015 123543 8626
20151015 123543 8626
20151015 123739 8626
20151015 123750 8627
20151015 123823 8627
20151015 123823 8628
20151015 123910 8623
20151015 123910 8623
20151015 123911 8623
20151015 123912 8622
20151015 123912 8622
20151015 123912 8622
20151015 123921 8621
20151015 123923 8620
20151015 123923 8620
20151015 123924 8619
20151015 123924 8619
20151015 123924 8619
20151015 123924 8619
20151015 123935 8622
20151015 124035 8622
20151015 124046 8621
20151015 124306 8622
20151015 124448 8621
20151015 124448 8621
20151015 124503 8618
20151015 124503 8618
20151015 124504 8615
20151015 124504 8615
20151015 124504 8616
20151015 124504 8616
20151015 124504 8616
20151015 124504 8616
20151015 124504 8616
20151015 124504 8616
20151015 124504 8616
20151015 124504 8617
20151015 124504 8617
20151015 124504 8617
20151015 124504 8617
20151015 124504 8618
20151015 124504 8618
20151015 124504 8618
20151015 124504 8618
20151015 124504 8618
20151015 124505 8618
20151015 124515 8619
20151015 124515 8620
20151015 124515 8620
20151015 124550 8622
20151015 124621 8623
20151015 124652 8609
20151015 124706 8625
20151015 124708 8625
20151015 124729 8627
20151015 124905 8628
20151015 124930 8628
20151015 124957 8630
20151015 125003 8626
20151015 125004 8626
20151015 125238 8626
20151015 125247 8626
20151015 125319 8628
20151015 125319 8628
20151015 125319 8628
20151015 125457 8626
20151015 125634 8627
20151015 125636 8627
20151015 125640 8626
20151015 125641 8625
20151015 125641 8625
20151015 125643 8625
20151015 125701 8623
20151015 125701 8623
20151015 125701 8624
20151015 125701 8624
20151015 125701 8624
20151015 125701 8624
20151015 125702 8622
20151015 125726 8622
20151015 125728 8622
20151015 125803 8624
20151015 125803 8624
20151015 125820 8622
20151015 125827 8621
20151015 125827 8622
20151015 125827 8622
20151015 125827 8622
20151015 125827 8622
20151015 125845 8623
20151015 125900 8623
20151015 125927 8623
20151015 125927 8623
20151015 125928 8622
20151015 125947 8622
20151015 130105 8622
20151015 130145 8623
20151015 130152 8623
20151015 130152 8623
20151015 130237 8624
20151015 130245 8624
20151015 130253 8625
20151015 130257 8625
20151015 130414 8622
20151015 130421 8621
20151015 130421 8621
20151015 130423 8620
20151015 130423 8620
20151015 130424 8619
20151015 130424 8619
20151015 130424 8619
20151015 130430 8619
20151015 130438 8605
20151015 130505 8618
20151015 130545 8618
20151015 130546 8617
20151015 130546 8617
20151015 130547 8616
20151015 130547 8616
20151015 130547 8616
20151015 130547 8616
20151015 130615 8616
20151015 130615 8616
20151015 130644 8602
20151015 130739 8618
20151015 130748 8604
20151015 130818 8618
20151015 130927 8618
20151015 130928 8616
20151015 130928 8616
20151015 130928 8616
20151015 130928 8617
20151015 130928 8617
20151015 130928 8617
20151015 130928 8617
20151015 130936 8617
20151015 131000 8616
20151015 131003 8616
20151015 131044 8602
20151015 131112 8616
20151015 131219 8617
20151015 131236 8620
20151015 131236 8621
20151015 131236 8621
20151015 131300 8619
20151015 131305 8618
20151015 131328 8618
20151015 131334 8617
20151015 131403 8617
20151015 131418 8617
20151015 131418 8617
20151015 131418 8617
20151015 131418 8617
20151015 131419 8571
20151015 131441 8616
20151015 131441 8616
20151015 131441 8616
20151015 131441 8616
20151015 131441 8616
20151015 131442 8614
20151015 131442 8614
20151015 131442 8614
20151015 131442 8614
20151015 131442 8614
20151015 131442 8614
20151015 131442 8614
20151015 131442 8614
20151015 131442 8615
20151015 131442 8615
20151015 131442 8615
20151015 131442 8615
20151015 131442 8615
20151015 131442 8615
20151015 131442 8615
20151015 131442 8615
20151015 131442 8615
20151015 131442 8615
20151015 131443 8614
20151015 131443 8614
20151015 131443 8614
20151015 131443 8614
20151015 131443 8614
20151015 131443 8614
20151015 131443 8614
20151015 131443 8614
20151015 131443 8614
20151015 131443 8614
20151015 131443 8614
20151015 131443 8614
20151015 131443 8614
20151015 131443 8614
20151015 131443 8614
20151015 131443 8614
20151015 131443 8614
20151015 131443 8614
20151015 131443 8614
20151015 131444 8614
20151015 131444 8614
20151015 131444 8615
20151015 131504 8614
20151015 131504 8614
20151015 131504 8614
20151015 131509 8615
20151015 131533 8617
20151015 131533 8617
20151015 131533 8617
20151015 131533 8617
20151015 131533 8617
20151015 131537 8617
20151015 131545 8617
20151015 131547 8617
20151015 131554 8618
20151015 131558 8617
20151015 131652 8617
20151015 131652 8617
20151015 131652 8617
20151015 131652 8617
20151015 131750 8618
20151015 131812 8617
20151015 132038 8621
20151015 132058 8623
20151015 132059 8624
20151015 132059 8624
20151015 132118 8624
20151015 132149 8624
20151015 132215 8622
20151015 132232 8622
20151015 132450 8620
20151015 132450 8620
20151015 132450 8620
20151015 132507 8619
20151015 132507 8619
20151015 132515 8618
20151015 132515 8618
20151015 132515 8618
20151015 132515 8618
20151015 132517 8618
20151015 132532 8618
20151015 132532 8618
20151015 132532 8618
20151015 132534 8618
20151015 132551 8618
20151015 132728 8616
20151015 132751 8617
20151015 132813 8615
20151015 132819 8615
20151015 132819 8615
20151015 132820 8614
20151015 132820 8614
20151015 132820 8614
20151015 132820 8614
20151015 132820 8614
20151015 132820 8614
20151015 132820 8614
20151015 132825 8615
20151015 132833 8614
20151015 132833 8614
20151015 132834 8614
20151015 132834 8614
20151015 132834 8614
20151015 132834 8614
20151015 132835 8614
20151015 132859 8615
20151015 132900 8614
20151015 132904 8613
20151015 132906 8614
20151015 132907 8613
20151015 132909 8613
20151015 132910 8613
20151015 132910 8613
20151015 132910 8613
20151015 132911 8613
20151015 132912 8613
20151015 132913 8613
20151015 132913 8613
20151015 132913 8613
20151015 132913 8613
20151015 132913 8613
20151015 132913 8613
20151015 132913 8613
20151015 132914 8612
20151015 132914 8613
20151015 132916 8612
20151015 132916 8612
20151015 132916 8612
20151015 132918 8612
20151015 132918 8612
20151015 132918 8612
20151015 132918 8612
20151015 132923 8611
20151015 132923 8611
20151015 132923 8612
20151015 132924 8612
20151015 132926 8611
20151015 132926 8611
20151015 132927 8611
20151015 132927 8611
20151015 132927 8612
20151015 132930 8612
20151015 132931 8611
20151015 132935 8611
20151015 132935 8611
20151015 133000 8612
20151015 133001 8611
20151015 133001 8611
20151015 133002 8611
20151015 133003 8612
20151015 133004 8612
20151015 133007 8570
20151015 133010 8612
20151015 133014 8611
20151015 133014 8611
20151015 133014 8611
20151015 133024 8612
20151015 133047 8612
20151015 133102 8612
20151015 133113 8611
20151015 133118 8611
20151015 133119 8611
20151015 133119 8611
20151015 133119 8611
20151015 133120 8611
20151015 133122 8611
20151015 133124 8612
20151015 133135 8612
20151015 133143 8613
20151015 133143 8613
20151015 133157 8612
20151015 133158 8612
20151015 133159 8612
20151015 133200 8612
20151015 133220 8613
20151015 133222 8612
20151015 133231 8613
20151015 133254 8612
20151015 133302 8612
20151015 133304 8611
20151015 133305 8611
20151015 133305 8611
20151015 133305 8611
20151015 133305 8611
20151015 133315 8610
20151015 133316 8609
20151015 133316 8609
20151015 133316 8609
20151015 133316 8609
20151015 133316 8609
20151015 133316 8609
20151015 133316 8609
20151015 133318 8609
20151015 133319 8609
20151015 133323 8608
20151015 133323 8608
20151015 133323 8608
20151015 133323 8609
20151015 133324 8608
20151015 133324 8608
20151015 133324 8608
20151015 133325 8593
20151015 133325 8608
20151015 133325 8608
20151015 133325 8608
20151015 133325 8608
20151015 133329 8608
20151015 133330 8592
20151015 133330 8592
20151015 133330 8593
20151015 133330 8593
20151015 133330 8607
20151015 133330 8607
20151015 133330 8608
20151015 133330 8608
20151015 133336 8607
20151015 133336 8607
20151015 133336 8608
20151015 133417 8608
20151015 133417 8608
20151015 133528 8608
20151015 133552 8610
20151015 133559 8611
20151015 133614 8610
20151015 133615 8610
20151015 133657 8596
20151015 133657 8610
20151015 133659 8596
20151015 133707 8609
20151015 133719 8608
20151015 133719 8608
20151015 133719 8608
20151015 133719 8608
20151015 133719 8608
20151015 133719 8608
20151015 133719 8608
20151015 133719 8608
20151015 133719 8608
20151015 133719 8608
20151015 133719 8608
20151015 133723 8607
20151015 133729 8607
20151015 133735 8608
20151015 133747 8607
20151015 133902 8595
20151015 133904 8595
20151015 133904 8608
20151015 133905 8609
20151015 133942 8608
20151015 133945 8609
20151015 133951 8609
20151015 134019 8608
20151015 134025 8610
20151015 134032 8610
20151015 134038 8610
20151015 134111 8611
20151015 134112 8611
20151015 134122 8612
20151015 134122 8612
20151015 134130 8612
20151015 134130 8612
20151015 134145 8612
20151015 134153 8590
20151015 134206 8613
20151015 134206 8613
20151015 134208 8614
20151015 134209 8613
20151015 134217 8614
20151015 134232 8599
20151015 134239 8600
20151015 134242 8589
20151015 134242 8612
20151015 134242 8613
20151015 134258 8599
20151015 134300 8613
20151015 134312 8611
20151015 134312 8611
20151015 134312 8611
20151015 134312 8611
20151015 134312 8611
20151015 134312 8611
20151015 134312 8612
20151015 134312 8612
20151015 134314 8611
20151015 134314 8611
20151015 134318 8612
20151015 134319 8612
20151015 134320 8612
20151015 134324 8612
20151015 134326 8612
20151015 134326 8612
20151015 134327 8611
20151015 134328 8611
20151015 134331 8610
20151015 134332 8611
20151015 134339 8611
20151015 134340 8611
20151015 134344 8611
20151015 134351 8611
20151015 134354 8611
20151015 134354 8611
20151015 134355 8611
20151015 134402 8611
20151015 134402 8611
20151015 134405 8610
20151015 134409 8610
20151015 134410 8610
20151015 134411 8610
20151015 134413 8610
20151015 134414 8609
20151015 134414 8609
20151015 134416 8609
20151015 134418 8610
20151015 134419 8610
20151015 134420 8609
20151015 134420 8610
20151015 134421 8609
20151015 134422 8610
20151015 134428 8610
20151015 134429 8609
20151015 134438 8610
20151015 134438 8610
20151015 134441 8610
20151015 134447 8610
20151015 134450 8610
20151015 134450 8610
20151015 134451 8609
20151015 134451 8609
20151015 134451 8609
20151015 134451 8609
20151015 134451 8609
20151015 134451 8609
20151015 134452 8609
20151015 134453 8610
20151015 134453 8610
20151015 134457 8609
20151015 134457 8609
