20151019 084500 8626
20151019 084500 8627
20151019 084500 8628
20151019 084500 8628
20151019 084500 8628
20151019 084500 8628
20151019 084500 8629
20151019 084500 8629
20151019 084500 8629
20151019 084500 8629
20151019 084500 8629
20151019 084500 8629
20151019 084500 8629
20151019 084501 8630
20151019 084501 8630
20151019 084501 8630
20151019 084501 8631
20151019 084502 8630
20151019 084504 8632
20151019 084506 8632
20151019 084506 8633
20151019 084508 8632
20151019 084509 8634
20151019 084509 8634
20151019 084509 8634
20151019 084509 8634
20151019 084509 8634
20151019 084509 8635
20151019 084509 8635
20151019 084509 8635
20151019 084510 8634
20151019 084510 8634
20151019 084510 8634
20151019 084510 8634
20151019 084510 8634
20151019 084510 8634
20151019 084510 8634
20151019 084510 8634
20151019 084510 8634
20151019 084510 8634
20151019 084510 8634
20151019 084510 8634
20151019 084511 8632
20151019 084511 8632
20151019 084511 8633
20151019 084514 8630
20151019 084514 8630
20151019 084518 8629
20151019 084520 8629
20151019 084524 8625
20151019 084524 8625
20151019 084524 8626
20151019 084525 8625
20151019 084527 8624
20151019 084527 8625
20151019 084531 8626
20151019 084531 8627
20151019 084531 8627
20151019 084531 8628
20151019 084531 8628
20151019 084531 8628
20151019 084533 8628
20151019 084536 8628
20151019 084540 8630
20151019 084541 8631
20151019 084541 8632
20151019 084541 8632
20151019 084542 8631
20151019 084543 8631
20151019 084545 8633
20151019 084550 8632
20151019 084550 8634
20151019 084551 8633
20151019 084552 8633
20151019 084552 8634
20151019 084552 8634
20151019 084552 8634
20151019 084555 8635
20151019 084555 8635
20151019 084555 8635
20151019 084556 8635
20151019 084556 8635
20151019 084557 8635
20151019 084600 8634
20151019 084601 8635
20151019 084601 8636
20151019 084604 8637
20151019 084604 8637
20151019 084604 8637
20151019 084605 8634
20151019 084605 8636
20151019 084607 8637
20151019 084608 8637
20151019 084608 8637
20151019 084609 8637
20151019 084610 8636
20151019 084610 8637
20151019 084612 8636
20151019 084613 8636
20151019 084613 8636
20151019 084613 8636
20151019 084614 8627
20151019 084614 8636
20151019 084615 8635
20151019 084618 8635
20151019 084618 8635
20151019 084619 8636
20151019 084619 8636
20151019 084622 8634
20151019 084622 8635
20151019 084624 8635
20151019 084624 8635
20151019 084624 8635
20151019 084625 8634
20151019 084626 8635
20151019 084627 8635
20151019 084629 8624
20151019 084631 8636
20151019 084638 8635
20151019 084649 8635
20151019 084700 8636
20151019 084701 8636
20151019 084711 8635
20151019 084711 8635
20151019 084741 8631
20151019 084748 8622
20151019 084803 8632
20151019 084807 8622
20151019 084858 8632
20151019 084916 8632
20151019 084924 8632
20151019 084935 8631
20151019 085013 8634
20151019 085014 8634
20151019 085014 8634
20151019 085015 8622
20151019 085015 8634
20151019 085017 8633
20151019 085018 8634
20151019 085020 8634
20151019 085020 8634
20151019 085022 8634
20151019 085023 8635
20151019 085023 8635
20151019 085024 8635
20151019 085030 8636
20151019 085030 8636
20151019 085032 8637
20151019 085032 8637
20151019 085032 8638
20151019 085032 8638
20151019 085032 8638
20151019 085032 8638
20151019 085032 8638
20151019 085032 8638
20151019 085032 8638
20151019 085033 8637
20151019 085037 8638
20151019 085038 8638
20151019 085038 8638
20151019 085042 8636
20151019 085042 8638
20151019 085045 8638
20151019 085101 8626
20151019 085112 8637
20151019 085113 8636
20151019 085114 8636
20151019 085115 8636
20151019 085115 8636
20151019 085118 8637
20151019 085119 8627
20151019 085123 8637
20151019 085146 8636
20151019 085154 8637
20151019 085154 8637
20151019 085154 8637
20151019 085154 8637
20151019 085154 8637
20151019 085154 8637
20151019 085154 8637
20151019 085200 8598
20151019 085200 8598
20151019 085200 8627
20151019 085200 8636
20151019 085201 8598
20151019 085201 8598
20151019 085201 8636
20151019 085201 8636
20151019 085204 8627
20151019 085207 8626
20151019 085213 8625
20151019 085213 8634
20151019 085216 8634
20151019 085217 8633
20151019 085217 8634
20151019 085233 8633
20151019 085233 8633
20151019 085234 8633
20151019 085235 8632
20151019 085237 8632
20151019 085242 8631
20151019 085246 8631
20151019 085250 8632
20151019 085250 8632
20151019 085250 8633
20151019 085250 8633
20151019 085250 8633
20151019 085250 8633
20151019 085251 8632
20151019 085251 8633
20151019 085251 8633
20151019 085252 8632
20151019 085312 8633
20151019 085315 8594
20151019 085315 8632
20151019 085318 8632
20151019 085430 8630
20151019 085430 8631
20151019 085435 8627
20151019 085435 8627
20151019 085435 8627
20151019 085435 8627
20151019 085435 8627
20151019 085435 8627
20151019 085435 8628
20151019 085435 8628
20151019 085435 8628
20151019 085435 8628
20151019 085435 8628
20151019 085435 8628
20151019 085435 8628
20151019 085435 8628
20151019 085435 8629
20151019 085435 8629
20151019 085435 8629
20151019 085435 8629
20151019 085435 8629
20151019 085435 8629
20151019 085435 8629
20151019 085436 8626
20151019 085436 8626
20151019 085436 8626
20151019 085436 8626
20151019 085436 8626
20151019 085436 8626
20151019 085436 8626
20151019 085436 8627
20151019 085436 8627
20151019 085437 8626
20151019 085438 8626
20151019 085447 8625
20151019 085448 8624
20151019 085448 8624
20151019 085501 8626
20151019 085502 8626
20151019 085525 8626
20151019 085550 8626
20151019 085555 8626
20151019 085557 8626
20151019 085558 8626
20151019 085559 8626
20151019 085635 8630
20151019 085653 8630
20151019 085740 8629
20151019 085920 8627
20151019 085949 8619
20151019 090000 8626
20151019 090006 8622
20151019 090006 8622
20151019 090006 8622
20151019 090006 8622
20151019 090006 8622
20151019 090006 8622
20151019 090006 8622
20151019 090006 8624
20151019 090006 8624
20151019 090007 8622
20151019 090007 8622
20151019 090007 8622
20151019 090010 8626
20151019 090012 8628
20151019 090019 8630
20151019 090019 8630
20151019 090019 8630
20151019 090019 8630
20151019 090019 8630
20151019 090019 8630
20151019 090019 8630
20151019 090019 8630
20151019 090019 8630
20151019 090022 8623
20151019 090029 8630
20151019 090030 8630
20151019 090031 8629
20151019 090031 8629
20151019 090031 8629
20151019 090031 8629
20151019 090031 8629
20151019 090031 8629
20151019 090031 8629
20151019 090031 8630
20151019 090031 8630
20151019 090031 8630
20151019 090031 8630
20151019 090031 8630
20151019 090032 8632
20151019 090037 8633
20151019 090037 8633
20151019 090112 8633
20151019 090114 8633
20151019 090116 8634
20151019 090138 8631
20151019 090138 8631
20151019 090138 8631
20151019 090138 8631
20151019 090146 8632
20151019 090159 8633
20151019 090159 8633
20151019 090205 8635
20151019 090205 8636
20151019 090205 8636
20151019 090205 8636
20151019 090205 8636
20151019 090205 8636
20151019 090205 8636
20151019 090205 8636
20151019 090205 8636
20151019 090205 8636
20151019 090205 8636
20151019 090206 8636
20151019 090206 8637
20151019 090206 8637
20151019 090206 8637
20151019 090206 8637
20151019 090206 8637
20151019 090206 8637
20151019 090206 8637
20151019 090206 8637
20151019 090206 8638
20151019 090206 8638
20151019 090206 8638
20151019 090206 8638
20151019 090206 8638
20151019 090206 8638
20151019 090206 8638
20151019 090206 8638
20151019 090206 8638
20151019 090206 8638
20151019 090206 8638
20151019 090206 8639
20151019 090206 8639
20151019 090206 8639
20151019 090206 8639
20151019 090206 8639
20151019 090206 8639
20151019 090206 8639
20151019 090207 8640
20151019 090207 8640
20151019 090207 8640
20151019 090207 8640
20151019 090207 8640
20151019 090207 8640
20151019 090207 8640
20151019 090207 8640
20151019 090207 8640
20151019 090207 8640
20151019 090207 8640
20151019 090207 8640
20151019 090207 8640
20151019 090207 8640
20151019 090207 8640
20151019 090207 8640
20151019 090207 8640
20151019 090207 8640
20151019 090207 8640
20151019 090207 8640
20151019 090207 8640
20151019 090207 8640
20151019 090207 8640
20151019 090207 8640
20151019 090207 8640
20151019 090207 8640
20151019 090207 8640
20151019 090207 8640
20151019 090207 8641
20151019 090207 8641
20151019 090207 8641
20151019 090207 8641
20151019 090207 8641
20151019 090207 8641
20151019 090207 8641
20151019 090207 8641
20151019 090207 8641
20151019 090207 8641
20151019 090207 8641
20151019 090207 8641
20151019 090207 8641
20151019 090207 8641
20151019 090207 8641
20151019 090207 8642
20151019 090207 8642
20151019 090207 8642
20151019 090207 8642
20151019 090207 8642
20151019 090207 8642
20151019 090207 8642
20151019 090208 8644
20151019 090208 8644
20151019 090208 8644
20151019 090208 8644
20151019 090208 8644
20151019 090208 8644
20151019 090208 8644
20151019 090208 8645
20151019 090215 8639
20151019 090216 8641
20151019 090217 8640
20151019 090221 8640
20151019 090228 8639
20151019 090229 8630
20151019 090229 8636
20151019 090229 8637
20151019 090229 8637
20151019 090230 8634
20151019 090234 8629
20151019 090251 8635
20151019 090258 8633
20151019 090259 8633
20151019 090305 8634
20151019 090308 8632
20151019 090313 8631
20151019 090329 8636
20151019 090336 8634
20151019 090343 8632
20151019 090349 8632
20151019 090349 8632
20151019 090349 8632
20151019 090401 8636
20151019 090402 8637
20151019 090404 8638
20151019 090408 8641
20151019 090408 8642
20151019 090408 8642
20151019 090408 8642
20151019 090408 8642
20151019 090408 8643
20151019 090408 8643
20151019 090408 8643
20151019 090408 8643
20151019 090408 8643
20151019 090408 8643
20151019 090408 8643
20151019 090408 8643
20151019 090408 8643
20151019 090408 8644
20151019 090408 8644
20151019 090408 8644
20151019 090408 8644
20151019 090408 8644
20151019 090408 8644
20151019 090427 8638
20151019 090432 8636
20151019 090507 8639
20151019 090507 8639
20151019 090546 8633
20151019 090546 8633
20151019 090546 8633
20151019 090547 8634
20151019 090553 8632
20151019 090555 8632
20151019 090603 8635
20151019 090610 8635
20151019 090613 8635
20151019 090614 8635
20151019 090623 8635
20151019 090626 8635
20151019 090628 8635
20151019 090656 8631
20151019 090656 8631
20151019 090656 8631
20151019 090657 8631
20151019 090658 8630
20151019 090658 8631
20151019 090700 8630
20151019 090700 8630
20151019 090712 8633
20151019 090712 8633
20151019 090715 8632
20151019 090731 8634
20151019 090731 8634
20151019 090731 8634
20151019 090731 8634
20151019 090732 8634
20151019 090733 8635
20151019 090733 8635
20151019 090733 8635
20151019 090734 8635
20151019 090734 8635
20151019 090737 8634
20151019 090740 8633
20151019 090803 8634
20151019 090803 8634
20151019 090804 8635
20151019 090805 8635
20151019 090809 8634
20151019 090848 8623
20151019 090854 8635
20151019 090854 8635
20151019 090854 8635
20151019 090854 8635
20151019 090854 8635
20151019 090854 8635
20151019 090854 8635
20151019 090854 8635
20151019 090856 8636
20151019 090858 8636
20151019 090859 8636
20151019 090900 8635
20151019 090902 8635
20151019 090903 8636
20151019 090903 8637
20151019 090903 8637
20151019 090904 8638
20151019 090904 8638
20151019 090910 8639
20151019 090910 8639
20151019 090910 8639
20151019 090911 8640
20151019 090911 8640
20151019 090911 8640
20151019 090911 8640
20151019 090911 8640
20151019 090911 8640
20151019 090911 8640
20151019 090911 8640
20151019 090911 8640
20151019 090911 8640
20151019 090911 8640
20151019 090911 8640
20151019 090911 8640
20151019 090911 8640
20151019 090911 8640
20151019 090912 8639
20151019 090912 8639
20151019 090912 8640
20151019 090912 8640
20151019 090913 8639
20151019 090926 8632
20151019 090933 8628
20151019 090933 8628
20151019 090933 8628
20151019 090933 8629
20151019 090933 8629
20151019 090933 8630
20151019 090933 8630
20151019 090933 8630
20151019 090934 8628
20151019 090934 8628
20151019 090934 8628
20151019 090934 8628
20151019 090934 8628
20151019 090934 8628
20151019 090934 8628
20151019 090935 8628
20151019 090936 8629
20151019 090939 8627
20151019 090939 8627
20151019 090939 8627
20151019 090939 8627
20151019 090939 8627
20151019 090939 8627
20151019 090939 8627
20151019 090939 8627
20151019 090939 8627
20151019 090939 8627
20151019 090939 8627
20151019 090939 8627
20151019 090939 8627
20151019 090939 8628
20151019 090940 8626
20151019 090942 8618
20151019 090942 8626
20151019 090948 8620
20151019 090955 8620
20151019 091005 8630
20151019 091006 8631
20151019 091007 8632
20151019 091007 8632
20151019 091010 8632
20151019 091044 8631
20151019 091044 8632
20151019 091044 8632
20151019 091048 8634
20151019 091050 8634
20151019 091050 8635
20151019 091050 8635
20151019 091104 8635
20151019 091106 8638
20151019 091106 8638
20151019 091106 8638
20151019 091106 8638
20151019 091106 8639
20151019 091106 8640
20151019 091106 8640
20151019 091106 8640
20151019 091106 8640
20151019 091106 8640
20151019 091106 8640
20151019 091106 8640
20151019 091106 8641
20151019 091106 8641
20151019 091106 8641
20151019 091106 8641
20151019 091106 8641
20151019 091106 8641
20151019 091106 8641
20151019 091106 8642
20151019 091106 8643
20151019 091106 8643
20151019 091106 8643
20151019 091106 8643
20151019 091106 8643
20151019 091106 8643
20151019 091106 8643
20151019 091106 8643
20151019 091106 8643
20151019 091106 8644
20151019 091106 8644
20151019 091106 8644
20151019 091106 8644
20151019 091106 8644
20151019 091106 8645
20151019 091106 8645
20151019 091106 8645
20151019 091106 8645
20151019 091106 8645
20151019 091106 8645
20151019 091106 8645
20151019 091106 8645
20151019 091106 8645
20151019 091106 8645
20151019 091106 8645
20151019 091106 8645
20151019 091106 8645
20151019 091106 8645
20151019 091106 8645
20151019 091106 8645
20151019 091106 8645
20151019 091106 8645
20151019 091106 8646
20151019 091106 8646
20151019 091106 8646
20151019 091106 8646
20151019 091106 8646
20151019 091106 8646
20151019 091106 8646
20151019 091106 8646
20151019 091106 8646
20151019 091106 8646
20151019 091106 8646
20151019 091106 8646
20151019 091106 8646
20151019 091106 8647
20151019 091106 8647
20151019 091106 8647
20151019 091106 8647
20151019 091106 8647
20151019 091106 8647
20151019 091106 8647
20151019 091106 8647
20151019 091106 8647
20151019 091106 8647
20151019 091106 8648
20151019 091106 8648
20151019 091106 8648
20151019 091106 8648
20151019 091106 8648
20151019 091106 8648
20151019 091106 8648
20151019 091106 8648
20151019 091106 8648
20151019 091106 8648
20151019 091106 8648
20151019 091106 8648
20151019 091106 8648
20151019 091106 8648
20151019 091106 8649
20151019 091106 8649
20151019 091106 8649
20151019 091106 8649
20151019 091106 8649
20151019 091106 8649
20151019 091106 8649
20151019 091106 8649
20151019 091107 8650
20151019 091107 8650
20151019 091107 8650
20151019 091107 8650
20151019 091107 8650
20151019 091107 8650
20151019 091107 8650
20151019 091107 8650
20151019 091107 8650
20151019 091107 8650
20151019 091107 8650
20151019 091107 8650
20151019 091107 8650
20151019 091107 8650
20151019 091107 8650
20151019 091107 8650
20151019 091107 8650
20151019 091107 8650
20151019 091107 8650
20151019 091107 8650
20151019 091107 8650
20151019 091107 8650
20151019 091107 8650
20151019 091107 8650
20151019 091107 8650
20151019 091107 8651
20151019 091107 8651
20151019 091107 8651
20151019 091107 8651
20151019 091107 8651
20151019 091107 8651
20151019 091107 8652
20151019 091107 8652
20151019 091107 8652
20151019 091107 8652
20151019 091107 8652
20151019 091107 8652
20151019 091107 8653
20151019 091107 8653
20151019 091107 8653
20151019 091107 8653
20151019 091107 8653
20151019 091107 8653
20151019 091107 8653
20151019 091107 8653
20151019 091107 8653
20151019 091107 8654
20151019 091107 8654
20151019 091107 8654
20151019 091107 8654
20151019 091107 8654
20151019 091107 8654
20151019 091107 8654
20151019 091107 8654
20151019 091107 8655
20151019 091107 8655
20151019 091107 8655
20151019 091107 8655
20151019 091107 8655
20151019 091107 8655
20151019 091107 8655
20151019 091107 8655
20151019 091107 8655
20151019 091107 8655
20151019 091107 8655
20151019 091107 8655
20151019 091107 8655
20151019 091107 8656
20151019 091107 8656
20151019 091107 8656
20151019 091107 8656
20151019 091107 8656
20151019 091107 8656
20151019 091107 8656
20151019 091107 8656
20151019 091107 8657
20151019 091107 8657
20151019 091107 8657
20151019 091107 8658
20151019 091107 8658
20151019 091107 8658
20151019 091107 8658
20151019 091107 8658
20151019 091107 8658
20151019 091107 8658
20151019 091107 8658
20151019 091107 8658
20151019 091108 8654
20151019 091108 8655
20151019 091108 8657
20151019 091108 8658
20151019 091108 8658
20151019 091108 8658
20151019 091108 8658
20151019 091108 8658
20151019 091108 8658
20151019 091108 8658
20151019 091109 8657
20151019 091109 8659
20151019 091109 8659
20151019 091109 8659
20151019 091109 8659
20151019 091109 8659
20151019 091109 8659
20151019 091109 8659
20151019 091109 8659
20151019 091110 8659
20151019 091110 8659
20151019 091110 8659
20151019 091110 8659
20151019 091110 8660
20151019 091111 8660
20151019 091111 8660
20151019 091111 8660
20151019 091112 8656
20151019 091112 8659
20151019 091112 8659
20151019 091112 8660
20151019 091112 8660
20151019 091112 8660
20151019 091112 8660
20151019 091112 8660
20151019 091112 8660
20151019 091112 8660
20151019 091112 8660
20151019 091112 8660
20151019 091113 8657
20151019 091113 8659
20151019 091113 8660
20151019 091113 8660
20151019 091113 8660
20151019 091113 8660
20151019 091113 8660
20151019 091113 8660
20151019 091113 8660
20151019 091114 8658
20151019 091114 8660
20151019 091114 8660
20151019 091114 8660
20151019 091114 8660
20151019 091114 8660
20151019 091114 8660
20151019 091114 8660
20151019 091114 8660
20151019 091114 8660
20151019 091115 8658
20151019 091115 8659
20151019 091116 8656
20151019 091119 8655
20151019 091119 8655
20151019 091121 8654
20151019 091123 8653
20151019 091123 8653
20151019 091126 8655
20151019 091126 8655
20151019 091127 8654
20151019 091128 8656
20151019 091128 8657
20151019 091128 8657
20151019 091129 8657
20151019 091129 8659
20151019 091129 8660
20151019 091129 8660
20151019 091129 8660
20151019 091129 8660
20151019 091129 8660
20151019 091129 8660
20151019 091129 8660
20151019 091129 8660
20151019 091129 8660
20151019 091129 8660
20151019 091129 8660
20151019 091129 8660
20151019 091129 8660
20151019 091129 8660
20151019 091129 8660
20151019 091129 8660
20151019 091129 8660
20151019 091129 8660
20151019 091129 8660
20151019 091129 8660
20151019 091129 8660
20151019 091129 8660
20151019 091129 8660
20151019 091129 8660
20151019 091129 8660
20151019 091129 8660
20151019 091129 8660
20151019 091129 8661
20151019 091129 8661
20151019 091129 8661
20151019 091129 8661
20151019 091129 8661
20151019 091130 8662
20151019 091130 8662
20151019 091130 8662
20151019 091130 8662
20151019 091130 8662
20151019 091130 8662
20151019 091130 8662
20151019 091130 8662
20151019 091130 8662
20151019 091130 8662
20151019 091130 8662
20151019 091130 8662
20151019 091130 8663
20151019 091130 8663
20151019 091130 8663
20151019 091130 8663
20151019 091130 8663
20151019 091130 8663
20151019 091130 8663
20151019 091130 8663
20151019 091131 8661
20151019 091131 8661
20151019 091132 8661
20151019 091132 8661
20151019 091132 8661
20151019 091132 8662
20151019 091133 8661
20151019 091134 8661
20151019 091135 8662
20151019 091136 8661
20151019 091139 8659
20151019 091144 8660
20151019 091145 8658
20151019 091145 8658
20151019 091145 8659
20151019 091146 8660
20151019 091148 8660
20151019 091148 8661
20151019 091149 8660
20151019 091149 8660
20151019 091149 8660
20151019 091149 8660
20151019 091149 8660
20151019 091149 8660
20151019 091149 8660
20151019 091149 8660
20151019 091149 8660
20151019 091149 8660
20151019 091149 8661
20151019 091150 8662
20151019 091152 8661
20151019 091154 8661
20151019 091200 8661
20151019 091200 8661
20151019 091200 8661
20151019 091200 8661
20151019 091200 8662
20151019 091200 8662
20151019 091200 8662
20151019 091200 8662
20151019 091200 8662
20151019 091200 8662
20151019 091200 8662
20151019 091200 8662
20151019 091200 8662
20151019 091200 8662
20151019 091201 8663
20151019 091201 8663
20151019 091201 8663
20151019 091201 8663
20151019 091201 8664
20151019 091201 8664
20151019 091201 8664
20151019 091201 8665
20151019 091201 8665
20151019 091201 8665
20151019 091201 8665
20151019 091201 8665
20151019 091201 8665
20151019 091201 8665
20151019 091201 8665
20151019 091201 8665
20151019 091201 8665
20151019 091201 8665
20151019 091201 8665
20151019 091201 8665
20151019 091201 8665
20151019 091201 8665
20151019 091201 8665
20151019 091201 8665
20151019 091201 8665
20151019 091201 8665
20151019 091201 8665
20151019 091201 8665
20151019 091201 8666
20151019 091201 8667
20151019 091201 8667
20151019 091201 8667
20151019 091201 8667
20151019 091201 8667
20151019 091201 8667
20151019 091201 8667
20151019 091201 8667
20151019 091201 8667
20151019 091202 8666
20151019 091202 8667
20151019 091202 8667
20151019 091202 8667
20151019 091202 8667
20151019 091202 8667
20151019 091202 8667
20151019 091202 8667
20151019 091202 8667
20151019 091202 8668
20151019 091202 8668
20151019 091202 8668
20151019 091202 8668
20151019 091202 8668
20151019 091202 8668
20151019 091202 8668
20151019 091202 8668
20151019 091202 8668
20151019 091202 8669
20151019 091202 8669
20151019 091202 8669
20151019 091203 8666
20151019 091203 8666
20151019 091205 8666
20151019 091205 8667
20151019 091205 8668
20151019 091206 8667
20151019 091206 8667
20151019 091206 8668
20151019 091208 8669
20151019 091209 8665
20151019 091209 8665
20151019 091209 8665
20151019 091209 8665
20151019 091209 8665
20151019 091209 8665
20151019 091209 8666
20151019 091209 8666
20151019 091209 8666
20151019 091209 8666
20151019 091209 8666
20151019 091209 8666
20151019 091209 8666
20151019 091209 8667
20151019 091210 8665
20151019 091210 8666
20151019 091211 8664
20151019 091213 8664
20151019 091214 8667
20151019 091214 8667
20151019 091214 8667
20151019 091215 8665
20151019 091215 8666
20151019 091215 8666
20151019 091215 8666
20151019 091216 8665
20151019 091217 8665
20151019 091217 8667
20151019 091220 8664
20151019 091220 8666
20151019 091221 8663
20151019 091222 8663
20151019 091231 8663
20151019 091231 8663
20151019 091231 8664
20151019 091231 8664
20151019 091231 8664
20151019 091231 8664
20151019 091231 8664
20151019 091231 8665
20151019 091232 8662
20151019 091232 8664
20151019 091232 8664
20151019 091234 8664
20151019 091236 8664
20151019 091236 8664
20151019 091236 8664
20151019 091236 8664
20151019 091236 8664
20151019 091239 8662
20151019 091239 8662
20151019 091240 8662
20151019 091241 8664
20151019 091243 8663
20151019 091243 8664
20151019 091246 8663
20151019 091247 8661
20151019 091247 8661
20151019 091247 8661
20151019 091247 8661
20151019 091247 8661
20151019 091247 8661
20151019 091247 8661
20151019 091247 8661
20151019 091249 8662
20151019 091249 8663
20151019 091250 8663
20151019 091250 8663
20151019 091251 8663
20151019 091251 8663
20151019 091256 8663
20151019 091257 8663
20151019 091257 8664
20151019 091257 8664
20151019 091257 8664
20151019 091300 8665
20151019 091300 8666
20151019 091300 8666
20151019 091300 8666
20151019 091300 8666
20151019 091300 8666
20151019 091300 8666
20151019 091300 8666
20151019 091300 8666
20151019 091300 8667
20151019 091300 8667
20151019 091300 8667
20151019 091300 8667
20151019 091300 8667
20151019 091300 8667
20151019 091300 8667
20151019 091300 8667
20151019 091316 8661
20151019 091316 8661
20151019 091319 8661
20151019 091325 8652
20151019 091329 8660
20151019 091332 8662
20151019 091333 8662
20151019 091333 8662
20151019 091333 8662
20151019 091337 8663
20151019 091337 8663
20151019 091337 8663
20151019 091343 8662
20151019 091347 8661
20151019 091353 8662
20151019 091353 8663
20151019 091353 8663
20151019 091353 8663
20151019 091353 8663
20151019 091353 8663
20151019 091354 8662
20151019 091354 8662
20151019 091354 8663
20151019 091354 8663
20151019 091354 8664
20151019 091354 8664
20151019 091354 8664
20151019 091354 8664
20151019 091354 8664
20151019 091355 8663
20151019 091414 8661
20151019 091417 8661
20151019 091417 8662
20151019 091417 8662
20151019 091418 8661
20151019 091419 8661
20151019 091420 8661
20151019 091424 8661
20151019 091427 8661
20151019 091429 8661
20151019 091429 8661
20151019 091430 8661
20151019 091432 8662
20151019 091432 8663
20151019 091432 8663
20151019 091432 8663
20151019 091432 8663
20151019 091433 8663
20151019 091444 8661
20151019 091448 8661
20151019 091450 8660
20151019 091451 8661
20151019 091451 8661
20151019 091451 8661
20151019 091452 8661
20151019 091452 8661
20151019 091453 8661
20151019 091455 8660
20151019 091456 8660
20151019 091457 8660
20151019 091500 8661
20151019 091500 8662
20151019 091501 8661
20151019 091501 8663
20151019 091501 8663
20151019 091501 8663
20151019 091501 8663
20151019 091501 8664
20151019 091501 8664
20151019 091501 8664
20151019 091502 8659
20151019 091502 8664
20151019 091502 8664
20151019 091502 8664
20151019 091502 8664
20151019 091502 8664
20151019 091502 8664
20151019 091502 8664
20151019 091502 8664
20151019 091502 8664
20151019 091502 8665
20151019 091502 8665
20151019 091503 8664
20151019 091503 8665
20151019 091504 8663
20151019 091505 8663
20151019 091505 8665
20151019 091506 8664
20151019 091506 8664
20151019 091506 8665
20151019 091506 8665
20151019 091506 8665
20151019 091506 8665
20151019 091508 8665
20151019 091512 8661
20151019 091517 8657
20151019 091517 8657
20151019 091517 8657
20151019 091518 8658
20151019 091520 8648
20151019 091522 8648
20151019 091522 8656
20151019 091522 8656
20151019 091522 8656
20151019 091528 8653
20151019 091528 8654
20151019 091528 8654
20151019 091530 8654
20151019 091531 8654
20151019 091532 8653
20151019 091533 8653
20151019 091535 8654
20151019 091535 8654
20151019 091540 8654
20151019 091554 8655
20151019 091554 8655
20151019 091554 8655
20151019 091557 8654
20151019 091557 8654
20151019 091557 8654
20151019 091557 8654
20151019 091557 8654
20151019 091557 8654
20151019 091557 8654
20151019 091557 8654
20151019 091557 8654
20151019 091557 8654
20151019 091603 8653
20151019 091612 8614
20151019 091612 8653
20151019 091615 8655
20151019 091615 8655
20151019 091616 8655
20151019 091619 8654
20151019 091625 8653
20151019 091641 8652
20151019 091648 8653
20151019 091655 8647
20151019 091655 8647
20151019 091655 8647
20151019 091655 8647
20151019 091655 8648
20151019 091655 8648
20151019 091655 8648
20151019 091655 8648
20151019 091655 8648
20151019 091655 8648
20151019 091655 8648
20151019 091655 8648
20151019 091655 8649
20151019 091655 8649
20151019 091655 8649
20151019 091655 8649
20151019 091655 8649
20151019 091655 8649
20151019 091655 8649
20151019 091655 8649
20151019 091656 8647
20151019 091656 8647
20151019 091656 8647
20151019 091656 8647
20151019 091656 8647
20151019 091656 8647
20151019 091656 8647
20151019 091656 8647
20151019 091656 8647
20151019 091657 8635
20151019 091657 8645
20151019 091657 8645
20151019 091657 8645
20151019 091657 8645
20151019 091657 8645
20151019 091657 8645
20151019 091657 8645
20151019 091657 8645
20151019 091657 8645
20151019 091657 8646
20151019 091657 8646
20151019 091657 8646
20151019 091657 8646
20151019 091657 8646
20151019 091657 8646
20151019 091657 8646
20151019 091657 8646
20151019 091657 8646
20151019 091657 8646
20151019 091657 8646
20151019 091657 8646
20151019 091657 8646
20151019 091657 8646
20151019 091657 8646
20151019 091657 8646
20151019 091657 8646
20151019 091657 8646
20151019 091657 8646
20151019 091657 8646
20151019 091657 8647
20151019 091658 8649
20151019 091658 8649
20151019 091658 8649
20151019 091723 8644
20151019 091727 8653
20151019 091745 8657
20151019 091745 8657
20151019 091803 8657
20151019 091810 8660
20151019 091810 8660
20151019 091810 8660
20151019 091810 8660
20151019 091821 8657
20151019 091821 8657
20151019 091835 8657
20151019 091901 8654
20151019 091927 8654
20151019 091935 8653
20151019 091944 8644
20151019 092002 8655
20151019 092038 8652
20151019 092049 8653
20151019 092100 8651
20151019 092103 8650
20151019 092112 8650
20151019 092112 8650
20151019 092112 8650
20151019 092114 8650
20151019 092115 8650
20151019 092115 8650
20151019 092115 8650
20151019 092115 8650
20151019 092115 8652
20151019 092131 8651
20151019 092151 8638
20151019 092151 8638
20151019 092151 8639
20151019 092151 8639
20151019 092151 8639
20151019 092151 8639
20151019 092151 8639
20151019 092151 8639
20151019 092151 8639
20151019 092151 8640
20151019 092151 8640
20151019 092151 8641
20151019 092151 8641
20151019 092151 8642
20151019 092151 8642
20151019 092151 8642
20151019 092151 8642
20151019 092151 8642
20151019 092151 8642
20151019 092151 8642
20151019 092151 8642
20151019 092151 8643
20151019 092151 8644
20151019 092151 8645
20151019 092151 8645
20151019 092151 8645
20151019 092151 8646
20151019 092151 8646
20151019 092151 8647
20151019 092151 8647
20151019 092151 8647
20151019 092151 8647
20151019 092151 8647
20151019 092151 8647
20151019 092151 8648
20151019 092151 8648
20151019 092151 8648
20151019 092152 8625
20151019 092152 8625
20151019 092152 8625
20151019 092152 8625
20151019 092152 8625
20151019 092152 8625
20151019 092152 8625
20151019 092152 8625
20151019 092152 8625
20151019 092152 8625
20151019 092152 8625
20151019 092152 8626
20151019 092152 8626
20151019 092152 8626
20151019 092152 8626
20151019 092152 8626
20151019 092152 8627
20151019 092152 8627
20151019 092152 8627
20151019 092152 8627
20151019 092152 8627
20151019 092152 8627
20151019 092152 8627
20151019 092152 8627
20151019 092152 8627
20151019 092152 8627
20151019 092152 8627
20151019 092152 8627
20151019 092152 8627
20151019 092152 8627
20151019 092152 8627
20151019 092152 8627
20151019 092152 8628
20151019 092152 8628
20151019 092152 8628
20151019 092152 8628
20151019 092152 8628
20151019 092152 8628
20151019 092152 8628
20151019 092152 8628
20151019 092152 8628
20151019 092152 8628
20151019 092152 8628
20151019 092152 8629
20151019 092152 8629
20151019 092152 8629
20151019 092152 8630
20151019 092152 8630
20151019 092152 8630
20151019 092152 8630
20151019 092152 8631
20151019 092152 8632
20151019 092152 8632
20151019 092152 8632
20151019 092152 8632
20151019 092152 8633
20151019 092152 8633
20151019 092152 8635
20151019 092152 8635
20151019 092152 8635
20151019 092152 8635
20151019 092152 8635
20151019 092152 8635
20151019 092152 8636
20151019 092152 8637
20151019 092152 8637
20151019 092152 8637
20151019 092152 8637
20151019 092152 8637
20151019 092152 8637
20151019 092152 8637
20151019 092152 8637
20151019 092152 8637
20151019 092152 8637
20151019 092152 8637
20151019 092152 8638
20151019 092153 8614
20151019 092153 8614
20151019 092153 8614
20151019 092153 8615
20151019 092153 8615
20151019 092153 8615
20151019 092153 8615
20151019 092153 8616
20151019 092153 8617
20151019 092153 8617
20151019 092153 8617
20151019 092153 8617
20151019 092153 8617
20151019 092153 8617
20151019 092153 8617
20151019 092153 8617
20151019 092153 8617
20151019 092153 8617
20151019 092153 8617
20151019 092153 8617
20151019 092153 8617
20151019 092153 8617
20151019 092153 8617
20151019 092153 8617
20151019 092153 8617
20151019 092153 8617
20151019 092153 8617
20151019 092153 8617
20151019 092153 8617
20151019 092153 8617
20151019 092153 8618
20151019 092153 8618
20151019 092153 8618
20151019 092153 8618
20151019 092153 8618
20151019 092153 8618
20151019 092153 8618
20151019 092153 8619
20151019 092153 8619
20151019 092153 8619
20151019 092153 8619
20151019 092153 8619
20151019 092153 8619
20151019 092153 8619
20151019 092153 8619
20151019 092153 8619
20151019 092153 8619
20151019 092153 8620
20151019 092153 8620
20151019 092153 8620
20151019 092153 8620
20151019 092153 8620
20151019 092153 8620
20151019 092153 8620
20151019 092153 8620
20151019 092153 8620
20151019 092153 8621
20151019 092153 8621
20151019 092153 8621
20151019 092153 8621
20151019 092153 8621
20151019 092153 8621
20151019 092153 8621
20151019 092153 8621
20151019 092153 8622
20151019 092153 8622
20151019 092153 8622
20151019 092153 8622
20151019 092153 8622
20151019 092153 8622
20151019 092153 8622
20151019 092153 8622
20151019 092153 8622
20151019 092153 8622
20151019 092153 8622
20151019 092153 8622
20151019 092153 8622
20151019 092153 8623
20151019 092153 8623
20151019 092153 8623
20151019 092154 8612
20151019 092154 8613
20151019 092154 8613
20151019 092154 8613
20151019 092154 8613
20151019 092154 8613
20151019 092154 8613
20151019 092154 8613
20151019 092155 8616
20151019 092156 8615
20151019 092156 8616
20151019 092158 8616
20151019 092159 8613
20151019 092159 8615
20151019 092159 8615
20151019 092159 8616
20151019 092159 8616
20151019 092200 8617
20151019 092200 8619
20151019 092200 8619
20151019 092201 8619
20151019 092201 8619
20151019 092201 8619
20151019 092201 8619
20151019 092201 8619
20151019 092201 8619
20151019 092202 8618
20151019 092202 8619
20151019 092202 8619
20151019 092204 8619
20151019 092204 8621
20151019 092205 8620
20151019 092205 8620
20151019 092206 8624
20151019 092206 8625
20151019 092207 8623
20151019 092209 8622
20151019 092209 8622
20151019 092209 8622
20151019 092209 8622
20151019 092209 8622
20151019 092209 8622
20151019 092209 8623
20151019 092209 8625
20151019 092209 8625
20151019 092209 8625
20151019 092210 8623
20151019 092211 8622
20151019 092211 8623
20151019 092211 8624
20151019 092213 8624
20151019 092214 8624
20151019 092215 8626
20151019 092215 8627
20151019 092219 8627
20151019 092221 8628
20151019 092222 8627
20151019 092224 8626
20151019 092225 8626
20151019 092226 8627
20151019 092227 8627
20151019 092228 8627
20151019 092231 8629
20151019 092231 8630
20151019 092231 8631
20151019 092232 8632
20151019 092233 8630
20151019 092233 8630
20151019 092242 8630
20151019 092243 8630
20151019 092245 8631
20151019 092248 8629
20151019 092252 8628
20151019 092252 8628
20151019 092252 8628
20151019 092252 8628
20151019 092252 8629
20151019 092252 8630
20151019 092253 8628
20151019 092253 8628
20151019 092253 8628
20151019 092254 8628
20151019 092258 8629
20151019 092300 8629
20151019 092314 8629
20151019 092320 8629
20151019 092325 8627
20151019 092325 8627
20151019 092325 8627
20151019 092325 8627
20151019 092325 8627
20151019 092325 8627
20151019 092325 8628
20151019 092325 8628
20151019 092325 8628
20151019 092325 8628
20151019 092329 8629
20151019 092331 8629
20151019 092335 8629
20151019 092344 8629
20151019 092344 8629
20151019 092345 8629
20151019 092349 8627
20151019 092349 8627
20151019 092349 8627
20151019 092349 8627
20151019 092349 8627
20151019 092349 8627
20151019 092349 8627
20151019 092349 8627
20151019 092349 8627
20151019 092349 8627
20151019 092349 8627
20151019 092351 8626
20151019 092351 8626
20151019 092352 8626
20151019 092352 8626
20151019 092354 8627
20151019 092354 8627
20151019 092354 8627
20151019 092356 8625
20151019 092357 8627
20151019 092400 8627
20151019 092407 8630
20151019 092407 8630
20151019 092407 8630
20151019 092407 8630
20151019 092407 8630
20151019 092407 8630
20151019 092418 8627
20151019 092424 8627
20151019 092428 8625
20151019 092429 8626
20151019 092430 8625
20151019 092431 8625
20151019 092431 8625
20151019 092432 8625
20151019 092433 8625
20151019 092438 8624
20151019 092441 8622
20151019 092441 8622
20151019 092441 8622
20151019 092441 8622
20151019 092441 8622
20151019 092441 8622
20151019 092441 8622
20151019 092441 8622
20151019 092441 8622
20151019 092441 8622
20151019 092442 8621
20151019 092443 8620
20151019 092443 8620
20151019 092443 8620
20151019 092444 8619
20151019 092444 8619
20151019 092444 8619
20151019 092444 8620
20151019 092444 8620
20151019 092444 8620
20151019 092444 8621
20151019 092444 8621
20151019 092445 8622
20151019 092454 8623
20151019 092458 8625
20151019 092459 8624
20151019 092459 8625
20151019 092459 8625
20151019 092502 8622
20151019 092505 8622
20151019 092505 8622
20151019 092521 8624
20151019 092523 8622
20151019 092524 8622
20151019 092524 8622
20151019 092525 8621
20151019 092526 8621
20151019 092526 8621
20151019 092526 8621
20151019 092526 8623
20151019 092527 8622
20151019 092529 8622
20151019 092529 8622
20151019 092555 8621
20151019 092556 8620
20151019 092556 8621
20151019 092601 8623
20151019 092637 8621
20151019 092637 8621
20151019 092637 8621
20151019 092637 8621
20151019 092637 8621
20151019 092637 8622
20151019 092650 8622
20151019 092655 8621
20151019 092656 8620
20151019 092657 8618
20151019 092657 8618
20151019 092657 8618
20151019 092657 8618
20151019 092657 8618
20151019 092657 8618
20151019 092657 8618
20151019 092657 8618
20151019 092657 8618
20151019 092657 8618
20151019 092657 8618
20151019 092657 8618
20151019 092657 8618
20151019 092657 8618
20151019 092657 8619
20151019 092658 8617
20151019 092658 8617
20151019 092658 8617
20151019 092659 8617
20151019 092659 8617
20151019 092659 8617
20151019 092659 8617
20151019 092659 8617
20151019 092659 8617
20151019 092700 8616
20151019 092700 8617
20151019 092700 8617
20151019 092700 8617
20151019 092700 8617
20151019 092700 8617
20151019 092700 8617
20151019 092700 8617
20151019 092700 8617
20151019 092700 8617
20151019 092700 8617
20151019 092700 8617
20151019 092700 8617
20151019 092700 8617
20151019 092700 8617
20151019 092700 8617
20151019 092700 8617
20151019 092700 8617
20151019 092700 8617
20151019 092700 8617
20151019 092701 8616
20151019 092701 8617
20151019 092702 8616
20151019 092702 8617
20151019 092703 8617
20151019 092715 8600
20151019 092719 8620
20151019 092728 8622
20151019 092729 8622
20151019 092733 8619
20151019 092743 8622
20151019 092752 8620
20151019 092755 8619
20151019 092756 8619
20151019 092757 8619
20151019 092757 8619
20151019 092757 8619
20151019 092757 8619
20151019 092757 8619
20151019 092802 8618
20151019 092802 8618
20151019 092802 8618
20151019 092803 8618
20151019 092850 8621
20151019 092902 8620
20151019 092902 8620
20151019 092903 8620
20151019 092903 8620
20151019 092906 8620
20151019 092915 8623
20151019 092924 8627
20151019 092924 8627
20151019 092926 8626
20151019 092934 8626
20151019 092952 8624
20151019 092959 8621
20151019 092959 8622
20151019 092959 8622
20151019 092959 8622
20151019 092959 8622
20151019 093104 8613
20151019 093109 8613
20151019 093109 8613
20151019 093118 8620
20151019 093118 8620
20151019 093119 8619
20151019 093119 8619
20151019 093119 8619
20151019 093119 8619
20151019 093119 8619
20151019 093119 8619
20151019 093119 8619
20151019 093119 8619
20151019 093119 8619
20151019 093119 8620
20151019 093119 8620
20151019 093119 8620
20151019 093119 8620
20151019 093119 8620
20151019 093120 8618
20151019 093120 8618
20151019 093121 8618
20151019 093121 8618
20151019 093121 8618
20151019 093122 8620
20151019 093130 8619
20151019 093132 8618
20151019 093133 8614
20151019 093133 8615
20151019 093133 8615
20151019 093133 8615
20151019 093133 8615
20151019 093133 8615
20151019 093133 8616
20151019 093133 8616
20151019 093133 8616
20151019 093133 8616
20151019 093133 8616
20151019 093133 8616
20151019 093133 8616
20151019 093133 8616
20151019 093133 8616
20151019 093133 8616
20151019 093133 8616
20151019 093133 8616
20151019 093133 8616
20151019 093133 8616
20151019 093133 8616
20151019 093133 8616
20151019 093133 8616
20151019 093133 8617
20151019 093134 8614
20151019 093134 8614
20151019 093134 8614
20151019 093137 8607
20151019 093143 8616
20151019 093147 8614
20151019 093147 8614
20151019 093149 8614
20151019 093150 8613
20151019 093153 8613
20151019 093153 8613
20151019 093153 8613
20151019 093153 8613
20151019 093154 8613
20151019 093154 8613
20151019 093154 8614
20151019 093154 8614
20151019 093155 8612
20151019 093200 8616
20151019 093208 8615
20151019 093209 8614
20151019 093229 8607
20151019 093230 8607
20151019 093238 8611
20151019 093243 8622
20151019 093248 8621
20151019 093315 8624
20151019 093315 8625
20151019 093316 8626
20151019 093319 8625
20151019 093319 8626
20151019 093320 8626
20151019 093322 8626
20151019 093323 8626
20151019 093332 8626
20151019 093333 8626
20151019 093334 8626
20151019 093343 8627
20151019 093343 8627
20151019 093343 8627
20151019 093343 8627
20151019 093343 8627
20151019 093343 8628
20151019 093343 8628
20151019 093346 8628
20151019 093347 8628
20151019 093347 8629
20151019 093347 8629
20151019 093347 8629
20151019 093347 8629
20151019 093347 8629
20151019 093347 8629
20151019 093352 8620
20151019 093352 8627
20151019 093353 8628
20151019 093353 8628
20151019 093354 8629
20151019 093359 8628
20151019 093359 8628
20151019 093400 8628
20151019 093400 8628
20151019 093400 8628
20151019 093401 8628
20151019 093401 8628
20151019 093401 8628
20151019 093401 8629
20151019 093401 8629
20151019 093401 8629
20151019 093401 8629
20151019 093401 8629
20151019 093401 8629
20151019 093401 8629
20151019 093402 8629
20151019 093402 8629
20151019 093403 8630
20151019 093405 8629
20151019 093405 8629
20151019 093406 8628
20151019 093409 8627
20151019 093446 8627
20151019 093446 8627
20151019 093446 8627
20151019 093446 8627
20151019 093446 8627
20151019 093453 8625
20151019 093453 8625
20151019 093453 8625
20151019 093453 8625
20151019 093502 8625
20151019 093513 8625
20151019 093515 8624
20151019 093516 8623
20151019 093516 8623
20151019 093533 8625
20151019 093533 8625
20151019 093533 8626
20151019 093539 8626
20151019 093549 8626
20151019 093602 8627
20151019 093602 8627
20151019 093602 8627
20151019 093632 8627
20151019 093724 8620
20151019 093805 8622
20151019 093817 8620
20151019 093817 8620
20151019 093817 8621
20151019 093820 8623
20151019 093828 8625
20151019 093829 8626
20151019 093829 8626
20151019 093832 8625
20151019 093841 8625
20151019 093843 8625
20151019 093847 8625
20151019 093847 8625
20151019 093849 8626
20151019 093849 8626
20151019 093856 8626
20151019 093900 8618
20151019 093910 8625
20151019 093916 8627
20151019 093916 8627
20151019 093916 8627
20151019 093916 8627
20151019 093917 8627
20151019 093917 8628
20151019 093917 8628
20151019 093926 8627
20151019 093926 8627
20151019 093929 8629
20151019 093930 8627
20151019 093930 8627
20151019 093930 8629
20151019 093934 8627
20151019 093938 8626
20151019 093946 8628
20151019 093946 8629
20151019 093947 8629
20151019 093949 8629
20151019 093953 8628
20151019 093958 8629
20151019 093959 8629
20151019 094001 8629
20151019 094001 8629
20151019 094016 8627
20151019 094025 8627
20151019 094025 8627
20151019 094026 8628
20151019 094027 8628
20151019 094028 8628
20151019 094047 8629
20151019 094058 8628
20151019 094100 8628
20151019 094103 8629
20151019 094103 8629
20151019 094103 8629
20151019 094103 8629
20151019 094103 8629
20151019 094103 8629
20151019 094104 8630
20151019 094104 8630
20151019 094104 8630
20151019 094104 8630
20151019 094104 8630
20151019 094104 8630
20151019 094104 8631
20151019 094104 8631
20151019 094104 8631
20151019 094104 8631
20151019 094104 8631
20151019 094104 8631
20151019 094104 8631
20151019 094105 8632
20151019 094105 8632
20151019 094106 8632
20151019 094107 8631
20151019 094107 8631
20151019 094107 8631
20151019 094110 8631
20151019 094112 8631
20151019 094117 8632
20151019 094121 8632
20151019 094124 8631
20151019 094124 8632
20151019 094124 8632
20151019 094125 8632
20151019 094126 8629
20151019 094126 8629
20151019 094126 8629
20151019 094126 8629
20151019 094129 8631
20151019 094129 8631
20151019 094129 8632
20151019 094129 8632
20151019 094141 8631
20151019 094142 8631
20151019 094142 8631
20151019 094143 8631
20151019 094144 8630
20151019 094151 8631
20151019 094152 8632
20151019 094152 8632
20151019 094152 8632
20151019 094152 8632
20151019 094152 8632
20151019 094152 8633
20151019 094153 8632
20151019 094156 8632
20151019 094157 8633
20151019 094158 8631
20151019 094159 8631
20151019 094208 8630
20151019 094208 8630
20151019 094208 8630
20151019 094212 8629
20151019 094212 8629
20151019 094213 8630
20151019 094217 8631
20151019 094220 8630
20151019 094230 8629
20151019 094246 8627
20151019 094246 8627
20151019 094246 8627
20151019 094246 8627
20151019 094246 8627
20151019 094246 8627
20151019 094246 8627
20151019 094312 8625
20151019 094332 8626
20151019 094333 8627
20151019 094338 8628
20151019 094338 8628
20151019 094338 8628
20151019 094338 8628
20151019 094338 8628
20151019 094338 8628
20151019 094341 8629
20151019 094358 8626
20151019 094358 8626
20151019 094359 8624
20151019 094400 8623
20151019 094400 8623
20151019 094400 8623
20151019 094405 8624
20151019 094409 8623
20151019 094409 8623
20151019 094414 8623
20151019 094417 8622
20151019 094418 8622
20151019 094418 8622
20151019 094418 8622
20151019 094418 8622
20151019 094418 8622
20151019 094419 8621
20151019 094425 8624
20151019 094435 8622
20151019 094442 8621
20151019 094442 8621
20151019 094442 8621
20151019 094442 8621
20151019 094442 8621
20151019 094442 8621
20151019 094442 8621
20151019 094442 8622
20151019 094442 8622
20151019 094442 8622
20151019 094443 8621
20151019 094444 8619
20151019 094444 8619
20151019 094445 8619
20151019 094445 8619
20151019 094446 8620
20151019 094450 8618
20151019 094450 8618
20151019 094450 8618
20151019 094450 8618
20151019 094450 8618
20151019 094450 8618
20151019 094450 8618
20151019 094451 8617
20151019 094451 8617
20151019 094451 8617
20151019 094451 8617
20151019 094451 8617
20151019 094451 8617
20151019 094451 8617
20151019 094451 8617
20151019 094453 8617
20151019 094453 8617
20151019 094453 8617
20151019 094453 8617
20151019 094459 8619
20151019 094512 8622
20151019 094518 8623
20151019 094530 8621
20151019 094532 8622
20151019 094532 8622
20151019 094533 8622
20151019 094538 8620
20151019 094538 8620
20151019 094541 8619
20151019 094543 8619
20151019 094601 8621
20151019 094603 8620
20151019 094606 8619
20151019 094606 8619
20151019 094606 8619
20151019 094606 8619
20151019 094616 8621
20151019 094617 8620
20151019 094617 8622
20151019 094619 8620
20151019 094619 8620
20151019 094622 8619
20151019 094622 8619
20151019 094624 8617
20151019 094624 8617
20151019 094624 8617
20151019 094624 8617
20151019 094624 8617
20151019 094624 8617
20151019 094624 8617
20151019 094624 8617
20151019 094624 8617
20151019 094624 8617
20151019 094624 8617
20151019 094624 8617
20151019 094624 8618
20151019 094624 8618
20151019 094624 8618
20151019 094624 8618
20151019 094624 8618
20151019 094625 8614
20151019 094625 8614
20151019 094625 8614
20151019 094625 8614
20151019 094625 8614
20151019 094625 8614
20151019 094625 8614
20151019 094625 8615
20151019 094625 8615
20151019 094625 8615
20151019 094625 8615
20151019 094625 8616
20151019 094626 8612
20151019 094626 8612
20151019 094626 8612
20151019 094626 8612
20151019 094626 8612
20151019 094626 8612
20151019 094626 8612
20151019 094626 8612
20151019 094626 8612
20151019 094626 8613
20151019 094626 8613
20151019 094626 8613
20151019 094626 8613
20151019 094626 8613
20151019 094626 8614
20151019 094626 8614
20151019 094626 8614
20151019 094627 8615
20151019 094628 8614
20151019 094629 8612
20151019 094629 8613
20151019 094630 8616
20151019 094631 8614
20151019 094631 8618
20151019 094633 8616
20151019 094633 8618
20151019 094635 8615
20151019 094636 8616
20151019 094645 8618
20151019 094651 8617
20151019 094652 8617
20151019 094654 8618
20151019 094654 8618
20151019 094655 8617
20151019 094702 8619
20151019 094813 8616
20151019 094813 8616
20151019 094813 8616
20151019 094813 8617
20151019 094823 8619
20151019 094842 8609
20151019 094849 8609
20151019 094850 8609
20151019 094903 8613
20151019 094903 8613
20151019 094903 8613
20151019 094903 8613
20151019 094903 8614
20151019 094903 8614
20151019 094903 8614
20151019 094903 8614
20151019 094904 8610
20151019 094904 8611
20151019 094904 8611
20151019 094905 8609
20151019 094905 8610
20151019 094905 8610
20151019 094905 8610
20151019 094905 8610
20151019 094909 8614
20151019 094920 8614
20151019 094923 8611
20151019 094925 8611
20151019 094926 8612
20151019 094926 8612
20151019 094927 8611
20151019 094928 8612
20151019 094939 8607
20151019 094939 8608
20151019 094939 8608
20151019 094939 8608
20151019 094939 8608
20151019 094940 8607
20151019 094940 8607
20151019 094946 8609
20151019 094947 8607
20151019 094951 8608
20151019 094953 8607
20151019 094953 8607
20151019 094957 8606
20151019 094957 8606
20151019 094957 8606
20151019 094957 8606
20151019 094957 8606
20151019 094957 8608
20151019 094958 8606
20151019 094958 8606
20151019 094958 8606
20151019 094958 8606
20151019 094958 8606
20151019 094958 8606
20151019 094958 8606
20151019 094959 8606
20151019 094959 8606
20151019 094959 8606
20151019 094959 8606
20151019 094959 8606
20151019 094959 8606
20151019 094959 8606
20151019 094959 8606
20151019 094959 8606
20151019 094959 8606
20151019 094959 8606
20151019 094959 8606
20151019 094959 8606
20151019 094959 8606
20151019 094959 8606
20151019 094959 8606
20151019 094959 8606
20151019 094959 8606
20151019 094959 8606
20151019 094959 8606
20151019 094959 8606
20151019 094959 8606
20151019 094959 8606
20151019 094959 8606
20151019 094959 8606
20151019 094959 8606
20151019 094959 8606
20151019 094959 8606
20151019 094959 8606
20151019 094959 8606
20151019 095000 8598
20151019 095000 8605
20151019 095000 8605
20151019 095000 8605
20151019 095000 8605
20151019 095000 8605
20151019 095001 8603
20151019 095001 8603
20151019 095001 8603
20151019 095001 8603
20151019 095001 8604
20151019 095001 8604
20151019 095002 8603
20151019 095006 8607
20151019 095006 8607
20151019 095006 8607
20151019 095006 8607
20151019 095006 8607
20151019 095006 8607
20151019 095006 8607
20151019 095006 8607
20151019 095009 8605
20151019 095011 8597
20151019 095016 8598
20151019 095019 8608
20151019 095023 8608
20151019 095023 8608
20151019 095023 8608
20151019 095023 8608
20151019 095023 8609
20151019 095023 8609
20151019 095036 8608
20151019 095048 8609
20151019 095048 8609
20151019 095052 8608
20151019 095101 8608
20151019 095103 8608
20151019 095112 8605
20151019 095113 8604
20151019 095119 8603
20151019 095121 8603
20151019 095122 8602
20151019 095125 8604
20151019 095138 8607
20151019 095138 8607
20151019 095138 8607
20151019 095138 8607
20151019 095138 8607
20151019 095138 8607
20151019 095138 8607
20151019 095138 8608
20151019 095138 8608
20151019 095138 8608
20151019 095138 8608
20151019 095141 8606
20151019 095155 8608
20151019 095207 8608
20151019 095207 8608
20151019 095208 8609
20151019 095208 8609
20151019 095208 8609
20151019 095208 8609
20151019 095210 8609
20151019 095210 8609
20151019 095220 8599
20151019 095251 8607
20151019 095300 8598
20151019 095303 8606
20151019 095303 8606
20151019 095310 8606
20151019 095330 8603
20151019 095343 8602
20151019 095343 8602
20151019 095345 8601
20151019 095345 8601
20151019 095345 8601
20151019 095350 8605
20151019 095351 8606
20151019 095351 8606
20151019 095351 8606
20151019 095351 8606
20151019 095358 8597
20151019 095435 8598
20151019 095435 8600
20151019 095436 8601
20151019 095436 8601
20151019 095436 8601
20151019 095436 8601
20151019 095436 8601
20151019 095437 8601
20151019 095438 8600
20151019 095452 8599
20151019 095457 8601
20151019 095457 8601
20151019 095457 8601
20151019 095458 8600
20151019 095458 8600
20151019 095500 8596
20151019 095500 8596
20151019 095500 8596
20151019 095500 8596
20151019 095500 8596
20151019 095500 8596
20151019 095500 8596
20151019 095500 8596
20151019 095500 8596
20151019 095500 8596
20151019 095500 8596
20151019 095500 8596
20151019 095501 8591
20151019 095501 8591
20151019 095501 8591
20151019 095501 8591
20151019 095501 8592
20151019 095501 8592
20151019 095501 8592
20151019 095501 8593
20151019 095501 8593
20151019 095501 8593
20151019 095501 8594
20151019 095501 8594
20151019 095501 8594
20151019 095501 8594
20151019 095501 8594
20151019 095501 8594
20151019 095501 8594
20151019 095501 8594
20151019 095501 8594
20151019 095501 8595
20151019 095501 8595
20151019 095501 8595
20151019 095501 8595
20151019 095501 8595
20151019 095501 8595
20151019 095501 8596
20151019 095501 8596
20151019 095501 8596
20151019 095501 8596
20151019 095501 8596
20151019 095501 8596
20151019 095501 8596
20151019 095501 8596
20151019 095501 8596
20151019 095502 8590
20151019 095502 8590
20151019 095502 8591
20151019 095502 8591
20151019 095502 8591
20151019 095502 8591
20151019 095502 8591
20151019 095502 8592
20151019 095503 8585
20151019 095503 8589
20151019 095504 8591
20151019 095504 8591
20151019 095505 8586
20151019 095509 8589
20151019 095511 8597
20151019 095512 8597
20151019 095514 8586
20151019 095516 8595
20151019 095521 8594
20151019 095523 8594
20151019 095529 8594
20151019 095530 8595
20151019 095530 8596
20151019 095530 8596
20151019 095530 8596
20151019 095530 8596
20151019 095530 8597
20151019 095530 8597
20151019 095530 8597
20151019 095530 8597
20151019 095533 8595
20151019 095533 8595
20151019 095539 8590
20151019 095552 8591
20151019 095559 8600
20151019 095608 8599
20151019 095610 8600
20151019 095611 8600
20151019 095612 8599
20151019 095612 8600
20151019 095614 8599
20151019 095614 8600
20151019 095614 8600
20151019 095614 8600
20151019 095614 8601
20151019 095614 8601
20151019 095614 8602
20151019 095614 8602
20151019 095614 8602
20151019 095614 8602
20151019 095615 8603
20151019 095615 8604
20151019 095617 8602
20151019 095619 8603
20151019 095619 8604
20151019 095619 8604
20151019 095620 8603
20151019 095620 8604
20151019 095621 8605
20151019 095630 8602
20151019 095659 8604
20151019 095707 8604
20151019 095724 8603
20151019 095727 8602
20151019 095732 8603
20151019 095737 8595
20151019 095807 8604
20151019 095817 8595
20151019 095824 8604
20151019 095828 8604
20151019 095829 8604
20151019 095839 8604
20151019 095845 8606
20151019 095850 8597
20151019 095850 8605
20151019 095855 8607
20151019 095856 8607
20151019 095857 8607
20151019 095857 8607
20151019 095900 8608
20151019 095907 8598
20151019 100000 8607
20151019 100000 8607
20151019 100000 8607
20151019 100000 8607
20151019 100002 8597
20151019 100002 8597
20151019 100003 8608
20151019 100004 8608
20151019 100004 8608
20151019 100004 8609
20151019 100004 8609
20151019 100004 8609
20151019 100004 8609
20151019 100004 8609
20151019 100004 8609
20151019 100004 8609
20151019 100004 8609
20151019 100004 8609
20151019 100004 8610
20151019 100004 8610
20151019 100004 8610
20151019 100004 8610
20151019 100004 8610
20151019 100004 8610
20151019 100004 8610
20151019 100004 8611
20151019 100004 8611
20151019 100004 8611
20151019 100004 8611
20151019 100005 8610
20151019 100005 8610
20151019 100005 8611
20151019 100005 8611
20151019 100005 8612
20151019 100005 8612
20151019 100005 8613
20151019 100005 8614
20151019 100005 8614
20151019 100006 8615
20151019 100006 8615
20151019 100006 8615
20151019 100006 8616
20151019 100006 8616
20151019 100006 8617
20151019 100006 8617
20151019 100006 8617
20151019 100006 8617
20151019 100006 8617
20151019 100006 8617
20151019 100006 8617
20151019 100006 8617
20151019 100006 8617
20151019 100015 8615
20151019 100016 8616
20151019 100017 8611
20151019 100017 8616
20151019 100042 8617
20151019 100053 8618
20151019 100053 8618
20151019 100057 8618
20151019 100057 8618
20151019 100057 8618
20151019 100058 8618
20151019 100058 8619
20151019 100058 8619
20151019 100058 8619
20151019 100058 8619
20151019 100058 8619
20151019 100058 8619
20151019 100058 8619
20151019 100058 8619
20151019 100058 8619
20151019 100058 8619
20151019 100058 8619
20151019 100058 8619
20151019 100058 8620
20151019 100058 8620
20151019 100058 8620
20151019 100058 8620
20151019 100058 8620
20151019 100058 8620
20151019 100058 8620
20151019 100058 8620
20151019 100058 8621
20151019 100058 8621
20151019 100058 8621
20151019 100058 8621
20151019 100058 8621
20151019 100058 8621
20151019 100058 8621
20151019 100058 8621
20151019 100058 8621
20151019 100058 8622
20151019 100058 8623
20151019 100058 8623
20151019 100059 8622
20151019 100059 8623
20151019 100059 8623
20151019 100059 8623
20151019 100059 8624
20151019 100059 8624
20151019 100059 8624
20151019 100059 8624
20151019 100059 8624
20151019 100059 8624
20151019 100059 8624
20151019 100059 8624
20151019 100059 8624
20151019 100059 8624
20151019 100059 8624
20151019 100059 8624
20151019 100059 8624
20151019 100059 8624
20151019 100059 8624
20151019 100100 8617
20151019 100100 8623
20151019 100100 8623
20151019 100104 8623
20151019 100105 8617
20151019 100106 8623
20151019 100106 8623
20151019 100108 8622
20151019 100108 8622
20151019 100111 8623
20151019 100131 8612
20151019 100132 8621
20151019 100134 8622
20151019 100155 8615
20151019 100203 8624
20151019 100203 8624
20151019 100203 8624
20151019 100203 8624
20151019 100203 8624
20151019 100203 8624
20151019 100204 8625
20151019 100204 8625
20151019 100204 8625
20151019 100205 8625
20151019 100206 8625
20151019 100206 8625
20151019 100210 8617
20151019 100216 8624
20151019 100217 8624
20151019 100232 8623
20151019 100235 8624
20151019 100235 8624
20151019 100241 8624
20151019 100242 8624
20151019 100242 8624
20151019 100242 8624
20151019 100243 8624
20151019 100243 8624
20151019 100244 8624
20151019 100244 8624
20151019 100245 8622
20151019 100253 8624
20151019 100255 8624
20151019 100302 8622
20151019 100304 8622
20151019 100304 8622
20151019 100304 8622
20151019 100317 8623
20151019 100320 8623
20151019 100328 8620
20151019 100328 8620
20151019 100328 8620
20151019 100331 8621
20151019 100416 8621
20151019 100416 8621
20151019 100417 8621
20151019 100417 8621
20151019 100417 8621
20151019 100418 8621
20151019 100419 8621
20151019 100420 8621
20151019 100420 8621
20151019 100420 8621
20151019 100420 8621
20151019 100421 8621
20151019 100442 8620
20151019 100442 8620
20151019 100500 8614
20151019 100506 8621
20151019 100507 8619
20151019 100511 8620
20151019 100512 8620
20151019 100531 8620
20151019 100551 8622
20151019 100609 8626
20151019 100609 8626
20151019 100609 8626
20151019 100609 8626
20151019 100609 8626
20151019 100609 8626
20151019 100609 8627
20151019 100609 8627
20151019 100609 8627
20151019 100609 8627
20151019 100609 8627
20151019 100609 8627
20151019 100609 8627
20151019 100657 8626
20151019 100738 8625
20151019 100739 8625
20151019 100739 8625
20151019 100742 8626
20151019 100742 8626
20151019 100752 8627
20151019 100752 8627
20151019 100752 8627
20151019 100752 8627
20151019 100753 8619
20151019 100754 8628
20151019 100754 8628
20151019 100754 8628
20151019 100754 8628
20151019 100754 8628
20151019 100754 8629
20151019 100754 8629
20151019 100755 8629
20151019 100755 8629
20151019 100755 8629
20151019 100755 8629
20151019 100803 8625
20151019 100805 8626
20151019 100813 8628
20151019 100813 8628
20151019 100816 8628
20151019 100817 8629
20151019 100830 8629
20151019 100830 8629
20151019 100830 8629
20151019 100830 8629
20151019 100830 8629
20151019 100830 8629
20151019 100830 8629
20151019 100830 8629
20151019 100830 8629
20151019 100830 8629
20151019 100830 8629
20151019 100830 8629
20151019 100831 8630
20151019 100831 8630
20151019 100839 8627
20151019 100848 8618
20151019 100904 8628
20151019 100904 8628
20151019 100920 8628
20151019 100927 8628
20151019 100930 8627
20151019 101008 8626
20151019 101013 8628
20151019 101013 8628
20151019 101013 8629
20151019 101013 8629
20151019 101013 8629
20151019 101015 8629
20151019 101016 8629
20151019 101016 8629
20151019 101016 8629
20151019 101016 8629
20151019 101016 8629
20151019 101019 8629
20151019 101051 8627
20151019 101108 8628
20151019 101108 8628
20151019 101108 8628
20151019 101110 8620
20151019 101110 8628
20151019 101126 8619
20151019 101133 8625
20151019 101159 8618
20151019 101246 8625
20151019 101322 8623
20151019 101500 8629
20151019 101500 8629
20151019 101500 8629
20151019 101503 8629
20151019 101503 8629
20151019 101503 8629
20151019 101503 8629
20151019 101504 8630
20151019 101504 8630
20151019 101504 8630
20151019 101504 8630
20151019 101504 8631
20151019 101504 8631
20151019 101504 8631
20151019 101504 8631
20151019 101504 8631
20151019 101504 8631
20151019 101504 8631
20151019 101504 8631
20151019 101504 8631
20151019 101504 8631
20151019 101504 8631
20151019 101504 8631
20151019 101504 8631
20151019 101504 8631
20151019 101504 8631
20151019 101504 8631
20151019 101504 8632
20151019 101504 8632
20151019 101504 8632
20151019 101504 8632
20151019 101504 8632
20151019 101504 8632
20151019 101504 8632
20151019 101504 8632
20151019 101504 8632
20151019 101504 8632
20151019 101505 8633
20151019 101505 8633
20151019 101505 8633
20151019 101505 8633
20151019 101506 8633
20151019 101508 8617
20151019 101508 8630
20151019 101508 8630
20151019 101509 8624
20151019 101512 8624
20151019 101514 8633
20151019 101514 8633
20151019 101514 8633
20151019 101514 8633
20151019 101514 8634
20151019 101514 8634
20151019 101514 8634
20151019 101514 8634
20151019 101514 8634
20151019 101514 8634
20151019 101514 8634
20151019 101514 8634
20151019 101514 8634
20151019 101514 8634
20151019 101514 8634
20151019 101514 8634
20151019 101514 8634
20151019 101514 8634
20151019 101515 8635
20151019 101555 8596
20151019 101606 8629
20151019 101624 8630
20151019 101626 8629
20151019 101644 8629
20151019 101648 8629
20151019 101658 8626
20151019 101658 8626
20151019 101658 8626
20151019 101658 8626
20151019 101700 8627
20151019 101708 8627
20151019 101716 8627
20151019 101742 8625
20151019 101742 8625
20151019 101744 8625
20151019 101744 8625
20151019 101754 8624
20151019 101754 8624
20151019 101754 8624
20151019 101754 8624
20151019 101756 8622
20151019 101756 8622
20151019 101756 8622
20151019 101756 8622
20151019 101757 8621
20151019 101757 8621
20151019 101757 8621
20151019 101757 8621
20151019 101757 8621
20151019 101757 8621
20151019 101757 8621
20151019 101757 8621
20151019 101757 8621
20151019 101757 8621
20151019 101757 8621
20151019 101757 8621
20151019 101758 8619
20151019 101806 8620
20151019 101807 8620
20151019 101825 8620
20151019 101826 8621
20151019 101841 8617
20151019 101936 8621
20151019 101936 8621
20151019 101938 8621
20151019 102036 8622
20151019 102157 8618
20151019 102157 8618
20151019 102157 8618
20151019 102157 8618
20151019 102157 8618
20151019 102157 8618
20151019 102157 8618
20151019 102157 8620
20151019 102158 8614
20151019 102158 8614
20151019 102158 8614
20151019 102158 8615
20151019 102158 8615
20151019 102158 8616
20151019 102158 8616
20151019 102158 8616
20151019 102158 8616
20151019 102158 8616
20151019 102158 8616
20151019 102158 8616
20151019 102158 8616
20151019 102158 8616
20151019 102158 8616
20151019 102158 8616
20151019 102158 8616
20151019 102158 8616
20151019 102158 8616
20151019 102158 8617
20151019 102158 8617
20151019 102158 8618
20151019 102201 8616
20151019 102201 8616
20151019 102201 8616
20151019 102201 8616
20151019 102201 8616
20151019 102201 8616
20151019 102201 8616
20151019 102201 8616
20151019 102201 8616
20151019 102201 8616
20151019 102201 8616
20151019 102201 8617
20151019 102209 8616
20151019 102219 8610
20151019 102222 8617
20151019 102227 8617
20151019 102354 8606
20151019 102354 8614
20151019 102354 8614
20151019 102354 8614
20151019 102354 8614
20151019 102354 8614
20151019 102354 8614
20151019 102354 8614
20151019 102354 8614
20151019 102354 8614
20151019 102354 8614
20151019 102354 8614
20151019 102354 8614
20151019 102354 8614
20151019 102354 8614
20151019 102354 8614
20151019 102354 8614
20151019 102405 8613
20151019 102405 8613
20151019 102406 8606
20151019 102406 8614
20151019 102418 8615
20151019 102433 8616
20151019 102511 8616
20151019 102608 8618
20151019 102708 8616
20151019 102711 8615
20151019 102711 8615
20151019 102711 8615
20151019 102711 8615
20151019 102712 8615
20151019 102712 8616
20151019 102714 8615
20151019 102803 8619
20151019 102835 8620
20151019 102835 8620
20151019 102835 8621
20151019 102836 8621
20151019 102849 8620
20151019 102951 8617
20151019 103051 8615
20151019 103051 8616
20151019 103051 8616
20151019 103051 8616
20151019 103051 8616
20151019 103051 8616
20151019 103051 8616
20151019 103052 8606
20151019 103052 8606
20151019 103052 8606
20151019 103052 8615
20151019 103052 8615
20151019 103052 8615
20151019 103053 8616
20151019 103109 8613
20151019 103111 8612
20151019 103111 8612
20151019 103111 8612
20151019 103111 8612
20151019 103111 8612
20151019 103111 8612
20151019 103111 8612
20151019 103111 8612
20151019 103122 8613
20151019 103123 8614
20151019 103134 8613
20151019 103134 8613
20151019 103142 8613
20151019 103145 8612
20151019 103210 8614
20151019 103210 8614
20151019 103312 8613
20151019 103312 8613
20151019 103356 8615
20151019 103356 8615
20151019 103408 8617
20151019 103408 8617
20151019 103409 8617
20151019 103412 8617
20151019 103459 8616
20151019 103501 8617
20151019 103734 8617
20151019 103734 8617
20151019 103747 8615
20151019 103747 8615
20151019 103747 8615
20151019 103747 8616
20151019 103747 8616
20151019 103747 8616
20151019 103747 8616
20151019 103747 8616
20151019 103747 8616
20151019 103747 8616
20151019 103747 8616
20151019 103800 8614
20151019 103802 8613
20151019 103845 8616
20151019 103845 8616
20151019 103901 8618
20151019 103912 8614
20151019 104017 8617
20151019 104022 8600
20151019 104022 8617
20151019 104036 8614
20151019 104039 8614
20151019 104046 8615
20151019 104124 8614
20151019 104136 8611
20151019 104136 8611
20151019 104136 8611
20151019 104136 8611
20151019 104136 8611
20151019 104136 8611
20151019 104136 8611
20151019 104136 8611
20151019 104136 8611
20151019 104136 8611
20151019 104136 8611
20151019 104136 8611
20151019 104136 8611
20151019 104136 8611
20151019 104136 8611
20151019 104136 8611
20151019 104136 8611
20151019 104136 8611
20151019 104136 8611
20151019 104136 8611
20151019 104136 8611
20151019 104136 8611
20151019 104137 8611
20151019 104137 8611
20151019 104137 8611
20151019 104137 8611
20151019 104137 8611
20151019 104137 8611
20151019 104140 8612
20151019 104140 8612
20151019 104203 8609
20151019 104203 8609
20151019 104204 8608
20151019 104211 8612
20151019 104233 8616
20151019 104247 8601
20151019 104247 8613
20151019 104318 8615
20151019 104318 8615
20151019 104318 8615
20151019 104319 8616
20151019 104319 8616
20151019 104319 8616
20151019 104319 8617
20151019 104319 8617
20151019 104319 8617
20151019 104319 8617
20151019 104319 8617
20151019 104319 8617
20151019 104319 8617
20151019 104320 8616
20151019 104320 8617
20151019 104320 8617
20151019 104320 8617
20151019 104320 8617
20151019 104320 8618
20151019 104320 8618
20151019 104320 8618
20151019 104321 8619
20151019 104338 8619
20151019 104355 8618
20151019 104407 8620
20151019 104407 8620
20151019 104407 8620
20151019 104407 8620
20151019 104407 8620
20151019 104407 8620
20151019 104407 8620
20151019 104407 8621
20151019 104407 8621
20151019 104407 8621
20151019 104408 8620
20151019 104408 8621
20151019 104408 8622
20151019 104408 8622
20151019 104408 8622
20151019 104408 8622
20151019 104408 8622
20151019 104408 8622
20151019 104408 8622
20151019 104408 8622
20151019 104408 8622
20151019 104408 8622
20151019 104408 8622
20151019 104408 8622
20151019 104408 8622
20151019 104408 8623
20151019 104408 8623
20151019 104409 8623
20151019 104409 8623
20151019 104409 8623
20151019 104409 8623
20151019 104418 8623
20151019 104419 8623
20151019 104420 8621
20151019 104424 8622
20151019 104436 8621
20151019 104448 8621
20151019 104451 8621
20151019 104451 8621
20151019 104456 8621
20151019 104457 8622
20151019 104457 8622
20151019 104457 8622
20151019 104457 8622
20151019 104457 8623
20151019 104523 8622
20151019 104530 8621
20151019 104545 8622
20151019 104622 8621
20151019 104629 8622
20151019 104632 8622
20151019 104635 8622
20151019 104636 8622
20151019 104636 8622
20151019 104651 8622
20151019 104701 8622
20151019 104703 8623
20151019 104705 8622
20151019 104705 8623
20151019 104705 8623
20151019 104705 8623
20151019 104705 8623
20151019 104706 8624
20151019 104706 8624
20151019 104706 8624
20151019 104706 8624
20151019 104706 8624
20151019 104706 8624
20151019 104706 8624
20151019 104706 8624
20151019 104706 8624
20151019 104706 8624
20151019 104706 8624
20151019 104706 8625
20151019 104707 8625
20151019 104707 8625
20151019 104707 8625
20151019 104710 8624
20151019 104713 8625
20151019 104713 8625
20151019 104713 8625
20151019 104713 8625
20151019 104713 8625
20151019 104713 8625
20151019 104713 8625
20151019 104713 8625
20151019 104713 8625
20151019 104713 8625
20151019 104714 8624
20151019 104714 8624
20151019 104714 8624
20151019 104720 8626
20151019 104729 8625
20151019 104734 8625
20151019 104800 8624
20151019 104805 8624
20151019 104805 8624
20151019 104854 8623
20151019 104854 8623
20151019 104859 8624
20151019 104859 8624
20151019 104859 8624
20151019 104859 8624
20151019 104859 8624
20151019 104900 8624
20151019 104900 8624
20151019 104900 8624
20151019 104902 8625
20151019 104902 8625
20151019 104904 8620
20151019 104904 8625
20151019 104904 8625
20151019 104904 8626
20151019 104904 8626
20151019 104904 8626
20151019 104904 8626
20151019 104904 8626
20151019 104904 8626
20151019 104904 8626
20151019 104904 8626
20151019 104904 8626
20151019 104904 8626
20151019 104904 8626
20151019 104904 8626
20151019 104904 8626
20151019 104904 8626
20151019 104904 8626
20151019 104904 8626
20151019 104904 8626
20151019 104904 8626
20151019 104904 8626
20151019 104905 8627
20151019 104905 8627
20151019 104905 8627
20151019 104905 8627
20151019 104905 8627
20151019 104905 8627
20151019 104905 8627
20151019 104905 8627
20151019 104905 8627
20151019 104905 8627
20151019 104905 8627
20151019 104905 8627
20151019 104905 8627
20151019 104905 8627
20151019 104905 8628
20151019 104905 8628
20151019 104905 8628
20151019 104905 8628
20151019 104905 8628
20151019 104905 8628
20151019 104905 8628
20151019 104916 8626
20151019 104922 8627
20151019 104924 8626
20151019 104924 8626
20151019 105136 8627
20151019 105141 8628
20151019 105141 8628
20151019 105141 8628
20151019 105141 8628
20151019 105141 8628
20151019 105141 8628
20151019 105141 8628
20151019 105141 8628
20151019 105141 8628
20151019 105142 8628
20151019 105142 8628
20151019 105142 8629
20151019 105223 8625
20151019 105249 8623
20151019 105249 8623
20151019 105249 8623
20151019 105259 8624
20151019 105309 8623
20151019 105309 8624
20151019 105314 8624
20151019 105428 8623
20151019 105428 8623
20151019 105428 8623
20151019 105428 8623
20151019 105428 8623
20151019 105428 8623
20151019 105428 8623
20151019 105428 8623
20151019 105428 8623
20151019 105428 8623
20151019 105428 8623
20151019 105428 8623
20151019 105428 8623
20151019 105428 8623
20151019 105428 8623
20151019 105428 8623
20151019 105428 8623
20151019 105428 8623
20151019 105428 8623
20151019 105428 8623
20151019 105428 8623
20151019 105451 8625
20151019 105451 8625
20151019 105455 8625
20151019 105459 8624
20151019 105505 8624
20151019 105512 8624
20151019 105548 8626
20151019 105548 8626
20151019 105549 8626
20151019 105550 8626
20151019 105552 8626
20151019 105552 8626
20151019 105606 8626
20151019 105632 8620
20151019 105632 8620
20151019 105632 8620
20151019 105632 8620
20151019 105632 8620
20151019 105632 8620
20151019 105632 8620
20151019 105632 8626
20151019 105632 8626
20151019 105632 8626
20151019 105632 8626
20151019 105632 8626
20151019 105632 8626
20151019 105633 8627
20151019 105633 8627
20151019 105650 8626
20151019 105703 8626
20151019 105703 8626
20151019 105715 8626
20151019 105751 8626
20151019 105829 8626
20151019 105832 8626
20151019 105839 8621
20151019 105851 8620
20151019 105913 8618
20151019 105929 8622
20151019 105944 8624
20151019 110143 8628
20151019 110152 8628
20151019 110155 8628
20151019 110156 8628
20151019 110158 8628
20151019 110200 8627
20151019 110206 8627
20151019 110214 8628
20151019 110214 8628
20151019 110214 8628
20151019 110214 8628
20151019 110214 8628
20151019 110214 8629
20151019 110214 8629
20151019 110214 8629
20151019 110214 8629
20151019 110214 8629
20151019 110214 8629
20151019 110214 8629
20151019 110214 8629
20151019 110215 8629
20151019 110215 8629
20151019 110220 8617
20151019 110224 8630
20151019 110224 8630
20151019 110225 8629
20151019 110226 8630
20151019 110226 8630
20151019 110226 8630
20151019 110227 8630
20151019 110228 8629
20151019 110229 8630
20151019 110253 8629
20151019 110310 8631
20151019 110311 8631
20151019 110311 8631
20151019 110313 8631
20151019 110313 8631
20151019 110314 8631
20151019 110315 8631
20151019 110316 8631
20151019 110316 8631
20151019 110318 8631
20151019 110319 8626
20151019 110319 8631
20151019 110414 8618
20151019 110414 8626
20151019 110414 8627
20151019 110415 8631
20151019 110415 8631
20151019 110415 8631
20151019 110415 8631
20151019 110415 8631
20151019 110415 8632
20151019 110415 8632
20151019 110415 8632
20151019 110415 8632
20151019 110425 8633
20151019 110425 8633
20151019 110425 8633
20151019 110425 8633
20151019 110425 8633
20151019 110425 8633
20151019 110425 8633
20151019 110425 8633
20151019 110425 8633
20151019 110425 8633
20151019 110425 8633
20151019 110425 8633
20151019 110425 8633
20151019 110425 8633
20151019 110434 8618
20151019 110434 8627
20151019 110438 8631
20151019 110450 8620
20151019 110512 8632
20151019 110524 8633
20151019 110537 8620
20151019 110550 8634
20151019 110550 8634
20151019 110551 8634
20151019 110553 8635
20151019 110553 8635
20151019 110553 8635
20151019 110553 8635
20151019 110553 8635
20151019 110553 8635
20151019 110553 8635
20151019 110553 8635
20151019 110553 8635
20151019 110553 8635
20151019 110553 8635
20151019 110553 8635
20151019 110553 8635
20151019 110553 8635
20151019 110553 8635
20151019 110553 8635
20151019 110553 8635
20151019 110553 8635
20151019 110553 8635
20151019 110553 8635
20151019 110553 8635
20151019 110553 8635
20151019 110553 8635
20151019 110553 8635
20151019 110553 8635
20151019 110553 8635
20151019 110553 8635
20151019 110553 8635
20151019 110553 8635
20151019 110553 8635
20151019 110553 8635
20151019 110553 8635
20151019 110553 8635
20151019 110553 8635
20151019 110553 8635
20151019 110553 8635
20151019 110553 8635
20151019 110553 8635
20151019 110553 8635
20151019 110553 8635
20151019 110553 8635
20151019 110553 8635
20151019 110553 8635
20151019 110553 8635
20151019 110553 8635
20151019 110553 8635
20151019 110553 8635
20151019 110553 8635
20151019 110553 8636
20151019 110553 8636
20151019 110553 8636
20151019 110553 8636
20151019 110553 8636
20151019 110553 8636
20151019 110553 8636
20151019 110553 8636
20151019 110553 8637
20151019 110553 8637
20151019 110553 8637
20151019 110553 8637
20151019 110553 8637
20151019 110553 8637
20151019 110553 8638
20151019 110553 8638
20151019 110553 8638
20151019 110553 8638
20151019 110553 8638
20151019 110553 8638
20151019 110553 8638
20151019 110553 8638
20151019 110553 8638
20151019 110553 8638
20151019 110553 8638
20151019 110553 8638
20151019 110553 8638
20151019 110555 8636
20151019 110555 8636
20151019 110606 8639
20151019 110606 8639
20151019 110606 8639
20151019 110606 8639
20151019 110606 8639
20151019 110606 8639
20151019 110606 8639
20151019 110606 8639
20151019 110606 8639
20151019 110606 8639
20151019 110610 8639
20151019 110612 8639
20151019 110643 8637
20151019 110646 8637
20151019 110646 8637
20151019 110704 8633
20151019 110724 8633
20151019 110744 8623
20151019 110755 8636
20151019 110909 8630
20151019 110958 8628
20151019 111052 8632
20151019 111131 8632
20151019 111131 8632
20151019 111131 8632
20151019 111215 8632
20151019 111323 8632
20151019 111343 8632
20151019 111426 8632
20151019 111429 8632
20151019 111430 8632
20151019 111440 8629
20151019 111440 8629
20151019 111440 8629
20151019 111440 8629
20151019 111440 8629
20151019 111440 8629
20151019 111440 8629
20151019 111440 8629
20151019 111440 8629
20151019 111440 8629
20151019 111440 8630
20151019 111441 8629
20151019 111441 8629
20151019 111441 8629
20151019 111441 8629
20151019 111441 8629
20151019 111441 8629
20151019 111441 8629
20151019 111521 8628
20151019 111530 8624
20151019 111551 8624
20151019 111713 8628
20151019 111805 8628
20151019 111946 8627
20151019 111948 8627
20151019 112002 8626
20151019 112007 8627
20151019 112013 8626
20151019 112015 8627
20151019 112045 8627
20151019 112047 8627
20151019 112047 8627
20151019 112047 8627
20151019 112047 8627
20151019 112048 8627
20151019 112048 8627
20151019 112054 8627
20151019 112055 8627
20151019 112108 8627
20151019 112114 8626
20151019 112114 8626
20151019 112132 8626
20151019 112145 8627
20151019 112146 8627
20151019 112146 8627
20151019 112201 8627
20151019 112201 8627
20151019 112245 8626
20151019 112245 8626
20151019 112312 8626
20151019 112320 8626
20151019 112320 8626
20151019 112320 8626
20151019 112320 8626
20151019 112320 8626
20151019 112320 8626
20151019 112320 8626
20151019 112320 8626
20151019 112335 8626
20151019 112343 8626
20151019 112343 8626
20151019 112344 8626
20151019 112413 8628
20151019 112414 8628
20151019 112421 8627
20151019 112425 8628
20151019 112431 8628
20151019 112431 8628
20151019 112431 8628
20151019 112433 8628
20151019 112440 8628
20151019 112449 8627
20151019 112449 8627
20151019 112449 8627
20151019 112449 8627
20151019 112509 8629
20151019 112509 8629
20151019 112509 8629
20151019 112509 8629
20151019 112523 8626
20151019 112523 8626
20151019 112523 8626
20151019 112610 8626
20151019 112611 8624
20151019 112611 8624
20151019 112611 8624
20151019 112611 8624
20151019 112611 8624
20151019 112611 8624
20151019 112611 8624
20151019 112611 8624
20151019 112611 8624
20151019 112612 8623
20151019 112612 8623
20151019 112612 8623
20151019 112612 8623
20151019 112612 8623
20151019 112612 8623
20151019 112613 8619
20151019 112613 8620
20151019 112613 8622
20151019 112614 8622
20151019 112615 8623
20151019 112615 8623
20151019 112615 8623
20151019 112616 8623
20151019 112616 8623
20151019 112616 8623
20151019 112616 8623
20151019 112616 8623
20151019 112616 8623
20151019 112616 8623
20151019 112616 8623
20151019 112616 8623
20151019 112844 8624
20151019 112845 8624
20151019 113017 8624
20151019 113037 8627
20151019 113038 8627
20151019 113038 8627
20151019 113038 8627
20151019 113038 8627
20151019 113038 8627
20151019 113038 8627
20151019 113038 8628
20151019 113044 8627
20151019 113044 8628
20151019 113105 8626
20151019 113121 8629
20151019 113124 8629
20151019 113124 8629
20151019 113125 8630
20151019 113143 8628
20151019 113221 8628
20151019 113222 8628
20151019 113242 8626
20151019 113447 8627
20151019 113509 8627
20151019 113535 8627
20151019 113559 8627
20151019 113608 8598
20151019 113702 8628
20151019 113702 8628
20151019 113703 8628
20151019 113703 8628
20151019 113722 8628
20151019 113732 8626
20151019 113732 8626
20151019 113732 8626
20151019 113732 8627
20151019 113732 8627
20151019 113755 8626
20151019 113810 8624
20151019 113920 8621
20151019 113920 8621
20151019 113921 8621
20151019 113956 8619
20151019 113956 8619
20151019 113956 8619
20151019 113956 8619
20151019 113956 8620
20151019 113957 8619
20151019 113957 8619
20151019 113957 8619
20151019 113957 8619
20151019 113958 8618
20151019 113958 8619
20151019 113959 8618
20151019 113959 8618
20151019 113959 8618
20151019 113959 8618
20151019 113959 8618
20151019 114109 8619
20151019 114109 8619
20151019 114153 8622
20151019 114153 8622
20151019 114154 8622
20151019 114205 8620
20151019 114205 8623
20151019 114205 8623
20151019 114205 8623
20151019 114205 8623
20151019 114205 8623
20151019 114205 8623
20151019 114208 8622
20151019 114208 8622
20151019 114215 8622
20151019 114218 8621
20151019 114224 8621
20151019 114236 8622
20151019 114239 8622
20151019 114249 8621
20151019 114249 8621
20151019 114252 8620
20151019 114343 8620
20151019 114437 8621
20151019 114437 8621
20151019 114559 8615
20151019 114559 8616
20151019 114559 8617
20151019 114559 8617
20151019 114614 8613
20151019 114614 8613
20151019 114645 8617
20151019 114740 8617
20151019 114915 8618
20151019 114916 8618
20151019 114918 8618
20151019 115002 8614
20151019 115002 8614
20151019 115002 8614
20151019 115002 8614
20151019 115002 8614
20151019 115002 8614
20151019 115002 8615
20151019 115029 8618
20151019 115029 8618
20151019 115029 8618
20151019 115029 8618
20151019 115029 8618
20151019 115029 8618
20151019 115029 8618
20151019 115029 8618
20151019 115330 8588
20151019 115534 8617
20151019 115711 8586
20151019 115822 8614
20151019 115823 8614
20151019 120109 8618
20151019 120225 8607
20151019 120225 8617
20151019 120511 8614
20151019 120512 8614
20151019 120612 8615
20151019 120612 8615
20151019 120612 8615
20151019 120612 8615
20151019 120612 8615
20151019 120612 8615
20151019 120612 8615
20151019 120612 8615
20151019 120640 8617
20151019 120749 8618
20151019 120749 8619
20151019 120749 8619
20151019 120749 8619
20151019 120749 8619
20151019 120749 8619
20151019 120749 8619
20151019 120749 8619
20151019 120749 8619
20151019 120749 8619
20151019 120749 8619
20151019 120749 8619
20151019 120750 8619
20151019 120750 8620
20151019 120750 8620
20151019 120750 8620
20151019 120750 8620
20151019 120750 8620
20151019 120750 8621
20151019 120750 8621
20151019 120820 8622
20151019 120829 8623
20151019 120902 8623
20151019 121315 8622
20151019 121315 8622
20151019 121345 8621
20151019 121644 8619
20151019 121644 8619
20151019 121644 8619
20151019 121644 8619
20151019 121644 8619
20151019 121644 8619
20151019 121644 8619
20151019 121931 8617
20151019 121955 8618
20151019 122154 8617
20151019 122154 8617
20151019 122154 8617
20151019 122226 8617
20151019 122226 8617
20151019 122226 8617
20151019 122226 8617
20151019 122226 8617
20151019 122226 8617
20151019 122229 8617
20151019 122246 8617
20151019 122254 8617
20151019 122306 8617
20151019 122317 8617
20151019 122343 8618
20151019 122531 8616
20151019 122531 8616
20151019 122531 8616
20151019 122531 8616
20151019 122531 8616
20151019 122538 8612
20151019 122538 8613
20151019 122538 8613
20151019 122538 8613
20151019 122538 8613
20151019 122538 8613
20151019 122538 8613
20151019 122538 8613
20151019 122538 8614
20151019 122538 8614
20151019 122538 8614
20151019 122538 8614
20151019 122538 8614
20151019 122538 8614
20151019 122539 8611
20151019 122540 8611
20151019 122540 8611
20151019 122540 8612
20151019 122540 8612
20151019 122542 8612
20151019 122542 8612
20151019 122638 8616
20151019 122716 8616
20151019 122716 8617
20151019 122717 8617
20151019 122717 8617
20151019 122724 8618
20151019 122849 8617
20151019 122850 8619
20151019 122850 8619
20151019 122851 8620
20151019 122854 8620
20151019 122857 8620
20151019 122857 8620
20151019 122922 8618
20151019 122938 8618
20151019 122940 8618
20151019 122943 8618
20151019 123116 8615
20151019 123154 8617
20151019 123349 8616
20151019 123536 8619
20151019 123544 8619
20151019 123627 8619
20151019 123627 8619
20151019 123637 8619
20151019 123638 8617
20151019 123638 8617
20151019 123638 8617
20151019 123638 8617
20151019 123638 8617
20151019 123638 8617
20151019 123638 8617
20151019 123638 8617
20151019 123638 8617
20151019 123638 8617
20151019 123638 8617
20151019 123639 8616
20151019 123639 8616
20151019 123639 8616
20151019 123639 8616
20151019 123639 8616
20151019 123639 8616
20151019 123639 8616
20151019 123639 8616
20151019 123639 8616
20151019 123639 8616
20151019 123639 8616
20151019 123639 8616
20151019 123639 8616
20151019 123639 8616
20151019 123639 8616
20151019 123639 8616
20151019 123639 8616
20151019 123639 8616
20151019 123639 8616
20151019 123639 8616
20151019 123639 8616
20151019 123639 8616
20151019 123639 8617
20151019 123639 8617
20151019 123639 8617
20151019 123641 8617
20151019 123641 8617
20151019 123644 8617
20151019 123646 8617
20151019 124205 8613
20151019 124208 8612
20151019 124253 8612
20151019 124401 8613
20151019 124410 8616
20151019 124423 8616
20151019 124423 8616
20151019 124453 8612
20151019 124544 8616
20151019 124627 8616
20151019 124641 8614
20151019 124659 8614
20151019 124710 8617
20151019 124711 8618
20151019 124711 8618
20151019 124711 8618
20151019 124715 8618
20151019 124716 8618
20151019 124717 8618
20151019 124717 8618
20151019 124725 8618
20151019 124751 8619
20151019 124752 8615
20151019 124758 8619
20151019 124758 8619
20151019 124916 8619
20151019 124916 8619
20151019 124916 8619
20151019 124916 8619
20151019 124916 8619
20151019 125122 8620
20151019 125122 8620
20151019 125122 8620
20151019 125202 8619
20151019 125203 8619
20151019 125209 8619
20151019 125446 8620
20151019 125449 8620
20151019 125654 8619
20151019 125739 8619
20151019 125739 8619
20151019 125739 8619
20151019 125739 8619
20151019 125739 8619
20151019 125739 8619
20151019 125739 8619
20151019 125739 8619
20151019 125739 8619
20151019 125739 8619
20151019 125739 8619
20151019 125739 8619
20151019 125739 8619
20151019 125739 8619
20151019 125739 8620
20151019 125739 8620
20151019 125739 8620
20151019 125739 8620
20151019 125739 8620
20151019 125739 8620
20151019 125739 8620
20151019 125740 8619
20151019 125740 8619
20151019 125740 8619
20151019 125740 8619
20151019 125740 8619
20151019 125740 8619
20151019 125740 8619
20151019 125740 8619
20151019 125740 8619
20151019 125740 8619
20151019 125740 8619
20151019 125740 8619
20151019 125740 8619
20151019 125746 8620
20151019 125747 8620
20151019 125748 8620
20151019 125751 8620
20151019 125756 8620
20151019 125759 8620
20151019 125845 8619
20151019 125857 8616
20151019 125935 8616
20151019 130009 8620
20151019 130059 8619
20151019 130059 8619
20151019 130314 8622
20151019 130314 8622
20151019 130314 8622
20151019 130314 8622
20151019 130314 8623
20151019 130314 8623
20151019 130314 8623
20151019 130314 8623
20151019 130314 8623
20151019 130314 8623
20151019 130314 8623
20151019 130314 8623
20151019 130314 8623
20151019 130314 8623
20151019 130314 8623
20151019 130314 8623
20151019 130314 8623
20151019 130314 8623
20151019 130314 8623
20151019 130314 8624
20151019 130314 8624
20151019 130314 8624
20151019 130314 8624
20151019 130314 8624
20151019 130314 8624
20151019 130314 8624
20151019 130318 8623
20151019 130333 8623
20151019 130357 8625
20151019 130358 8625
20151019 130400 8625
20151019 130402 8624
20151019 130406 8625
20151019 130406 8625
20151019 130410 8626
20151019 130415 8623
20151019 130419 8623
20151019 130528 8624
20151019 130534 8624
20151019 130535 8622
20151019 130535 8622
20151019 130535 8622
20151019 130535 8622
20151019 130535 8622
20151019 130535 8622
20151019 130535 8622
20151019 130535 8622
20151019 130535 8622
20151019 130535 8622
20151019 130535 8622
20151019 130535 8622
20151019 130535 8622
20151019 130535 8622
20151019 130535 8622
20151019 130535 8622
20151019 130535 8622
20151019 130535 8622
20151019 130535 8622
20151019 130535 8622
20151019 130535 8622
20151019 130536 8621
20151019 130536 8621
20151019 130536 8621
20151019 130536 8621
20151019 130536 8621
20151019 130536 8621
20151019 130536 8621
20151019 130536 8621
20151019 130536 8621
20151019 130536 8621
20151019 130536 8621
20151019 130536 8621
20151019 130536 8621
20151019 130536 8621
20151019 130536 8621
20151019 130536 8621
20151019 130536 8621
20151019 130536 8621
20151019 130536 8621
20151019 130536 8621
20151019 130536 8621
20151019 130536 8621
20151019 130536 8621
20151019 130536 8621
20151019 130536 8622
20151019 130558 8622
20151019 130558 8622
20151019 130830 8622
20151019 130830 8622
20151019 130845 8620
20151019 130845 8620
20151019 130845 8620
20151019 130845 8620
20151019 130845 8621
20151019 130845 8621
20151019 130845 8621
20151019 130845 8621
20151019 130845 8621
20151019 130845 8621
20151019 130845 8621
20151019 130845 8621
20151019 130845 8621
20151019 130845 8621
20151019 130845 8621
20151019 130845 8621
20151019 130845 8621
20151019 130845 8621
20151019 130845 8621
20151019 130845 8621
20151019 130845 8621
20151019 130845 8621
20151019 130845 8621
20151019 130845 8621
20151019 130845 8621
20151019 130845 8621
20151019 130845 8621
20151019 130845 8621
20151019 130845 8621
20151019 130845 8621
20151019 130845 8622
20151019 130846 8620
20151019 130846 8620
20151019 130846 8620
20151019 130846 8620
20151019 130846 8621
20151019 130846 8621
20151019 130846 8621
20151019 130846 8621
20151019 130846 8621
20151019 130846 8621
20151019 130846 8621
20151019 130846 8621
20151019 130846 8621
20151019 130847 8621
20151019 130932 8623
20151019 131004 8623
20151019 131100 8621
20151019 131347 8619
20151019 131347 8619
20151019 131418 8621
20151019 131508 8622
20151019 131557 8619
20151019 131703 8619
20151019 131901 8620
20151019 131912 8617
20151019 132552 8619
20151019 132611 8620
20151019 132611 8620
20151019 132611 8620
20151019 132611 8620
20151019 132612 8620
20151019 132612 8620
20151019 132612 8620
20151019 132612 8620
20151019 132612 8620
20151019 132612 8620
20151019 132612 8620
20151019 132612 8620
20151019 132612 8620
20151019 132612 8620
20151019 132612 8620
20151019 132613 8619
20151019 132617 8619
20151019 132617 8619
20151019 132622 8620
20151019 132723 8620
20151019 132732 8620
20151019 132741 8620
20151019 132741 8620
20151019 132741 8620
20151019 132741 8620
20151019 132741 8620
20151019 132801 8620
20151019 132937 8620
20151019 132937 8620
20151019 132937 8620
20151019 133004 8618
20151019 133010 8619
20151019 133022 8619
20151019 133024 8620
20151019 133025 8620
20151019 133025 8620
20151019 133025 8620
20151019 133030 8620
20151019 133031 8620
20151019 133031 8620
20151019 133031 8620
20151019 133035 8621
20151019 133035 8621
20151019 133036 8621
20151019 133036 8621
20151019 133036 8621
20151019 133039 8621
20151019 133039 8621
20151019 133039 8621
20151019 133039 8621
20151019 133039 8621
20151019 133041 8621
20151019 133041 8621
20151019 133041 8621
20151019 133042 8621
20151019 133046 8620
20151019 133048 8620
20151019 133050 8621
20151019 133054 8619
20151019 133054 8620
20151019 133056 8621
20151019 133059 8620
20151019 133105 8621
20151019 133110 8622
20151019 133131 8622
20151019 133135 8622
20151019 133137 8622
20151019 133137 8622
20151019 133137 8622
20151019 133137 8622
20151019 133137 8622
20151019 133137 8622
20151019 133137 8622
20151019 133137 8622
20151019 133137 8622
20151019 133137 8622
20151019 133137 8622
20151019 133137 8622
20151019 133137 8622
20151019 133137 8622
20151019 133137 8622
20151019 133137 8622
20151019 133137 8622
20151019 133137 8622
20151019 133137 8622
20151019 133137 8622
20151019 133137 8622
20151019 133137 8622
20151019 133144 8623
20151019 133146 8623
20151019 133201 8623
20151019 133241 8621
20151019 133241 8621
20151019 133242 8621
20151019 133322 8621
20151019 133412 8622
20151019 133412 8622
20151019 133412 8622
20151019 133412 8622
20151019 133412 8622
20151019 133412 8622
20151019 133412 8622
20151019 133412 8622
20151019 133412 8622
20151019 133412 8622
20151019 133412 8622
20151019 133412 8622
20151019 133412 8622
20151019 133412 8622
20151019 133412 8622
20151019 133412 8622
20151019 133455 8622
20151019 133500 8623
20151019 133514 8624
20151019 133518 8623
20151019 133520 8623
20151019 133521 8623
20151019 133527 8623
20151019 133527 8623
20151019 133530 8624
20151019 133532 8624
20151019 133539 8623
20151019 133552 8624
20151019 133553 8624
20151019 133553 8624
20151019 133558 8622
20151019 133625 8622
20151019 133635 8623
20151019 133657 8622
20151019 133709 8623
20151019 133710 8622
20151019 133711 8621
20151019 133711 8623
20151019 133718 8623
20151019 133720 8623
20151019 133721 8622
20151019 133721 8622
20151019 133721 8622
20151019 133721 8622
20151019 133721 8623
20151019 133723 8623
20151019 133746 8622
20151019 133749 8622
20151019 133749 8622
20151019 133749 8622
20151019 133751 8622
20151019 133805 8622
20151019 133818 8622
20151019 133843 8622
20151019 133845 8622
20151019 133856 8621
20151019 133859 8622
20151019 133908 8623
20151019 133908 8623
20151019 133908 8623
20151019 133908 8623
20151019 133912 8623
20151019 133912 8623
20151019 133915 8623
20151019 133915 8623
20151019 133921 8623
20151019 133930 8623
20151019 133955 8623
20151019 133955 8623
20151019 133955 8623
20151019 134031 8625
20151019 134031 8625
20151019 134031 8625
20151019 134032 8626
20151019 134035 8625
20151019 134036 8623
20151019 134036 8623
20151019 134036 8623
20151019 134036 8623
20151019 134036 8623
20151019 134039 8625
20151019 134050 8622
20151019 134156 8623
20151019 134156 8623
20151019 134418 8622
20151019 134427 8623
20151019 134431 8622
20151019 134439 8622
20151019 134439 8623
20151019 134442 8622
20151019 134447 8622
20151019 134456 8621
20151019 134458 8621
