20151201 084500 8323
20151201 084500 8323
20151201 084500 8326
20151201 084500 8336
20151201 084500 8349
20151201 084500 8349
20151201 084500 8354
20151201 084500 8354
20151201 084500 8354
20151201 084500 8354
20151201 084500 8354
20151201 084500 8355
20151201 084500 8360
20151201 084500 8360
20151201 084500 8362
20151201 084500 8362
20151201 084500 8362
20151201 084500 8364
20151201 084500 8364
20151201 084501 8365
20151201 084501 8365
20151201 084501 8367
20151201 084501 8368
20151201 084501 8368
20151201 084501 8369
20151201 084501 8370
20151201 084501 8371
20151201 084501 8371
20151201 084501 8371
20151201 084501 8371
20151201 084501 8372
20151201 084501 8372
20151201 084501 8374
20151201 084501 8374
20151201 084501 8374
20151201 084501 8374
20151201 084501 8375
20151201 084502 8370
20151201 084502 8371
20151201 084502 8382
20151201 084503 8370
20151201 084504 8371
20151201 084504 8372
20151201 084504 8372
20151201 084505 8375
20151201 084506 8373
20151201 084507 8371
20151201 084508 8368
20151201 084508 8368
20151201 084510 8367
20151201 084510 8376
20151201 084510 8376
20151201 084511 8377
20151201 084512 8379
20151201 084512 8379
20151201 084512 8380
20151201 084514 8371
20151201 084514 8380
20151201 084515 8371
20151201 084515 8379
20151201 084515 8379
20151201 084518 8367
20151201 084525 8363
20151201 084528 8362
20151201 084528 8363
20151201 084529 8361
20151201 084532 8365
20151201 084533 8357
20151201 084533 8358
20151201 084536 8365
20151201 084537 8357
20151201 084545 8361
20151201 084546 8354
20151201 084546 8355
20151201 084546 8356
20151201 084548 8354
20151201 084550 8354
20151201 084550 8354
20151201 084550 8354
20151201 084550 8354
20151201 084551 8354
20151201 084551 8354
20151201 084552 8354
20151201 084554 8354
20151201 084557 8354
20151201 084558 8353
20151201 084600 8354
20151201 084600 8354
20151201 084600 8355
20151201 084604 8356
20151201 084605 8355
20151201 084607 8356
20151201 084609 8355
20151201 084609 8356
20151201 084610 8355
20151201 084610 8356
20151201 084611 8357
20151201 084611 8358
20151201 084612 8359
20151201 084612 8372
20151201 084613 8359
20151201 084617 8357
20151201 084619 8358
20151201 084619 8359
20151201 084620 8358
20151201 084620 8358
20151201 084621 8359
20151201 084622 8359
20151201 084629 8365
20151201 084631 8358
20151201 084631 8358
20151201 084631 8359
20151201 084631 8359
20151201 084633 8359
20151201 084633 8359
20151201 084634 8361
20151201 084634 8361
20151201 084637 8358
20151201 084637 8358
20151201 084637 8358
20151201 084637 8358
20151201 084644 8360
20151201 084645 8361
20151201 084646 8359
20151201 084646 8359
20151201 084647 8361
20151201 084647 8361
20151201 084647 8362
20151201 084647 8362
20151201 084648 8360
20151201 084648 8360
20151201 084653 8360
20151201 084655 8359
20151201 084656 8360
20151201 084659 8361
20151201 084700 8361
20151201 084700 8361
20151201 084701 8361
20151201 084701 8361
20151201 084703 8364
20151201 084703 8364
20151201 084703 8364
20151201 084703 8364
20151201 084703 8364
20151201 084703 8365
20151201 084703 8365
20151201 084703 8365
20151201 084703 8366
20151201 084703 8366
20151201 084703 8367
20151201 084703 8367
20151201 084703 8368
20151201 084703 8368
20151201 084703 8369
20151201 084703 8372
20151201 084704 8369
20151201 084704 8375
20151201 084706 8365
20151201 084706 8365
20151201 084715 8370
20151201 084716 8370
20151201 084716 8370
20151201 084716 8370
20151201 084716 8370
20151201 084716 8371
20151201 084720 8370
20151201 084721 8371
20151201 084721 8372
20151201 084721 8372
20151201 084725 8382
20151201 084726 8370
20151201 084741 8369
20151201 084742 8368
20151201 084742 8369
20151201 084751 8368
20151201 084759 8366
20151201 084759 8366
20151201 084802 8367
20151201 084803 8367
20151201 084814 8378
20151201 084818 8369
20151201 084818 8369
20151201 084820 8368
20151201 084821 8369
20151201 084822 8369
20151201 084827 8369
20151201 084827 8369
20151201 084838 8368
20151201 084840 8366
20151201 084843 8367
20151201 084847 8366
20151201 084847 8366
20151201 084907 8367
20151201 084907 8368
20151201 084915 8368
20151201 084917 8369
20151201 084920 8369
20151201 084921 8368
20151201 084923 8368
20151201 084924 8369
20151201 084931 8368
20151201 084931 8368
20151201 084938 8368
20151201 084938 8368
20151201 084938 8368
20151201 084939 8368
20151201 084939 8368
20151201 084939 8368
20151201 084941 8367
20151201 084941 8368
20151201 084942 8367
20151201 084942 8368
20151201 084942 8368
20151201 084942 8368
20151201 084942 8368
20151201 084945 8368
20151201 085001 8368
20151201 085001 8368
20151201 085002 8368
20151201 085003 8368
20151201 085004 8369
20151201 085004 8369
20151201 085004 8369
20151201 085015 8369
20151201 085017 8369
20151201 085019 8369
20151201 085020 8369
20151201 085021 8370
20151201 085022 8370
20151201 085022 8370
20151201 085022 8370
20151201 085022 8370
20151201 085022 8371
20151201 085022 8371
20151201 085023 8371
20151201 085023 8371
20151201 085028 8370
20151201 085029 8372
20151201 085030 8372
20151201 085036 8367
20151201 085036 8368
20151201 085046 8370
20151201 085047 8370
20151201 085100 8371
20151201 085118 8370
20151201 085121 8369
20151201 085157 8369
20151201 085201 8371
20151201 085329 8371
20151201 085346 8363
20151201 085346 8363
20151201 085346 8363
20151201 085346 8375
20151201 085347 8375
20151201 085358 8365
20151201 085402 8365
20151201 085420 8364
20151201 085429 8366
20151201 085431 8366
20151201 085442 8365
20151201 085444 8365
20151201 085447 8366
20151201 085507 8368
20151201 085508 8367
20151201 085510 8367
20151201 085517 8367
20151201 085521 8369
20151201 085532 8377
20151201 085533 8371
20151201 085534 8370
20151201 085541 8370
20151201 085542 8371
20151201 085544 8372
20151201 085544 8378
20151201 085545 8373
20151201 085545 8374
20151201 085545 8374
20151201 085545 8374
20151201 085545 8374
20151201 085545 8374
20151201 085545 8374
20151201 085545 8374
20151201 085545 8374
20151201 085545 8374
20151201 085545 8374
20151201 085545 8374
20151201 085545 8374
20151201 085545 8374
20151201 085545 8374
20151201 085545 8374
20151201 085545 8375
20151201 085545 8380
20151201 085546 8373
20151201 085550 8380
20151201 085551 8375
20151201 085552 8375
20151201 085552 8375
20151201 085556 8375
20151201 085556 8375
20151201 085621 8371
20151201 085632 8370
20151201 085652 8371
20151201 085702 8373
20151201 085703 8374
20151201 085710 8374
20151201 085711 8376
20151201 085711 8376
20151201 085712 8381
20151201 085728 8378
20151201 085730 8379
20151201 085730 8379
20151201 085731 8381
20151201 085731 8381
20151201 085731 8382
20151201 085731 8382
20151201 085734 8378
20151201 085743 8382
20151201 085744 8383
20151201 085744 8383
20151201 085747 8383
20151201 085750 8379
20151201 085750 8380
20151201 085752 8379
20151201 085753 8379
20151201 085808 8379
20151201 085810 8379
20151201 085813 8375
20151201 085813 8375
20151201 085814 8373
20151201 085818 8375
20151201 085822 8376
20151201 085822 8376
20151201 085829 8375
20151201 085830 8373
20151201 085833 8374
20151201 085836 8371
20151201 085836 8371
20151201 085836 8380
20151201 085906 8371
20151201 085917 8373
20151201 085919 8372
20151201 085937 8373
20151201 090000 8374
20151201 090000 8374
20151201 090000 8374
20151201 090000 8374
20151201 090002 8376
20151201 090002 8380
20151201 090005 8373
20151201 090005 8374
20151201 090028 8369
20151201 090029 8369
20151201 090034 8368
20151201 090040 8370
20151201 090101 8370
20151201 090104 8369
20151201 090105 8369
20151201 090123 8366
20151201 090123 8366
20151201 090126 8364
20151201 090126 8364
20151201 090135 8363
20151201 090140 8364
20151201 090148 8362
20151201 090148 8362
20151201 090149 8362
20151201 090149 8370
20151201 090150 8361
20151201 090151 8362
20151201 090153 8361
20151201 090200 8365
20151201 090206 8365
20151201 090207 8365
20151201 090207 8370
20151201 090210 8368
20151201 090211 8368
20151201 090214 8367
20151201 090214 8368
20151201 090223 8365
20151201 090233 8365
20151201 090243 8366
20151201 090252 8366
20151201 090259 8367
20151201 090306 8362
20151201 090306 8362
20151201 090307 8362
20151201 090307 8362
20151201 090314 8363
20151201 090317 8356
20151201 090317 8357
20151201 090317 8360
20151201 090317 8361
20151201 090317 8361
20151201 090317 8361
20151201 090318 8354
20151201 090318 8355
20151201 090318 8355
20151201 090319 8352
20151201 090319 8360
20151201 090321 8360
20151201 090329 8353
20151201 090332 8351
20151201 090332 8351
20151201 090332 8351
20151201 090332 8351
20151201 090333 8346
20151201 090333 8346
20151201 090333 8347
20151201 090333 8349
20151201 090333 8349
20151201 090333 8350
20151201 090335 8343
20151201 090335 8343
20151201 090335 8343
20151201 090335 8343
20151201 090335 8344
20151201 090335 8344
20151201 090335 8344
20151201 090335 8344
20151201 090339 8346
20151201 090347 8346
20151201 090348 8345
20151201 090356 8347
20151201 090409 8348
20151201 090409 8349
20151201 090410 8349
20151201 090420 8349
20151201 090422 8348
20151201 090426 8348
20151201 090426 8348
20151201 090427 8348
20151201 090427 8349
20151201 090427 8349
20151201 090429 8349
20151201 090430 8349
20151201 090430 8349
20151201 090437 8351
20151201 090437 8352
20151201 090437 8354
20151201 090437 8357
20151201 090450 8351
20151201 090456 8354
20151201 090510 8346
20151201 090512 8344
20151201 090512 8344
20151201 090512 8344
20151201 090512 8345
20151201 090512 8352
20151201 090513 8341
20151201 090513 8341
20151201 090513 8341
20151201 090513 8341
20151201 090513 8342
20151201 090513 8342
20151201 090513 8343
20151201 090513 8350
20151201 090514 8340
20151201 090515 8339
20151201 090515 8339
20151201 090515 8341
20151201 090523 8339
20151201 090523 8340
20151201 090529 8337
20151201 090530 8341
20151201 090530 8341
20151201 090532 8335
20151201 090541 8338
20151201 090544 8340
20151201 090544 8340
20151201 090545 8342
20151201 090545 8343
20151201 090551 8344
20151201 090609 8339
20151201 090612 8339
20151201 090615 8341
20151201 090619 8338
20151201 090626 8340
20151201 090626 8341
20151201 090626 8341
20151201 090626 8341
20151201 090626 8341
20151201 090626 8342
20151201 090626 8342
20151201 090626 8342
20151201 090626 8342
20151201 090626 8342
20151201 090626 8343
20151201 090626 8343
20151201 090647 8341
20151201 090657 8344
20151201 090658 8344
20151201 090658 8344
20151201 090659 8344
20151201 090711 8341
20151201 090723 8338
20151201 090741 8338
20151201 090802 8335
20151201 090802 8335
20151201 090806 8335
20151201 090806 8335
20151201 090806 8335
20151201 090807 8334
20151201 090808 8334
20151201 090808 8334
20151201 090808 8334
20151201 090808 8334
20151201 090809 8335
20151201 090815 8335
20151201 090819 8333
20151201 090819 8336
20151201 090832 8338
20151201 090835 8341
20151201 090835 8341
20151201 090854 8338
20151201 090904 8339
20151201 090908 8342
20151201 090909 8343
20151201 090912 8344
20151201 090913 8344
20151201 090915 8344
20151201 090916 8344
20151201 090918 8345
20151201 090944 8346
20151201 091000 8343
20151201 091000 8343
20151201 091010 8342
20151201 091027 8339
20151201 091028 8339
20151201 091042 8337
20151201 091119 8338
20151201 091132 8339
20151201 091137 8340
20151201 091137 8341
20151201 091137 8341
20151201 091138 8339
20151201 091150 8340
20151201 091150 8340
20151201 091157 8340
20151201 091201 8340
20151201 091202 8339
20151201 091202 8339
20151201 091202 8339
20151201 091209 8338
20151201 091219 8341
20151201 091230 8341
20151201 091238 8334
20151201 091238 8335
20151201 091238 8335
20151201 091238 8335
20151201 091238 8336
20151201 091238 8343
20151201 091238 8343
20151201 091238 8344
20151201 091240 8336
20151201 091243 8333
20151201 091243 8333
20151201 091244 8332
20151201 091244 8333
20151201 091244 8333
20151201 091244 8333
20151201 091244 8333
20151201 091244 8333
20151201 091245 8331
20151201 091245 8331
20151201 091245 8331
20151201 091245 8331
20151201 091245 8331
20151201 091245 8331
20151201 091245 8331
20151201 091245 8331
20151201 091245 8331
20151201 091245 8331
20151201 091245 8332
20151201 091245 8340
20151201 091248 8340
20151201 091305 8334
20151201 091308 8336
20151201 091309 8336
20151201 091313 8331
20151201 091314 8331
20151201 091315 8329
20151201 091315 8329
20151201 091315 8329
20151201 091322 8333
20151201 091323 8334
20151201 091331 8331
20151201 091331 8331
20151201 091405 8330
20151201 091408 8332
20151201 091410 8333
20151201 091410 8333
20151201 091410 8334
20151201 091410 8334
20151201 091410 8334
20151201 091410 8334
20151201 091410 8334
20151201 091410 8334
20151201 091411 8334
20151201 091411 8334
20151201 091420 8333
20151201 091420 8334
20151201 091420 8334
20151201 091420 8334
20151201 091420 8334
20151201 091421 8333
20151201 091421 8334
20151201 091421 8334
20151201 091422 8334
20151201 091424 8333
20151201 091425 8333
20151201 091425 8334
20151201 091447 8332
20151201 091455 8330
20151201 091509 8329
20151201 091510 8328
20151201 091510 8328
20151201 091510 8328
20151201 091510 8328
20151201 091511 8327
20151201 091511 8327
20151201 091511 8328
20151201 091513 8326
20151201 091514 8324
20151201 091514 8324
20151201 091514 8326
20151201 091514 8326
20151201 091514 8326
20151201 091515 8322
20151201 091516 8325
20151201 091528 8330
20151201 091528 8330
20151201 091535 8327
20151201 091550 8329
20151201 091552 8329
20151201 091552 8330
20151201 091555 8330
20151201 091556 8330
20151201 091558 8331
20151201 091632 8330
20151201 091646 8329
20151201 091653 8332
20151201 091659 8333
20151201 091701 8333
20151201 091701 8333
20151201 091704 8334
20151201 091707 8332
20151201 091707 8332
20151201 091712 8333
20151201 091712 8335
20151201 091712 8335
20151201 091713 8336
20151201 091725 8339
20151201 091726 8339
20151201 091737 8334
20151201 091742 8338
20151201 091742 8338
20151201 091744 8337
20151201 091752 8340
20151201 091752 8341
20151201 091753 8343
20151201 091754 8343
20151201 091754 8344
20151201 091754 8344
20151201 091755 8344
20151201 091755 8344
20151201 091755 8344
20151201 091755 8344
20151201 091755 8344
20151201 091755 8344
20151201 091755 8344
20151201 091755 8344
20151201 091756 8345
20151201 091757 8346
20151201 091757 8346
20151201 091804 8342
20151201 091807 8340
20151201 091821 8340
20151201 091905 8342
20151201 091926 8335
20151201 091926 8337
20151201 091948 8333
20151201 091948 8333
20151201 091959 8336
20151201 092031 8341
20151201 092032 8342
20151201 092040 8344
20151201 092041 8344
20151201 092041 8345
20151201 092041 8351
20151201 092042 8344
20151201 092045 8344
20151201 092102 8340
20151201 092109 8343
20151201 092113 8344
20151201 092113 8344
20151201 092125 8346
20151201 092130 8342
20151201 092144 8344
20151201 092154 8336
20151201 092154 8336
20151201 092303 8342
20151201 092303 8342
20151201 092304 8343
20151201 092305 8344
20151201 092305 8344
20151201 092429 8339
20151201 092529 8340
20151201 092544 8339
20151201 092545 8340
20151201 092627 8337
20151201 092627 8337
20151201 092646 8334
20151201 092647 8332
20151201 092647 8332
20151201 092647 8332
20151201 092647 8332
20151201 092647 8333
20151201 092647 8333
20151201 092648 8331
20151201 092648 8331
20151201 092648 8331
20151201 092648 8331
20151201 092648 8331
20151201 092648 8331
20151201 092648 8331
20151201 092648 8341
20151201 092703 8334
20151201 092706 8336
20151201 092713 8333
20151201 092714 8333
20151201 092745 8332
20151201 092749 8328
20151201 092754 8329
20151201 092754 8330
20151201 092755 8331
20151201 092759 8332
20151201 092800 8334
20151201 092815 8334
20151201 092829 8338
20151201 092829 8338
20151201 092829 8338
20151201 092846 8339
20151201 092857 8338
20151201 092912 8339
20151201 092912 8339
20151201 092926 8337
20151201 092933 8335
20151201 093015 8329
20151201 093015 8329
20151201 093015 8330
20151201 093015 8331
20151201 093020 8326
20151201 093020 8326
20151201 093020 8326
20151201 093020 8326
20151201 093020 8327
20151201 093021 8320
20151201 093021 8321
20151201 093021 8321
20151201 093021 8321
20151201 093021 8321
20151201 093021 8321
20151201 093021 8321
20151201 093021 8321
20151201 093021 8321
20151201 093021 8321
20151201 093021 8321
20151201 093021 8321
20151201 093021 8321
20151201 093021 8321
20151201 093021 8322
20151201 093021 8322
20151201 093021 8322
20151201 093021 8322
20151201 093021 8322
20151201 093021 8323
20151201 093021 8323
20151201 093021 8324
20151201 093021 8324
20151201 093021 8325
20151201 093021 8325
20151201 093021 8332
20151201 093022 8318
20151201 093022 8318
20151201 093023 8322
20151201 093023 8322
20151201 093039 8332
20151201 093046 8332
20151201 093107 8332
20151201 093123 8321
20151201 093123 8322
20151201 093139 8319
20151201 093140 8319
20151201 093140 8320
20151201 093141 8318
20151201 093146 8320
20151201 093146 8320
20151201 093148 8321
20151201 093157 8321
20151201 093213 8323
20151201 093216 8323
20151201 093219 8327
20151201 093224 8325
20151201 093224 8325
20151201 093235 8322
20151201 093240 8322
20151201 093240 8322
20151201 093244 8319
20151201 093256 8317
20151201 093340 8324
20151201 093355 8325
20151201 093408 8326
20151201 093408 8327
20151201 093408 8327
20151201 093408 8327
20151201 093409 8328
20151201 093412 8326
20151201 093434 8327
20151201 093505 8330
20151201 093505 8330
20151201 093505 8330
20151201 093505 8331
20151201 093505 8332
20151201 093505 8332
20151201 093505 8332
20151201 093505 8333
20151201 093511 8333
20151201 093511 8333
20151201 093512 8334
20151201 093512 8334
20151201 093513 8335
20151201 093513 8340
20151201 093515 8337
20151201 093515 8337
20151201 093517 8338
20151201 093517 8339
20151201 093523 8334
20151201 093530 8335
20151201 093531 8336
20151201 093533 8336
20151201 093544 8338
20151201 093544 8338
20151201 093557 8337
20151201 093614 8337
20151201 093615 8337
20151201 093618 8337
20151201 093621 8337
20151201 093639 8341
20151201 093730 8333
20151201 093730 8333
20151201 093746 8333
20151201 093755 8333
20151201 093816 8336
20151201 093850 8329
20151201 093850 8329
20151201 093854 8329
20151201 093907 8330
20151201 093916 8329
20151201 093925 8328
20151201 093927 8328
20151201 093942 8324
20151201 093943 8324
20151201 093943 8324
20151201 093944 8323
20151201 093944 8332
20151201 093953 8321
20151201 093955 8321
20151201 094010 8326
20151201 094017 8325
20151201 094036 8337
20151201 094041 8328
20151201 094048 8327
20151201 094048 8328
20151201 094051 8328
20151201 094051 8328
20151201 094103 8327
20151201 094123 8324
20151201 094131 8325
20151201 094141 8332
20151201 094153 8329
20151201 094214 8332
20151201 094309 8329
20151201 094345 8328
20151201 094350 8326
20151201 094415 8334
20151201 094418 8334
20151201 094424 8335
20151201 094427 8336
20151201 094428 8336
20151201 094437 8337
20151201 094443 8340
20151201 094446 8339
20151201 094502 8341
20151201 094503 8340
20151201 094514 8344
20151201 094514 8344
20151201 094515 8344
20151201 094515 8344
20151201 094515 8344
20151201 094520 8340
20151201 094521 8339
20151201 094552 8342
20151201 094558 8343
20151201 094558 8344
20151201 094558 8344
20151201 094558 8344
20151201 094558 8344
20151201 094558 8344
20151201 094558 8345
20151201 094558 8345
20151201 094558 8345
20151201 094559 8346
20151201 094559 8346
20151201 094559 8346
20151201 094559 8347
20151201 094559 8347
20151201 094559 8349
20151201 094559 8349
20151201 094559 8349
20151201 094559 8354
20151201 094600 8351
20151201 094600 8352
20151201 094600 8352
20151201 094600 8352
20151201 094600 8352
20151201 094600 8353
20151201 094600 8353
20151201 094600 8353
20151201 094600 8353
20151201 094600 8353
20151201 094600 8354
20151201 094600 8354
20151201 094600 8354
20151201 094600 8354
20151201 094600 8354
20151201 094600 8354
20151201 094600 8354
20151201 094600 8354
20151201 094600 8354
20151201 094600 8354
20151201 094600 8354
20151201 094600 8354
20151201 094600 8354
20151201 094600 8354
20151201 094600 8361
20151201 094601 8350
20151201 094606 8358
20151201 094606 8358
20151201 094607 8358
20151201 094607 8358
20151201 094611 8349
20151201 094612 8352
20151201 094612 8352
20151201 094619 8352
20151201 094619 8353
20151201 094620 8354
20151201 094620 8360
20151201 094622 8356
20151201 094622 8356
20151201 094622 8356
20151201 094622 8362
20151201 094622 8362
20151201 094625 8359
20151201 094625 8359
20151201 094625 8359
20151201 094625 8365
20151201 094626 8361
20151201 094626 8364
20151201 094626 8364
20151201 094626 8364
20151201 094626 8364
20151201 094626 8364
20151201 094626 8364
20151201 094631 8359
20151201 094631 8363
20151201 094631 8364
20151201 094631 8364
20151201 094636 8357
20151201 094642 8358
20151201 094642 8358
20151201 094643 8358
20151201 094644 8353
20151201 094656 8356
20151201 094657 8356
20151201 094701 8356
20151201 094701 8356
20151201 094722 8353
20151201 094744 8351
20151201 094840 8361
20151201 094904 8356
20151201 094907 8357
20151201 094908 8357
20151201 094909 8357
20151201 094913 8363
20151201 094913 8363
20151201 094913 8363
20151201 094919 8351
20151201 094919 8351
20151201 094940 8352
20151201 094951 8353
20151201 095008 8353
20151201 095010 8353
20151201 095018 8351
20151201 095022 8350
20151201 095028 8351
20151201 095037 8354
20151201 095040 8353
20151201 095053 8357
20151201 095053 8357
20151201 095053 8357
20151201 095106 8358
20151201 095109 8358
20151201 095115 8354
20151201 095115 8354
20151201 095130 8363
20151201 095130 8363
20151201 095145 8353
20151201 095200 8356
20151201 095208 8356
20151201 095214 8351
20151201 095214 8352
20151201 095216 8350
20151201 095219 8350
20151201 095222 8351
20151201 095248 8352
20151201 095303 8352
20151201 095317 8354
20151201 095326 8353
20151201 095349 8350
20151201 095418 8354
20151201 095616 8354
20151201 095616 8354
20151201 095616 8354
20151201 095616 8356
20151201 095616 8356
20151201 095616 8356
20151201 095616 8356
20151201 095616 8356
20151201 095616 8356
20151201 095616 8356
20151201 095616 8356
20151201 095616 8356
20151201 095616 8356
20151201 095712 8351
20151201 095732 8349
20151201 095733 8349
20151201 095736 8349
20151201 095740 8351
20151201 095803 8353
20151201 095805 8352
20151201 095944 8353
20151201 095947 8357
20151201 100017 8352
20151201 100026 8344
20151201 100026 8344
20151201 100026 8345
20151201 100026 8354
20151201 100039 8342
20151201 100042 8342
20151201 100043 8342
20151201 100153 8344
20151201 100204 8344
20151201 100215 8345
20151201 100224 8349
20151201 100325 8343
20151201 100459 8344
20151201 100521 8343
20151201 100533 8342
20151201 100602 8343
20151201 100604 8340
20151201 100604 8341
20151201 100607 8337
20151201 100608 8336
20151201 100612 8337
20151201 100622 8338
20151201 100632 8341
20151201 100758 8341
20151201 100921 8349
20151201 100926 8347
20151201 100931 8347
20151201 100931 8347
20151201 101008 8346
20151201 101021 8350
20151201 101049 8350
20151201 101058 8353
20151201 101059 8353
20151201 101059 8353
20151201 101123 8353
20151201 101148 8350
20151201 101155 8350
20151201 101156 8350
20151201 101223 8350
20151201 101303 8354
20151201 101314 8353
20151201 101331 8354
20151201 101408 8353
20151201 101408 8353
20151201 101419 8349
20151201 101419 8350
20151201 101419 8350
20151201 101419 8350
20151201 101449 8351
20151201 101631 8353
20151201 101633 8355
20151201 101633 8355
20151201 101635 8359
20151201 101635 8359
20151201 101635 8359
20151201 101635 8360
20151201 101635 8360
20151201 101635 8360
20151201 101635 8361
20151201 101635 8361
20151201 101635 8363
20151201 101635 8364
20151201 101635 8364
20151201 101636 8362
20151201 101636 8362
20151201 101636 8362
20151201 101636 8363
20151201 101636 8363
20151201 101636 8363
20151201 101636 8364
20151201 101636 8364
20151201 101636 8364
20151201 101636 8364
20151201 101636 8364
20151201 101636 8364
20151201 101636 8364
20151201 101636 8364
20151201 101636 8364
20151201 101636 8364
20151201 101636 8364
20151201 101636 8365
20151201 101636 8365
20151201 101636 8365
20151201 101636 8366
20151201 101636 8366
20151201 101636 8366
20151201 101636 8367
20151201 101636 8367
20151201 101636 8367
20151201 101636 8367
20151201 101636 8367
20151201 101636 8367
20151201 101636 8368
20151201 101639 8363
20151201 101652 8367
20151201 101702 8367
20151201 101702 8367
20151201 101703 8368
20151201 101703 8368
20151201 101703 8368
20151201 101703 8369
20151201 101703 8369
20151201 101703 8369
20151201 101703 8369
20151201 101703 8369
20151201 101703 8369
20151201 101703 8369
20151201 101703 8370
20151201 101703 8370
20151201 101703 8371
20151201 101703 8371
20151201 101703 8371
20151201 101703 8372
20151201 101703 8372
20151201 101703 8372
20151201 101703 8372
20151201 101703 8372
20151201 101703 8373
20151201 101703 8373
20151201 101703 8373
20151201 101703 8373
20151201 101703 8373
20151201 101703 8373
20151201 101703 8373
20151201 101703 8373
20151201 101703 8373
20151201 101703 8374
20151201 101703 8374
20151201 101703 8374
20151201 101703 8374
20151201 101703 8374
20151201 101703 8374
20151201 101703 8374
20151201 101703 8374
20151201 101703 8374
20151201 101703 8374
20151201 101703 8374
20151201 101703 8374
20151201 101704 8374
20151201 101704 8376
20151201 101704 8376
20151201 101704 8378
20151201 101704 8378
20151201 101705 8377
20151201 101705 8377
20151201 101707 8370
20151201 101707 8370
20151201 101712 8372
20151201 101720 8371
20151201 101720 8371
20151201 101726 8372
20151201 101728 8375
20151201 101729 8377
20151201 101729 8377
20151201 101729 8377
20151201 101729 8377
20151201 101729 8378
20151201 101729 8379
20151201 101729 8379
20151201 101729 8379
20151201 101729 8379
20151201 101729 8379
20151201 101729 8379
20151201 101729 8380
20151201 101729 8380
20151201 101729 8380
20151201 101729 8381
20151201 101730 8381
20151201 101730 8381
20151201 101730 8381
20151201 101730 8381
20151201 101730 8381
20151201 101730 8383
20151201 101730 8383
20151201 101730 8383
20151201 101730 8383
20151201 101730 8383
20151201 101730 8384
20151201 101730 8384
20151201 101730 8384
20151201 101730 8384
20151201 101730 8384
20151201 101730 8384
20151201 101730 8384
20151201 101730 8384
20151201 101730 8384
20151201 101730 8384
20151201 101730 8384
20151201 101730 8384
20151201 101730 8384
20151201 101730 8384
20151201 101730 8384
20151201 101730 8384
20151201 101730 8384
20151201 101730 8384
20151201 101730 8384
20151201 101730 8384
20151201 101730 8384
20151201 101730 8384
20151201 101730 8384
20151201 101730 8384
20151201 101730 8384
20151201 101730 8384
20151201 101730 8384
20151201 101730 8384
20151201 101730 8384
20151201 101730 8384
20151201 101730 8384
20151201 101730 8385
20151201 101730 8385
20151201 101730 8386
20151201 101730 8386
20151201 101730 8386
20151201 101730 8386
20151201 101730 8386
20151201 101730 8386
20151201 101730 8386
20151201 101730 8387
20151201 101730 8387
20151201 101730 8387
20151201 101730 8387
20151201 101730 8387
20151201 101730 8387
20151201 101730 8387
20151201 101730 8387
20151201 101730 8387
20151201 101730 8387
20151201 101730 8387
20151201 101730 8387
20151201 101730 8387
20151201 101730 8388
20151201 101730 8389
20151201 101730 8389
20151201 101730 8389
20151201 101730 8389
20151201 101730 8389
20151201 101730 8389
20151201 101730 8389
20151201 101730 8389
20151201 101730 8389
20151201 101730 8390
20151201 101730 8390
20151201 101730 8390
20151201 101730 8392
20151201 101730 8392
20151201 101730 8392
20151201 101730 8392
20151201 101730 8392
20151201 101730 8392
20151201 101731 8387
20151201 101731 8389
20151201 101731 8389
20151201 101731 8389
20151201 101731 8393
20151201 101731 8393
20151201 101733 8389
20151201 101733 8389
20151201 101733 8389
20151201 101735 8389
20151201 101735 8389
20151201 101735 8389
20151201 101735 8389
20151201 101735 8389
20151201 101736 8393
20151201 101737 8386
20151201 101740 8388
20151201 101742 8386
20151201 101742 8388
20151201 101743 8388
20151201 101743 8388
20151201 101745 8391
20151201 101747 8385
20151201 101748 8391
20151201 101748 8391
20151201 101753 8388
20151201 101758 8390
20151201 101800 8388
20151201 101802 8390
20151201 101804 8387
20151201 101811 8388
20151201 101814 8387
20151201 101815 8386
20151201 101824 8387
20151201 101840 8383
20151201 101859 8383
20151201 101924 8384
20151201 101933 8385
20151201 101934 8386
20151201 101934 8387
20151201 101934 8387
20151201 101934 8387
20151201 101934 8387
20151201 101934 8387
20151201 101940 8388
20151201 101950 8388
20151201 101955 8389
20151201 101956 8389
20151201 101959 8389
20151201 102000 8390
20151201 102005 8388
20151201 102005 8388
20151201 102018 8389
20151201 102018 8389
20151201 102019 8389
20151201 102020 8390
20151201 102020 8391
20151201 102021 8391
20151201 102021 8391
20151201 102021 8391
20151201 102021 8391
20151201 102021 8391
20151201 102021 8391
20151201 102021 8392
20151201 102021 8392
20151201 102022 8392
20151201 102022 8392
20151201 102022 8392
20151201 102022 8392
20151201 102022 8392
20151201 102022 8393
20151201 102022 8393
20151201 102022 8393
20151201 102022 8393
20151201 102022 8394
20151201 102022 8394
20151201 102022 8394
20151201 102022 8394
20151201 102022 8394
20151201 102022 8394
20151201 102022 8394
20151201 102022 8394
20151201 102022 8394
20151201 102022 8394
20151201 102022 8394
20151201 102022 8394
20151201 102023 8393
20151201 102024 8393
20151201 102028 8393
20151201 102037 8393
20151201 102042 8394
20151201 102043 8396
20151201 102048 8397
20151201 102052 8391
20151201 102055 8395
20151201 102056 8393
20151201 102100 8396
20151201 102100 8397
20151201 102100 8397
20151201 102100 8397
20151201 102100 8397
20151201 102100 8397
20151201 102100 8397
20151201 102100 8397
20151201 102101 8397
20151201 102101 8397
20151201 102101 8397
20151201 102101 8397
20151201 102104 8395
20151201 102113 8395
20151201 102117 8394
20151201 102117 8396
20151201 102117 8396
20151201 102136 8396
20151201 102138 8397
20151201 102138 8397
20151201 102139 8397
20151201 102141 8395
20151201 102156 8395
20151201 102156 8395
20151201 102156 8397
20151201 102156 8397
20151201 102156 8398
20151201 102200 8399
20151201 102200 8399
20151201 102201 8398
20151201 102201 8399
20151201 102207 8398
20151201 102207 8399
20151201 102207 8400
20151201 102207 8400
20151201 102207 8400
20151201 102207 8400
20151201 102207 8400
20151201 102207 8401
20151201 102207 8401
20151201 102207 8401
20151201 102207 8401
20151201 102207 8401
20151201 102207 8401
20151201 102207 8402
20151201 102207 8402
20151201 102207 8402
20151201 102208 8400
20151201 102208 8402
20151201 102208 8402
20151201 102208 8402
20151201 102208 8402
20151201 102208 8402
20151201 102208 8402
20151201 102208 8403
20151201 102208 8403
20151201 102208 8403
20151201 102208 8403
20151201 102208 8403
20151201 102208 8403
20151201 102208 8403
20151201 102208 8403
20151201 102208 8403
20151201 102208 8403
20151201 102208 8403
20151201 102208 8404
20151201 102208 8404
20151201 102208 8404
20151201 102208 8404
20151201 102208 8404
20151201 102208 8404
20151201 102208 8404
20151201 102208 8404
20151201 102208 8404
20151201 102208 8404
20151201 102208 8404
20151201 102208 8404
20151201 102208 8404
20151201 102208 8404
20151201 102209 8403
20151201 102209 8404
20151201 102209 8404
20151201 102209 8404
20151201 102209 8404
20151201 102209 8404
20151201 102209 8404
20151201 102209 8404
20151201 102209 8404
20151201 102209 8404
20151201 102209 8404
20151201 102209 8404
20151201 102209 8404
20151201 102209 8404
20151201 102213 8403
20151201 102213 8405
20151201 102213 8405
20151201 102213 8405
20151201 102215 8403
20151201 102216 8404
20151201 102218 8404
20151201 102218 8406
20151201 102219 8406
20151201 102220 8404
20151201 102221 8405
20151201 102221 8407
20151201 102221 8407
20151201 102224 8405
20151201 102224 8405
20151201 102225 8407
20151201 102227 8407
20151201 102227 8407
20151201 102227 8407
20151201 102227 8408
20151201 102232 8408
20151201 102232 8409
20151201 102232 8409
20151201 102232 8409
20151201 102232 8409
20151201 102232 8409
20151201 102232 8409
20151201 102232 8409
20151201 102232 8409
20151201 102232 8409
20151201 102233 8406
20151201 102233 8409
20151201 102235 8410
20151201 102236 8410
20151201 102236 8411
20151201 102236 8411
20151201 102236 8412
20151201 102238 8410
20151201 102240 8409
20151201 102240 8410
20151201 102240 8412
20151201 102240 8412
20151201 102240 8413
20151201 102240 8414
20151201 102240 8414
20151201 102240 8414
20151201 102240 8414
20151201 102240 8415
20151201 102240 8416
20151201 102240 8416
20151201 102240 8416
20151201 102240 8416
20151201 102240 8417
20151201 102240 8417
20151201 102240 8417
20151201 102240 8417
20151201 102240 8417
20151201 102240 8417
20151201 102240 8417
20151201 102240 8417
20151201 102240 8417
20151201 102240 8417
20151201 102240 8417
20151201 102240 8417
20151201 102240 8417
20151201 102240 8417
20151201 102241 8418
20151201 102241 8419
20151201 102241 8419
20151201 102242 8416
20151201 102244 8416
20151201 102251 8412
20151201 102253 8412
20151201 102259 8416
20151201 102302 8417
20151201 102303 8416
20151201 102304 8415
20151201 102305 8417
20151201 102306 8418
20151201 102307 8416
20151201 102308 8416
20151201 102309 8417
20151201 102310 8417
20151201 102311 8417
20151201 102312 8417
20151201 102312 8418
20151201 102317 8419
20151201 102317 8419
20151201 102317 8419
20151201 102317 8419
20151201 102317 8419
20151201 102317 8419
20151201 102317 8420
20151201 102317 8420
20151201 102329 8416
20151201 102329 8416
20151201 102329 8416
20151201 102329 8416
20151201 102332 8417
20151201 102336 8414
20151201 102336 8414
20151201 102336 8415
20151201 102337 8413
20151201 102337 8413
20151201 102337 8413
20151201 102337 8413
20151201 102337 8413
20151201 102337 8413
20151201 102337 8413
20151201 102337 8413
20151201 102337 8413
20151201 102337 8413
20151201 102337 8413
20151201 102337 8413
20151201 102339 8410
20151201 102340 8414
20151201 102344 8411
20151201 102345 8411
20151201 102352 8409
20151201 102358 8409
20151201 102358 8409
20151201 102400 8412
20151201 102400 8412
20151201 102401 8413
20151201 102401 8413
20151201 102407 8411
20151201 102413 8409
20151201 102414 8409
20151201 102418 8409
20151201 102419 8409
20151201 102419 8409
20151201 102422 8409
20151201 102423 8409
20151201 102425 8409
20151201 102425 8410
20151201 102427 8410
20151201 102427 8410
20151201 102429 8411
20151201 102450 8410
20151201 102451 8410
20151201 102452 8407
20151201 102457 8411
20151201 102500 8410
20151201 102500 8412
20151201 102500 8412
20151201 102500 8413
20151201 102501 8414
20151201 102501 8414
20151201 102501 8414
20151201 102502 8411
20151201 102502 8412
20151201 102502 8415
20151201 102502 8415
20151201 102502 8415
20151201 102502 8415
20151201 102509 8413
20151201 102522 8412
20151201 102526 8411
20151201 102529 8412
20151201 102537 8412
20151201 102543 8414
20151201 102546 8413
20151201 102546 8413
20151201 102549 8414
20151201 102549 8414
20151201 102553 8415
20151201 102600 8412
20151201 102600 8417
20151201 102603 8419
20151201 102603 8419
20151201 102603 8419
20151201 102603 8419
20151201 102603 8419
20151201 102603 8420
20151201 102603 8420
20151201 102603 8420
20151201 102603 8420
20151201 102604 8418
20151201 102604 8420
20151201 102604 8420
20151201 102604 8420
20151201 102604 8420
20151201 102604 8420
20151201 102604 8421
20151201 102604 8421
20151201 102604 8421
20151201 102604 8421
20151201 102604 8421
20151201 102604 8421
20151201 102604 8422
20151201 102604 8422
20151201 102604 8422
20151201 102604 8422
20151201 102604 8423
20151201 102604 8423
20151201 102604 8424
20151201 102604 8424
20151201 102604 8424
20151201 102604 8424
20151201 102604 8424
20151201 102604 8424
20151201 102604 8424
20151201 102604 8424
20151201 102604 8424
20151201 102604 8424
20151201 102604 8424
20151201 102604 8424
20151201 102604 8424
20151201 102604 8424
20151201 102604 8424
20151201 102604 8424
20151201 102604 8424
20151201 102604 8424
20151201 102604 8425
20151201 102604 8425
20151201 102604 8425
20151201 102604 8425
20151201 102605 8422
20151201 102605 8425
20151201 102607 8421
20151201 102607 8421
20151201 102607 8421
20151201 102607 8423
20151201 102608 8420
20151201 102608 8421
20151201 102609 8423
20151201 102609 8423
20151201 102609 8423
20151201 102610 8422
20151201 102611 8422
20151201 102612 8424
20151201 102614 8422
20151201 102617 8421
20151201 102629 8420
20151201 102632 8420
20151201 102637 8421
20151201 102638 8422
20151201 102638 8422
20151201 102641 8423
20151201 102642 8424
20151201 102642 8424
20151201 102642 8425
20151201 102646 8423
20151201 102651 8420
20151201 102651 8422
20151201 102655 8420
20151201 102705 8420
20151201 102719 8419
20151201 102736 8418
20151201 102739 8416
20151201 102739 8416
20151201 102739 8416
20151201 102739 8416
20151201 102740 8416
20151201 102740 8416
20151201 102741 8416
20151201 102741 8416
20151201 102742 8416
20151201 102748 8417
20151201 102808 8416
20151201 102808 8417
20151201 102811 8416
20151201 102814 8418
20151201 102815 8419
20151201 102815 8419
20151201 102815 8419
20151201 102815 8419
20151201 102815 8419
20151201 102815 8419
20151201 102815 8419
20151201 102815 8419
20151201 102815 8419
20151201 102815 8419
20151201 102815 8419
20151201 102815 8419
20151201 102819 8419
20151201 102819 8419
20151201 102823 8419
20151201 102823 8419
20151201 102824 8419
20151201 102856 8414
20151201 102904 8415
20151201 102931 8415
20151201 103000 8417
20151201 103000 8417
20151201 103000 8417
20151201 103003 8415
20151201 103006 8413
20151201 103024 8412
20151201 103024 8412
20151201 103024 8412
20151201 103030 8411
20151201 103030 8411
20151201 103030 8411
20151201 103030 8411
20151201 103030 8411
20151201 103030 8411
20151201 103100 8413
20151201 103101 8413
20151201 103125 8413
20151201 103130 8413
20151201 103133 8415
20151201 103133 8416
20151201 103134 8416
20151201 103134 8417
20151201 103134 8417
20151201 103134 8417
20151201 103210 8416
20151201 103221 8414
20151201 103221 8414
20151201 103225 8416
20151201 103226 8417
20151201 103227 8418
20151201 103229 8415
20151201 103306 8414
20151201 103311 8414
20151201 103343 8411
20151201 103402 8413
20151201 103408 8414
20151201 103421 8414
20151201 103421 8414
20151201 103500 8416
20151201 103501 8416
20151201 103512 8413
20151201 103535 8408
20151201 103535 8408
20151201 103535 8409
20151201 103535 8409
20151201 103535 8409
20151201 103535 8409
20151201 103535 8409
20151201 103535 8409
20151201 103535 8409
20151201 103535 8409
20151201 103535 8410
20151201 103545 8410
20151201 103551 8411
20151201 103552 8412
20151201 103552 8412
20151201 103608 8412
20151201 103609 8414
20151201 103609 8415
20151201 103609 8415
20151201 103613 8416
20151201 103613 8416
20151201 103614 8417
20151201 103615 8418
20151201 103617 8418
20151201 103619 8415
20151201 103650 8415
20151201 103650 8416
20151201 103654 8415
20151201 103656 8416
20151201 103659 8415
20151201 103726 8415
20151201 103853 8413
20151201 103904 8410
20151201 103918 8410
20151201 103923 8411
20151201 103927 8411
20151201 103928 8411
20151201 103929 8411
20151201 103937 8412
20151201 103937 8412
20151201 103944 8410
20151201 103957 8412
20151201 104008 8413
20151201 104021 8411
20151201 104030 8412
20151201 104038 8412
20151201 104042 8412
20151201 104042 8412
20151201 104050 8412
20151201 104101 8414
20151201 104103 8414
20151201 104103 8414
20151201 104103 8414
20151201 104105 8414
20151201 104115 8414
20151201 104115 8415
20151201 104115 8415
20151201 104115 8415
20151201 104116 8416
20151201 104116 8416
20151201 104126 8417
20151201 104126 8417
20151201 104127 8417
20151201 104128 8417
20151201 104129 8417
20151201 104130 8418
20151201 104130 8418
20151201 104130 8418
20151201 104130 8418
20151201 104132 8418
20151201 104148 8419
20151201 104148 8419
20151201 104148 8419
20151201 104148 8419
20151201 104148 8419
20151201 104148 8419
20151201 104148 8419
20151201 104149 8415
20151201 104152 8418
20151201 104152 8419
20151201 104202 8417
20151201 104202 8418
20151201 104207 8419
20151201 104207 8419
20151201 104207 8420
20151201 104207 8420
20151201 104207 8420
20151201 104207 8420
20151201 104207 8420
20151201 104207 8421
20151201 104207 8421
20151201 104207 8421
20151201 104207 8422
20151201 104207 8422
20151201 104207 8422
20151201 104207 8422
20151201 104207 8422
20151201 104208 8419
20151201 104208 8421
20151201 104208 8421
20151201 104208 8422
20151201 104208 8423
20151201 104208 8423
20151201 104208 8423
20151201 104208 8423
20151201 104208 8423
20151201 104208 8424
20151201 104208 8424
20151201 104208 8424
20151201 104208 8424
20151201 104208 8424
20151201 104208 8424
20151201 104208 8424
20151201 104208 8424
20151201 104208 8424
20151201 104208 8424
20151201 104208 8424
20151201 104208 8425
20151201 104208 8425
20151201 104208 8425
20151201 104208 8425
20151201 104208 8425
20151201 104208 8426
20151201 104208 8426
20151201 104208 8426
20151201 104208 8426
20151201 104208 8426
20151201 104208 8426
20151201 104208 8426
20151201 104208 8426
20151201 104208 8427
20151201 104208 8427
20151201 104208 8427
20151201 104208 8427
20151201 104208 8427
20151201 104208 8427
20151201 104208 8427
20151201 104208 8427
20151201 104208 8428
20151201 104208 8429
20151201 104208 8429
20151201 104209 8429
20151201 104209 8429
20151201 104209 8429
20151201 104209 8429
20151201 104209 8429
20151201 104209 8429
20151201 104209 8429
20151201 104209 8429
20151201 104209 8429
20151201 104209 8430
20151201 104211 8430
20151201 104215 8426
20151201 104215 8427
20151201 104218 8429
20151201 104225 8426
20151201 104226 8427
20151201 104233 8428
20151201 104235 8430
20151201 104235 8430
20151201 104236 8428
20151201 104236 8430
20151201 104236 8431
20151201 104236 8431
20151201 104236 8431
20151201 104236 8432
20151201 104236 8432
20151201 104236 8432
20151201 104236 8432
20151201 104236 8432
20151201 104236 8432
20151201 104236 8432
20151201 104236 8432
20151201 104236 8432
20151201 104236 8433
20151201 104236 8433
20151201 104237 8432
20151201 104237 8433
20151201 104237 8434
20151201 104237 8434
20151201 104237 8434
20151201 104237 8434
20151201 104237 8434
20151201 104237 8434
20151201 104237 8434
20151201 104237 8434
20151201 104237 8434
20151201 104237 8434
20151201 104237 8434
20151201 104237 8434
20151201 104237 8434
20151201 104237 8434
20151201 104237 8434
20151201 104237 8434
20151201 104237 8434
20151201 104238 8434
20151201 104238 8434
20151201 104238 8434
20151201 104239 8434
20151201 104239 8434
20151201 104239 8434
20151201 104247 8434
20151201 104248 8432
20151201 104248 8434
20151201 104249 8435
20151201 104250 8434
20151201 104252 8434
20151201 104255 8431
20151201 104256 8432
20151201 104304 8432
20151201 104306 8432
20151201 104307 8433
20151201 104324 8431
20151201 104328 8431
20151201 104330 8431
20151201 104335 8431
20151201 104336 8431
20151201 104337 8428
20151201 104337 8429
20151201 104337 8429
20151201 104347 8429
20151201 104406 8432
20151201 104423 8429
20151201 104425 8429
20151201 104435 8434
20151201 104435 8434
20151201 104435 8434
20151201 104435 8435
20151201 104443 8434
20151201 104446 8433
20151201 104449 8433
20151201 104456 8432
20151201 104459 8434
20151201 104500 8432
20151201 104500 8436
20151201 104500 8436
20151201 104500 8436
20151201 104500 8437
20151201 104500 8437
20151201 104500 8437
20151201 104500 8437
20151201 104500 8437
20151201 104500 8437
20151201 104500 8437
20151201 104500 8437
20151201 104500 8437
20151201 104500 8437
20151201 104500 8437
20151201 104500 8437
20151201 104501 8438
20151201 104501 8438
20151201 104501 8438
20151201 104501 8439
20151201 104501 8439
20151201 104501 8439
20151201 104501 8439
20151201 104501 8439
20151201 104501 8439
20151201 104501 8439
20151201 104502 8440
20151201 104502 8440
20151201 104503 8438
20151201 104503 8440
20151201 104504 8438
20151201 104504 8438
20151201 104505 8439
20151201 104505 8441
20151201 104505 8441
20151201 104505 8441
20151201 104506 8441
20151201 104507 8437
20151201 104507 8442
20151201 104507 8442
20151201 104507 8442
20151201 104507 8442
20151201 104507 8442
20151201 104507 8442
20151201 104507 8442
20151201 104507 8442
20151201 104507 8442
20151201 104507 8443
20151201 104507 8443
20151201 104508 8444
20151201 104509 8442
20151201 104509 8444
20151201 104509 8444
20151201 104509 8444
20151201 104511 8442
20151201 104513 8444
20151201 104513 8444
20151201 104513 8444
20151201 104513 8444
20151201 104514 8442
20151201 104525 8440
20151201 104558 8438
20151201 104605 8436
20151201 104622 8436
20151201 104647 8434
20151201 104650 8434
20151201 104650 8434
20151201 104650 8434
20151201 104701 8434
20151201 104710 8437
20151201 104712 8438
20151201 104717 8437
20151201 104724 8437
20151201 104729 8437
20151201 104731 8438
20151201 104749 8436
20151201 104829 8432
20151201 104854 8432
20151201 104901 8431
20151201 104905 8430
20151201 104926 8431
20151201 104926 8431
20151201 104940 8430
20151201 104946 8430
20151201 104946 8430
20151201 104946 8430
20151201 104959 8424
20151201 104959 8424
20151201 104959 8424
20151201 104959 8429
20151201 105019 8431
20151201 105021 8430
20151201 105026 8430
20151201 105026 8431
20151201 105042 8431
20151201 105101 8433
20151201 105101 8433
20151201 105101 8433
20151201 105101 8433
20151201 105101 8433
20151201 105101 8433
20151201 105101 8433
20151201 105101 8433
20151201 105115 8433
20151201 105148 8431
20151201 105212 8431
20151201 105239 8430
20151201 105239 8430
20151201 105239 8430
20151201 105239 8430
20151201 105243 8429
20151201 105244 8428
20151201 105245 8427
20151201 105245 8427
20151201 105246 8427
20151201 105247 8426
20151201 105259 8425
20151201 105317 8427
20151201 105324 8428
20151201 105418 8427
20151201 105443 8427
20151201 105447 8429
20151201 105447 8429
20151201 105447 8429
20151201 105447 8429
20151201 105500 8430
20151201 105623 8427
20151201 105631 8427
20151201 105640 8429
20151201 105641 8428
20151201 105641 8429
20151201 105644 8428
20151201 105644 8428
20151201 105646 8428
20151201 105655 8428
20151201 105655 8428
20151201 105713 8429
20151201 105713 8429
20151201 105730 8429
20151201 105753 8425
20151201 105753 8425
20151201 105754 8423
20151201 105755 8425
20151201 105759 8424
20151201 105810 8427
20151201 105831 8424
20151201 105832 8423
20151201 105841 8425
20151201 105844 8424
20151201 105902 8424
20151201 105912 8425
20151201 105917 8425
20151201 105942 8427
20151201 110001 8428
20151201 110001 8428
20151201 110001 8428
20151201 110001 8428
20151201 110002 8423
20151201 110002 8428
20151201 110103 8428
20151201 110112 8428
20151201 110227 8429
20151201 110231 8428
20151201 110235 8430
20151201 110235 8430
20151201 110235 8430
20151201 110235 8430
20151201 110235 8430
20151201 110235 8430
20151201 110241 8431
20151201 110244 8430
20151201 110245 8427
20151201 110245 8432
20151201 110245 8432
20151201 110245 8432
20151201 110245 8433
20151201 110245 8433
20151201 110245 8433
20151201 110245 8433
20151201 110245 8433
20151201 110245 8433
20151201 110245 8433
20151201 110245 8433
20151201 110245 8433
20151201 110245 8433
20151201 110245 8433
20151201 110245 8433
20151201 110245 8433
20151201 110245 8433
20151201 110245 8433
20151201 110253 8434
20151201 110253 8434
20151201 110253 8434
20151201 110253 8434
20151201 110253 8434
20151201 110253 8434
20151201 110253 8434
20151201 110254 8434
20151201 110254 8434
20151201 110303 8436
20151201 110303 8436
20151201 110303 8436
20151201 110303 8436
20151201 110305 8434
20151201 110306 8430
20151201 110311 8436
20151201 110320 8433
20151201 110325 8430
20151201 110337 8432
20151201 110410 8433
20151201 110410 8433
20151201 110458 8435
20151201 110500 8436
20151201 110500 8437
20151201 110500 8437
20151201 110500 8437
20151201 110501 8437
20151201 110502 8437
20151201 110502 8437
20151201 110502 8437
20151201 110553 8432
20151201 110555 8431
20151201 110555 8431
20151201 110555 8432
20151201 110555 8432
20151201 110555 8432
20151201 110741 8428
20151201 110742 8427
20151201 110830 8431
20151201 110830 8431
20151201 110855 8427
20151201 111102 8425
20151201 111103 8423
20151201 111103 8424
20151201 111103 8424
20151201 111103 8424
20151201 111104 8422
20151201 111104 8422
20151201 111106 8422
20151201 111106 8422
20151201 111106 8422
20151201 111107 8421
20151201 111109 8421
20151201 111140 8421
20151201 111203 8428
20151201 111246 8428
20151201 111304 8431
20151201 111313 8428
20151201 111313 8429
20151201 111313 8429
20151201 111331 8429
20151201 111445 8429
20151201 111648 8431
20151201 111648 8431
20151201 111651 8432
20151201 111651 8432
20151201 111656 8434
20151201 111656 8434
20151201 111703 8435
20151201 111828 8430
20151201 111847 8432
20151201 111924 8432
20151201 111949 8433
20151201 112002 8432
20151201 112112 8426
20151201 112124 8428
20151201 112130 8429
20151201 112209 8431
20151201 112211 8432
20151201 112211 8433
20151201 112211 8433
20151201 112232 8432
20151201 112302 8431
20151201 112315 8432
20151201 112324 8434
20151201 112324 8434
20151201 112324 8434
20151201 112324 8434
20151201 112324 8434
20151201 112324 8434
20151201 112325 8435
20151201 112325 8435
20151201 112325 8435
20151201 112326 8436
20151201 112327 8436
20151201 112339 8437
20151201 112348 8431
20151201 112427 8438
20151201 112427 8439
20151201 112427 8439
20151201 112427 8439
20151201 112427 8439
20151201 112428 8438
20151201 112428 8439
20151201 112438 8437
20151201 112439 8439
20151201 112445 8439
20151201 112445 8439
20151201 112508 8438
20151201 112532 8437
20151201 112618 8435
20151201 112726 8436
20151201 112729 8439
20151201 112731 8439
20151201 112731 8439
20151201 112732 8439
20151201 112732 8439
20151201 112805 8433
20151201 112805 8433
20151201 112808 8431
20151201 112816 8433
20151201 113000 8434
20151201 113030 8435
20151201 113043 8436
20151201 113053 8436
20151201 113128 8437
20151201 113129 8437
20151201 113203 8431
20151201 113206 8438
20151201 113209 8439
20151201 113210 8436
20151201 113217 8439
20151201 113217 8439
20151201 113218 8439
20151201 113218 8439
20151201 113229 8440
20151201 113229 8441
20151201 113229 8441
20151201 113229 8441
20151201 113229 8441
20151201 113229 8441
20151201 113230 8441
20151201 113230 8442
20151201 113230 8443
20151201 113230 8443
20151201 113230 8443
20151201 113230 8444
20151201 113230 8444
20151201 113230 8444
20151201 113230 8444
20151201 113230 8444
20151201 113230 8444
20151201 113230 8444
20151201 113230 8444
20151201 113230 8444
20151201 113230 8444
20151201 113230 8444
20151201 113230 8444
20151201 113230 8444
20151201 113230 8444
20151201 113230 8444
20151201 113230 8444
20151201 113244 8439
20151201 113244 8439
20151201 113301 8440
20151201 113307 8436
20151201 113307 8436
20151201 113317 8436
20151201 113335 8436
20151201 113358 8438
20151201 113521 8438
20151201 113608 8438
20151201 113714 8436
20151201 113902 8439
20151201 113916 8440
20151201 113919 8441
20151201 113932 8441
20151201 113933 8441
20151201 113941 8442
20151201 113948 8442
20151201 113951 8443
20151201 113956 8443
20151201 113957 8444
20151201 113957 8444
20151201 113958 8444
20151201 113958 8444
20151201 114000 8445
20151201 114000 8445
20151201 114001 8445
20151201 114001 8445
20151201 114001 8446
20151201 114001 8446
20151201 114001 8446
20151201 114001 8446
20151201 114001 8446
20151201 114001 8446
20151201 114002 8446
20151201 114002 8446
20151201 114002 8447
20151201 114003 8440
20151201 114003 8447
20151201 114003 8447
20151201 114006 8448
20151201 114020 8446
20151201 114021 8446
20151201 114024 8446
20151201 114029 8445
20151201 114033 8446
20151201 114044 8445
20151201 114045 8445
20151201 114103 8447
20151201 114140 8445
20151201 114140 8445
20151201 114140 8445
20151201 114140 8445
20151201 114140 8445
20151201 114140 8445
20151201 114141 8440
20151201 114141 8443
20151201 114230 8444
20151201 114327 8444
20151201 114333 8444
20151201 114346 8445
20151201 114442 8445
20151201 114453 8445
20151201 114453 8446
20151201 114501 8448
20151201 114501 8448
20151201 114501 8448
20151201 114501 8449
20151201 114501 8449
20151201 114501 8449
20151201 114501 8449
20151201 114501 8449
20151201 114501 8449
20151201 114501 8449
20151201 114501 8449
20151201 114501 8449
20151201 114501 8449
20151201 114501 8449
20151201 114501 8449
20151201 114501 8449
20151201 114501 8450
20151201 114506 8448
20151201 114513 8451
20151201 114523 8449
20151201 114526 8449
20151201 114526 8449
20151201 114535 8449
20151201 114546 8450
20151201 114548 8450
20151201 114551 8451
20151201 114556 8451
20151201 114556 8452
20151201 114556 8452
20151201 114556 8452
20151201 114556 8452
20151201 114557 8452
20151201 114557 8452
20151201 114606 8452
20151201 114613 8453
20151201 114627 8451
20151201 114628 8452
20151201 114631 8452
20151201 114632 8453
20151201 114708 8450
20151201 114741 8453
20151201 114741 8453
20151201 114741 8453
20151201 114741 8453
20151201 114741 8454
20151201 114741 8454
20151201 114741 8454
20151201 114741 8454
20151201 114741 8454
20151201 114741 8454
20151201 114741 8454
20151201 114741 8454
20151201 114741 8454
20151201 114741 8454
20151201 114741 8454
20151201 114741 8454
20151201 114742 8453
20151201 114742 8454
20151201 114742 8454
20151201 114742 8454
20151201 114742 8454
20151201 114742 8454
20151201 114742 8454
20151201 114743 8454
20151201 114744 8454
20151201 114744 8454
20151201 114744 8454
20151201 114744 8454
20151201 114750 8455
20151201 114751 8456
20151201 114751 8456
20151201 114815 8457
20151201 114818 8457
20151201 114845 8457
20151201 114848 8457
20151201 114850 8458
20151201 114851 8459
20151201 114851 8459
20151201 114851 8460
20151201 114851 8460
20151201 114851 8460
20151201 114901 8462
20151201 114901 8462
20151201 114901 8462
20151201 114901 8462
20151201 114902 8461
20151201 114902 8463
20151201 114910 8459
20151201 114935 8457
20151201 114939 8457
20151201 114941 8456
20151201 114941 8456
20151201 114941 8456
20151201 114946 8456
20151201 115010 8455
20151201 115027 8453
20151201 115030 8456
20151201 115031 8456
20151201 115032 8456
20151201 115034 8457
20151201 115040 8457
20151201 115100 8459
20151201 115100 8459
20151201 115100 8459
20151201 115100 8459
20151201 115104 8459
20151201 115105 8459
20151201 115111 8457
20151201 115124 8454
20151201 115124 8454
20151201 115135 8454
20151201 115149 8453
20151201 115220 8452
20151201 115223 8452
20151201 115257 8451
20151201 115257 8451
20151201 115258 8451
20151201 115300 8451
20151201 115300 8451
20151201 115305 8452
20151201 115312 8453
20151201 115337 8453
20151201 115502 8453
20151201 115520 8453
20151201 115550 8452
20151201 115550 8453
20151201 115556 8454
20151201 115608 8455
20151201 115655 8453
20151201 115730 8454
20151201 115815 8453
20151201 115909 8453
20151201 115953 8449
20151201 115953 8449
20151201 115953 8449
20151201 115955 8449
20151201 115956 8449
20151201 120004 8449
20151201 120005 8448
20151201 120009 8449
20151201 120010 8449
20151201 120053 8449
20151201 120115 8449
20151201 120116 8449
20151201 120118 8449
20151201 120142 8450
20151201 120156 8449
20151201 120213 8448
20151201 120228 8449
20151201 120320 8447
20151201 120320 8447
20151201 120336 8449
20151201 120358 8449
20151201 120416 8448
20151201 120416 8448
20151201 120441 8448
20151201 120452 8449
20151201 120522 8449
20151201 120523 8449
20151201 120533 8449
20151201 120542 8449
20151201 120608 8449
20151201 120701 8447
20151201 120702 8445
20151201 120702 8445
20151201 120702 8445
20151201 120702 8446
20151201 120702 8446
20151201 120703 8444
20151201 120912 8449
20151201 121013 8440
20151201 121129 8444
20151201 121129 8444
20151201 121129 8444
20151201 121129 8444
20151201 121145 8446
20151201 121519 8446
20151201 121644 8438
20151201 121645 8438
20151201 121645 8438
20151201 121811 8438
20151201 121811 8449
20151201 121811 8449
20151201 121812 8449
20151201 122126 8439
20151201 122126 8450
20151201 122232 8437
20151201 122326 8449
20151201 122432 8449
20151201 122454 8450
20151201 122529 8450
20151201 122623 8439
20151201 122721 8446
20151201 122722 8438
20151201 122730 8444
20151201 122733 8444
20151201 122734 8444
20151201 122902 8444
20151201 122903 8444
20151201 122924 8444
20151201 122939 8441
20151201 122939 8441
20151201 122939 8441
20151201 122939 8441
20151201 122939 8441
20151201 122953 8439
20151201 123008 8437
20151201 123008 8437
20151201 123017 8436
20151201 123017 8436
20151201 123020 8438
20151201 123038 8439
20151201 123057 8438
20151201 123114 8431
20151201 123209 8441
20151201 123257 8443
20151201 123500 8443
20151201 123501 8443
20151201 123502 8443
20151201 123502 8443
20151201 123531 8443
20151201 123812 8445
20151201 123812 8445
20151201 123812 8446
20151201 123812 8446
20151201 123907 8446
20151201 123917 8447
20151201 124144 8447
20151201 124216 8435
20151201 124247 8447
20151201 124503 8447
20151201 124644 8447
20151201 124644 8447
20151201 124741 8448
20151201 124751 8449
20151201 124806 8449
20151201 124825 8450
20151201 124825 8450
20151201 124844 8451
20151201 124844 8451
20151201 124844 8451
20151201 124844 8451
20151201 124844 8451
20151201 124849 8452
20151201 124931 8449
20151201 125022 8436
20151201 125029 8447
20151201 125049 8447
20151201 125059 8447
20151201 125103 8447
20151201 125105 8446
20151201 125120 8447
20151201 125140 8444
20151201 125140 8444
20151201 125140 8445
20151201 125140 8447
20151201 125141 8444
20151201 125141 8444
20151201 125150 8444
20151201 125150 8444
20151201 125202 8446
20151201 125202 8446
20151201 125227 8446
20151201 125227 8446
20151201 125312 8447
20151201 125510 8448
20151201 125519 8449
20151201 125519 8449
20151201 125601 8449
20151201 125708 8444
20151201 125717 8443
20151201 125717 8443
20151201 125717 8444
20151201 125812 8442
20151201 125812 8442
20151201 125812 8442
20151201 125813 8442
20151201 125816 8441
20151201 125816 8441
20151201 125816 8441
20151201 125817 8441
20151201 125817 8441
20151201 125818 8441
20151201 125818 8441
20151201 125837 8443
20151201 125853 8444
20151201 125855 8443
20151201 130048 8443
20151201 130102 8441
20151201 130103 8441
20151201 130145 8443
20151201 130249 8444
20151201 130254 8444
20151201 130258 8439
20151201 130311 8445
20151201 130408 8448
20151201 130610 8442
20151201 130610 8442
20151201 130610 8442
20151201 130611 8441
20151201 130611 8441
20151201 130611 8441
20151201 130611 8441
20151201 130612 8440
20151201 130613 8439
20151201 130613 8439
20151201 130613 8439
20151201 130615 8439
20151201 130637 8442
20151201 130922 8443
20151201 130933 8443
20151201 131041 8443
20151201 131114 8440
20151201 131115 8433
20151201 131115 8435
20151201 131115 8436
20151201 131115 8436
20151201 131115 8436
20151201 131115 8436
20151201 131115 8437
20151201 131115 8437
20151201 131115 8439
20151201 131115 8439
20151201 131115 8439
20151201 131116 8432
20151201 131116 8432
20151201 131116 8434
20151201 131116 8434
20151201 131116 8435
20151201 131117 8431
20151201 131117 8431
20151201 131117 8432
20151201 131119 8431
20151201 131119 8431
20151201 131120 8431
20151201 131120 8431
20151201 131120 8431
20151201 131121 8431
20151201 131121 8432
20151201 131131 8433
20151201 131137 8435
20151201 131215 8437
20151201 131225 8436
20151201 131225 8436
20151201 131242 8436
20151201 131243 8436
20151201 131243 8436
20151201 131244 8436
20151201 131245 8436
20151201 131354 8439
20151201 131358 8438
20151201 131423 8437
20151201 131433 8436
20151201 131500 8435
20151201 131501 8437
20151201 131507 8435
20151201 131520 8434
20151201 131520 8435
20151201 131608 8438
20151201 131628 8437
20151201 131809 8437
20151201 131846 8439
20151201 131858 8439
20151201 131905 8439
20151201 132015 8438
20151201 132101 8437
20151201 132101 8437
20151201 132130 8436
20151201 132136 8436
20151201 132138 8436
20151201 132146 8436
20151201 132159 8437
20151201 132201 8436
20151201 132232 8439
20151201 132346 8439
20151201 132347 8439
20151201 132501 8437
20151201 132501 8437
20151201 132501 8437
20151201 132530 8441
20151201 132530 8441
20151201 132533 8442
20151201 132534 8442
20151201 132534 8442
20151201 132534 8442
20151201 132538 8443
20151201 132538 8443
20151201 132538 8443
20151201 132538 8443
20151201 132538 8444
20151201 132539 8445
20151201 132539 8445
20151201 132539 8445
20151201 132539 8445
20151201 132540 8444
20151201 132540 8445
20151201 132541 8445
20151201 132613 8445
20151201 132627 8445
20151201 132654 8448
20151201 132655 8448
20151201 132655 8448
20151201 132655 8448
20151201 132655 8449
20151201 132655 8449
20151201 132655 8450
20151201 132808 8450
20151201 132808 8451
20151201 132809 8451
20151201 132815 8451
20151201 132815 8452
20151201 132815 8452
20151201 132815 8452
20151201 132815 8452
20151201 132815 8452
20151201 132815 8452
20151201 132815 8452
20151201 132830 8452
20151201 132846 8449
20151201 132846 8450
20151201 132846 8450
20151201 132857 8450
20151201 132907 8448
20151201 132911 8448
20151201 133000 8442
20151201 133000 8442
20151201 133000 8442
20151201 133000 8442
20151201 133000 8442
20151201 133000 8443
20151201 133000 8444
20151201 133000 8445
20151201 133000 8446
20151201 133004 8442
20151201 133023 8451
20151201 133029 8451
20151201 133033 8452
20151201 133051 8451
20151201 133052 8453
20151201 133053 8453
20151201 133053 8453
20151201 133053 8453
20151201 133055 8453
20151201 133056 8453
20151201 133056 8453
20151201 133057 8453
20151201 133058 8453
20151201 133058 8453
20151201 133058 8453
20151201 133112 8454
20151201 133112 8454
20151201 133112 8454
20151201 133112 8454
20151201 133112 8454
20151201 133112 8454
20151201 133114 8454
20151201 133120 8455
20151201 133120 8455
20151201 133121 8456
20151201 133123 8450
20151201 133123 8456
20151201 133123 8456
20151201 133127 8457
20151201 133127 8457
20151201 133129 8457
20151201 133130 8457
20151201 133130 8457
20151201 133131 8450
20151201 133131 8457
20151201 133131 8457
20151201 133157 8454
20151201 133247 8457
20151201 133250 8457
20151201 133250 8457
20151201 133251 8457
20151201 133253 8457
20151201 133254 8457
20151201 133312 8456
20151201 133331 8458
20151201 133331 8458
20151201 133333 8459
20151201 133335 8459
20151201 133340 8460
20151201 133340 8460
20151201 133340 8460
20151201 133340 8461
20151201 133340 8461
20151201 133340 8461
20151201 133340 8461
20151201 133340 8461
20151201 133340 8461
20151201 133343 8462
20151201 133343 8462
20151201 133343 8462
20151201 133343 8462
20151201 133348 8460
20151201 133436 8461
20151201 133444 8459
20151201 133444 8460
20151201 133501 8457
20151201 133501 8458
20151201 133505 8456
20151201 133508 8456
20151201 133508 8456
20151201 133508 8456
20151201 133525 8458
20151201 133528 8458
20151201 133551 8458
20151201 133605 8458
20151201 133607 8458
20151201 133735 8459
20151201 133834 8459
20151201 133841 8459
20151201 133850 8460
20151201 133850 8460
20151201 133850 8460
20151201 133859 8460
20151201 133900 8458
20151201 133900 8459
20151201 133901 8458
20151201 133901 8458
20151201 133904 8459
20151201 133917 8457
20151201 133938 8458
20151201 134000 8458
20151201 134017 8458
20151201 134029 8459
20151201 134122 8458
20151201 134129 8455
20151201 134129 8456
20151201 134129 8457
20151201 134129 8457
20151201 134131 8456
20151201 134206 8455
20151201 134209 8458
20151201 134215 8458
20151201 134215 8458
20151201 134222 8456
20151201 134229 8457
20151201 134230 8457
20151201 134235 8457
20151201 134236 8457
20151201 134240 8457
20151201 134241 8457
20151201 134243 8457
20151201 134244 8458
20151201 134246 8457
20151201 134253 8457
20151201 134255 8457
20151201 134257 8457
20151201 134301 8456
20151201 134303 8456
20151201 134321 8456
20151201 134326 8455
20151201 134338 8456
20151201 134342 8456
20151201 134344 8456
20151201 134345 8456
20151201 134351 8455
20151201 134358 8456
20151201 134400 8452
20151201 134401 8455
20151201 134401 8455
20151201 134402 8455
20151201 134404 8455
20151201 134424 8458
20151201 134441 8456
20151201 134453 8457
20151201 134455 8457
20151201 134457 8456
20151201 134457 8456
20151201 134457 8457
20151201 134458 8457
20151201 134459 8456
20151201 134459 8456
