20151204 084500 8359
20151204 084500 8359
20151204 084500 8359
20151204 084500 8359
20151204 084500 8360
20151204 084500 8361
20151204 084500 8361
20151204 084500 8361
20151204 084500 8361
20151204 084500 8361
20151204 084500 8361
20151204 084500 8361
20151204 084500 8361
20151204 084500 8361
20151204 084500 8362
20151204 084500 8362
20151204 084500 8362
20151204 084500 8362
20151204 084500 8363
20151204 084500 8364
20151204 084500 8364
20151204 084500 8364
20151204 084500 8364
20151204 084500 8365
20151204 084500 8365
20151204 084500 8366
20151204 084500 8366
20151204 084500 8366
20151204 084500 8366
20151204 084500 8366
20151204 084500 8366
20151204 084500 8366
20151204 084500 8367
20151204 084500 8367
20151204 084500 8368
20151204 084500 8368
20151204 084500 8368
20151204 084500 8368
20151204 084500 8368
20151204 084500 8368
20151204 084500 8368
20151204 084500 8369
20151204 084501 8356
20151204 084501 8356
20151204 084501 8357
20151204 084501 8357
20151204 084501 8357
20151204 084501 8357
20151204 084501 8359
20151204 084501 8376
20151204 084502 8354
20151204 084502 8354
20151204 084502 8354
20151204 084502 8355
20151204 084502 8355
20151204 084502 8356
20151204 084503 8353
20151204 084503 8356
20151204 084503 8357
20151204 084504 8358
20151204 084504 8358
20151204 084505 8355
20151204 084506 8353
20151204 084506 8353
20151204 084507 8356
20151204 084511 8359
20151204 084512 8361
20151204 084513 8360
20151204 084513 8360
20151204 084513 8362
20151204 084516 8359
20151204 084516 8360
20151204 084516 8360
20151204 084517 8361
20151204 084519 8360
20151204 084520 8360
20151204 084520 8360
20151204 084521 8357
20151204 084521 8359
20151204 084522 8356
20151204 084522 8356
20151204 084522 8356
20151204 084523 8355
20151204 084523 8356
20151204 084523 8356
20151204 084524 8354
20151204 084524 8355
20151204 084524 8355
20151204 084525 8354
20151204 084525 8354
20151204 084525 8356
20151204 084525 8356
20151204 084526 8355
20151204 084528 8356
20151204 084528 8356
20151204 084529 8356
20151204 084529 8356
20151204 084529 8356
20151204 084529 8358
20151204 084529 8358
20151204 084530 8356
20151204 084530 8356
20151204 084531 8357
20151204 084533 8357
20151204 084534 8358
20151204 084534 8358
20151204 084537 8360
20151204 084538 8360
20151204 084538 8360
20151204 084538 8360
20151204 084539 8358
20151204 084539 8359
20151204 084540 8359
20151204 084541 8358
20151204 084541 8359
20151204 084545 8362
20151204 084546 8362
20151204 084547 8362
20151204 084548 8361
20151204 084549 8363
20151204 084549 8363
20151204 084549 8363
20151204 084549 8364
20151204 084550 8365
20151204 084552 8365
20151204 084558 8366
20151204 084600 8368
20151204 084600 8368
20151204 084601 8368
20151204 084605 8366
20151204 084608 8368
20151204 084609 8368
20151204 084613 8373
20151204 084613 8374
20151204 084616 8373
20151204 084616 8374
20151204 084616 8374
20151204 084617 8373
20151204 084619 8374
20151204 084620 8376
20151204 084620 8376
20151204 084620 8376
20151204 084623 8374
20151204 084623 8375
20151204 084625 8373
20151204 084627 8373
20151204 084628 8374
20151204 084629 8373
20151204 084629 8374
20151204 084632 8373
20151204 084633 8373
20151204 084633 8373
20151204 084635 8372
20151204 084636 8373
20151204 084637 8373
20151204 084637 8373
20151204 084637 8373
20151204 084637 8373
20151204 084637 8373
20151204 084638 8373
20151204 084638 8373
20151204 084638 8373
20151204 084638 8373
20151204 084638 8374
20151204 084639 8373
20151204 084639 8373
20151204 084640 8373
20151204 084642 8374
20151204 084642 8374
20151204 084643 8373
20151204 084643 8374
20151204 084643 8374
20151204 084644 8373
20151204 084644 8374
20151204 084644 8374
20151204 084645 8372
20151204 084649 8373
20151204 084650 8371
20151204 084651 8371
20151204 084653 8371
20151204 084653 8372
20151204 084655 8373
20151204 084656 8372
20151204 084657 8371
20151204 084657 8371
20151204 084658 8371
20151204 084659 8371
20151204 084659 8371
20151204 084659 8371
20151204 084659 8371
20151204 084701 8372
20151204 084702 8372
20151204 084702 8373
20151204 084702 8373
20151204 084702 8373
20151204 084702 8373
20151204 084702 8373
20151204 084706 8371
20151204 084707 8371
20151204 084709 8371
20151204 084709 8371
20151204 084709 8373
20151204 084709 8373
20151204 084711 8372
20151204 084712 8371
20151204 084713 8371
20151204 084713 8372
20151204 084714 8371
20151204 084715 8371
20151204 084716 8371
20151204 084717 8370
20151204 084717 8370
20151204 084717 8370
20151204 084718 8370
20151204 084718 8371
20151204 084718 8372
20151204 084719 8371
20151204 084719 8371
20151204 084722 8370
20151204 084730 8371
20151204 084731 8371
20151204 084733 8371
20151204 084734 8371
20151204 084735 8371
20151204 084737 8370
20151204 084739 8370
20151204 084739 8372
20151204 084740 8371
20151204 084742 8371
20151204 084745 8372
20151204 084749 8371
20151204 084759 8371
20151204 084808 8380
20151204 084814 8375
20151204 084817 8375
20151204 084817 8376
20151204 084817 8376
20151204 084818 8381
20151204 084820 8377
20151204 084824 8377
20151204 084826 8378
20151204 084827 8379
20151204 084831 8381
20151204 084831 8382
20151204 084831 8382
20151204 084832 8382
20151204 084832 8382
20151204 084832 8382
20151204 084833 8382
20151204 084833 8382
20151204 084833 8382
20151204 084835 8381
20151204 084837 8381
20151204 084837 8381
20151204 084839 8380
20151204 084839 8381
20151204 084841 8381
20151204 084841 8381
20151204 084844 8379
20151204 084846 8381
20151204 084848 8381
20151204 084851 8380
20151204 084853 8381
20151204 084855 8382
20151204 084855 8382
20151204 084855 8382
20151204 084857 8382
20151204 084900 8381
20151204 084900 8382
20151204 084900 8382
20151204 084900 8382
20151204 084900 8382
20151204 084900 8382
20151204 084900 8383
20151204 084900 8383
20151204 084903 8381
20151204 084904 8382
20151204 084905 8382
20151204 084907 8381
20151204 084908 8382
20151204 084908 8382
20151204 084910 8383
20151204 084911 8382
20151204 084911 8382
20151204 084913 8382
20151204 084916 8381
20151204 084916 8382
20151204 084916 8382
20151204 084917 8381
20151204 084917 8381
20151204 084917 8381
20151204 084918 8381
20151204 084919 8381
20151204 084920 8380
20151204 084920 8380
20151204 084920 8381
20151204 084920 8381
20151204 084920 8381
20151204 084920 8382
20151204 084921 8379
20151204 084921 8379
20151204 084921 8379
20151204 084921 8379
20151204 084922 8379
20151204 084922 8379
20151204 084922 8380
20151204 084923 8379
20151204 084923 8379
20151204 084923 8379
20151204 084923 8379
20151204 084925 8379
20151204 084926 8379
20151204 084927 8378
20151204 084928 8378
20151204 084928 8378
20151204 084929 8378
20151204 084934 8380
20151204 084940 8380
20151204 084940 8380
20151204 084941 8381
20151204 084944 8379
20151204 084946 8379
20151204 084947 8379
20151204 084948 8379
20151204 084952 8380
20151204 084952 8381
20151204 084953 8380
20151204 085000 8381
20151204 085000 8381
20151204 085001 8382
20151204 085007 8386
20151204 085008 8384
20151204 085008 8385
20151204 085011 8386
20151204 085019 8384
20151204 085022 8383
20151204 085022 8383
20151204 085034 8386
20151204 085034 8387
20151204 085034 8387
20151204 085039 8389
20151204 085040 8390
20151204 085040 8390
20151204 085040 8390
20151204 085040 8390
20151204 085040 8390
20151204 085040 8390
20151204 085040 8390
20151204 085040 8390
20151204 085040 8390
20151204 085041 8390
20151204 085044 8390
20151204 085048 8393
20151204 085050 8393
20151204 085054 8393
20151204 085057 8393
20151204 085103 8392
20151204 085103 8393
20151204 085103 8393
20151204 085105 8392
20151204 085107 8396
20151204 085108 8392
20151204 085108 8392
20151204 085111 8391
20151204 085112 8391
20151204 085115 8392
20151204 085120 8388
20151204 085120 8390
20151204 085120 8390
20151204 085120 8390
20151204 085120 8390
20151204 085120 8390
20151204 085120 8392
20151204 085122 8390
20151204 085123 8387
20151204 085123 8387
20151204 085123 8387
20151204 085123 8389
20151204 085123 8389
20151204 085124 8387
20151204 085124 8387
20151204 085124 8387
20151204 085127 8386
20151204 085127 8386
20151204 085128 8385
20151204 085129 8386
20151204 085132 8387
20151204 085140 8388
20151204 085143 8386
20151204 085146 8385
20151204 085147 8384
20151204 085147 8384
20151204 085149 8385
20151204 085150 8384
20151204 085155 8388
20151204 085158 8386
20151204 085212 8356
20151204 085215 8389
20151204 085221 8387
20151204 085229 8387
20151204 085229 8387
20151204 085229 8388
20151204 085239 8396
20151204 085240 8396
20151204 085246 8388
20151204 085248 8387
20151204 085248 8387
20151204 085248 8387
20151204 085248 8387
20151204 085249 8387
20151204 085258 8388
20151204 085258 8388
20151204 085300 8387
20151204 085300 8387
20151204 085301 8387
20151204 085301 8396
20151204 085301 8396
20151204 085305 8387
20151204 085306 8386
20151204 085307 8386
20151204 085320 8386
20151204 085328 8384
20151204 085328 8385
20151204 085330 8385
20151204 085331 8383
20151204 085334 8384
20151204 085334 8384
20151204 085341 8383
20151204 085344 8382
20151204 085344 8382
20151204 085345 8382
20151204 085346 8382
20151204 085346 8382
20151204 085346 8382
20151204 085346 8382
20151204 085346 8382
20151204 085346 8382
20151204 085346 8382
20151204 085346 8382
20151204 085346 8382
20151204 085347 8381
20151204 085347 8381
20151204 085348 8380
20151204 085350 8380
20151204 085358 8382
20151204 085400 8385
20151204 085400 8385
20151204 085400 8387
20151204 085416 8343
20151204 085419 8379
20151204 085426 8379
20151204 085435 8379
20151204 085440 8380
20151204 085503 8383
20151204 085503 8385
20151204 085504 8383
20151204 085509 8385
20151204 085512 8387
20151204 085513 8387
20151204 085521 8390
20151204 085526 8388
20151204 085527 8388
20151204 085529 8386
20151204 085533 8389
20151204 085612 8387
20151204 085612 8387
20151204 085634 8385
20151204 085634 8385
20151204 085634 8386
20151204 085637 8385
20151204 085639 8383
20151204 085639 8383
20151204 085639 8383
20151204 085639 8390
20151204 085640 8382
20151204 085643 8382
20151204 085645 8383
20151204 085645 8383
20151204 085647 8382
20151204 085648 8381
20151204 085648 8381
20151204 085648 8381
20151204 085652 8381
20151204 085652 8383
20151204 085652 8383
20151204 085653 8382
20151204 085655 8382
20151204 085701 8380
20151204 085701 8381
20151204 085702 8381
20151204 085705 8381
20151204 085718 8380
20151204 085718 8382
20151204 085731 8382
20151204 085758 8384
20151204 085833 8385
20151204 085836 8384
20151204 085855 8384
20151204 085907 8384
20151204 085915 8388
20151204 085915 8391
20151204 085917 8388
20151204 085918 8388
20151204 085918 8388
20151204 085919 8388
20151204 085922 8388
20151204 085925 8387
20151204 085926 8387
20151204 085926 8387
20151204 085931 8385
20151204 085952 8384
20151204 085953 8385
20151204 085957 8384
20151204 090001 8382
20151204 090001 8382
20151204 090003 8382
20151204 090004 8381
20151204 090007 8381
20151204 090017 8386
20151204 090021 8388
20151204 090033 8388
20151204 090034 8388
20151204 090034 8388
20151204 090036 8385
20151204 090036 8386
20151204 090037 8386
20151204 090041 8382
20151204 090043 8381
20151204 090043 8382
20151204 090048 8383
20151204 090102 8379
20151204 090102 8379
20151204 090102 8379
20151204 090102 8379
20151204 090102 8382
20151204 090102 8382
20151204 090103 8378
20151204 090103 8378
20151204 090103 8378
20151204 090103 8378
20151204 090104 8377
20151204 090104 8377
20151204 090104 8377
20151204 090104 8377
20151204 090104 8377
20151204 090104 8377
20151204 090104 8377
20151204 090104 8377
20151204 090104 8377
20151204 090104 8377
20151204 090104 8377
20151204 090104 8377
20151204 090104 8377
20151204 090104 8377
20151204 090104 8378
20151204 090104 8379
20151204 090104 8379
20151204 090104 8385
20151204 090105 8379
20151204 090116 8387
20151204 090116 8388
20151204 090142 8395
20151204 090142 8400
20151204 090142 8401
20151204 090143 8398
20151204 090143 8398
20151204 090151 8393
20151204 090154 8390
20151204 090154 8400
20151204 090159 8391
20151204 090159 8392
20151204 090200 8392
20151204 090237 8391
20151204 090238 8394
20151204 090238 8394
20151204 090238 8394
20151204 090238 8394
20151204 090238 8396
20151204 090248 8394
20151204 090253 8394
20151204 090253 8394
20151204 090253 8394
20151204 090256 8393
20151204 090258 8394
20151204 090258 8394
20151204 090258 8394
20151204 090303 8394
20151204 090303 8395
20151204 090306 8395
20151204 090317 8397
20151204 090318 8397
20151204 090323 8399
20151204 090323 8399
20151204 090329 8396
20151204 090414 8394
20151204 090414 8394
20151204 090415 8394
20151204 090416 8392
20151204 090417 8392
20151204 090418 8392
20151204 090418 8392
20151204 090418 8392
20151204 090418 8392
20151204 090418 8392
20151204 090418 8392
20151204 090420 8392
20151204 090428 8393
20151204 090430 8390
20151204 090430 8400
20151204 090431 8389
20151204 090437 8390
20151204 090447 8390
20151204 090448 8390
20151204 090459 8392
20151204 090500 8394
20151204 090500 8394
20151204 090508 8392
20151204 090512 8394
20151204 090512 8394
20151204 090521 8392
20151204 090524 8392
20151204 090535 8392
20151204 090535 8392
20151204 090543 8390
20151204 090544 8389
20151204 090545 8390
20151204 090550 8390
20151204 090559 8389
20151204 090559 8389
20151204 090618 8387
20151204 090621 8386
20151204 090621 8386
20151204 090622 8385
20151204 090622 8385
20151204 090624 8387
20151204 090624 8388
20151204 090625 8386
20151204 090628 8386
20151204 090639 8387
20151204 090640 8388
20151204 090706 8385
20151204 090706 8386
20151204 090710 8384
20151204 090710 8384
20151204 090710 8384
20151204 090710 8385
20151204 090711 8384
20151204 090711 8384
20151204 090717 8389
20151204 090717 8389
20151204 090726 8387
20151204 090733 8387
20151204 090739 8385
20151204 090743 8387
20151204 090751 8386
20151204 090759 8385
20151204 090800 8384
20151204 090801 8385
20151204 090803 8385
20151204 090807 8383
20151204 090807 8383
20151204 090808 8382
20151204 090808 8382
20151204 090808 8382
20151204 090808 8382
20151204 090808 8383
20151204 090808 8383
20151204 090809 8381
20151204 090809 8382
20151204 090809 8382
20151204 090809 8382
20151204 090809 8382
20151204 090810 8380
20151204 090810 8381
20151204 090810 8381
20151204 090810 8381
20151204 090810 8381
20151204 090810 8390
20151204 090810 8390
20151204 090811 8380
20151204 090811 8380
20151204 090811 8380
20151204 090812 8378
20151204 090812 8378
20151204 090812 8379
20151204 090812 8379
20151204 090812 8379
20151204 090812 8380
20151204 090813 8374
20151204 090813 8374
20151204 090813 8374
20151204 090813 8374
20151204 090813 8374
20151204 090813 8374
20151204 090813 8374
20151204 090813 8374
20151204 090813 8374
20151204 090813 8374
20151204 090813 8374
20151204 090813 8375
20151204 090813 8376
20151204 090813 8376
20151204 090813 8377
20151204 090813 8377
20151204 090813 8377
20151204 090813 8377
20151204 090813 8385
20151204 090814 8373
20151204 090814 8373
20151204 090814 8373
20151204 090814 8376
20151204 090814 8377
20151204 090814 8377
20151204 090814 8377
20151204 090823 8372
20151204 090823 8372
20151204 090823 8372
20151204 090823 8372
20151204 090823 8372
20151204 090823 8372
20151204 090823 8372
20151204 090823 8372
20151204 090823 8372
20151204 090823 8372
20151204 090823 8372
20151204 090823 8372
20151204 090823 8372
20151204 090823 8372
20151204 090823 8372
20151204 090823 8372
20151204 090823 8372
20151204 090823 8373
20151204 090823 8382
20151204 090825 8371
20151204 090825 8371
20151204 090826 8368
20151204 090826 8369
20151204 090826 8369
20151204 090826 8369
20151204 090826 8370
20151204 090826 8370
20151204 090826 8371
20151204 090826 8379
20151204 090827 8367
20151204 090827 8367
20151204 090827 8367
20151204 090827 8367
20151204 090827 8367
20151204 090827 8367
20151204 090827 8368
20151204 090827 8368
20151204 090828 8377
20151204 090829 8368
20151204 090837 8366
20151204 090837 8367
20151204 090838 8367
20151204 090840 8367
20151204 090840 8367
20151204 090841 8364
20151204 090841 8364
20151204 090841 8364
20151204 090841 8364
20151204 090841 8365
20151204 090841 8365
20151204 090841 8365
20151204 090841 8376
20151204 090842 8363
20151204 090842 8366
20151204 090844 8365
20151204 090844 8376
20151204 090845 8362
20151204 090848 8365
20151204 090848 8365
20151204 090851 8366
20151204 090851 8366
20151204 090853 8376
20151204 090856 8366
20151204 090859 8368
20151204 090859 8368
20151204 090859 8374
20151204 090900 8362
20151204 090900 8362
20151204 090900 8362
20151204 090900 8362
20151204 090900 8362
20151204 090900 8362
20151204 090900 8362
20151204 090900 8362
20151204 090900 8362
20151204 090900 8362
20151204 090900 8362
20151204 090900 8362
20151204 090900 8363
20151204 090900 8363
20151204 090900 8363
20151204 090900 8363
20151204 090900 8363
20151204 090901 8355
20151204 090901 8355
20151204 090901 8355
20151204 090901 8356
20151204 090901 8356
20151204 090901 8356
20151204 090901 8356
20151204 090901 8356
20151204 090901 8356
20151204 090901 8357
20151204 090901 8357
20151204 090901 8357
20151204 090901 8357
20151204 090901 8357
20151204 090901 8357
20151204 090901 8358
20151204 090901 8358
20151204 090901 8359
20151204 090901 8359
20151204 090901 8360
20151204 090901 8360
20151204 090901 8360
20151204 090901 8360
20151204 090901 8360
20151204 090901 8360
20151204 090901 8360
20151204 090901 8360
20151204 090901 8360
20151204 090901 8360
20151204 090901 8361
20151204 090901 8361
20151204 090901 8361
20151204 090901 8361
20151204 090901 8361
20151204 090901 8362
20151204 090901 8362
20151204 090901 8362
20151204 090901 8362
20151204 090901 8362
20151204 090901 8362
20151204 090901 8362
20151204 090901 8362
20151204 090901 8362
20151204 090902 8349
20151204 090902 8349
20151204 090902 8349
20151204 090902 8349
20151204 090902 8349
20151204 090902 8350
20151204 090902 8350
20151204 090902 8350
20151204 090902 8350
20151204 090902 8350
20151204 090902 8350
20151204 090902 8350
20151204 090902 8350
20151204 090902 8350
20151204 090902 8351
20151204 090902 8351
20151204 090902 8351
20151204 090902 8351
20151204 090902 8351
20151204 090902 8351
20151204 090902 8351
20151204 090902 8351
20151204 090902 8352
20151204 090902 8352
20151204 090902 8352
20151204 090902 8352
20151204 090902 8352
20151204 090902 8352
20151204 090902 8352
20151204 090902 8352
20151204 090902 8352
20151204 090902 8352
20151204 090902 8352
20151204 090902 8352
20151204 090902 8352
20151204 090902 8352
20151204 090902 8352
20151204 090902 8352
20151204 090902 8352
20151204 090902 8352
20151204 090902 8352
20151204 090902 8352
20151204 090902 8352
20151204 090902 8352
20151204 090902 8352
20151204 090902 8352
20151204 090902 8352
20151204 090902 8352
20151204 090902 8352
20151204 090902 8352
20151204 090902 8352
20151204 090902 8352
20151204 090902 8352
20151204 090902 8352
20151204 090902 8352
20151204 090902 8352
20151204 090902 8352
20151204 090902 8352
20151204 090902 8352
20151204 090902 8352
20151204 090902 8352
20151204 090902 8352
20151204 090902 8352
20151204 090902 8352
20151204 090902 8352
20151204 090902 8352
20151204 090902 8352
20151204 090902 8352
20151204 090902 8352
20151204 090902 8353
20151204 090902 8353
20151204 090902 8353
20151204 090902 8353
20151204 090902 8353
20151204 090902 8353
20151204 090902 8353
20151204 090902 8353
20151204 090902 8354
20151204 090902 8354
20151204 090902 8354
20151204 090902 8355
20151204 090902 8355
20151204 090902 8355
20151204 090902 8355
20151204 090902 8362
20151204 090902 8365
20151204 090903 8347
20151204 090903 8347
20151204 090903 8347
20151204 090903 8347
20151204 090903 8347
20151204 090903 8347
20151204 090903 8347
20151204 090903 8348
20151204 090903 8358
20151204 090903 8359
20151204 090904 8346
20151204 090904 8346
20151204 090904 8346
20151204 090904 8346
20151204 090906 8345
20151204 090906 8345
20151204 090906 8346
20151204 090906 8347
20151204 090907 8353
20151204 090908 8349
20151204 090909 8348
20151204 090910 8345
20151204 090911 8347
20151204 090912 8354
20151204 090914 8347
20151204 090914 8348
20151204 090914 8348
20151204 090915 8348
20151204 090916 8345
20151204 090917 8344
20151204 090917 8344
20151204 090917 8344
20151204 090917 8344
20151204 090917 8345
20151204 090918 8347
20151204 090918 8348
20151204 090918 8352
20151204 090919 8344
20151204 090919 8345
20151204 090919 8345
20151204 090920 8344
20151204 090920 8345
20151204 090920 8345
20151204 090921 8343
20151204 090921 8343
20151204 090922 8342
20151204 090922 8342
20151204 090922 8342
20151204 090922 8342
20151204 090922 8342
20151204 090922 8342
20151204 090922 8342
20151204 090922 8342
20151204 090922 8342
20151204 090922 8342
20151204 090922 8343
20151204 090923 8344
20151204 090924 8343
20151204 090925 8341
20151204 090925 8341
20151204 090925 8341
20151204 090925 8343
20151204 090926 8343
20151204 090927 8343
20151204 090928 8343
20151204 090929 8343
20151204 090931 8343
20151204 090931 8343
20151204 090932 8342
20151204 090934 8343
20151204 090936 8344
20151204 090938 8345
20151204 090938 8346
20151204 090939 8346
20151204 090940 8345
20151204 090943 8347
20151204 090944 8347
20151204 090944 8347
20151204 090948 8346
20151204 090950 8344
20151204 090950 8346
20151204 090950 8346
20151204 090952 8344
20151204 090957 8344
20151204 090957 8345
20151204 090959 8346
20151204 090959 8346
20151204 091006 8343
20151204 091007 8345
20151204 091007 8346
20151204 091008 8346
20151204 091009 8346
20151204 091012 8344
20151204 091013 8345
20151204 091017 8343
20151204 091017 8343
20151204 091017 8343
20151204 091017 8344
20151204 091019 8343
20151204 091019 8344
20151204 091020 8345
20151204 091020 8345
20151204 091023 8346
20151204 091023 8346
20151204 091023 8346
20151204 091026 8347
20151204 091026 8347
20151204 091028 8347
20151204 091033 8351
20151204 091038 8354
20151204 091038 8354
20151204 091040 8354
20151204 091042 8354
20151204 091044 8355
20151204 091044 8357
20151204 091053 8357
20151204 091053 8357
20151204 091053 8357
20151204 091054 8357
20151204 091054 8358
20151204 091056 8358
20151204 091059 8359
20151204 091059 8359
20151204 091100 8358
20151204 091100 8358
20151204 091101 8358
20151204 091101 8358
20151204 091101 8358
20151204 091101 8358
20151204 091102 8358
20151204 091106 8358
20151204 091106 8358
20151204 091106 8359
20151204 091106 8359
20151204 091106 8359
20151204 091107 8358
20151204 091107 8358
20151204 091107 8358
20151204 091107 8358
20151204 091107 8358
20151204 091107 8359
20151204 091124 8357
20151204 091128 8357
20151204 091142 8357
20151204 091155 8360
20151204 091157 8361
20151204 091159 8358
20151204 091200 8357
20151204 091200 8358
20151204 091201 8358
20151204 091202 8357
20151204 091212 8360
20151204 091213 8359
20151204 091231 8360
20151204 091259 8357
20151204 091259 8357
20151204 091259 8357
20151204 091259 8358
20151204 091300 8355
20151204 091300 8356
20151204 091300 8356
20151204 091300 8356
20151204 091300 8356
20151204 091300 8356
20151204 091300 8356
20151204 091300 8357
20151204 091300 8357
20151204 091300 8358
20151204 091302 8357
20151204 091303 8356
20151204 091307 8353
20151204 091307 8354
20151204 091307 8365
20151204 091309 8351
20151204 091310 8351
20151204 091310 8353
20151204 091310 8353
20151204 091311 8351
20151204 091311 8366
20151204 091311 8366
20151204 091334 8364
20151204 091334 8366
20151204 091334 8366
20151204 091334 8366
20151204 091334 8366
20151204 091334 8367
20151204 091334 8367
20151204 091334 8367
20151204 091334 8368
20151204 091334 8368
20151204 091334 8374
20151204 091335 8369
20151204 091339 8366
20151204 091343 8370
20151204 091344 8369
20151204 091344 8371
20151204 091345 8371
20151204 091345 8372
20151204 091345 8372
20151204 091345 8372
20151204 091345 8373
20151204 091345 8373
20151204 091345 8373
20151204 091346 8376
20151204 091346 8376
20151204 091353 8372
20151204 091354 8373
20151204 091409 8371
20151204 091430 8367
20151204 091432 8366
20151204 091433 8365
20151204 091433 8365
20151204 091438 8368
20151204 091450 8363
20151204 091455 8369
20151204 091458 8361
20151204 091500 8360
20151204 091500 8360
20151204 091500 8360
20151204 091500 8360
20151204 091500 8361
20151204 091500 8361
20151204 091500 8361
20151204 091501 8357
20151204 091501 8359
20151204 091501 8359
20151204 091503 8356
20151204 091504 8356
20151204 091506 8359
20151204 091508 8361
20151204 091515 8360
20151204 091522 8360
20151204 091525 8358
20151204 091525 8358
20151204 091526 8357
20151204 091526 8357
20151204 091526 8358
20151204 091527 8356
20151204 091528 8355
20151204 091529 8353
20151204 091529 8353
20151204 091529 8353
20151204 091529 8354
20151204 091529 8354
20151204 091530 8351
20151204 091530 8351
20151204 091530 8351
20151204 091530 8351
20151204 091530 8351
20151204 091530 8351
20151204 091530 8351
20151204 091530 8353
20151204 091531 8350
20151204 091531 8351
20151204 091531 8351
20151204 091531 8352
20151204 091532 8355
20151204 091533 8354
20151204 091536 8354
20151204 091537 8369
20151204 091604 8353
20151204 091605 8351
20151204 091605 8351
20151204 091605 8352
20151204 091608 8351
20151204 091610 8353
20151204 091613 8351
20151204 091613 8352
20151204 091615 8351
20151204 091616 8349
20151204 091616 8349
20151204 091616 8350
20151204 091616 8350
20151204 091616 8350
20151204 091616 8350
20151204 091616 8350
20151204 091617 8342
20151204 091617 8342
20151204 091617 8342
20151204 091617 8342
20151204 091617 8342
20151204 091617 8343
20151204 091617 8343
20151204 091617 8344
20151204 091617 8344
20151204 091617 8346
20151204 091617 8346
20151204 091617 8347
20151204 091617 8348
20151204 091617 8357
20151204 091618 8332
20151204 091618 8332
20151204 091618 8332
20151204 091618 8332
20151204 091618 8333
20151204 091618 8333
20151204 091618 8333
20151204 091618 8333
20151204 091618 8333
20151204 091618 8333
20151204 091618 8333
20151204 091618 8334
20151204 091618 8334
20151204 091618 8334
20151204 091618 8334
20151204 091618 8335
20151204 091618 8335
20151204 091618 8336
20151204 091618 8336
20151204 091618 8336
20151204 091618 8336
20151204 091618 8337
20151204 091618 8337
20151204 091618 8337
20151204 091618 8339
20151204 091618 8339
20151204 091618 8339
20151204 091618 8339
20151204 091618 8339
20151204 091618 8339
20151204 091618 8339
20151204 091618 8339
20151204 091618 8339
20151204 091618 8339
20151204 091618 8339
20151204 091618 8340
20151204 091618 8340
20151204 091618 8340
20151204 091618 8341
20151204 091618 8341
20151204 091618 8341
20151204 091618 8341
20151204 091618 8341
20151204 091618 8341
20151204 091618 8341
20151204 091618 8341
20151204 091618 8341
20151204 091618 8341
20151204 091618 8341
20151204 091618 8341
20151204 091618 8341
20151204 091618 8341
20151204 091618 8341
20151204 091618 8341
20151204 091618 8341
20151204 091618 8341
20151204 091618 8341
20151204 091618 8341
20151204 091618 8341
20151204 091618 8341
20151204 091618 8342
20151204 091618 8351
20151204 091618 8353
20151204 091618 8353
20151204 091619 8336
20151204 091619 8350
20151204 091621 8336
20151204 091624 8332
20151204 091624 8332
20151204 091624 8335
20151204 091625 8336
20151204 091625 8337
20151204 091627 8337
20151204 091627 8337
20151204 091635 8336
20151204 091636 8337
20151204 091637 8337
20151204 091641 8342
20151204 091641 8342
20151204 091648 8342
20151204 091651 8342
20151204 091651 8342
20151204 091653 8340
20151204 091654 8340
20151204 091700 8339
20151204 091700 8339
20151204 091700 8340
20151204 091701 8344
20151204 091702 8344
20151204 091709 8347
20151204 091709 8347
20151204 091712 8343
20151204 091724 8346
20151204 091724 8346
20151204 091729 8349
20151204 091731 8353
20151204 091731 8354
20151204 091731 8354
20151204 091741 8358
20151204 091747 8350
20151204 091754 8350
20151204 091755 8351
20151204 091756 8351
20151204 091803 8347
20151204 091851 8346
20151204 091914 8349
20151204 091916 8346
20151204 091916 8347
20151204 091916 8347
20151204 091922 8345
20151204 091922 8345
20151204 091922 8345
20151204 091939 8343
20151204 091939 8344
20151204 091939 8345
20151204 091939 8345
20151204 091943 8344
20151204 091945 8358
20151204 091953 8343
20151204 091957 8342
20151204 091957 8343
20151204 092002 8345
20151204 092006 8349
20151204 092007 8351
20151204 092007 8353
20151204 092010 8354
20151204 092015 8352
20151204 092017 8351
20151204 092031 8358
20151204 092057 8357
20151204 092059 8358
20151204 092108 8351
20151204 092108 8351
20151204 092108 8351
20151204 092108 8351
20151204 092108 8351
20151204 092108 8351
20151204 092116 8353
20151204 092131 8356
20151204 092148 8358
20151204 092248 8353
20151204 092248 8353
20151204 092249 8352
20151204 092250 8351
20151204 092307 8352
20151204 092313 8351
20151204 092319 8349
20151204 092320 8349
20151204 092320 8349
20151204 092321 8349
20151204 092329 8350
20151204 092334 8367
20151204 092337 8349
20151204 092337 8349
20151204 092337 8350
20151204 092414 8362
20151204 092414 8362
20151204 092414 8362
20151204 092414 8363
20151204 092415 8364
20151204 092415 8364
20151204 092416 8364
20151204 092416 8364
20151204 092416 8364
20151204 092427 8364
20151204 092428 8365
20151204 092428 8365
20151204 092428 8365
20151204 092428 8366
20151204 092428 8366
20151204 092428 8366
20151204 092428 8367
20151204 092429 8371
20151204 092429 8371
20151204 092429 8372
20151204 092429 8372
20151204 092429 8373
20151204 092429 8373
20151204 092429 8373
20151204 092429 8373
20151204 092429 8374
20151204 092429 8374
20151204 092429 8374
20151204 092429 8375
20151204 092429 8376
20151204 092429 8376
20151204 092429 8376
20151204 092429 8377
20151204 092429 8377
20151204 092429 8378
20151204 092429 8378
20151204 092429 8384
20151204 092430 8378
20151204 092430 8379
20151204 092430 8379
20151204 092430 8379
20151204 092430 8380
20151204 092442 8376
20151204 092501 8376
20151204 092524 8384
20151204 092526 8368
20151204 092529 8370
20151204 092559 8373
20151204 092559 8373
20151204 092559 8374
20151204 092559 8374
20151204 092629 8370
20151204 092630 8370
20151204 092638 8367
20151204 092639 8366
20151204 092639 8366
20151204 092639 8366
20151204 092639 8366
20151204 092640 8365
20151204 092640 8365
20151204 092644 8366
20151204 092647 8367
20151204 092648 8369
20151204 092650 8368
20151204 092651 8369
20151204 092656 8367
20151204 092707 8372
20151204 092709 8373
20151204 092709 8373
20151204 092714 8375
20151204 092715 8375
20151204 092716 8375
20151204 092724 8371
20151204 092724 8371
20151204 092729 8372
20151204 092744 8367
20151204 092745 8366
20151204 092747 8368
20151204 092806 8366
20151204 092806 8367
20151204 092807 8364
20151204 092807 8365
20151204 092816 8370
20151204 092825 8369
20151204 092825 8369
20151204 092826 8371
20151204 092834 8370
20151204 092840 8369
20151204 092845 8368
20151204 092848 8367
20151204 092850 8366
20151204 092850 8366
20151204 092903 8367
20151204 092906 8366
20151204 092906 8366
20151204 092908 8366
20151204 092910 8366
20151204 092913 8366
20151204 092915 8364
20151204 092919 8365
20151204 092923 8358
20151204 092923 8359
20151204 092923 8360
20151204 092923 8361
20151204 092923 8361
20151204 092923 8361
20151204 092923 8361
20151204 092923 8361
20151204 092923 8361
20151204 092923 8362
20151204 092923 8362
20151204 092938 8379
20151204 092941 8365
20151204 092942 8365
20151204 093000 8361
20151204 093000 8361
20151204 093000 8361
20151204 093000 8362
20151204 093004 8356
20151204 093004 8356
20151204 093004 8357
20151204 093004 8357
20151204 093004 8358
20151204 093004 8373
20151204 093005 8356
20151204 093005 8356
20151204 093005 8356
20151204 093005 8356
20151204 093009 8356
20151204 093011 8352
20151204 093011 8352
20151204 093013 8351
20151204 093014 8351
20151204 093014 8351
20151204 093015 8351
20151204 093015 8351
20151204 093015 8351
20151204 093015 8351
20151204 093016 8351
20151204 093016 8351
20151204 093017 8351
20151204 093033 8351
20151204 093033 8351
20151204 093038 8364
20151204 093059 8363
20151204 093105 8356
20151204 093113 8359
20151204 093116 8360
20151204 093118 8360
20151204 093122 8364
20151204 093123 8364
20151204 093127 8366
20151204 093133 8368
20151204 093137 8369
20151204 093137 8369
20151204 093137 8369
20151204 093137 8369
20151204 093139 8371
20151204 093139 8371
20151204 093140 8372
20151204 093146 8366
20151204 093147 8366
20151204 093157 8365
20151204 093204 8364
20151204 093212 8360
20151204 093318 8361
20151204 093318 8361
20151204 093323 8357
20151204 093324 8356
20151204 093325 8354
20151204 093325 8355
20151204 093325 8355
20151204 093325 8355
20151204 093328 8357
20151204 093329 8356
20151204 093334 8373
20151204 093335 8358
20151204 093339 8361
20151204 093351 8364
20151204 093403 8361
20151204 093417 8360
20151204 093417 8360
20151204 093417 8360
20151204 093431 8357
20151204 093431 8357
20151204 093433 8356
20151204 093434 8357
20151204 093510 8364
20151204 093536 8365
20151204 093539 8367
20151204 093542 8369
20151204 093542 8369
20151204 093546 8364
20151204 093546 8364
20151204 093546 8364
20151204 093546 8364
20151204 093602 8364
20151204 093626 8366
20151204 093659 8367
20151204 093659 8367
20151204 093706 8367
20151204 093707 8368
20151204 093712 8368
20151204 093734 8367
20151204 093739 8366
20151204 093752 8367
20151204 093815 8366
20151204 093909 8364
20151204 093909 8364
20151204 093912 8363
20151204 093912 8363
20151204 093914 8362
20151204 093914 8362
20151204 093921 8361
20151204 093924 8360
20151204 093925 8360
20151204 093928 8361
20151204 094045 8365
20151204 094113 8365
20151204 094113 8365
20151204 094124 8362
20151204 094124 8362
20151204 094124 8362
20151204 094124 8362
20151204 094124 8362
20151204 094124 8362
20151204 094124 8363
20151204 094125 8356
20151204 094125 8356
20151204 094125 8356
20151204 094125 8357
20151204 094125 8358
20151204 094125 8358
20151204 094125 8358
20151204 094125 8359
20151204 094125 8360
20151204 094125 8361
20151204 094125 8361
20151204 094125 8361
20151204 094125 8361
20151204 094125 8373
20151204 094125 8373
20151204 094129 8359
20151204 094130 8358
20151204 094133 8356
20151204 094148 8360
20151204 094208 8366
20151204 094210 8368
20151204 094229 8366
20151204 094259 8365
20151204 094329 8364
20151204 094344 8368
20151204 094344 8369
20151204 094344 8369
20151204 094344 8369
20151204 094344 8371
20151204 094344 8372
20151204 094344 8380
20151204 094345 8373
20151204 094345 8373
20151204 094345 8374
20151204 094345 8375
20151204 094345 8375
20151204 094345 8383
20151204 094345 8383
20151204 094345 8383
20151204 094357 8372
20151204 094420 8366
20151204 094431 8364
20151204 094436 8367
20151204 094452 8362
20151204 094452 8363
20151204 094453 8361
20151204 094453 8361
20151204 094454 8364
20151204 094459 8360
20151204 094459 8360
20151204 094500 8362
20151204 094500 8372
20151204 094501 8357
20151204 094501 8358
20151204 094508 8362
20151204 094508 8374
20151204 094534 8359
20151204 094538 8358
20151204 094538 8359
20151204 094541 8357
20151204 094542 8357
20151204 094547 8356
20151204 094547 8356
20151204 094547 8357
20151204 094548 8356
20151204 094548 8357
20151204 094549 8353
20151204 094549 8353
20151204 094549 8353
20151204 094549 8353
20151204 094549 8353
20151204 094549 8354
20151204 094549 8355
20151204 094549 8355
20151204 094553 8354
20151204 094553 8354
20151204 094555 8352
20151204 094556 8352
20151204 094556 8352
20151204 094557 8351
20151204 094557 8352
20151204 094557 8352
20151204 094557 8352
20151204 094557 8352
20151204 094558 8352
20151204 094559 8351
20151204 094559 8351
20151204 094559 8351
20151204 094559 8351
20151204 094559 8351
20151204 094559 8351
20151204 094559 8351
20151204 094559 8351
20151204 094559 8351
20151204 094600 8344
20151204 094600 8344
20151204 094600 8344
20151204 094600 8345
20151204 094600 8345
20151204 094600 8345
20151204 094600 8346
20151204 094600 8346
20151204 094600 8346
20151204 094600 8346
20151204 094600 8346
20151204 094600 8346
20151204 094600 8347
20151204 094600 8348
20151204 094600 8348
20151204 094600 8349
20151204 094600 8349
20151204 094600 8349
20151204 094600 8349
20151204 094600 8349
20151204 094600 8350
20151204 094600 8360
20151204 094600 8362
20151204 094600 8364
20151204 094601 8343
20151204 094601 8344
20151204 094601 8344
20151204 094603 8347
20151204 094611 8347
20151204 094627 8350
20151204 094637 8348
20151204 094643 8347
20151204 094643 8349
20151204 094643 8349
20151204 094652 8349
20151204 094653 8348
20151204 094654 8347
20151204 094654 8347
20151204 094654 8347
20151204 094654 8347
20151204 094654 8347
20151204 094655 8347
20151204 094658 8346
20151204 094658 8346
20151204 094658 8346
20151204 094658 8346
20151204 094709 8349
20151204 094710 8349
20151204 094716 8349
20151204 094716 8349
20151204 094724 8352
20151204 094739 8352
20151204 094739 8352
20151204 094747 8351
20151204 094747 8351
20151204 094805 8351
20151204 094807 8351
20151204 094815 8351
20151204 094831 8357
20151204 094831 8357
20151204 094907 8351
20151204 094909 8351
20151204 094910 8351
20151204 094911 8351
20151204 094920 8354
20151204 094929 8352
20151204 094937 8349
20151204 094939 8349
20151204 094939 8349
20151204 094939 8349
20151204 094946 8348
20151204 094947 8348
20151204 094950 8347
20151204 094950 8347
20151204 094950 8349
20151204 094952 8347
20151204 094952 8347
20151204 094953 8343
20151204 094953 8343
20151204 094953 8343
20151204 094953 8343
20151204 094953 8343
20151204 094953 8344
20151204 094953 8345
20151204 094953 8345
20151204 094953 8346
20151204 094953 8346
20151204 094953 8346
20151204 094953 8360
20151204 094954 8339
20151204 094954 8339
20151204 094954 8339
20151204 094954 8339
20151204 094954 8339
20151204 094954 8339
20151204 094954 8339
20151204 094954 8339
20151204 094954 8339
20151204 094954 8340
20151204 094954 8341
20151204 094954 8341
20151204 094954 8341
20151204 094954 8341
20151204 094954 8341
20151204 094954 8341
20151204 094954 8341
20151204 094954 8341
20151204 094954 8341
20151204 094954 8341
20151204 094954 8341
20151204 094954 8341
20151204 094954 8341
20151204 094954 8341
20151204 094954 8341
20151204 094954 8341
20151204 094954 8341
20151204 094954 8341
20151204 094954 8341
20151204 094954 8341
20151204 094954 8341
20151204 094954 8341
20151204 094954 8341
20151204 094954 8341
20151204 094954 8341
20151204 094954 8341
20151204 094954 8341
20151204 094954 8341
20151204 094954 8342
20151204 094954 8342
20151204 094954 8342
20151204 094954 8342
20151204 094954 8358
20151204 095001 8336
20151204 095001 8336
20151204 095001 8336
20151204 095001 8336
20151204 095001 8336
20151204 095001 8337
20151204 095001 8337
20151204 095001 8337
20151204 095001 8337
20151204 095001 8337
20151204 095001 8337
20151204 095001 8337
20151204 095001 8337
20151204 095001 8338
20151204 095001 8338
20151204 095002 8329
20151204 095002 8329
20151204 095002 8329
20151204 095002 8329
20151204 095002 8329
20151204 095002 8329
20151204 095002 8329
20151204 095002 8329
20151204 095002 8329
20151204 095002 8329
20151204 095002 8329
20151204 095002 8329
20151204 095002 8330
20151204 095002 8330
20151204 095002 8330
20151204 095002 8331
20151204 095002 8331
20151204 095002 8331
20151204 095002 8331
20151204 095002 8331
20151204 095002 8331
20151204 095002 8331
20151204 095002 8331
20151204 095002 8331
20151204 095002 8331
20151204 095002 8331
20151204 095002 8331
20151204 095002 8331
20151204 095002 8331
20151204 095002 8331
20151204 095002 8331
20151204 095002 8331
20151204 095002 8331
20151204 095002 8331
20151204 095002 8331
20151204 095002 8331
20151204 095002 8331
20151204 095002 8331
20151204 095002 8331
20151204 095002 8331
20151204 095002 8331
20151204 095002 8331
20151204 095002 8331
20151204 095002 8331
20151204 095002 8331
20151204 095002 8331
20151204 095002 8331
20151204 095002 8331
20151204 095002 8331
20151204 095002 8331
20151204 095002 8331
20151204 095002 8332
20151204 095002 8332
20151204 095002 8332
20151204 095002 8332
20151204 095002 8332
20151204 095002 8332
20151204 095002 8332
20151204 095002 8332
20151204 095002 8332
20151204 095002 8332
20151204 095002 8332
20151204 095002 8332
20151204 095002 8332
20151204 095002 8332
20151204 095002 8333
20151204 095002 8333
20151204 095002 8333
20151204 095002 8333
20151204 095002 8333
20151204 095002 8333
20151204 095002 8333
20151204 095002 8333
20151204 095002 8333
20151204 095002 8333
20151204 095002 8333
20151204 095002 8333
20151204 095002 8333
20151204 095002 8334
20151204 095002 8334
20151204 095002 8334
20151204 095002 8335
20151204 095002 8335
20151204 095002 8335
20151204 095002 8347
20151204 095003 8326
20151204 095003 8326
20151204 095003 8326
20151204 095003 8326
20151204 095003 8326
20151204 095003 8326
20151204 095003 8326
20151204 095003 8326
20151204 095003 8327
20151204 095003 8327
20151204 095003 8327
20151204 095003 8327
20151204 095003 8327
20151204 095003 8327
20151204 095003 8327
20151204 095003 8327
20151204 095003 8327
20151204 095003 8327
20151204 095003 8327
20151204 095003 8328
20151204 095003 8328
20151204 095003 8328
20151204 095003 8330
20151204 095004 8329
20151204 095005 8331
20151204 095007 8334
20151204 095011 8327
20151204 095023 8333
20151204 095024 8333
20151204 095028 8335
20151204 095032 8335
20151204 095032 8335
20151204 095035 8334
20151204 095036 8335
20151204 095046 8353
20151204 095101 8337
20151204 095134 8341
20151204 095134 8341
20151204 095134 8342
20151204 095134 8343
20151204 095134 8355
20151204 095134 8356
20151204 095142 8348
20151204 095155 8341
20151204 095221 8355
20151204 095223 8338
20151204 095239 8339
20151204 095239 8339
20151204 095240 8338
20151204 095240 8338
20151204 095240 8338
20151204 095240 8338
20151204 095241 8338
20151204 095339 8344
20151204 095406 8344
20151204 095408 8345
20151204 095409 8345
20151204 095423 8345
20151204 095428 8345
20151204 095428 8345
20151204 095439 8345
20151204 095447 8345
20151204 095452 8345
20151204 095452 8345
20151204 095458 8344
20151204 095501 8343
20151204 095502 8343
20151204 095531 8358
20151204 095548 8349
20151204 095548 8349
20151204 095548 8349
20151204 095549 8349
20151204 095604 8347
20151204 095625 8347
20151204 095626 8346
20151204 095643 8351
20151204 095653 8347
20151204 095701 8344
20151204 095701 8345
20151204 095701 8345
20151204 095704 8345
20151204 095706 8343
20151204 095708 8344
20151204 095708 8344
20151204 095710 8344
20151204 095712 8345
20151204 095817 8347
20151204 095836 8349
20151204 095844 8349
20151204 095913 8351
20151204 095914 8352
20151204 095914 8353
20151204 095914 8353
20151204 095914 8353
20151204 095915 8354
20151204 095915 8354
20151204 095917 8353
20151204 095917 8353
20151204 095917 8354
20151204 095917 8354
20151204 095917 8354
20151204 095959 8349
20151204 100000 8348
20151204 100002 8348
20151204 100003 8349
20151204 100011 8347
20151204 100015 8346
20151204 100037 8348
20151204 100038 8348
20151204 100044 8348
20151204 100056 8351
20151204 100153 8353
20151204 100158 8356
20151204 100159 8357
20151204 100216 8355
20151204 100221 8354
20151204 100309 8353
20151204 100310 8353
20151204 100316 8353
20151204 100319 8353
20151204 100416 8351
20151204 100416 8351
20151204 100416 8351
20151204 100416 8351
20151204 100416 8351
20151204 100416 8351
20151204 100417 8349
20151204 100417 8349
20151204 100417 8349
20151204 100417 8350
20151204 100431 8351
20151204 100443 8349
20151204 100551 8355
20151204 100645 8351
20151204 100740 8353
20151204 100744 8354
20151204 100830 8352
20151204 100832 8351
20151204 100913 8352
20151204 100922 8351
20151204 100922 8351
20151204 100922 8352
20151204 100928 8352
20151204 100938 8352
20151204 100949 8351
20151204 101109 8366
20151204 101109 8367
20151204 101109 8367
20151204 101116 8349
20151204 101127 8365
20151204 101204 8349
20151204 101204 8349
20151204 101230 8368
20151204 101300 8354
20151204 101300 8354
20151204 101359 8357
20151204 101359 8357
20151204 101359 8357
20151204 101359 8358
20151204 101400 8358
20151204 101401 8359
20151204 101401 8359
20151204 101401 8360
20151204 101401 8360
20151204 101401 8360
20151204 101401 8371
20151204 101404 8362
20151204 101404 8362
20151204 101404 8362
20151204 101404 8363
20151204 101404 8363
20151204 101404 8363
20151204 101404 8364
20151204 101404 8364
20151204 101404 8364
20151204 101404 8364
20151204 101404 8364
20151204 101404 8365
20151204 101404 8374
20151204 101405 8365
20151204 101405 8366
20151204 101405 8366
20151204 101429 8361
20151204 101431 8361
20151204 101433 8362
20151204 101435 8361
20151204 101438 8364
20151204 101438 8365
20151204 101440 8365
20151204 101442 8365
20151204 101442 8367
20151204 101442 8368
20151204 101544 8359
20151204 101545 8359
20151204 101545 8359
20151204 101546 8359
20151204 101624 8360
20151204 101742 8357
20151204 101753 8378
20151204 101838 8360
20151204 101859 8360
20151204 101918 8360
20151204 102052 8359
20151204 102117 8377
20151204 102143 8357
20151204 102143 8357
20151204 102143 8357
20151204 102144 8355
20151204 102144 8355
20151204 102144 8356
20151204 102149 8353
20151204 102149 8353
20151204 102149 8353
20151204 102153 8353
20151204 102157 8352
20151204 102159 8351
20151204 102159 8351
20151204 102257 8355
20151204 102308 8354
20151204 102329 8354
20151204 102330 8354
20151204 102455 8363
20151204 102455 8363
20151204 102456 8365
20151204 102456 8365
20151204 102456 8376
20151204 102457 8365
20151204 102617 8361
20151204 102636 8365
20151204 102636 8365
20151204 102636 8366
20151204 102800 8368
20151204 102800 8369
20151204 102800 8369
20151204 102800 8369
20151204 102800 8369
20151204 102800 8369
20151204 102800 8370
20151204 102800 8370
20151204 102800 8370
20151204 102800 8370
20151204 102800 8370
20151204 102800 8371
20151204 102800 8372
20151204 102800 8372
20151204 102800 8372
20151204 102800 8372
20151204 102800 8372
20151204 102800 8373
20151204 102800 8373
20151204 102800 8373
20151204 102800 8374
20151204 102800 8374
20151204 102800 8374
20151204 102800 8374
20151204 102800 8374
20151204 102800 8374
20151204 102800 8374
20151204 102800 8374
20151204 102800 8382
20151204 102800 8384
20151204 102801 8375
20151204 102801 8376
20151204 102801 8376
20151204 102801 8376
20151204 102801 8376
20151204 102801 8377
20151204 102801 8377
20151204 102801 8377
20151204 102801 8377
20151204 102801 8377
20151204 102801 8378
20151204 102801 8384
20151204 102802 8378
20151204 102802 8378
20151204 102814 8374
20151204 102814 8374
20151204 102816 8385
20151204 102819 8375
20151204 102822 8375
20151204 102858 8373
20151204 102906 8373
20151204 102907 8373
20151204 102915 8373
20151204 102921 8376
20151204 102925 8375
20151204 102937 8374
20151204 102937 8374
20151204 102945 8374
20151204 103021 8377
20151204 103022 8377
20151204 103022 8377
20151204 103022 8378
20151204 103022 8378
20151204 103022 8378
20151204 103022 8378
20151204 103022 8379
20151204 103022 8379
20151204 103022 8379
20151204 103022 8379
20151204 103022 8379
20151204 103022 8379
20151204 103022 8379
20151204 103022 8379
20151204 103022 8379
20151204 103022 8379
20151204 103022 8379
20151204 103022 8381
20151204 103022 8381
20151204 103022 8381
20151204 103022 8381
20151204 103022 8381
20151204 103022 8381
20151204 103022 8382
20151204 103022 8382
20151204 103022 8382
20151204 103022 8382
20151204 103022 8382
20151204 103022 8383
20151204 103022 8383
20151204 103022 8383
20151204 103022 8383
20151204 103022 8384
20151204 103022 8384
20151204 103022 8384
20151204 103022 8384
20151204 103022 8384
20151204 103022 8384
20151204 103022 8384
20151204 103022 8384
20151204 103022 8384
20151204 103022 8384
20151204 103022 8384
20151204 103022 8384
20151204 103022 8384
20151204 103022 8384
20151204 103022 8384
20151204 103022 8385
20151204 103022 8385
20151204 103022 8390
20151204 103022 8391
20151204 103022 8393
20151204 103022 8393
20151204 103023 8385
20151204 103023 8385
20151204 103023 8385
20151204 103023 8386
20151204 103023 8386
20151204 103027 8382
20151204 103028 8380
20151204 103033 8380
20151204 103034 8389
20151204 103034 8389
20151204 103057 8381
20151204 103102 8383
20151204 103123 8379
20151204 103148 8378
20151204 103230 8377
20151204 103309 8383
20151204 103310 8383
20151204 103312 8383
20151204 103315 8383
20151204 103317 8384
20151204 103326 8384
20151204 103326 8384
20151204 103327 8386
20151204 103327 8386
20151204 103327 8387
20151204 103327 8387
20151204 103327 8387
20151204 103327 8387
20151204 103327 8387
20151204 103327 8387
20151204 103327 8387
20151204 103327 8387
20151204 103327 8388
20151204 103328 8388
20151204 103328 8389
20151204 103328 8389
20151204 103328 8389
20151204 103328 8390
20151204 103328 8390
20151204 103328 8391
20151204 103328 8391
20151204 103328 8391
20151204 103328 8391
20151204 103328 8391
20151204 103328 8392
20151204 103328 8392
20151204 103328 8392
20151204 103328 8392
20151204 103328 8392
20151204 103328 8392
20151204 103328 8397
20151204 103330 8390
20151204 103332 8387
20151204 103333 8386
20151204 103353 8388
20151204 103353 8388
20151204 103402 8388
20151204 103408 8388
20151204 103425 8385
20151204 103438 8386
20151204 103520 8381
20151204 103520 8382
20151204 103554 8379
20151204 103554 8379
20151204 103556 8381
20151204 103558 8380
20151204 103603 8382
20151204 103604 8380
20151204 103604 8380
20151204 103606 8380
20151204 103614 8382
20151204 103617 8382
20151204 103618 8382
20151204 103647 8384
20151204 103647 8384
20151204 103647 8384
20151204 103648 8384
20151204 103700 8385
20151204 103702 8387
20151204 103801 8388
20151204 103801 8389
20151204 103801 8389
20151204 103801 8389
20151204 103801 8389
20151204 103801 8390
20151204 103801 8390
20151204 103801 8392
20151204 103801 8392
20151204 103801 8392
20151204 103801 8392
20151204 103801 8400
20151204 103802 8393
20151204 103802 8393
20151204 103802 8393
20151204 103802 8393
20151204 103802 8393
20151204 103802 8394
20151204 103802 8394
20151204 103802 8394
20151204 103802 8394
20151204 103802 8394
20151204 103802 8394
20151204 103802 8394
20151204 103802 8394
20151204 103802 8394
20151204 103802 8394
20151204 103802 8394
20151204 103802 8395
20151204 103802 8395
20151204 103802 8395
20151204 103802 8395
20151204 103802 8395
20151204 103802 8395
20151204 103802 8395
20151204 103802 8396
20151204 103802 8396
20151204 103802 8397
20151204 103802 8397
20151204 103802 8397
20151204 103802 8397
20151204 103802 8397
20151204 103802 8398
20151204 103802 8398
20151204 103802 8398
20151204 103802 8399
20151204 103802 8399
20151204 103802 8399
20151204 103802 8399
20151204 103802 8399
20151204 103802 8399
20151204 103802 8399
20151204 103802 8399
20151204 103802 8399
20151204 103802 8399
20151204 103802 8399
20151204 103802 8400
20151204 103802 8400
20151204 103802 8400
20151204 103802 8402
20151204 103802 8402
20151204 103803 8400
20151204 103803 8400
20151204 103803 8401
20151204 103803 8401
20151204 103803 8401
20151204 103803 8401
20151204 103803 8402
20151204 103803 8402
20151204 103803 8402
20151204 103803 8402
20151204 103803 8402
20151204 103803 8402
20151204 103803 8402
20151204 103803 8402
20151204 103803 8403
20151204 103803 8403
20151204 103803 8403
20151204 103803 8403
20151204 103803 8403
20151204 103803 8403
20151204 103803 8403
20151204 103803 8403
20151204 103803 8403
20151204 103803 8403
20151204 103803 8403
20151204 103803 8403
20151204 103803 8403
20151204 103803 8404
20151204 103803 8404
20151204 103803 8404
20151204 103803 8404
20151204 103803 8404
20151204 103803 8404
20151204 103803 8404
20151204 103803 8404
20151204 103803 8404
20151204 103803 8404
20151204 103803 8404
20151204 103803 8404
20151204 103803 8404
20151204 103803 8404
20151204 103803 8404
20151204 103803 8404
20151204 103803 8404
20151204 103803 8404
20151204 103803 8404
20151204 103803 8404
20151204 103803 8404
20151204 103803 8404
20151204 103803 8404
20151204 103803 8404
20151204 103803 8404
20151204 103803 8404
20151204 103803 8404
20151204 103803 8404
20151204 103803 8404
20151204 103803 8404
20151204 103803 8404
20151204 103803 8404
20151204 103803 8404
20151204 103803 8404
20151204 103803 8405
20151204 103803 8405
20151204 103803 8405
20151204 103803 8405
20151204 103803 8405
20151204 103803 8405
20151204 103803 8406
20151204 103803 8406
20151204 103803 8406
20151204 103803 8406
20151204 103803 8407
20151204 103803 8409
20151204 103803 8409
20151204 103803 8409
20151204 103803 8409
20151204 103803 8409
20151204 103803 8409
20151204 103805 8406
20151204 103806 8404
20151204 103814 8401
20151204 103830 8402
20151204 103848 8404
20151204 103851 8401
20151204 103852 8402
20151204 103856 8397
20151204 103856 8397
20151204 103856 8398
20151204 103858 8397
20151204 103911 8400
20151204 103921 8401
20151204 103930 8398
20151204 103931 8396
20151204 103947 8399
20151204 103947 8400
20151204 103947 8401
20151204 103950 8402
20151204 103951 8403
20151204 103952 8400
20151204 103958 8400
20151204 104001 8403
20151204 104001 8403
20151204 104001 8403
20151204 104001 8403
20151204 104002 8400
20151204 104005 8400
20151204 104009 8400
20151204 104020 8400
20151204 104028 8399
20151204 104036 8399
20151204 104043 8397
20151204 104114 8396
20151204 104126 8396
20151204 104128 8397
20151204 104148 8393
20151204 104151 8393
20151204 104158 8393
20151204 104214 8394
20151204 104214 8394
20151204 104222 8395
20151204 104222 8395
20151204 104229 8394
20151204 104238 8391
20151204 104256 8389
20151204 104257 8389
20151204 104309 8391
20151204 104319 8392
20151204 104328 8392
20151204 104332 8391
20151204 104353 8391
20151204 104411 8391
20151204 104438 8387
20151204 104438 8387
20151204 104438 8387
20151204 104439 8386
20151204 104452 8387
20151204 104501 8387
20151204 104532 8388
20151204 104532 8388
20151204 104552 8387
20151204 104554 8388
20151204 104603 8389
20151204 104615 8387
20151204 104619 8386
20151204 104640 8389
20151204 104650 8388
20151204 104651 8386
20151204 104651 8386
20151204 104651 8387
20151204 104720 8387
20151204 104737 8389
20151204 104753 8392
20151204 104833 8392
20151204 104833 8392
20151204 104858 8394
20151204 104858 8394
20151204 104858 8395
20151204 105209 8390
20151204 105211 8389
20151204 105211 8389
20151204 105212 8389
20151204 105219 8388
20151204 105221 8387
20151204 105227 8386
20151204 105229 8386
20151204 105229 8386
20151204 105230 8386
20151204 105232 8386
20151204 105233 8386
20151204 105301 8386
20151204 105326 8389
20151204 105349 8389
20151204 105349 8389
20151204 105409 8383
20151204 105409 8383
20151204 105409 8383
20151204 105409 8383
20151204 105444 8388
20151204 105449 8387
20151204 105506 8390
20151204 105506 8390
20151204 105506 8390
20151204 105506 8391
20151204 105507 8392
20151204 105538 8386
20151204 105625 8387
20151204 105643 8388
20151204 105830 8389
20151204 105903 8389
20151204 105909 8390
20151204 105923 8392
20151204 105925 8400
20151204 105926 8393
20151204 105926 8394
20151204 105944 8391
20151204 105951 8391
20151204 105951 8391
20151204 105954 8391
20151204 110004 8388
20151204 110053 8395
20151204 110312 8391
20151204 110415 8390
20151204 110522 8391
20151204 110604 8392
20151204 110604 8392
20151204 110604 8393
20151204 110604 8393
20151204 110605 8394
20151204 110606 8395
20151204 110606 8395
20151204 110606 8395
20151204 110606 8396
20151204 110606 8396
20151204 110606 8396
20151204 110606 8397
20151204 110608 8395
20151204 110654 8392
20151204 110701 8392
20151204 110708 8389
20151204 110821 8392
20151204 111014 8390
20151204 111127 8389
20151204 111212 8387
20151204 111213 8384
20151204 111213 8386
20151204 111213 8386
20151204 111213 8396
20151204 111231 8388
20151204 111301 8386
20151204 111301 8386
20151204 111404 8390
20151204 111404 8391
20151204 111456 8390
20151204 111518 8392
20151204 111518 8394
20151204 111518 8394
20151204 111613 8393
20151204 111642 8391
20151204 111710 8392
20151204 111737 8387
20151204 111738 8386
20151204 112003 8386
20151204 112018 8385
20151204 112117 8381
20151204 112117 8381
20151204 112117 8381
20151204 112117 8381
20151204 112117 8381
20151204 112117 8381
20151204 112117 8381
20151204 112117 8382
20151204 112117 8382
20151204 112117 8382
20151204 112117 8382
20151204 112117 8382
20151204 112117 8383
20151204 112117 8383
20151204 112121 8382
20151204 112126 8382
20151204 112145 8381
20151204 112148 8379
20151204 112148 8379
20151204 112149 8379
20151204 112149 8379
20151204 112150 8379
20151204 112150 8379
20151204 112154 8380
20151204 112158 8380
20151204 112158 8380
20151204 112158 8380
20151204 112201 8378
20151204 112201 8378
20151204 112204 8380
20151204 112308 8379
20151204 112324 8378
20151204 112358 8377
20151204 112358 8377
20151204 112358 8377
20151204 112358 8377
20151204 112358 8390
20151204 112400 8376
20151204 112400 8377
20151204 112401 8376
20151204 112402 8376
20151204 112404 8376
20151204 112404 8377
20151204 112415 8379
20151204 112419 8377
20151204 112557 8379
20151204 112607 8381
20151204 112607 8382
20151204 112607 8382
20151204 112610 8380
20151204 112657 8381
20151204 112753 8389
20151204 112804 8390
20151204 112805 8383
20151204 112806 8384
20151204 112806 8384
20151204 112809 8384
20151204 112926 8381
20151204 113002 8384
20151204 113045 8380
20151204 113045 8381
20151204 113107 8381
20151204 113127 8382
20151204 113430 8379
20151204 113430 8379
20151204 113430 8379
20151204 113446 8391
20151204 113450 8378
20151204 113451 8378
20151204 113457 8378
20151204 113458 8378
20151204 113459 8378
20151204 113501 8376
20151204 113501 8376
20151204 113501 8376
20151204 113501 8377
20151204 113501 8377
20151204 113503 8373
20151204 113503 8373
20151204 113503 8373
20151204 113503 8373
20151204 113503 8373
20151204 113552 8373
20151204 113556 8373
20151204 113600 8372
20151204 113739 8379
20151204 113739 8379
20151204 113739 8381
20151204 113754 8379
20151204 113859 8378
20151204 114002 8382
20151204 114002 8382
20151204 114021 8382
20151204 114132 8384
20151204 114132 8384
20151204 114132 8384
20151204 114132 8384
20151204 114133 8388
20151204 114133 8388
20151204 114133 8389
20151204 114133 8389
20151204 114133 8395
20151204 114143 8395
20151204 114203 8386
20151204 114206 8390
20151204 114226 8384
20151204 114300 8392
20151204 114341 8386
20151204 114346 8386
20151204 114346 8386
20151204 114500 8389
20151204 114503 8389
20151204 114508 8391
20151204 114508 8392
20151204 114509 8393
20151204 114656 8391
20151204 114713 8391
20151204 114801 8390
20151204 114801 8390
20151204 115009 8394
20151204 115047 8394
20151204 115051 8395
20151204 115052 8395
20151204 115139 8389
20151204 115143 8389
20151204 115144 8388
20151204 115147 8389
20151204 115230 8389
20151204 115238 8389
20151204 115241 8389
20151204 115321 8390
20151204 115331 8389
20151204 115652 8388
20151204 115806 8389
20151204 115918 8389
20151204 120038 8393
20151204 120045 8394
20151204 120045 8394
20151204 120046 8394
20151204 120110 8395
20151204 120114 8395
20151204 120122 8395
20151204 120122 8395
20151204 120224 8390
20151204 120229 8390
20151204 120539 8388
20151204 120539 8388
20151204 120607 8388
20151204 120646 8387
20151204 120737 8389
20151204 120858 8388
20151204 121028 8390
20151204 121035 8390
20151204 121036 8390
20151204 121056 8390
20151204 121056 8391
20151204 121200 8391
20151204 121201 8392
20151204 121517 8387
20151204 121518 8387
20151204 121525 8386
20151204 121534 8384
20151204 121534 8384
20151204 121534 8384
20151204 121534 8385
20151204 121534 8386
20151204 121652 8385
20151204 121703 8385
20151204 121732 8386
20151204 121819 8386
20151204 121849 8388
20151204 121929 8388
20151204 121935 8388
20151204 122049 8388
20151204 122106 8390
20151204 122106 8390
20151204 122106 8390
20151204 122115 8391
20151204 122136 8392
20151204 122201 8393
20151204 122202 8394
20151204 122239 8394
20151204 122239 8394
20151204 122239 8394
20151204 122239 8394
20151204 122239 8394
20151204 122239 8394
20151204 122245 8393
20151204 122249 8393
20151204 122412 8395
20151204 122412 8395
20151204 122412 8395
20151204 122412 8396
20151204 122412 8396
20151204 122412 8396
20151204 122412 8396
20151204 122412 8396
20151204 122412 8396
20151204 122413 8396
20151204 122414 8397
20151204 122414 8398
20151204 122414 8398
20151204 122414 8398
20151204 122414 8398
20151204 122415 8398
20151204 122416 8398
20151204 122416 8398
20151204 122416 8398
20151204 122417 8398
20151204 122501 8398
20151204 122501 8398
20151204 122501 8399
20151204 122501 8399
20151204 122501 8399
20151204 122501 8399
20151204 122501 8399
20151204 122501 8399
20151204 122501 8399
20151204 122501 8400
20151204 122501 8400
20151204 122501 8400
20151204 122501 8400
20151204 122501 8400
20151204 122501 8400
20151204 122501 8400
20151204 122501 8400
20151204 122501 8401
20151204 122501 8401
20151204 122501 8401
20151204 122502 8402
20151204 122502 8402
20151204 122502 8403
20151204 122511 8403
20151204 122511 8403
20151204 122512 8402
20151204 122512 8403
20151204 122513 8403
20151204 122513 8403
20151204 122536 8399
20151204 122545 8399
20151204 122621 8396
20151204 122626 8396
20151204 122641 8398
20151204 122648 8398
20151204 122659 8398
20151204 122715 8408
20151204 122722 8408
20151204 122948 8396
20151204 123002 8397
20151204 123010 8396
20151204 123325 8396
20151204 123327 8396
20151204 123342 8396
20151204 123432 8398
20151204 123451 8397
20151204 123535 8399
20151204 123536 8399
20151204 123616 8398
20151204 123633 8396
20151204 123646 8396
20151204 123801 8406
20151204 123817 8391
20151204 123819 8391
20151204 123820 8391
20151204 123821 8391
20151204 123829 8391
20151204 123904 8391
20151204 124036 8393
20151204 124110 8392
20151204 124121 8393
20151204 124129 8392
20151204 124240 8403
20151204 124253 8388
20151204 124254 8388
20151204 124457 8392
20151204 124458 8391
20151204 124501 8393
20151204 124506 8392
20151204 124600 8392
20151204 124600 8392
20151204 124711 8392
20151204 124739 8393
20151204 124804 8394
20151204 124806 8393
20151204 124835 8395
20151204 124845 8396
20151204 124858 8398
20151204 124900 8398
20151204 125120 8393
20151204 125209 8408
20151204 125237 8409
20151204 125307 8394
20151204 125648 8394
20151204 125736 8397
20151204 125737 8396
20151204 125742 8397
20151204 125758 8397
20151204 125838 8397
20151204 125854 8397
20151204 130027 8398
20151204 130123 8397
20151204 130313 8393
20151204 130313 8393
20151204 130313 8394
20151204 130321 8392
20151204 130338 8392
20151204 130414 8394
20151204 130536 8394
20151204 130748 8395
20151204 130856 8393
20151204 130917 8408
20151204 130928 8392
20151204 130932 8392
20151204 130932 8392
20151204 130932 8392
20151204 130937 8391
20151204 130940 8391
20151204 130943 8391
20151204 130943 8391
20151204 130943 8391
20151204 130943 8391
20151204 131004 8394
20151204 131156 8392
20151204 131218 8391
20151204 131553 8395
20151204 131556 8393
20151204 131613 8393
20151204 131743 8393
20151204 131809 8405
20151204 131824 8388
20151204 131825 8387
20151204 131855 8386
20151204 131855 8386
20151204 131931 8389
20151204 131952 8388
20151204 132021 8389
20151204 132059 8388
20151204 132103 8389
20151204 132113 8389
20151204 132117 8388
20151204 132147 8390
20151204 132152 8390
20151204 132329 8389
20151204 132329 8389
20151204 132329 8389
20151204 132526 8388
20151204 132537 8389
20151204 132612 8386
20151204 132705 8384
20151204 132705 8384
20151204 132705 8384
20151204 132705 8398
20151204 132706 8384
20151204 132719 8387
20151204 132729 8388
20151204 132822 8388
20151204 132822 8389
20151204 132822 8389
20151204 132841 8389
20151204 133014 8398
20151204 133105 8394
20151204 133105 8394
20151204 133311 8390
20151204 133311 8390
20151204 133501 8390
20151204 133516 8390
20151204 133718 8393
20151204 133737 8392
20151204 133741 8394
20151204 133744 8394
20151204 133753 8394
20151204 133754 8394
20151204 133754 8394
20151204 133757 8394
20151204 133759 8394
20151204 133800 8393
20151204 133800 8394
20151204 133814 8394
20151204 134027 8391
20151204 134028 8391
20151204 134029 8391
20151204 134241 8391
20151204 134241 8391
20151204 134242 8392
20151204 134315 8393
20151204 134319 8393
20151204 134319 8393
20151204 134319 8393
20151204 134328 8393
20151204 134336 8394
20151204 134338 8394
20151204 134338 8394
20151204 134340 8394
20151204 134340 8394
20151204 134341 8394
20151204 134341 8394
20151204 134341 8394
20151204 134341 8394
20151204 134341 8394
20151204 134341 8394
20151204 134341 8394
20151204 134346 8393
20151204 134400 8392
20151204 134420 8393
20151204 134420 8393
20151204 134425 8394
20151204 134428 8394
20151204 134431 8394
20151204 134436 8394
20151204 134440 8395
20151204 134445 8394
20151204 134445 8395
20151204 134445 8395
20151204 134448 8395
20151204 134448 8395
20151204 134448 8395
20151204 134451 8395
20151204 134451 8395
20151204 134458 8395
20151204 134459 8395
