output/intermediate/Daily_2015_10_14_MTX.txt
Configuration loaded successfully.
0
100
100
100
100
0
0
0
0
0
0
0
0
0
100
0
0
0
0
0
0
0
0
0
0
0
0
0
0
0
0
100
0
0
0
0
0
0
0
100
100
0
0
0
0
0
0
0
0
0
0
0
0
0
0
0
0
0
0
0
0
0
0
0
0
0
0
0
0
0
0
0
0
0
0
0
0
0
0
0
0
0
0
0
0
0
0
0
0
0
0
0
0
0
0
0
0
0
0
0
0
0
0
0
0
0
0
0
0
0
0
0
0
0
0
0
0
0
0
0
0
0
0
0
0
0
0
0
0
100
100
100
100
100
0
100
0
0
0
100
0
0
0
0
0
0
0
0
0
0
0
0
0
0
0
0
0
0
0
0
0
0
0
0
0
0
100
100
0
0
0
0
0
0
0
0
0
0
0
0
0
0
0
0
0
0
0
0
0
0
0
0
0
0
0
0
0
0
0
0
0
0
0
100
100
100
100
0
0
0
0
0
0
0
0
0
0
0
0
0
0
0
0
0
0
0
0
0
0
0
0
0
0
0
0
0
0
0
0
0
0
0
0
0
0
0
0
0
0
0
0
100
100
100
100
0
0
100
0
0
0
0
0
0
0
100
100
0
0
0
0
0
0
0
0
0
0
0
0
0
0
0
0
0
0
0
0
0
0
0
0
0
0
0
0
0
0
0
0
0
0
0
0
0
0
0
0
0
0
0
0
0
0
0
0
0
0
0
0
100
100
100
0
0
0
0
0
0
0
0
100
0
0
0
0
0
0
0
0
0
0
0
0
0
0
0
0
0
0
0
0
0
100
0
0
0
0
100
0
0
0
100
0
0
0
0
0
0
0
0
0
0
0
0
0
0
0
0
0
0
0
0
0
0
0
0
0
0
0
0
0
0
0
0
0
0
0
0
0
0
0
0
0
0
0
0
0
0
0
0
0
0
0
100
100
0
0
0
0
0
0
0
0
0
0
0
0
0
0
0
100
100
0
0
0
0
0
0
0
0
0
0
0
0
0
0
0
0
0
0
0
0
0
100
100
0
0
0
0
0
0
0
0
0
0
0
0
0
0
0
0
0
0
0
0
0
0
0
0
100
100
100
100
0
0
0
0
0
0
0
0
0
0
0
0
0
0
0
0
0
0
0
0
0
0
100
100
100
100
0
0
0
100
100
100
0
0
0
0
0
0
0
0
0
0
0
0
0
0
0
0
0
100
100
0
0
0
0
0
0
0
0
0
0
0
0
0
0
0
0
0
0
0
0
0
0
0
0
0
0
0
0
0
0
0
0
0
0
0
0
0
0
0
0
0
0
0
0
0
0
0
0
0
0
0
0
0
0
0
0
0
0
100
100
0
100
0
0
0
0
0
0
0
0
0
0
0
0
0
0
0
0
0
0
0
0
0
0
0
0
0
0
0
0
0
0
0
0
0
0
0
0
0
0
0
0
0
0
0
0
0
100
0
0
0
0
0
100
0
0
0
0
0
0
0
0
0
0
0
0
0
0
0
0
0
0
0
0
0
0
0
0
0
0
0
0
0
0
0
0
0
0
0
0
0
0
0
0
0
0
0
0
0
0
0
100
100
100
100
0
0
0
0
0
0
0
0
0
0
0
0
0
0
0
0
0
0
0
0
0
0
0
0
0
0
0
0
0
0
0
0
0
0
0
0
0
0
0
0
0
0
0
0
0
0
0
0
0
0
0
0
0
0
100
0
100
0
100
0
0
0
0
0
0
0
100
0
0
0
100
0
0
0
0
0
0
0
0
0
0
0
100
100
100
100
0
0
0
0
0
0
0
0
0
0
0
0
0
0
0
0
0
0
0
0
0
0
0
0
0
0
0
0
0
0
0
0
0
0
0
0
0
0
0
0
0
0
0
# Transactions:
084934 085002 prediction=-1 8505.0->8519.0 earning=-766
085002 085105 prediction=1 8519.0->8524.0 earning=184
085548 085550 prediction=1 8535.0->8517.0 earning=-966
085619 085816 prediction=-1 8514.0->8516.0 earning=-166
085840 085841 prediction=1 8534.0->8515.0 earning=-1016
085848 085955 prediction=-1 8514.0->8513.0 earning=-16
090433 090508 prediction=-1 8514.0->8522.0 earning=-466
090508 090608 prediction=-1 8522.0->8517.0 earning=184
090642 090650 prediction=1 8543.0->8522.0 earning=-1116
090701 090813 prediction=-1 8524.0->8523.0 earning=-16
090825 090927 prediction=1 8541.0->8519.0 earning=-1166
091128 091128 prediction=-1 8506.0->8511.0 earning=-316
091128 091128 prediction=-1 8506.0->8511.0 earning=-316
091128 091128 prediction=-1 8506.0->8511.0 earning=-316
091128 091128 prediction=-1 8506.0->8511.0 earning=-316
091128 091128 prediction=-1 8506.0->8511.0 earning=-316
091128 091128 prediction=-1 8506.0->8511.0 earning=-316
091128 091128 prediction=-1 8506.0->8511.0 earning=-316
091128 091128 prediction=-1 8506.0->8511.0 earning=-316
091128 091128 prediction=-1 8506.0->8511.0 earning=-316
091128 091128 prediction=-1 8506.0->8511.0 earning=-316
091128 091128 prediction=-1 8506.0->8511.0 earning=-316
091128 091128 prediction=-1 8506.0->8511.0 earning=-316
091128 091128 prediction=-1 8506.0->8511.0 earning=-316
091128 091128 prediction=-1 8506.0->8511.0 earning=-316
091128 091128 prediction=-1 8506.0->8511.0 earning=-316
091128 091128 prediction=-1 8506.0->8511.0 earning=-316
091128 091128 prediction=-1 8506.0->8511.0 earning=-316
091128 091128 prediction=-1 8506.0->8511.0 earning=-316
091128 091128 prediction=-1 8506.0->8511.0 earning=-316
091128 091128 prediction=-1 8506.0->8511.0 earning=-316
091128 091128 prediction=-1 8506.0->8512.0 earning=-366
091128 091128 prediction=-1 8506.0->8512.0 earning=-366
091128 091128 prediction=-1 8506.0->8512.0 earning=-366
091128 091128 prediction=-1 8506.0->8530.0 earning=-1266
091129 091132 prediction=-1 8501.0->8506.0 earning=-316
091132 091235 prediction=1 8505.0->8492.0 earning=-716
091303 091307 prediction=-1 8504.0->8523.0 earning=-1016
091308 091410 prediction=1 8499.0->8502.0 earning=84
091423 091452 prediction=-1 8500.0->8528.0 earning=-1466
091452 091501 prediction=1 8528.0->8494.0 earning=-1766
091501 091501 prediction=-1 8494.0->8524.0 earning=-1566
091502 091505 prediction=-1 8491.0->8497.0 earning=-366
091505 091605 prediction=1 8497.0->8496.0 earning=-116
091614 091624 prediction=1 8516.0->8498.0 earning=-966
091626 091705 prediction=-1 8498.0->8503.0 earning=-316
091705 091808 prediction=-1 8503.0->8499.0 earning=134
091949 092011 prediction=-1 8503.0->8524.0 earning=-1116
092013 092030 prediction=-1 8505.0->8525.0 earning=-1066
092103 092128 prediction=-1 8504.0->8509.0 earning=-316
092128 092129 prediction=-1 8507.0->8512.0 earning=-316
092129 092129 prediction=-1 8510.0->8515.0 earning=-316
092129 092129 prediction=-1 8510.0->8515.0 earning=-316
092129 092129 prediction=-1 8510.0->8515.0 earning=-316
092129 092129 prediction=-1 8510.0->8516.0 earning=-366
092129 092129 prediction=-1 8510.0->8516.0 earning=-366
092129 092129 prediction=-1 8510.0->8516.0 earning=-366
092129 092129 prediction=-1 8510.0->8517.0 earning=-416
092129 092129 prediction=-1 8510.0->8517.0 earning=-416
092129 092129 prediction=-1 8510.0->8517.0 earning=-416
092129 092129 prediction=-1 8510.0->8517.0 earning=-416
092129 092129 prediction=-1 8510.0->8518.0 earning=-466
092129 092129 prediction=-1 8510.0->8518.0 earning=-466
092129 092129 prediction=-1 8510.0->8518.0 earning=-466
092129 092129 prediction=-1 8510.0->8518.0 earning=-466
092133 092210 prediction=1 8517.0->8509.0 earning=-466
092356 092434 prediction=-1 8497.0->8509.0 earning=-666
092449 092640 prediction=-1 8512.0->8498.0 earning=634
092651 092809 prediction=-1 8511.0->8512.0 earning=-116
092932 093055 prediction=1 8527.0->8512.0 earning=-816
093128 093129 prediction=-1 8506.0->8527.0 earning=-1116
093130 093145 prediction=-1 8502.0->8509.0 earning=-416
093145 093208 prediction=-1 8509.0->8514.0 earning=-316
093209 093310 prediction=1 8515.0->8517.0 earning=34
093310 093343 prediction=-1 8517.0->8522.0 earning=-316
093508 093517 prediction=1 8538.0->8524.0 earning=-766
093517 093519 prediction=-1 8524.0->8535.0 earning=-616
093519 093631 prediction=-1 8535.0->8527.0 earning=334
093808 093822 prediction=-1 8513.0->8527.0 earning=-766
093836 093952 prediction=-1 8527.0->8520.0 earning=284
093958 094015 prediction=-1 8507.0->8523.0 earning=-866
094023 094053 prediction=-1 8524.0->8529.0 earning=-316
094053 094103 prediction=-1 8528.0->8533.0 earning=-316
094320 094408 prediction=1 8546.0->8529.0 earning=-916
094409 094421 prediction=1 8544.0->8529.0 earning=-816
094439 094502 prediction=-1 8530.0->8535.0 earning=-316
094502 094517 prediction=-1 8534.0->8539.0 earning=-316
094518 094525 prediction=1 8539.0->8524.0 earning=-816
094538 094553 prediction=-1 8536.0->8548.0 earning=-666
094559 094607 prediction=-1 8539.0->8544.0 earning=-316
094607 094608 prediction=-1 8542.0->8547.0 earning=-316
094608 094711 prediction=-1 8546.0->8528.0 earning=834
094719 094848 prediction=-1 8541.0->8539.0 earning=34
095507 095615 prediction=-1 8514.0->8530.0 earning=-866
100208 100218 prediction=1 8547.0->8530.0 earning=-916
100227 100235 prediction=1 8547.0->8530.0 earning=-916
102555 102604 prediction=1 8534.0->8521.0 earning=-716
103647 103647 prediction=-1 8509.0->8524.0 earning=-816
103647 103647 prediction=-1 8509.0->8524.0 earning=-816
103647 103647 prediction=-1 8509.0->8524.0 earning=-816
103647 103647 prediction=-1 8509.0->8524.0 earning=-816
103647 103647 prediction=-1 8509.0->8524.0 earning=-816
105555 105607 prediction=1 8547.0->8538.0 earning=-516
105607 105607 prediction=-1 8538.0->8549.0 earning=-616
105643 105656 prediction=-1 8538.0->8548.0 earning=-566
105724 105907 prediction=-1 8536.0->8532.0 earning=134
110904 110930 prediction=1 8554.0->8549.0 earning=-316
110931 110938 prediction=-1 8536.0->8550.0 earning=-766
110959 111116 prediction=-1 8550.0->8549.0 earning=-16
114626 114728 prediction=-1 8533.0->8546.0 earning=-716
115846 115908 prediction=-1 8526.0->8542.0 earning=-866
120854 121001 prediction=-1 8528.0->8540.0 earning=-666
123303 123336 prediction=-1 8532.0->8547.0 earning=-816
123336 123443 prediction=-1 8547.0->8545.0 earning=34
123443 123800 prediction=-1 8545.0->8540.0 earning=184
134219 134219 prediction=-1 8511.0->8524.0 earning=-716
134230 134356 prediction=-1 8524.0->8522.0 earning=34
134359 134457 prediction=-1 8522.0->8521.0 earning=-16
# Total number of transactions = 118
# Profit 0: Transaction timeout
# Profit 1: Stop losing.
# Profit 2: Reach max wrong prediction limit
# Profit 3: Remaining transactions.
# -------------------------------------------------------
# Profit 0 = -2266
# Profit 1 = -52406
# Profit 2 = 0
# Profit 3 = -16
# Final profit = -54688
