output/intermediate/Daily_2015_11_24_MTX.txt
Configuration loaded successfully.
115
49
50
51
52
127
111
14
11
15
0
4
149
54
53
53
53
60
59
58
65
64
56
15
15
15
15
80
77
77
83
82
99
94
101
95
90
86
83
80
77
87
62
83
81
80
79
78
78
76
74
72
71
71
69
68
66
103
97
92
88
67
93
89
92
55
96
100
94
72
70
77
79
77
-25
-10
-5
-1
5
7
12
13
14
17
19
21
19
32
30
31
33
34
41
42
44
25
-17
-22
-9
0
5
10
14
17
20
23
25
27
29
31
33
34
36
38
40
42
44
0
0
0
0
0
0
0
0
0
0
0
0
0
0
0
0
0
-64
-29
-12
-3
3
9
13
123
110
128
112
164
128
112
35
35
36
31
32
32
28
29
30
7
38
39
39
91
87
83
36
36
36
34
36
38
38
53
53
57
47
47
70
69
67
60
127
68
53
52
51
45
44
42
41
39
37
35
35
34
34
35
35
36
38
59
53
27
4
-32
-14
-4
2
8
12
16
19
22
24
26
28
30
32
34
35
36
38
40
42
44
0
0
0
0
164
94
89
67
65
51
50
50
49
49
48
47
47
46
45
44
44
43
42
41
40
39
71
3
-21
-23
97
62
112
-6
0
6
3
9
115
105
45
87
83
80
82
79
84
82
80
78
76
74
73
72
72
73
71
70
110
103
98
94
92
88
106
99
94
89
85
82
79
77
74
72
70
69
67
65
105
97
68
80
78
76
90
89
85
109
100
94
89
85
82
79
77
75
73
71
69
69
67
66
64
63
61
59
57
55
0
0
0
0
0
0
0
0
0
0
0
0
0
0
164
129
112
103
96
90
86
83
80
77
75
72
70
68
67
65
63
61
59
57
55
0
0
0
164
129
112
103
119
107
99
93
88
84
81
78
69
68
66
64
62
60
59
57
54
50
47
44
40
31
32
34
36
38
40
42
44
164
129
69
68
124
110
101
94
89
85
82
79
76
74
72
70
68
66
65
63
61
60
59
132
120
112
103
96
90
86
83
80
77
75
83
80
43
78
75
35
32
30
26
40
12
16
-38
-29
6
11
31
33
18
29
47
57
59
61
61
63
66
66
66
66
66
56
56
57
55
52
50
46
45
44
37
27
133
131
114
116
105
97
92
54
87
93
88
84
81
78
76
74
72
70
68
67
66
66
65
14
106
98
92
88
84
87
83
80
35
15
17
19
-19
-7
10
-60
-1
0
5
10
9
9
13
8
30
31
47
49
50
52
54
56
58
-44
-26
-11
14
44
46
50
127
34
33
23
116
106
100
94
33
25
80
33
11
29
-8
0
-4
-1
4
8
23
135
10
14
17
20
23
25
27
29
47
48
50
33
18
21
23
25
27
29
30
32
33
22
26
27
28
29
30
31
32
26
28
29
-8
0
5
10
14
17
20
22
23
22
25
27
29
31
32
34
36
38
40
42
44
0
0
0
0
0
0
0
-64
-29
-12
-3
3
9
13
16
19
22
25
27
29
31
32
34
36
38
14
14
12
160
119
115
87
83
80
77
55
54
53
63
106
98
92
88
77
75
73
71
69
68
67
-2
0
6
10
21
12
29
29
29
30
73
73
74
38
35
37
46
48
45
100
55
70
76
70
68
92
23
80
16
21
12
12
15
14
17
19
20
23
24
26
28
22
24
26
28
30
32
31
33
1
5
5
9
12
15
18
21
23
25
27
29
30
157
38
130
113
103
96
91
87
83
80
80
78
75
73
23
19
19
19
68
10
11
12
16
16
19
68
68
69
69
69
69
22
72
31
32
38
38
37
51
51
45
76
81
35
37
-5
6
0
2
5
9
10
14
15
14
17
27
19
21
23
-5
1
6
10
13
15
17
18
20
23
25
27
29
31
46
48
50
52
56
48
52
62
60
59
58
85
82
79
48
47
45
76
103
-11
28
124
114
39
41
49
50
50
43
51
51
43
43
104
97
91
87
83
80
77
30
8
10
23
20
21
10
13
16
19
21
23
25
26
24
26
28
30
32
33
40
41
43
45
29
29
28
-36
-16
-5
12
5
10
46
127
76
68
73
64
121
46
47
48
43
44
53
46
55
56
-23
-11
-3
3
8
12
16
19
21
24
26
28
30
32
33
35
37
38
40
42
44
0
0
0
0
-64
-29
-12
-3
3
9
13
16
19
22
25
51
52
153
15
9
13
16
19
-12
-2
4
9
13
16
19
22
24
27
29
30
32
34
36
37
138
45
46
48
49
51
50
50
50
49
49
48
48
47
47
47
46
46
45
45
-1
4
-12
-3
71
71
70
87
84
89
142
77
84
81
70
105
117
145
121
58
57
48
58
121
55
54
52
131
66
64
63
61
60
59
70
157
126
27
94
40
44
44
45
45
50
100
94
13
97
27
18
29
26
27
29
146
39
57
58
68
68
67
66
64
72
70
68
83
80
77
75
72
44
122
109
101
40
42
40
46
32
32
# Transactions:
085122 085143 prediction=1 8458.0->8451.0 earning=-416
085143 085531 prediction=1 8451.0->8456.0 earning=184
085603 085835 prediction=1 8464.0->8451.0 earning=-716
090105 090203 prediction=-1 8441.0->8450.0 earning=-516
090306 090312 prediction=1 8452.0->8440.0 earning=-666
090312 090419 prediction=1 8440.0->8441.0 earning=-16
090814 090838 prediction=-1 8441.0->8446.0 earning=-316
090907 091016 prediction=1 8452.0->8470.0 earning=834
091304 091325 prediction=1 8471.0->8459.0 earning=-666
091328 091453 prediction=-1 8459.0->8456.0 earning=84
091502 091503 prediction=-1 8448.0->8460.0 earning=-666
091504 091614 prediction=-1 8446.0->8440.0 earning=234
091614 091631 prediction=1 8440.0->8434.0 earning=-366
091641 091704 prediction=1 8448.0->8433.0 earning=-816
091704 091728 prediction=-1 8433.0->8445.0 earning=-666
091728 091728 prediction=-1 8432.0->8445.0 earning=-716
091731 091733 prediction=1 8445.0->8432.0 earning=-716
091733 091828 prediction=-1 8432.0->8438.0 earning=-366
091830 091854 prediction=1 8438.0->8433.0 earning=-316
092254 092302 prediction=1 8452.0->8439.0 earning=-716
092310 092400 prediction=1 8436.0->8431.0 earning=-316
092401 092401 prediction=-1 8426.0->8431.0 earning=-316
092401 092401 prediction=-1 8426.0->8431.0 earning=-316
092401 092401 prediction=-1 8426.0->8431.0 earning=-316
092401 092401 prediction=-1 8426.0->8431.0 earning=-316
092401 092401 prediction=-1 8426.0->8431.0 earning=-316
092401 092401 prediction=-1 8426.0->8431.0 earning=-316
092401 092401 prediction=-1 8426.0->8431.0 earning=-316
092401 092401 prediction=-1 8426.0->8441.0 earning=-816
092401 092401 prediction=-1 8426.0->8443.0 earning=-916
092401 092401 prediction=-1 8426.0->8444.0 earning=-966
092421 092434 prediction=1 8441.0->8433.0 earning=-466
092454 092505 prediction=1 8433.0->8428.0 earning=-316
092505 092505 prediction=-1 8428.0->8441.0 earning=-716
092505 092505 prediction=-1 8428.0->8441.0 earning=-716
092506 092517 prediction=1 8430.0->8425.0 earning=-316
092518 092611 prediction=-1 8424.0->8430.0 earning=-366
093258 093338 prediction=1 8444.0->8434.0 earning=-566
093716 093750 prediction=1 8444.0->8438.0 earning=-366
094830 094952 prediction=-1 8432.0->8433.0 earning=-116
095649 095828 prediction=1 8443.0->8444.0 earning=-16
095857 100054 prediction=-1 8432.0->8435.0 earning=-216
100107 100208 prediction=1 8446.0->8485.0 earning=1884
100208 100311 prediction=-1 8485.0->8486.0 earning=-116
100314 100417 prediction=1 8489.0->8488.0 earning=-116
100522 100536 prediction=-1 8478.0->8484.0 earning=-366
100537 100604 prediction=-1 8483.0->8490.0 earning=-416
101329 101439 prediction=-1 8472.0->8467.0 earning=184
101444 101558 prediction=-1 8467.0->8469.0 earning=-166
101724 101815 prediction=1 8478.0->8464.0 earning=-766
101815 101956 prediction=-1 8464.0->8468.0 earning=-266
102015 102157 prediction=-1 8463.0->8459.0 earning=134
103157 103215 prediction=1 8479.0->8469.0 earning=-566
103233 103235 prediction=-1 8468.0->8477.0 earning=-516
103258 103404 prediction=-1 8470.0->8470.0 earning=-66
104204 104334 prediction=-1 8451.0->8451.0 earning=-66
104851 104913 prediction=1 8454.0->8441.0 earning=-716
104913 105021 prediction=-1 8441.0->8440.0 earning=-16
105302 105347 prediction=-1 8430.0->8435.0 earning=-316
110517 110549 prediction=-1 8426.0->8433.0 earning=-416
110550 110608 prediction=1 8421.0->8414.0 earning=-416
110610 110610 prediction=-1 8413.0->8424.0 earning=-616
110610 110610 prediction=-1 8413.0->8425.0 earning=-666
110611 110620 prediction=-1 8415.0->8428.0 earning=-716
110620 110620 prediction=-1 8416.0->8428.0 earning=-666
110620 110620 prediction=-1 8416.0->8428.0 earning=-666
110621 110624 prediction=1 8428.0->8418.0 earning=-566
110627 110648 prediction=-1 8417.0->8431.0 earning=-766
110709 110841 prediction=1 8420.0->8416.0 earning=-266
110857 110901 prediction=1 8428.0->8415.0 earning=-716
110904 110918 prediction=-1 8416.0->8424.0 earning=-466
110919 110919 prediction=-1 8410.0->8422.0 earning=-666
110920 110920 prediction=-1 8408.0->8413.0 earning=-316
110920 110920 prediction=-1 8408.0->8420.0 earning=-666
110924 110928 prediction=1 8421.0->8408.0 earning=-716
110934 110946 prediction=1 8422.0->8409.0 earning=-716
110949 110949 prediction=-1 8408.0->8424.0 earning=-866
110953 110955 prediction=1 8422.0->8406.0 earning=-866
110955 110958 prediction=-1 8406.0->8421.0 earning=-816
110958 111002 prediction=1 8421.0->8406.0 earning=-816
111004 111008 prediction=1 8421.0->8408.0 earning=-716
111009 111041 prediction=-1 8408.0->8413.0 earning=-316
111043 111115 prediction=1 8413.0->8406.0 earning=-416
113437 113502 prediction=1 8419.0->8410.0 earning=-516
113502 113609 prediction=-1 8410.0->8414.0 earning=-266
120036 120140 prediction=-1 8411.0->8401.0 earning=434
120141 120141 prediction=-1 8394.0->8400.0 earning=-366
120141 120141 prediction=-1 8394.0->8400.0 earning=-366
120141 120141 prediction=-1 8394.0->8400.0 earning=-366
120141 120141 prediction=-1 8394.0->8400.0 earning=-366
120141 120141 prediction=-1 8394.0->8400.0 earning=-366
120141 120141 prediction=-1 8394.0->8400.0 earning=-366
120142 120242 prediction=-1 8396.0->8396.0 earning=-66
120311 120314 prediction=-1 8388.0->8403.0 earning=-816
120314 120321 prediction=1 8403.0->8393.0 earning=-566
120321 120331 prediction=-1 8393.0->8402.0 earning=-516
120331 120335 prediction=1 8402.0->8393.0 earning=-516
120346 120500 prediction=-1 8389.0->8387.0 earning=34
120550 120615 prediction=-1 8377.0->8383.0 earning=-366
121318 121327 prediction=1 8399.0->8391.0 earning=-466
121329 121436 prediction=1 8390.0->8392.0 earning=34
121945 122000 prediction=1 8399.0->8388.0 earning=-616
122000 122109 prediction=-1 8388.0->8385.0 earning=84
122307 122307 prediction=-1 8373.0->8378.0 earning=-316
122307 122307 prediction=-1 8373.0->8378.0 earning=-316
122307 122307 prediction=-1 8373.0->8378.0 earning=-316
122307 122307 prediction=-1 8373.0->8378.0 earning=-316
122307 122307 prediction=-1 8373.0->8379.0 earning=-366
122307 122307 prediction=-1 8373.0->8389.0 earning=-866
122308 122308 prediction=-1 8371.0->8387.0 earning=-866
122327 122350 prediction=-1 8371.0->8381.0 earning=-566
122353 122411 prediction=-1 8369.0->8377.0 earning=-466
122413 122509 prediction=-1 8364.0->8382.0 earning=-966
122515 122616 prediction=1 8370.0->8370.0 earning=-66
122645 122801 prediction=1 8382.0->8371.0 earning=-616
122854 123010 prediction=1 8385.0->8375.0 earning=-566
123400 123437 prediction=1 8396.0->8380.0 earning=-866
123444 123633 prediction=1 8380.0->8385.0 earning=184
123648 123732 prediction=1 8402.0->8384.0 earning=-966
123732 123816 prediction=1 8384.0->8382.0 earning=-166
124220 124258 prediction=1 8405.0->8389.0 earning=-866
124258 124414 prediction=1 8389.0->8393.0 earning=134
125241 125254 prediction=1 8405.0->8388.0 earning=-916
125619 125658 prediction=1 8401.0->8388.0 earning=-716
125701 125840 prediction=-1 8389.0->8391.0 earning=-166
131947 132000 prediction=1 8391.0->8376.0 earning=-816
132001 132002 prediction=1 8393.0->8379.0 earning=-766
132021 132122 prediction=-1 8377.0->8379.0 earning=-166
133438 133445 prediction=1 8402.0->8390.0 earning=-666
133446 133548 prediction=1 8392.0->8394.0 earning=34
133549 133659 prediction=-1 8395.0->8391.0 earning=134
# Total number of transactions = 131
# Profit 0: Transaction timeout
# Profit 1: Stop losing.
# Profit 2: Reach max wrong prediction limit
# Profit 3: Remaining transactions.
# -------------------------------------------------------
# Profit 0 = 540
# Profit 1 = -53720
# Profit 2 = -166
# Profit 3 = 0
# Final profit = -53346
