output/intermediate/Daily_2015_12_03_MTX.txt
Configuration loaded successfully.
136
53
120
89
85
51
50
48
47
45
38
18
34
25
25
26
15
36
37
25
27
23
25
27
19
18
12
28
131
76
74
76
74
64
54
53
56
64
62
65
63
62
103
57
46
45
77
80
77
85
82
81
80
79
77
75
73
71
103
96
91
87
83
80
109
50
48
44
50
48
47
85
67
65
64
37
45
43
32
31
32
34
26
28
30
22
30
-12
-2
4
9
11
30
32
33
35
77
91
88
84
81
78
76
74
72
70
69
58
70
68
50
66
114
104
107
99
94
67
52
51
50
7
11
-57
77
56
59
70
69
68
68
67
63
58
58
81
51
47
47
-27
45
50
140
98
97
91
78
156
69
113
55
68
66
71
139
27
100
96
92
90
89
90
98
114
104
97
91
87
84
98
93
89
85
83
81
79
77
74
72
70
68
67
65
66
65
63
61
59
57
2
-29
57
-12
59
59
115
105
-24
-10
25
-19
60
35
36
63
88
67
65
53
-23
-10
-1
4
9
13
14
17
20
22
25
27
29
31
33
34
36
38
40
42
44
0
0
0
0
0
0
0
0
0
0
0
0
0
0
0
0
0
-64
-29
-12
-3
3
9
13
16
19
22
25
27
84
83
82
59
60
61
63
64
65
57
145
121
108
100
94
89
85
82
80
77
75
72
70
68
67
82
79
77
76
75
76
86
83
80
77
-51
2
7
11
15
18
20
23
25
27
43
44
45
77
77
46
# Transactions:
085819 090004 prediction=1 8388.0->8366.0 earning=-1166
090028 090537 prediction=1 8381.0->8391.0 earning=434
090747 091124 prediction=1 8410.0->8403.0 earning=-416
093243 093246 prediction=-1 8412.0->8449.0 earning=-1916
093354 093400 prediction=-1 8411.0->8440.0 earning=-1516
093907 094441 prediction=1 8450.0->8438.0 earning=-666
094803 095404 prediction=1 8439.0->8428.0 earning=-616
095807 100238 prediction=1 8456.0->8466.0 earning=434
111100 111621 prediction=-1 8443.0->8434.0 earning=384
120604 121034 prediction=1 8483.0->8477.0 earning=-366
# Total number of transactions = 10
# Profit 0: Transaction timeout
# Profit 1: Stop losing.
# Profit 2: Reach max wrong prediction limit
# Profit 3: Remaining transactions.
# -------------------------------------------------------
# Profit 0 = -464
# Profit 1 = -4598
# Profit 2 = -348
# Profit 3 = 0
# Final profit = -5410
