output/intermediate/Daily_2015_11_23_MTX.txt
Configuration loaded successfully.
52
53
53
52
51
50
38
38
37
37
58
57
56
33
33
33
33
34
59
25
61
61
27
29
31
147
53
37
51
35
41
109
45
44
36
43
36
36
36
43
44
44
58
58
57
-38
58
63
67
66
60
64
58
60
106
70
64
72
70
68
67
65
64
67
70
69
67
67
65
73
71
69
67
117
106
98
93
76
73
86
143
121
64
63
54
53
52
59
49
15
16
24
17
26
19
8
12
16
19
16
19
1
100
101
96
92
88
86
82
80
50
39
33
33
38
48
47
26
11
-5
0
5
10
14
9
35
27
15
17
24
20
-1
3
8
12
-2
3
7
9
12
15
18
21
23
26
28
30
31
115
127
54
45
52
62
62
62
46
46
45
45
39
38
54
-15
-5
2
7
6
11
14
18
20
23
62
25
27
29
29
31
17
36
37
15
6
-9
0
5
-10
-1
5
22
104
19
27
29
24
27
41
36
71
72
117
65
123
46
51
54
58
57
56
55
53
52
54
58
7
8
3
8
12
1
7
12
15
18
20
22
24
25
10
13
7
2
5
7
8
11
-2
4
9
13
-4
2
7
11
15
17
20
21
23
24
17
9
13
16
19
63
63
54
114
115
106
99
93
89
85
87
68
66
90
86
78
76
79
77
-8
0
5
10
-3
2
7
11
14
16
49
91
50
52
42
127
112
67
73
65
99
77
75
78
76
118
107
100
55
53
52
51
64
63
61
59
33
28
114
105
77
76
125
111
101
95
41
33
33
32
31
30
29
28
28
29
37
-22
-9
-1
-7
0
-11
-2
-3
18
2
7
10
14
16
19
30
12
15
16
18
20
22
24
-1
4
35
36
38
102
158
70
74
72
70
53
48
48
48
63
46
45
45
44
44
43
36
108
33
43
47
63
67
66
66
66
66
65
64
62
61
134
50
49
47
29
28
0
5
10
14
17
20
22
24
38
8
76
52
58
88
90
86
82
129
113
104
97
35
41
90
26
26
19
23
24
18
66
65
27
16
16
20
16
12
12
16
19
22
-11
-2
4
9
12
16
18
10
13
15
72
149
123
109
101
98
40
89
25
26
27
29
29
26
27
28
29
29
27
28
88
38
39
38
39
41
51
55
32
32
33
33
46
34
19
21
22
24
26
27
28
29
23
121
104
71
126
47
37
32
32
23
23
24
24
24
24
25
27
28
26
40
41
42
27
28
30
32
18
79
65
83
147
83
80
77
75
85
-1
5
10
14
17
80
82
81
84
86
84
81
79
77
75
79
101
95
90
91
98
92
134
118
106
100
42
47
46
45
50
37
50
52
50
49
37
144
121
14
17
15
18
21
106
32
38
39
40
101
94
0
5
10
14
17
20
22
23
19
22
25
27
156
67
78
70
69
63
46
46
46
21
23
24
25
26
27
28
29
128
113
104
97
92
88
85
82
28
44
43
43
42
41
99
50
49
93
41
38
32
30
27
29
93
90
87
85
42
47
45
91
30
30
22
23
25
26
31
25
22
20
18
20
97
50
45
46
82
80
79
128
113
103
68
-25
-11
-2
4
8
12
15
18
21
23
26
28
29
31
33
34
36
38
40
42
44
0
0
0
0
0
0
0
0
0
-64
-29
-12
163
52
38
45
119
107
50
59
73
60
72
72
124
77
74
72
70
69
77
74
55
53
51
49
51
49
112
13
16
16
18
19
19
22
24
26
28
60
72
78
77
2
11
13
15
17
18
20
22
25
27
29
31
32
17
19
19
17
15
67
70
118
130
101
95
123
46
48
41
40
139
42
35
34
34
94
19
20
22
22
22
21
42
23
24
26
28
29
31
33
35
50
63
66
71
71
83
95
93
88
97
91
87
84
81
79
77
75
74
71
70
68
66
82
79
76
83
82
94
90
137
100
95
91
91
89
88
84
71
69
141
120
107
99
43
42
42
41
40
39
38
26
95
90
38
38
43
58
57
51
50
132
115
104
27
34
49
48
38
14
23
15
5
4
31
32
61
22
10
13
16
28
30
38
46
48
144
121
151
87
92
91
87
83
80
78
79
80
107
74
75
130
-1
# Transactions:
084603 084703 prediction=1 8491.0->8491.0 earning=-66
084747 084750 prediction=1 8507.0->8494.0 earning=-716
084757 084806 prediction=-1 8492.0->8503.0 earning=-616
084808 084912 prediction=-1 8494.0->8496.0 earning=-166
084920 085027 prediction=1 8496.0->8499.0 earning=84
085040 085143 prediction=1 8498.0->8504.0 earning=234
085143 085318 prediction=-1 8504.0->8503.0 earning=-16
085549 085649 prediction=-1 8499.0->8499.0 earning=-66
090020 090031 prediction=1 8506.0->8500.0 earning=-366
090032 090138 prediction=-1 8499.0->8493.0 earning=234
090141 090154 prediction=-1 8492.0->8497.0 earning=-316
090155 090158 prediction=1 8503.0->8488.0 earning=-816
090200 090333 prediction=-1 8486.0->8490.0 earning=-266
090512 090523 prediction=-1 8475.0->8481.0 earning=-366
090525 090532 prediction=-1 8474.0->8481.0 earning=-416
090538 090543 prediction=-1 8472.0->8479.0 earning=-416
090546 090553 prediction=-1 8468.0->8481.0 earning=-716
090554 090620 prediction=-1 8467.0->8473.0 earning=-366
090622 090722 prediction=1 8473.0->8474.0 earning=-16
090932 090941 prediction=-1 8467.0->8472.0 earning=-316
091009 091034 prediction=-1 8464.0->8474.0 earning=-566
091050 091054 prediction=-1 8460.0->8472.0 earning=-666
091056 091204 prediction=-1 8459.0->8454.0 earning=184
091336 091336 prediction=-1 8447.0->8461.0 earning=-766
091336 091336 prediction=-1 8447.0->8461.0 earning=-766
091340 091501 prediction=1 8451.0->8455.0 earning=134
091506 091531 prediction=-1 8449.0->8454.0 earning=-316
091534 091639 prediction=1 8450.0->8467.0 earning=784
091640 091641 prediction=1 8467.0->8457.0 earning=-566
091641 091746 prediction=1 8457.0->8454.0 earning=-216
091949 092005 prediction=1 8459.0->8454.0 earning=-316
092038 092047 prediction=1 8468.0->8452.0 earning=-866
092048 092048 prediction=-1 8450.0->8464.0 earning=-766
092048 092048 prediction=-1 8450.0->8464.0 earning=-766
092048 092048 prediction=-1 8450.0->8464.0 earning=-766
092048 092048 prediction=-1 8450.0->8464.0 earning=-766
092116 092216 prediction=-1 8450.0->8450.0 earning=-66
092426 092527 prediction=-1 8440.0->8454.0 earning=-766
092533 092641 prediction=1 8439.0->8440.0 earning=-16
092641 092813 prediction=1 8440.0->8444.0 earning=134
093038 093050 prediction=1 8460.0->8450.0 earning=-566
093111 093119 prediction=-1 8450.0->8458.0 earning=-466
093135 093238 prediction=-1 8446.0->8451.0 earning=-316
093258 093409 prediction=1 8447.0->8458.0 earning=484
093412 093434 prediction=1 8470.0->8453.0 earning=-916
093437 093441 prediction=-1 8455.0->8469.0 earning=-766
093442 093503 prediction=-1 8452.0->8463.0 earning=-616
093503 093531 prediction=1 8463.0->8452.0 earning=-616
093538 093702 prediction=-1 8448.0->8442.0 earning=234
093714 093730 prediction=-1 8431.0->8446.0 earning=-816
093730 093742 prediction=1 8446.0->8433.0 earning=-716
093753 093754 prediction=1 8446.0->8429.0 earning=-916
093754 093806 prediction=-1 8429.0->8447.0 earning=-966
093807 093903 prediction=-1 8431.0->8441.0 earning=-566
093958 094003 prediction=1 8437.0->8431.0 earning=-366
094010 094019 prediction=1 8445.0->8428.0 earning=-916
094022 094027 prediction=-1 8426.0->8440.0 earning=-766
094028 094036 prediction=-1 8422.0->8437.0 earning=-816
094043 094144 prediction=1 8425.0->8427.0 earning=34
094231 094246 prediction=1 8439.0->8430.0 earning=-516
094246 094351 prediction=1 8430.0->8433.0 earning=84
094501 094501 prediction=-1 8426.0->8444.0 earning=-966
094519 094634 prediction=1 8434.0->8429.0 earning=-316
094721 094826 prediction=1 8434.0->8431.0 earning=-216
094854 095009 prediction=1 8441.0->8443.0 earning=34
095010 095211 prediction=1 8444.0->8444.0 earning=-66
095833 095840 prediction=1 8461.0->8443.0 earning=-966
095840 095916 prediction=-1 8443.0->8461.0 earning=-966
100000 100101 prediction=-1 8444.0->8461.0 earning=-916
100101 100241 prediction=1 8461.0->8439.0 earning=-1166
100805 100808 prediction=-1 8417.0->8436.0 earning=-1016
100809 100909 prediction=1 8422.0->8416.0 earning=-366
100910 100930 prediction=-1 8414.0->8422.0 earning=-466
101051 101059 prediction=1 8430.0->8417.0 earning=-716
101111 101113 prediction=-1 8421.0->8436.0 earning=-816
101118 101141 prediction=-1 8424.0->8436.0 earning=-666
101215 101233 prediction=-1 8423.0->8435.0 earning=-666
101234 101251 prediction=1 8435.0->8424.0 earning=-616
101252 101312 prediction=-1 8425.0->8437.0 earning=-666
101344 101422 prediction=-1 8422.0->8429.0 earning=-416
101445 101502 prediction=-1 8417.0->8422.0 earning=-316
101502 101616 prediction=1 8422.0->8427.0 earning=184
102032 102032 prediction=-1 8409.0->8414.0 earning=-316
102032 102032 prediction=-1 8409.0->8414.0 earning=-316
102032 102032 prediction=-1 8409.0->8414.0 earning=-316
102032 102032 prediction=-1 8409.0->8414.0 earning=-316
102032 102032 prediction=-1 8409.0->8414.0 earning=-316
102032 102032 prediction=-1 8409.0->8414.0 earning=-316
102032 102032 prediction=-1 8409.0->8414.0 earning=-316
102032 102032 prediction=-1 8409.0->8414.0 earning=-316
102032 102032 prediction=-1 8409.0->8425.0 earning=-866
102032 102032 prediction=-1 8409.0->8427.0 earning=-966
102033 102034 prediction=-1 8408.0->8425.0 earning=-916
102053 102205 prediction=1 8410.0->8416.0 earning=234
102500 102601 prediction=1 8419.0->8429.0 earning=434
102605 102616 prediction=1 8429.0->8424.0 earning=-316
102616 102736 prediction=1 8424.0->8423.0 earning=-116
102752 102753 prediction=1 8438.0->8419.0 earning=-1016
102753 102826 prediction=-1 8419.0->8425.0 earning=-366
102834 103011 prediction=1 8427.0->8424.0 earning=-216
103026 103028 prediction=-1 8415.0->8430.0 earning=-816
103029 103140 prediction=1 8417.0->8418.0 earning=-16
103758 103811 prediction=1 8446.0->8428.0 earning=-966
103815 103939 prediction=-1 8429.0->8427.0 earning=34
105029 105036 prediction=1 8456.0->8440.0 earning=-866
105125 105316 prediction=-1 8439.0->8443.0 earning=-266
110214 110215 prediction=1 8454.0->8438.0 earning=-866
110225 110303 prediction=-1 8438.0->8443.0 earning=-316
110304 110312 prediction=-1 8439.0->8444.0 earning=-316
110312 110408 prediction=1 8444.0->8438.0 earning=-366
110721 110842 prediction=1 8443.0->8442.0 earning=-116
112101 112203 prediction=1 8450.0->8449.0 earning=-116
112233 112417 prediction=1 8464.0->8448.0 earning=-866
114208 114311 prediction=1 8464.0->8468.0 earning=134
114313 114414 prediction=1 8468.0->8468.0 earning=-66
114507 114518 prediction=1 8482.0->8472.0 earning=-566
114520 114621 prediction=-1 8473.0->8469.0 earning=134
120828 121037 prediction=-1 8468.0->8468.0 earning=-66
122044 122055 prediction=1 8467.0->8459.0 earning=-466
122117 122251 prediction=-1 8456.0->8459.0 earning=-216
123054 123513 prediction=1 8467.0->8456.0 earning=-616
124952 125056 prediction=1 8464.0->8470.0 earning=234
133023 133038 prediction=1 8479.0->8465.0 earning=-766
# Total number of transactions = 123
# Profit 0: Transaction timeout
# Profit 1: Stop losing.
# Profit 2: Reach max wrong prediction limit
# Profit 3: Remaining transactions.
# -------------------------------------------------------
# Profit 0 = -3652
# Profit 1 = -47166
# Profit 2 = 0
# Profit 3 = 0
# Final profit = -50818
