output/intermediate/Daily_2015_12_04_MTX.txt
Configuration loaded successfully.
98
93
89
86
101
96
99
108
100
94
76
87
83
108
101
95
91
88
85
87
93
90
86
73
71
63
61
67
57
55
53
51
48
29
37
37
37
37
37
37
37
38
40
42
44
46
50
50
115
115
46
46
46
46
46
42
-21
46
-36
-17
-5
1
59
31
8
13
16
19
22
24
26
53
55
56
58
60
62
65
160
92
88
84
81
120
83
80
84
87
95
90
86
87
84
81
79
77
75
66
65
63
54
52
60
59
25
58
55
30
51
78
76
74
72
104
103
96
92
88
85
82
79
77
75
74
72
94
89
86
82
72
71
71
69
114
61
60
43
42
57
-2
2
6
10
12
15
17
39
11
15
18
20
23
25
27
29
17
19
7
24
41
68
21
3
-7
0
21
8
78
46
-62
66
58
58
58
58
89
85
57
54
53
53
53
53
56
56
52
52
51
51
51
51
30
32
32
16
18
28
9
8
12
-63
46
46
47
50
59
59
59
64
69
68
75
69
68
61
68
16
19
20
22
19
21
23
24
25
26
28
26
28
30
31
28
30
32
34
35
37
38
135
161
128
138
118
106
106
98
80
69
67
68
66
68
-15
-5
0
6
10
13
-33
-15
-5
1
7
11
15
18
21
23
25
28
29
31
33
34
36
38
40
22
19
-12
-3
3
9
13
-18
-7
0
6
11
15
18
21
23
25
27
29
30
32
32
34
36
38
40
-21
-15
-58
-26
-11
-2
4
9
13
17
9
13
16
19
22
24
26
28
131
42
24
26
39
40
41
10
14
17
20
22
25
27
28
22
24
42
43
20
46
46
69
72
149
57
74
74
73
21
23
24
25
26
27
28
29
30
30
32
33
33
34
35
36
38
-20
-8
-2
1
3
9
13
16
19
22
25
27
29
31
32
34
36
38
40
42
44
0
0
0
0
0
0
0
0
0
0
0
0
0
0
0
0
0
0
0
0
0
0
-64
-29
-12
-3
3
9
13
16
19
22
25
27
29
31
32
34
36
38
40
42
44
0
0
0
0
0
0
0
0
0
0
0
0
0
0
0
0
0
0
0
0
0
0
0
0
0
0
0
0
0
0
0
0
0
0
0
0
0
0
0
0
0
0
0
0
0
0
0
0
0
0
0
0
0
0
0
0
0
0
0
0
0
0
0
0
0
-64
-29
-12
-3
3
9
13
16
19
22
4
9
13
16
1
6
10
14
135
78
65
23
53
125
49
49
49
59
28
19
22
24
25
26
54
54
53
25
26
27
28
30
31
22
25
6
11
14
17
18
21
23
25
27
28
30
63
50
5
9
13
16
69
72
76
76
76
74
42
72
96
110
101
109
86
109
100
94
79
52
51
49
47
44
43
76
73
21
54
53
70
68
25
130
113
103
96
96
90
95
90
86
83
80
82
84
82
74
72
71
69
68
67
67
67
65
63
62
60
58
56
54
52
50
46
-21
-8
135
116
105
98
92
88
84
81
78
76
74
90
76
87
80
77
82
80
78
77
77
82
79
107
99
71
75
60
31
22
13
12
33
0
-7
-3
2
8
12
16
19
22
12
16
18
15
17
34
48
43
45
32
34
27
29
24
12
4
-10
-1
4
9
13
0
6
10
14
17
20
23
24
18
20
22
23
79
71
76
154
52
40
40
41
41
54
41
41
41
29
30
31
32
32
33
33
0
5
10
14
17
11
14
17
20
23
25
27
29
31
-21
-9
-1
4
8
12
14
16
19
22
25
27
29
31
32
34
36
38
40
42
44
0
0
0
0
0
0
0
0
0
0
0
0
0
0
0
0
0
0
0
0
0
0
0
0
0
0
0
0
0
0
0
0
0
0
0
0
0
0
0
0
0
0
0
164
129
112
40
40
40
103
96
101
95
79
87
83
119
107
99
93
89
73
71
62
60
59
93
88
102
98
69
88
85
99
113
104
98
112
72
70
72
70
51
106
24
21
21
42
70
83
83
97
82
75
105
93
92
139
29
30
31
102
96
90
86
90
87
84
81
78
76
77
74
72
70
68
67
65
88
86
85
86
93
89
85
82
79
77
74
72
70
68
67
65
63
61
59
57
138
129
112
103
96
76
74
118
14
28
46
45
45
44
97
94
92
63
63
70
10
11
54
-28
-12
-4
2
7
11
15
18
20
23
25
128
62
62
44
45
46
47
24
26
28
30
31
31
32
33
33
34
34
18
20
18
20
14
16
17
19
21
22
23
25
27
29
132
111
65
83
86
84
100
94
97
98
95
90
86
83
86
83
83
61
59
53
45
19
87
32
45
58
47
45
47
49
35
37
33
40
130
127
105
0
3
0
6
25
7
11
35
36
25
-1
5
10
12
16
19
21
23
33
34
17
17
18
9
11
14
16
19
36
21
22
21
23
26
28
30
31
33
-48
-23
-10
-2
4
9
13
16
20
22
25
27
29
31
32
34
36
38
40
42
44
0
0
0
-64
-29
-12
151
123
139
99
81
79
76
96
80
-2
4
9
11
12
15
18
21
23
24
25
27
-4
1
5
9
12
15
18
20
21
22
25
27
29
31
32
34
36
38
40
42
44
0
0
0
0
0
0
0
0
0
0
0
0
0
0
0
0
0
0
0
0
0
0
-64
-29
-12
-3
3
9
13
16
19
22
25
27
29
31
32
-39
-19
-7
0
5
9
13
16
19
22
25
27
29
31
32
34
36
38
40
42
44
0
0
0
0
0
0
0
0
0
0
0
0
0
0
0
0
0
0
0
0
0
0
0
0
0
0
0
0
0
0
0
0
0
0
0
0
0
0
0
0
0
0
0
0
0
0
0
0
0
0
0
0
0
0
0
0
0
0
0
0
0
0
0
0
-64
-29
-12
-3
3
9
13
16
19
22
25
27
29
31
32
34
36
38
40
42
44
0
0
164
147
141
52
112
102
108
100
94
83
86
140
73
85
82
79
76
74
72
94
66
110
47
50
49
42
41
39
38
38
134
80
77
75
73
59
57
48
30
120
31
31
117
52
51
141
33
118
24
25
27
20
22
25
19
22
24
27
24
23
25
83
80
59
58
105
55
53
37
31
25
27
164
129
112
103
96
71
56
55
109
100
52
62
37
84
81
81
87
84
81
80
78
76
75
75
72
70
68
67
65
63
61
115
164
129
112
103
96
90
86
83
80
77
75
72
70
68
67
65
63
61
59
57
55
0
0
0
0
0
0
0
0
0
0
0
0
0
0
0
0
0
0
0
0
0
0
0
0
0
0
0
0
0
0
0
0
0
0
0
0
0
0
0
0
0
0
0
0
0
0
0
0
0
0
0
0
0
0
0
0
0
164
110
58
73
98
52
66
-1
4
8
12
127
78
76
62
61
59
57
29
110
20
19
20
22
23
13
16
18
20
22
7
11
15
18
21
106
71
82
59
117
106
5
9
12
16
18
10
14
129
46
106
26
26
28
27
22
23
25
27
29
31
52
116
19
17
15
11
# Transactions:
084550 085050 prediction=1 8365.0->8393.0 earning=1334
085107 085111 prediction=1 8396.0->8391.0 earning=-316
085120 085239 prediction=-1 8388.0->8396.0 earning=-466
085416 085419 prediction=-1 8343.0->8379.0 earning=-1866
090105 090618 prediction=1 8379.0->8387.0 earning=334
090812 090813 prediction=-1 8378.0->8385.0 earning=-416
090814 090823 prediction=-1 8373.0->8382.0 earning=-516
090825 090826 prediction=-1 8371.0->8379.0 earning=-466
090828 090829 prediction=1 8377.0->8368.0 earning=-516
090853 090856 prediction=1 8376.0->8366.0 earning=-566
090901 090901 prediction=-1 8355.0->8360.0 earning=-316
090902 090902 prediction=-1 8349.0->8354.0 earning=-316
090903 090903 prediction=-1 8347.0->8358.0 earning=-616
090907 090909 prediction=1 8353.0->8348.0 earning=-316
090912 090914 prediction=1 8354.0->8347.0 earning=-416
090938 091438 prediction=1 8345.0->8368.0 earning=1084
091458 091537 prediction=-1 8361.0->8369.0 earning=-466
091618 091618 prediction=-1 8332.0->8337.0 earning=-316
091619 092131 prediction=1 8336.0->8356.0 earning=934
092334 092337 prediction=1 8367.0->8349.0 earning=-966
092414 092915 prediction=1 8362.0->8364.0 earning=34
092923 092938 prediction=-1 8358.0->8379.0 earning=-1116
093038 093105 prediction=1 8364.0->8356.0 earning=-466
094208 094453 prediction=1 8366.0->8361.0 earning=-316
094549 094600 prediction=-1 8353.0->8360.0 earning=-416
094601 094627 prediction=-1 8343.0->8350.0 earning=-416
094953 094953 prediction=-1 8343.0->8360.0 earning=-916
094954 094954 prediction=-1 8339.0->8358.0 earning=-1016
095001 095002 prediction=-1 8336.0->8347.0 earning=-616
095003 095005 prediction=-1 8326.0->8331.0 earning=-316
095007 095011 prediction=1 8334.0->8327.0 earning=-416
095023 095531 prediction=1 8333.0->8358.0 earning=1184
101127 101204 prediction=1 8365.0->8349.0 earning=-866
101230 101300 prediction=1 8368.0->8354.0 earning=-766
101753 101838 prediction=1 8378.0->8360.0 earning=-966
102117 102143 prediction=1 8377.0->8357.0 earning=-1066
102816 102819 prediction=1 8385.0->8375.0 earning=-566
103023 103028 prediction=1 8385.0->8380.0 earning=-316
103034 103057 prediction=1 8389.0->8381.0 earning=-466
103330 103425 prediction=1 8390.0->8385.0 earning=-316
103803 104148 prediction=1 8400.0->8393.0 earning=-416
105925 105926 prediction=1 8400.0->8393.0 earning=-416
113446 113450 prediction=1 8391.0->8378.0 earning=-716
114143 114203 prediction=1 8395.0->8386.0 earning=-516
122715 122948 prediction=1 8408.0->8396.0 earning=-666
125209 125307 prediction=1 8408.0->8394.0 earning=-766
130917 130928 prediction=1 8408.0->8392.0 earning=-866
131809 131824 prediction=1 8405.0->8388.0 earning=-916
# Total number of transactions = 48
# Profit 0: Transaction timeout
# Profit 1: Stop losing.
# Profit 2: Reach max wrong prediction limit
# Profit 3: Remaining transactions.
# -------------------------------------------------------
# Profit 0 = 4904
# Profit 1 = -25472
# Profit 2 = 0
# Profit 3 = 0
# Final profit = -20568
